   0.17901612  0.06460530  0.19508923
   0.26769336  0.43281458  0.50250198
   0.03971000  0.44194000  0.09637000
   0.31490130  0.18923741  0.29912204
   0.11990050  0.31264720  0.40254998
   0.51227022  0.06449405  0.19544867
   0.60068364  0.43369078  0.50275739
   0.37304000  0.44194000  0.09637000
   0.64799531  0.18857060  0.29938616
   0.44964782  0.31253830  0.40367231
   0.84575628  0.06473681  0.19534098
   0.93305416  0.43183833  0.50208922
   0.70637000  0.44194000  0.09637000
   0.98185560  0.18902849  0.29959735
   0.78513778  0.31344985  0.40037662
   0.18000117  0.56406249  0.19523028
   0.26298987  0.93702749  0.51049734
   0.03971000  0.94194000  0.09637000
   0.31646011  0.68802689  0.29857880
   0.12014157  0.81388163  0.39725339
   0.51328636  0.56389759  0.19484573
   0.59280812  0.93367231  0.50570845
   0.37304000  0.94194000  0.09637000
   0.64920556  0.68798967  0.29812225
   0.45272200  0.81447153  0.39969643
   0.84674087  0.56401193  0.19511044
   0.92399478  0.93291283  0.50548710
   0.70637000  0.94194000  0.09637000
   0.98269164  0.68795228  0.29782909
   0.78629365  0.81387183  0.39866871
   0.93251208  0.68422606  0.49389580
   0.03971000  0.19194000  0.09637000
   0.31606374  0.43828163  0.29843517
   0.11952367  0.06047653  0.40105117
   0.17904208  0.31551125  0.19630708
   0.25840535  0.18216249  0.50397074
   0.37304000  0.19194000  0.09637000
   0.64846425  0.43800703  0.29791055
   0.45104604  0.06049934  0.40039245
   0.51239290  0.31522621  0.19712665
   0.58557401  0.19110776  0.49664160
   0.70637000  0.19194000  0.09637000
   0.98396279  0.43842919  0.29854167
   0.78480237  0.06086060  0.40138420
   0.84520058  0.31564512  0.19745013
   0.92669469  0.19100118  0.49644183
   0.03971000  0.69194000  0.09637000
   0.31568551  0.93946989  0.29805315
   0.12278237  0.55998178  0.40044331
   0.17915764  0.81579736  0.19724861
   0.26568170  0.69118031  0.49592828
   0.37304000  0.69194000  0.09637000
   0.64908862  0.93941375  0.29863811
   0.45648309  0.56004555  0.40048772
   0.51239531  0.81582405  0.19731213
   0.59541422  0.69270522  0.49670726
   0.70637000  0.69194000  0.09637000
   0.98203355  0.93992627  0.29802931
   0.84564646  0.81594698  0.19708693
   0.78822174  0.55918694  0.39883801
   0.17310000  0.33301000  0.10976000
   0.24934338  0.20475577  0.41876997
   0.06414200  0.32726311  0.51143816
   0.31411892  0.46034357  0.21391017
   0.11586135  0.08520210  0.31686235
   0.23858000  0.04636000  0.07986000
   0.04521357  0.17087961  0.17990420
   0.31756899  0.41737673  0.38242237
   0.12229576  0.03210818  0.48400284
   0.18084957  0.29329120  0.27989811
   0.50750000  0.33753000  0.11288000
   0.58618294  0.20569338  0.41335095
   0.40268368  0.32876114  0.50797500
   0.64771659  0.46051838  0.21401770
   0.44820542  0.08441783  0.31634044
   0.57191000  0.04636000  0.07986000
   0.37847631  0.17050186  0.18001103
   0.65017450  0.41677767  0.38161900
   0.46360123  0.04142036  0.48538364
   0.51448220  0.29272095  0.28018202
   0.84083000  0.33753000  0.11288000
   0.91767038  0.20583655  0.41367465
   0.73092600  0.32451925  0.51273419
   0.98120010  0.46049475  0.21451418
   0.78199538  0.08417181  0.31696271
   0.90524000  0.04636000  0.07986000
   0.71173908  0.17073133  0.18014680
   0.98557734  0.41716382  0.38262120
   0.79614601  0.04323340  0.48838679
   0.84788847  0.29309071  0.28085703
   0.17417000  0.83753000  0.11288000
   0.25227705  0.70788194  0.41368876
   0.05164786  0.82061130  0.52584650
   0.31301676  0.96123433  0.21450064
   0.11694743  0.58412098  0.31648718
   0.23858000  0.54636000  0.07986000
   0.04612866  0.67046604  0.18021801
   0.31794879  0.91666419  0.38131590
   0.13551868  0.54521087  0.48769533
   0.18238522  0.79246467  0.28049481
   0.50750000  0.83753000  0.11288000
   0.58678956  0.70809364  0.41422370
   0.39072160  0.82651560  0.51785563
   0.64667410  0.96117320  0.21483146
   0.45033278  0.58371845  0.31671395
   0.57191000  0.54636000  0.07986000
   0.37945236  0.67045170  0.18017051
   0.65145721  0.91746066  0.38266983
   0.46977286  0.54581050  0.48740435
   0.51552907  0.79267100  0.28069629
   0.84083000  0.83753000  0.11288000
   0.72512423  0.82663838  0.52044187
   0.97992832  0.96148021  0.21456896
   0.78331597  0.58367506  0.31558612
   0.90524000  0.54636000  0.07986000
   0.71271433  0.67039734  0.18004301
   0.98405982  0.91640976  0.38114078
   0.80247878  0.54109736  0.48478823
   0.84877713  0.79273876  0.28019879
   0.92083794  0.70778335  0.41267206
   0.77485537  0.61235931  0.64942774
   0.27247877  0.12555683  0.59619968
   0.93033114  0.74420433  0.60060763
   0.71934268  0.54901885  0.68870829
   0.80124110  0.53375098  0.74338320
   0.76214631  0.44775652  0.75938183
   0.93052625  0.55713160  0.73946170
   0.76317274  0.58801958  0.77594875
   0.59567607  0.50039595  0.68384866
