   0.17958826  0.06446240  0.19496013
   0.28911953  0.43070785  0.50141994
   0.03971000  0.44194000  0.09637000
   0.31721542  0.18923959  0.29758184
   0.13100649  0.31309783  0.39695153
   0.51295560  0.06413710  0.19453481
   0.61836431  0.43285584  0.49699529
   0.37304000  0.44194000  0.09637000
   0.65065105  0.18867976  0.29692326
   0.46370354  0.31262113  0.39703262
   0.84624225  0.06420314  0.19475650
   0.95923794  0.43094071  0.49771814
   0.70637000  0.44194000  0.09637000
   0.98382197  0.18861106  0.29715943
   0.79757919  0.31182201  0.39532028
   0.18177169  0.56471073  0.19439528
   0.24194883  0.94279692  0.50087334
   0.03971000  0.94194000  0.09637000
   0.31741634  0.69102380  0.29774868
   0.10959264  0.81814178  0.39925513
   0.51486103  0.56414488  0.19399514
   0.57808677  0.94376638  0.50377561
   0.37304000  0.94194000  0.09637000
   0.64997157  0.68974836  0.29699955
   0.44104443  0.81933166  0.40374413
   0.84839890  0.56434798  0.19409720
   0.90606577  0.93729062  0.50318833
   0.70637000  0.94194000  0.09637000
   0.98379482  0.68992027  0.29755030
   0.77322249  0.81737794  0.39999257
   0.57325864  0.69166821  0.49997486
   0.03971000  0.19194000  0.09637000
   0.32140026  0.43920828  0.29612841
   0.11435790  0.06385071  0.39921786
   0.18049532  0.31528493  0.19552447
   0.26233027  0.19362284  0.49515970
   0.37304000  0.19194000  0.09637000
   0.65419876  0.43802623  0.29573673
   0.44917164  0.06651367  0.40065425
   0.51403560  0.31477105  0.19514538
   0.58919392  0.19977642  0.49906379
   0.70637000  0.19194000  0.09637000
   0.98874601  0.43957213  0.29655585
   0.78018333  0.06390922  0.39964747
   0.84762887  0.31521455  0.19572831
   0.93642256  0.18926919  0.49433165
   0.03971000  0.69194000  0.09637000
   0.31338998  0.94193690  0.29826707
   0.13029899  0.56183533  0.39863491
   0.17993364  0.81625600  0.19631806
   0.26726285  0.69114697  0.49878128
   0.37304000  0.69194000  0.09637000
   0.64522187  0.94064851  0.29798752
   0.46265754  0.56181882  0.39751302
   0.51350775  0.81587982  0.19599684
   0.70637000  0.69194000  0.09637000
   0.97915769  0.94057840  0.29789350
   0.84612682  0.81595350  0.19691887
   0.92813590  0.69378483  0.49156369
   0.79492232  0.56064074  0.39651372
   0.17298454  0.33279880  0.10934195
   0.26316480  0.20541653  0.41047860
   0.08660216  0.31988181  0.51100321
   0.31605274  0.46011500  0.21211763
   0.11735163  0.08442806  0.31478667
   0.23858000  0.04636000  0.07986000
   0.04553064  0.17084943  0.18010704
   0.33009491  0.41577181  0.37906105
   0.11077014  0.05381825  0.48734102
   0.18395207  0.29377658  0.27893502
   0.50633000  0.33253000  0.10912000
   0.59950191  0.20781390  0.41331406
   0.42321089  0.31888252  0.51297886
   0.64939090  0.45952718  0.21168250
   0.45152106  0.08559747  0.31588105
   0.57191000  0.04636000  0.07986000
   0.37904156  0.17062841  0.17993070
   0.66355387  0.41555266  0.37971973
   0.44668503  0.05863849  0.48863171
   0.51765530  0.29351187  0.27861019
   0.84004788  0.33305984  0.10946397
   0.92869324  0.20565870  0.41106715
   0.75378567  0.33025772  0.52197416
   0.98300007  0.46029321  0.21241816
   0.78363172  0.08447036  0.31504765
   0.90524000  0.04636000  0.07986000
   0.71237388  0.17086195  0.18021477
   0.99629636  0.41669322  0.38018309
   0.78215596  0.05240958  0.48760421
   0.85111141  0.29412147  0.27936881
   0.17291280  0.83269711  0.10952219
   0.23926502  0.71159768  0.41532591
   0.04153901  0.83396973  0.51178851
   0.31420986  0.96090194  0.21344152
   0.11868774  0.58586612  0.31460895
   0.23858000  0.54636000  0.07986000
   0.04742673  0.67110350  0.18020267
   0.30784359  0.92458194  0.38226674
   0.15456397  0.53654018  0.48242199
   0.18231835  0.79520658  0.27997749
   0.50636579  0.83264998  0.10940577
   0.57555963  0.71141038  0.41543413
   0.37747535  0.84347041  0.50367365
   0.64726605  0.96071628  0.21327873
   0.45132358  0.58580255  0.31403687
   0.57191000  0.54636000  0.07986000
   0.38072983  0.67084853  0.18008297
   0.64034780  0.92232848  0.38205884
   0.48646336  0.53427506  0.47931109
   0.51587007  0.79441724  0.27934722
   0.83762065  0.83202491  0.11095009
   0.70536674  0.83505222  0.51416884
   0.98088483  0.96100817  0.21371259
   0.78399356  0.58400992  0.31327069
   0.90524000  0.54636000  0.07986000
   0.71394276  0.67047877  0.18006636
   0.97373487  0.92229680  0.38182138
   0.82364743  0.53886116  0.48248566
   0.84884095  0.79382242  0.27994870
   0.90870256  0.71051243  0.40998359
   0.80306886  0.61699740  0.63104084
   0.39153330  0.65180271  0.58330097
   0.78620800  0.44389828  0.59647126
   0.80571705  0.66201209  0.67833647
   0.79763297  0.60235366  0.73416905
   0.71178430  0.62839904  0.76337046
   0.76856334  0.51204336  0.72775796
   0.91423989  0.62726268  0.75551501
   0.81822056  0.75432243  0.67956921
