   0.18206287  0.06422809  0.19397841
   0.24670411  0.44432448  0.49991720
   0.03971000  0.44194000  0.09637000
   0.31832329  0.19036805  0.29700845
   0.11115919  0.31719814  0.40125950
   0.51527174  0.06407898  0.19386055
   0.57382388  0.44368901  0.50079927
   0.37304000  0.44194000  0.09637000
   0.65159258  0.18940018  0.29665228
   0.44372951  0.31790020  0.40126001
   0.84850771  0.06376934  0.19355228
   0.91560640  0.44700283  0.49808897
   0.70637000  0.44194000  0.09637000
   0.98481676  0.18960225  0.29666645
   0.78001885  0.31621052  0.39766535
   0.18057816  0.56421845  0.19400726
   0.28436059  0.93153204  0.49930202
   0.03971000  0.94194000  0.09637000
   0.31675246  0.68953583  0.29647879
   0.12701286  0.81392445  0.39512736
   0.51361930  0.56392398  0.19395002
   0.61959740  0.93306791  0.50089418
   0.37304000  0.94194000  0.09637000
   0.64962326  0.68887354  0.29611399
   0.46110746  0.81456491  0.39594260
   0.84709674  0.56393394  0.19385945
   0.95203161  0.93143421  0.50037644
   0.70637000  0.94194000  0.09637000
   0.98305104  0.68896921  0.29603119
   0.79398483  0.81390813  0.39523379
   0.93994412  0.19111634  0.49844449
   0.03971000  0.19194000  0.09637000
   0.31350437  0.43954196  0.29630119
   0.12973883  0.06061477  0.39663916
   0.18060836  0.31520193  0.19504736
   0.24354339  0.18960718  0.49838821
   0.37304000  0.19194000  0.09637000
   0.64707586  0.43927961  0.29629957
   0.46152067  0.06361791  0.39982078
   0.51395492  0.31518056  0.19512569
   0.58697260  0.19388759  0.49782535
   0.70637000  0.19194000  0.09637000
   0.98090317  0.43959677  0.29569077
   0.79539642  0.06192731  0.39956968
   0.84724197  0.31498810  0.19495311
   0.03971000  0.69194000  0.09637000
   0.32118100  0.94080356  0.29706740
   0.11543312  0.56480610  0.39650647
   0.18108398  0.81589854  0.19568259
   0.25310047  0.70082619  0.49225559
   0.37304000  0.69194000  0.09637000
   0.65408872  0.94030947  0.29675386
   0.44747817  0.56462017  0.39714475
   0.51414650  0.81567744  0.19556628
   0.58771076  0.69856630  0.49247252
   0.70637000  0.69194000  0.09637000
   0.98696106  0.93925890  0.29521461
   0.84729722  0.81497285  0.19486634
   0.92023454  0.69685305  0.49250854
   0.78093569  0.56390184  0.39699973
   0.17325000  0.33256000  0.10893000
   0.24608653  0.20979488  0.41424372
   0.04458772  0.34441361  0.50280582
   0.31477322  0.45978164  0.21172050
   0.11967014  0.08522496  0.31304031
   0.23858000  0.04636000  0.07986000
   0.04751532  0.17042292  0.17974891
   0.31005557  0.42092797  0.38046336
   0.15112789  0.03363986  0.47901570
   0.18331872  0.29376562  0.27835653
   0.50654000  0.33260000  0.10901000
   0.58086188  0.21331306  0.41622710
   0.37813582  0.33564499  0.50964107
   0.64809009  0.45965197  0.21181091
   0.45324471  0.08676285  0.31598880
   0.57191000  0.04636000  0.07986000
   0.38106567  0.17049647  0.17983439
   0.64431634  0.42006075  0.38097655
   0.48512628  0.04308627  0.48637673
   0.51722351  0.29349253  0.27856802
   0.83980000  0.33255000  0.10889000
   0.90964599  0.21057891  0.41523656
   0.70748305  0.33629752  0.52153330
   0.98146766  0.45961156  0.21136597
   0.78611860  0.08585688  0.31503329
   0.90524000  0.04636000  0.07986000
   0.71431834  0.17027932  0.17975524
   0.97689159  0.42096236  0.37952757
   0.81777456  0.03931448  0.48442743
   0.84989448  0.29343559  0.27840442
   0.17338000  0.83273000  0.10943000
   0.26108943  0.70721488  0.40714033
   0.08425323  0.81879727  0.51025858
   0.31698740  0.96058857  0.21280219
   0.11661593  0.58387337  0.31217538
   0.23858000  0.54636000  0.07986000
   0.04656948  0.67112490  0.18016327
   0.32752160  0.91991519  0.38084460
   0.11520337  0.55755720  0.48350312
   0.18371701  0.79531952  0.27936575
   0.50662000  0.83273000  0.10932000
   0.59392397  0.70655611  0.40815324
   0.41812431  0.82340162  0.50955355
   0.64986081  0.96027730  0.21241116
   0.44965323  0.58378164  0.31277400
   0.57191000  0.54636000  0.07986000
   0.37993658  0.67102378  0.18008348
   0.65996668  0.91896829  0.38047143
   0.44818562  0.55441925  0.48449146
   0.51712228  0.79486487  0.27918856
   0.83987000  0.83253000  0.10888000
   0.74999596  0.82109366  0.51123037
   0.98311456  0.95954222  0.21128415
   0.78269914  0.58344297  0.31268175
   0.90524000  0.54636000  0.07986000
   0.71290884  0.67050189  0.17985399
   0.99265850  0.91733124  0.37824461
   0.77893629  0.55199670  0.48506635
   0.84965815  0.79382241  0.27824627
   0.92612489  0.70594200  0.40790415
   0.78553716  0.54044863  0.67049653
   0.07835631  0.15967064  0.58188621
   0.73926531  0.41036167  0.60368261
   0.79298799  0.54228650  0.72342679
   0.76448985  0.44220090  0.76084880
   0.68506345  0.45083730  0.79666644
   0.71740229  0.36654610  0.73571493
   0.87803413  0.43584813  0.78063402
   0.82572590  0.62532575  0.74477052
