   0.17772525  0.06423689  0.19541099
   0.28779104  0.42837970  0.50082676
   0.03971000  0.44194000  0.09637000
   0.31398290  0.18784307  0.29862223
   0.12906742  0.31077048  0.39862118
   0.51098367  0.06430505  0.19550091
   0.62088099  0.43096773  0.50156299
   0.37304000  0.44194000  0.09637000
   0.64746447  0.18786760  0.29885948
   0.46225993  0.31076869  0.39855551
   0.84420495  0.06423312  0.19543669
   0.95522537  0.42801497  0.50066527
   0.70637000  0.44194000  0.09637000
   0.98076280  0.18788184  0.29855882
   0.79578985  0.31090459  0.39857055
   0.17996795  0.56403437  0.19519540
   0.24555788  0.93913590  0.50318817
   0.03971000  0.94194000  0.09637000
   0.31476692  0.68878639  0.29924191
   0.10800832  0.81696402  0.39982302
   0.51334870  0.56396315  0.19518283
   0.58195165  0.94205837  0.50372226
   0.37304000  0.94194000  0.09637000
   0.64787226  0.68833866  0.29867160
   0.44218086  0.81880632  0.40208270
   0.84666880  0.56400955  0.19532838
   0.91078450  0.93867597  0.50506981
   0.70637000  0.94194000  0.09637000
   0.98180589  0.68843875  0.29870446
   0.77491381  0.81662622  0.39980480
   0.93037791  0.69387459  0.49604015
   0.03971000  0.19194000  0.09637000
   0.31909648  0.43768248  0.29775580
   0.11322441  0.06204263  0.40035504
   0.17908536  0.31495123  0.19622687
   0.25959131  0.19272074  0.49578083
   0.37304000  0.19194000  0.09637000
   0.65268941  0.43828226  0.29860360
   0.44578697  0.06266974  0.40020772
   0.51226644  0.31560940  0.19750446
   0.59227885  0.19497648  0.49517590
   0.70637000  0.19194000  0.09637000
   0.98629007  0.43820906  0.29808260
   0.77956628  0.06206914  0.40027826
   0.84529284  0.31554286  0.19738838
   0.92780181  0.19076848  0.49523452
   0.03971000  0.69194000  0.09637000
   0.30995375  0.93934245  0.29848617
   0.12688441  0.55726329  0.39816667
   0.17799178  0.81557885  0.19735110
   0.26635236  0.68855638  0.49047812
   0.37304000  0.69194000  0.09637000
   0.64267479  0.93927048  0.29855609
   0.46087344  0.55886952  0.39976278
   0.51126449  0.81550487  0.19728949
   0.59480038  0.69328181  0.49554071
   0.70637000  0.69194000  0.09637000
   0.97697193  0.93944678  0.29834327
   0.84454107  0.81556913  0.19729844
   0.79476604  0.55982066  0.40033725
   0.17310000  0.33301000  0.10976000
   0.26167855  0.20297709  0.41101919
   0.08664201  0.31691622  0.51172310
   0.31418727  0.45981653  0.21363716
   0.11380346  0.08306402  0.31576415
   0.23858000  0.04636000  0.07986000
   0.04403634  0.17063441  0.18006661
   0.32863230  0.41465145  0.38147434
   0.11463205  0.05042311  0.48821220
   0.18118186  0.29272021  0.27986615
   0.50750000  0.33753000  0.11288000
   0.59560066  0.20336784  0.41064349
   0.42070281  0.31981020  0.51152517
   0.64775838  0.46070099  0.21481345
   0.44725775  0.08295539  0.31564185
   0.57191000  0.04636000  0.07986000
   0.37749274  0.17086294  0.18026045
   0.66186121  0.41595299  0.38250684
   0.44856815  0.05334620  0.48785949
   0.51465383  0.29311429  0.28085547
   0.84083000  0.33753000  0.11288000
   0.92816732  0.20289250  0.41106667
   0.75273684  0.32130484  0.51140651
   0.98119446  0.46055934  0.21445274
   0.78054490  0.08276373  0.31575893
   0.90524000  0.04636000  0.07986000
   0.71074307  0.17072057  0.18012206
   0.99360538  0.41373192  0.38125352
   0.78314493  0.04954716  0.48816367
   0.84781773  0.29286475  0.28056164
   0.17417000  0.83753000  0.11288000
   0.24197148  0.70957313  0.40889691
   0.04127607  0.83465908  0.51639604
   0.31186455  0.96075262  0.21442895
   0.11522064  0.58390405  0.31620893
   0.23858000  0.54636000  0.07986000
   0.04581998  0.67016744  0.17997720
   0.30615210  0.92122103  0.38251475
   0.15496427  0.53125990  0.47886426
   0.18007188  0.79263105  0.28029345
   0.50750000  0.83753000  0.11288000
   0.57557911  0.70965306  0.41383917
   0.38483398  0.83739465  0.50538220
   0.64510591  0.96072610  0.21454000
   0.44922801  0.58367413  0.31632727
   0.57191000  0.54636000  0.07986000
   0.37922115  0.67002435  0.17992733
   0.64042692  0.92034969  0.38282537
   0.48800747  0.54013965  0.48598372
   0.51371393  0.79229596  0.28025942
   0.84083000  0.83753000  0.11288000
   0.70986244  0.83175250  0.51678884
   0.97845042  0.96072717  0.21444963
   0.78273698  0.58440599  0.31690730
   0.90524000  0.54636000  0.07986000
   0.71256761  0.67010992  0.18000377
   0.97365621  0.91989918  0.38254806
   0.82265000  0.54015762  0.48686048
   0.84683455  0.79239593  0.28047361
   0.90816913  0.71037737  0.41453681
   0.72734495  0.56722210  0.64737188
   0.21632820  0.66354741  0.58979146
   0.95165506  0.63761511  0.61269608
   0.68466815  0.53186329  0.69637451
   0.78822013  0.52915485  0.74654198
   0.75435577  0.44750150  0.76799522
   0.91406918  0.54819319  0.73505498
   0.76446284  0.59097849  0.77788557
   0.55707641  0.50294310  0.70030059
