   0.60818686  0.43148497  0.49274640
   0.17910764  0.06411370  0.18495798
   0.27804386  0.43301200  0.49183201
   0.03971000  0.44194000  0.08602000
   0.31512960  0.18808147  0.28874770
   0.12248656  0.31351843  0.38965447
   0.51245709  0.06419224  0.18497095
   0.37304000  0.44194000  0.08602000
   0.64870083  0.18838096  0.28884535
   0.45591291  0.31361119  0.38955236
   0.84574470  0.06402192  0.18495879
   0.94791395  0.43218287  0.49357539
   0.70637000  0.44194000  0.08602000
   0.98190727  0.18804458  0.28871643
   0.78940752  0.31390447  0.39045645
   0.18072808  0.56359266  0.18476207
   0.25866164  0.93744471  0.49414851
   0.03971000  0.94194000  0.08602000
   0.31648386  0.68805884  0.28834073
   0.11417656  0.81429721  0.39066532
   0.51411432  0.56377401  0.18492201
   0.59140220  0.93614504  0.49313876
   0.37304000  0.94194000  0.08602000
   0.64982907  0.68853481  0.28867038
   0.44836456  0.81509440  0.39003417
   0.84740756  0.56360002  0.18475000
   0.92535535  0.93859375  0.49389504
   0.70637000  0.94194000  0.08602000
   0.98339167  0.68823106  0.28832308
   0.78130710  0.81504803  0.39170874
   0.03971000  0.19194000  0.08602000
   0.31756835  0.43851542  0.28828133
   0.11771888  0.06083534  0.38992376
   0.17925556  0.31536864  0.18701789
   0.26037428  0.19290137  0.48460889
   0.37304000  0.19194000  0.08602000
   0.65111011  0.43933006  0.28900048
   0.45032758  0.06090820  0.38956757
   0.51274362  0.31580628  0.18731504
   0.59506492  0.19080806  0.48405638
   0.70637000  0.19194000  0.08602000
   0.98402083  0.43868275  0.28849278
   0.78420896  0.06121572  0.38972364
   0.84596292  0.31547251  0.18709929
   0.92753962  0.19222340  0.48451960
   0.03971000  0.69194000  0.08602000
   0.31326833  0.93881952  0.28800118
   0.12453380  0.56062669  0.39035444
   0.17929280  0.81531790  0.18677111
   0.26237993  0.69316465  0.48563016
   0.37304000  0.69194000  0.08602000
   0.64698244  0.93891185  0.28810663
   0.45768866  0.56041554  0.39034592
   0.51260638  0.81538168  0.18683572
   0.59612838  0.69166639  0.48705819
   0.70637000  0.69194000  0.08602000
   0.98011037  0.93852074  0.28830407
   0.84603125  0.81534754  0.18683807
   0.92842424  0.69643364  0.48926039
   0.79047135  0.56136106  0.39124798
   0.17417000  0.33753000  0.10253000
   0.25621459  0.20540527  0.40115661
   0.07860729  0.32300085  0.49865660
   0.31503759  0.46032956  0.20459654
   0.11518762  0.08282520  0.30594655
   0.23858000  0.04636000  0.06951000
   0.04535913  0.17039536  0.16989605
   0.32138289  0.41763158  0.37235987
   0.12661212  0.04819482  0.47715511
   0.18169353  0.29278290  0.27058204
   0.50750000  0.33753000  0.10253000
   0.58844557  0.20543880  0.40081787
   0.40893135  0.32359277  0.50033067
   0.64853333  0.46076469  0.20519076
   0.44862583  0.08313428  0.30559311
   0.57191000  0.04636000  0.06951000
   0.37890189  0.17082109  0.17007082
   0.65570368  0.41957683  0.37383506
   0.45947022  0.04635009  0.47680803
   0.51529426  0.29364749  0.27117889
   0.84083000  0.33753000  0.10253000
   0.92260882  0.20538553  0.40108241
   0.74367269  0.32319142  0.49692399
   0.98163754  0.46044224  0.20472083
   0.78203735  0.08318950  0.30573438
   0.90524000  0.04636000  0.06951000
   0.71211724  0.17053866  0.16992558
   0.98763062  0.41838183  0.37282705
   0.79206737  0.04784033  0.47702563
   0.84848806  0.29308037  0.27068835
   0.17417000  0.83753000  0.10253000
   0.24862503  0.70848952  0.40359824
   0.05858845  0.83281828  0.50484795
   0.31322245  0.96066886  0.20429445
   0.11719208  0.58404379  0.30659347
   0.23858000  0.54636000  0.06951000
   0.04686043  0.66984765  0.16975555
   0.31259795  0.91816107  0.37215146
   0.14533593  0.54277328  0.47701087
   0.18224292  0.79214221  0.27008455
   0.50750000  0.83753000  0.10253000
   0.58148153  0.70812558  0.40439936
   0.39000856  0.82915211  0.50416706
   0.64656507  0.96064302  0.20435431
   0.45084424  0.58397749  0.30652596
   0.57191000  0.54636000  0.06951000
   0.38021460  0.66992968  0.16977363
   0.64677885  0.91836736  0.37222365
   0.47744503  0.54179920  0.47662565
   0.51554559  0.79234791  0.27020097
   0.84083000  0.83753000  0.10253000
   0.72563028  0.83011817  0.50122301
   0.97993232  0.96062237  0.20454586
   0.78445426  0.58475542  0.30750176
   0.90524000  0.54636000  0.06951000
   0.71362596  0.66988810  0.16978290
   0.98000090  0.91742963  0.37258874
   0.81193987  0.54495285  0.48715331
   0.84893929  0.79203916  0.27016470
   0.91415666  0.70670866  0.40652438
   0.62449654  0.61721306  0.60837904
   0.84823148  0.39585725  0.67054567
   0.81289353  0.49716933  0.58906101
   0.51446634  0.60378235  0.64301218
   0.44756112  0.49880025  0.67421393
   0.31910566  0.47753672  0.66732326
   0.50096324  0.42963462  0.66201876
   0.46227485  0.51356304  0.72062450
   0.45531186  0.67401564  0.65190158
