   0.60617892  0.43162206  0.49246006
   0.17907855  0.06413015  0.18503840
   0.27699543  0.43287361  0.49225534
   0.03971000  0.44194000  0.08602000
   0.31508141  0.18815625  0.28881107
   0.12270243  0.31391253  0.38986936
   0.51239052  0.06417908  0.18499866
   0.37304000  0.44194000  0.08602000
   0.64856174  0.18826466  0.28880379
   0.45583872  0.31375439  0.38948291
   0.84569294  0.06402073  0.18499873
   0.94667611  0.43273342  0.49325078
   0.70637000  0.44194000  0.08602000
   0.98188615  0.18815597  0.28876433
   0.78950805  0.31379350  0.39022367
   0.18040671  0.56362956  0.18488976
   0.26101946  0.93719116  0.49396549
   0.03971000  0.94194000  0.08602000
   0.31697650  0.68817622  0.28855445
   0.11610824  0.81452668  0.39038522
   0.51376815  0.56382110  0.18501333
   0.59372681  0.93606377  0.49321017
   0.37304000  0.94194000  0.08602000
   0.65016567  0.68849836  0.28892496
   0.45033407  0.81492631  0.39054891
   0.84705606  0.56368726  0.18486573
   0.92750034  0.93821445  0.49391049
   0.70637000  0.94194000  0.08602000
   0.98358314  0.68807437  0.28856888
   0.78252165  0.81484868  0.39206011
   0.03971000  0.19194000  0.08602000
   0.31753608  0.43895949  0.28856476
   0.11899159  0.06108215  0.39000290
   0.17913380  0.31543150  0.18714223
   0.26234137  0.19277622  0.48486790
   0.37304000  0.19194000  0.08602000
   0.65084219  0.43933135  0.28913041
   0.45175839  0.06106751  0.38972854
   0.51248869  0.31586752  0.18740382
   0.59587121  0.19156107  0.48438672
   0.70637000  0.19194000  0.08602000
   0.98375899  0.43866625  0.28856554
   0.78542961  0.06098581  0.38968644
   0.84570726  0.31550167  0.18717337
   0.92983624  0.19227646  0.48431539
   0.03971000  0.69194000  0.08602000
   0.31407502  0.93876626  0.28805489
   0.12535770  0.56052072  0.39031318
   0.17920915  0.81527401  0.18684848
   0.26286998  0.69275117  0.48542623
   0.37304000  0.69194000  0.08602000
   0.64755182  0.93870272  0.28813315
   0.45825267  0.56070388  0.39098164
   0.51264663  0.81531650  0.18686093
   0.59474655  0.69092979  0.48908528
   0.70637000  0.69194000  0.08602000
   0.98056266  0.93848335  0.28834684
   0.84600097  0.81529374  0.18690183
   0.92968262  0.69617849  0.48826336
   0.79038399  0.56113808  0.39149818
   0.17417000  0.33753000  0.10253000
   0.25639496  0.20584848  0.40146748
   0.07731412  0.32349527  0.49845486
   0.31481709  0.46046581  0.20476807
   0.11529254  0.08297415  0.30601788
   0.23858000  0.04636000  0.06951000
   0.04530483  0.17043375  0.16993752
   0.32151068  0.41805971  0.37263380
   0.12871559  0.04764943  0.47735184
   0.18171192  0.29299337  0.27074758
   0.50750000  0.33753000  0.10253000
   0.58879105  0.20574217  0.40122329
   0.40815664  0.32338271  0.50180490
   0.64818593  0.46084812  0.20527478
   0.44878568  0.08322790  0.30578415
   0.57191000  0.04636000  0.06951000
   0.37883808  0.17079012  0.17011425
   0.65558732  0.41930284  0.37389194
   0.46165262  0.04636085  0.47700727
   0.51514876  0.29357761  0.27125444
   0.84083000  0.33753000  0.10253000
   0.92273179  0.20544772  0.40105183
   0.74269690  0.32428332  0.49784699
   0.98124498  0.46048596  0.20484021
   0.78205898  0.08306706  0.30577209
   0.90524000  0.04636000  0.06951000
   0.71206109  0.17051173  0.16996093
   0.98759431  0.41844928  0.37284438
   0.79454611  0.04739851  0.47693104
   0.84818110  0.29304758  0.27080191
   0.17417000  0.83753000  0.10253000
   0.25030954  0.70843359  0.40332934
   0.06058089  0.83188214  0.50443834
   0.31323212  0.96061418  0.20440020
   0.11776769  0.58385461  0.30652377
   0.23858000  0.54636000  0.06951000
   0.04664698  0.66982472  0.16977062
   0.31449673  0.91814672  0.37229508
   0.14461570  0.54334417  0.47701552
   0.18246951  0.79210643  0.27020779
   0.50750000  0.83753000  0.10253000
   0.58328303  0.70806200  0.40586733
   0.39263396  0.82930225  0.50387755
   0.64651789  0.96059324  0.20441963
   0.45150187  0.58437034  0.30703789
   0.57191000  0.54636000  0.06951000
   0.37998578  0.66990688  0.16978245
   0.64818040  0.91796351  0.37242897
   0.47570565  0.54171531  0.47668514
   0.51594272  0.79228506  0.27027180
   0.84083000  0.83753000  0.10253000
   0.72822460  0.83071544  0.50193185
   0.97992417  0.96055292  0.20460123
   0.78454529  0.58455716  0.30773910
   0.90524000  0.54636000  0.06951000
   0.71332873  0.66991155  0.16979795
   0.98119048  0.91764773  0.37274650
   0.81049763  0.54534646  0.48505359
   0.84923675  0.79192486  0.27026737
   0.91612389  0.70698657  0.40567687
   0.58276004  0.61107994  0.59527112
   0.87843165  0.41075951  0.66927479
   0.80203191  0.49854110  0.58859740
   0.50088953  0.60454454  0.63923234
   0.44953997  0.50197961  0.67431476
   0.32064739  0.47287569  0.66799528
   0.51098994  0.43711750  0.66095877
   0.46641590  0.52120913  0.72048405
   0.45844582  0.67912849  0.65406612
