   0.17769793  0.06422313  0.19532798
   0.28791740  0.42908476  0.50132452
   0.03971000  0.44194000  0.09637000
   0.31397708  0.18784335  0.29853447
   0.12913294  0.31064149  0.39858531
   0.51098724  0.06426458  0.19541789
   0.62158966  0.43089604  0.50147957
   0.37304000  0.44194000  0.09637000
   0.64749905  0.18788385  0.29877564
   0.46239116  0.31073293  0.39853928
   0.84417065  0.06419459  0.19536744
   0.95511585  0.42807295  0.50138493
   0.70637000  0.44194000  0.09637000
   0.98075725  0.18786324  0.29848522
   0.79605925  0.31094906  0.39860703
   0.17996884  0.56401668  0.19508966
   0.24582814  0.93884668  0.50335702
   0.03971000  0.94194000  0.09637000
   0.31492826  0.68870874  0.29897462
   0.10901875  0.81540802  0.40042372
   0.51334966  0.56394628  0.19511759
   0.57984128  0.94087780  0.50422272
   0.37304000  0.94194000  0.09637000
   0.64787180  0.68833590  0.29862863
   0.43950240  0.81692567  0.40359864
   0.84663916  0.56398758  0.19523917
   0.91122298  0.93779416  0.50541778
   0.70637000  0.94194000  0.09637000
   0.98163917  0.68842408  0.29864356
   0.77464771  0.81658567  0.39953448
   0.92853906  0.69286729  0.49569668
   0.03971000  0.19194000  0.09637000
   0.31903500  0.43762379  0.29774158
   0.11304662  0.06192152  0.40032536
   0.17905573  0.31495314  0.19614304
   0.25919544  0.19272941  0.49587805
   0.37304000  0.19194000  0.09637000
   0.65275533  0.43824187  0.29858128
   0.44581784  0.06264957  0.40011548
   0.51226426  0.31562291  0.19743297
   0.59233502  0.19509226  0.49519395
   0.70637000  0.19194000  0.09637000
   0.98647060  0.43822939  0.29822018
   0.77934554  0.06198200  0.40023519
   0.84529348  0.31554328  0.19732293
   0.92751948  0.19094834  0.49525912
   0.03971000  0.69194000  0.09637000
   0.30993221  0.93941931  0.29843652
   0.12834304  0.55916032  0.40038363
   0.17795586  0.81559177  0.19724758
   0.26976063  0.69190060  0.48960927
   0.37304000  0.69194000  0.09637000
   0.64246587  0.93924435  0.29859420
   0.46057464  0.55920398  0.39988703
   0.51125532  0.81550356  0.19722504
   0.59375054  0.69363134  0.49510797
   0.70637000  0.69194000  0.09637000
   0.97682693  0.93945345  0.29835013
   0.84446792  0.81557278  0.19723578
   0.79480773  0.55973091  0.40031346
   0.17310000  0.33301000  0.10976000
   0.26184485  0.20282673  0.41114851
   0.08744090  0.31699378  0.51132307
   0.31412310  0.45983040  0.21368036
   0.11378645  0.08309792  0.31578392
   0.23858000  0.04636000  0.07986000
   0.04402040  0.17065999  0.18014244
   0.32856135  0.41488476  0.38164667
   0.11427736  0.04944390  0.48830033
   0.18116385  0.29274067  0.27989279
   0.50750000  0.33753000  0.11288000
   0.59568833  0.20327428  0.41069199
   0.42067544  0.31985265  0.51138989
   0.64774923  0.46071999  0.21486902
   0.44721060  0.08298517  0.31566534
   0.57191000  0.04636000  0.07986000
   0.37751838  0.17087030  0.18032193
   0.66202805  0.41589366  0.38252492
   0.44845917  0.05291227  0.48775032
   0.51463806  0.29313935  0.28088212
   0.84083000  0.33753000  0.11288000
   0.92829897  0.20282836  0.41112932
   0.75316659  0.32110841  0.51100117
   0.98121002  0.46059925  0.21452861
   0.78049213  0.08281465  0.31575387
   0.90524000  0.04636000  0.07986000
   0.71072878  0.17073986  0.18020167
   0.99496771  0.41478272  0.38161101
   0.78276582  0.04931009  0.48813292
   0.84787662  0.29293772  0.28061182
   0.17417000  0.83753000  0.11288000
   0.23995043  0.70895504  0.41728538
   0.04235692  0.83216741  0.51794923
   0.31179608  0.96071653  0.21446875
   0.11625645  0.58468172  0.31684789
   0.23858000  0.54636000  0.07986000
   0.04584854  0.67021753  0.18006993
   0.30566493  0.92004962  0.38252915
   0.15243201  0.53293872  0.48360153
   0.18015329  0.79250881  0.28048208
   0.50750000  0.83753000  0.11288000
   0.57576102  0.70973850  0.41370625
   0.38224204  0.83648076  0.50742691
   0.64507222  0.96068547  0.21457996
   0.44900907  0.58381978  0.31637007
   0.57191000  0.54636000  0.07986000
   0.37923950  0.67007611  0.18001914
   0.63920258  0.91986636  0.38290568
   0.48854959  0.53985177  0.48610119
   0.51349985  0.79221720  0.28031670
   0.84083000  0.83753000  0.11288000
   0.70945472  0.83186189  0.51712743
   0.97843321  0.96070660  0.21446850
   0.78274303  0.58442378  0.31693697
   0.90524000  0.54636000  0.07986000
   0.71254032  0.67014706  0.18008020
   0.97391202  0.91943394  0.38261171
   0.82270705  0.53999102  0.48686277
   0.84680065  0.79236491  0.28049748
   0.90784759  0.71052558  0.41436746
   0.73671908  0.56693571  0.64742486
   0.19029717  0.66311443  0.57175896
   0.97201847  0.64059216  0.60987175
   0.68674564  0.53230956  0.69529934
   0.78721226  0.52867991  0.74657293
   0.75468379  0.44760928  0.76818834
   0.91364060  0.54813223  0.73472886
   0.76436619  0.59094465  0.77765127
   0.55652746  0.50366589  0.70035651
