   0.18176457  0.06525730  0.19533549
   0.24163421  0.44156760  0.50338105
   0.03971000  0.44194000  0.09637000
   0.31887482  0.19009945  0.29954712
   0.11359914  0.31785096  0.40062743
   0.51485369  0.06463309  0.19491812
   0.57383935  0.44930212  0.50075215
   0.37304000  0.44194000  0.09637000
   0.65180614  0.18967839  0.29847168
   0.44914316  0.31774320  0.40132887
   0.84825820  0.06489850  0.19481105
   0.91362936  0.44749313  0.50102263
   0.70637000  0.44194000  0.09637000
   0.98524881  0.18964627  0.29821923
   0.78082993  0.31691751  0.40081627
   0.17960210  0.56545276  0.19559189
   0.28486217  0.93486756  0.50328615
   0.03971000  0.94194000  0.09637000
   0.31618005  0.69081351  0.29839364
   0.12613296  0.81600793  0.39763682
   0.51288507  0.56472756  0.19491838
   0.61822207  0.93330142  0.50318411
   0.37304000  0.94194000  0.09637000
   0.64892131  0.68984449  0.29802863
   0.45880524  0.81599203  0.39830080
   0.84639030  0.56515466  0.19512098
   0.95006918  0.93298641  0.50166486
   0.70637000  0.94194000  0.09637000
   0.98238436  0.69044991  0.29843994
   0.79154080  0.81524161  0.39758165
   0.60442159  0.19317991  0.50294167
   0.03971000  0.19194000  0.09637000
   0.31373758  0.44027160  0.29809284
   0.12716677  0.06200420  0.40043383
   0.18001739  0.31642962  0.19724432
   0.26159321  0.19691381  0.49520028
   0.37304000  0.19194000  0.09637000
   0.64782909  0.44028127  0.29795358
   0.46342444  0.06430420  0.40319183
   0.51341659  0.31595299  0.19713840
   0.70637000  0.19194000  0.09637000
   0.98063666  0.44094694  0.29778982
   0.79599826  0.06179100  0.39912922
   0.84651810  0.31614619  0.19709603
   0.91679623  0.19237337  0.49920371
   0.03971000  0.69194000  0.09637000
   0.32047494  0.94260291  0.29954332
   0.11372526  0.56586820  0.39910274
   0.18053057  0.81723806  0.19791352
   0.25387126  0.69807343  0.49503956
   0.37304000  0.69194000  0.09637000
   0.65272591  0.93999656  0.29715794
   0.44515095  0.56588472  0.39890528
   0.51325680  0.81584603  0.19590541
   0.58472576  0.69985709  0.49460593
   0.70637000  0.69194000  0.09637000
   0.98603619  0.94015996  0.29765887
   0.84709263  0.81602587  0.19595062
   0.92350780  0.70047300  0.49414730
   0.78014322  0.56612250  0.39908567
   0.17417000  0.33753000  0.11288000
   0.24851712  0.21102993  0.41332985
   0.03977441  0.33748317  0.51275652
   0.31374794  0.46156145  0.21412430
   0.11964345  0.08512421  0.31619173
   0.23858000  0.04636000  0.07986000
   0.04728592  0.17126016  0.18025118
   0.31289267  0.42065191  0.38226939
   0.15141780  0.04425259  0.48710390
   0.18406184  0.29347243  0.28047952
   0.50750000  0.33753000  0.11288000
   0.58192247  0.21265130  0.41986891
   0.37628881  0.33740872  0.51524631
   0.64737972  0.46120697  0.21387643
   0.45440248  0.08735282  0.31863769
   0.57191000  0.04636000  0.07986000
   0.38090115  0.17080388  0.18004591
   0.64632359  0.42063232  0.38208177
   0.48534512  0.04226877  0.48877062
   0.51734148  0.29356819  0.28037095
   0.84083000  0.33753000  0.11288000
   0.91525666  0.21095433  0.41551962
   0.70774836  0.34778206  0.51117119
   0.98047482  0.46157963  0.21391364
   0.78653366  0.08541189  0.31530778
   0.90524000  0.04636000  0.07986000
   0.71384308  0.17078636  0.18005662
   0.97879724  0.42123124  0.38168075
   0.81742696  0.03777847  0.48296633
   0.85050100  0.29372982  0.28022857
   0.17417000  0.83753000  0.11288000
   0.25850322  0.70847915  0.41048912
   0.08370123  0.82511656  0.51231665
   0.31666025  0.96227566  0.21515977
   0.11619248  0.58562085  0.31481103
   0.23858000  0.54636000  0.07986000
   0.04611568  0.67221223  0.18070158
   0.32536971  0.92185997  0.38362780
   0.11430886  0.55451129  0.48634801
   0.18306450  0.79675612  0.28168687
   0.50619000  0.83294000  0.10916000
   0.59163419  0.70781347  0.40972521
   0.41535995  0.82247386  0.51248555
   0.64934330  0.96041895  0.21291491
   0.44860497  0.58482475  0.31457189
   0.57191000  0.54636000  0.07986000
   0.37901223  0.67149587  0.18008980
   0.65731379  0.91940609  0.38083511
   0.44257963  0.55614291  0.48622741
   0.51600717  0.79484449  0.27966920
   0.83992000  0.83287000  0.10930000
   0.74898820  0.82182792  0.51293186
   0.98251260  0.96101315  0.21334839
   0.78231389  0.58492281  0.31493950
   0.90524000  0.54636000  0.07986000
   0.71245153  0.67142139  0.18013101
   0.99081879  0.91990142  0.38182416
   0.78116655  0.55854575  0.48584136
   0.84898645  0.79504246  0.27981325
   0.92630845  0.70857218  0.40942051
   0.76503226  0.55092529  0.65472414
   0.74541506  0.17190792  0.59084462
   0.73814600  0.38399847  0.60683939
   0.76354341  0.58061317  0.70526196
   0.73334716  0.50377928  0.75530144
   0.64485818  0.52804313  0.78390321
   0.69647302  0.41718647  0.74152267
   0.84351834  0.51526420  0.78114338
   0.78679147  0.67159175  0.71447657
