   0.29065378  0.43178810  0.49197104
   0.17893774  0.06421125  0.18483942
   0.03971000  0.44194000  0.08602000
   0.31570233  0.18811483  0.28856876
   0.12970015  0.31185392  0.38944565
   0.51225234  0.06423105  0.18477874
   0.62140144  0.43053246  0.49132126
   0.37304000  0.44194000  0.08602000
   0.64914827  0.18809833  0.28837357
   0.46300766  0.31192603  0.38852815
   0.84555746  0.06416031  0.18484648
   0.96046722  0.42918775  0.49237345
   0.70637000  0.44194000  0.08602000
   0.98242952  0.18807762  0.28854930
   0.79641781  0.31200849  0.38894826
   0.18121900  0.56353212  0.18467791
   0.25080946  0.93963904  0.49369633
   0.03971000  0.94194000  0.08602000
   0.31639069  0.68830118  0.28800551
   0.11003490  0.81681382  0.39007854
   0.51458620  0.56360571  0.18476761
   0.58289910  0.93810684  0.49363998
   0.37304000  0.94194000  0.08602000
   0.64963599  0.68850142  0.28816912
   0.44330845  0.81691158  0.38970213
   0.84795847  0.56360195  0.18466886
   0.91634079  0.93934884  0.49360618
   0.70637000  0.94194000  0.08602000
   0.98332653  0.68856577  0.28808546
   0.77672172  0.81672975  0.38987633
   0.03971000  0.19194000  0.08602000
   0.32019331  0.43792071  0.28800754
   0.11537702  0.06245616  0.38950577
   0.17963265  0.31535067  0.18696877
   0.26149388  0.19447606  0.48457044
   0.37304000  0.19194000  0.08602000
   0.65385045  0.43859431  0.28843760
   0.44787530  0.06271026  0.38948815
   0.51308891  0.31564868  0.18715471
   0.59606616  0.19264997  0.48420766
   0.70637000  0.19194000  0.08602000
   0.98695336  0.43822793  0.28819487
   0.78083867  0.06196472  0.38918170
   0.84639311  0.31552415  0.18706704
   0.93008138  0.19073479  0.48355423
   0.03971000  0.69194000  0.08602000
   0.31140121  0.93966209  0.28775982
   0.12972861  0.55973242  0.38962168
   0.17903008  0.81544478  0.18673046
   0.26368669  0.69251750  0.48513388
   0.37304000  0.69194000  0.08602000
   0.64456744  0.93937453  0.28761510
   0.46212299  0.55961840  0.38969272
   0.51227047  0.81531506  0.18668993
   0.59733627  0.69350826  0.48505263
   0.70637000  0.69194000  0.08602000
   0.97810337  0.93950419  0.28783504
   0.84565639  0.81540538  0.18676455
   0.93168587  0.69560780  0.48655696
   0.79518708  0.56070046  0.39021928
   0.17417000  0.33753000  0.10253000
   0.26357545  0.20320321  0.39968349
   0.09189500  0.31782398  0.49461103
   0.31573955  0.46025972  0.20429262
   0.11556799  0.08274515  0.30507673
   0.23858000  0.04636000  0.06951000
   0.04526229  0.17049873  0.16974264
   0.32884700  0.41612754  0.37185668
   0.11899870  0.05112726  0.47717961
   0.18259604  0.29291057  0.27029281
   0.50750000  0.33753000  0.10253000
   0.59563241  0.20384121  0.40003183
   0.42244932  0.32109541  0.49958835
   0.64921886  0.46050526  0.20465851
   0.44909697  0.08295886  0.30500426
   0.57191000  0.04636000  0.06951000
   0.37874951  0.17080550  0.16984679
   0.66279450  0.41755655  0.37275689
   0.45281170  0.04996255  0.47715355
   0.51618560  0.29346131  0.27071509
   0.84083000  0.33753000  0.10253000
   0.92799191  0.20277648  0.39945602
   0.75530002  0.32113608  0.49792915
   0.98236139  0.46039991  0.20443253
   0.78204510  0.08267032  0.30478028
   0.90524000  0.04636000  0.06951000
   0.71201668  0.17068817  0.16982444
   0.99503368  0.41648035  0.37206977
   0.78474411  0.04940227  0.47697901
   0.84932103  0.29315647  0.27048890
   0.17417000  0.83753000  0.10253000
   0.24375271  0.71053009  0.40349509
   0.05032212  0.83447202  0.50366650
   0.31305061  0.96068955  0.20391751
   0.11767209  0.58441528  0.30616839
   0.23858000  0.54636000  0.06951000
   0.04725705  0.66980337  0.16963071
   0.30820706  0.92038152  0.37201277
   0.15712812  0.53990584  0.47496981
   0.18183165  0.79250847  0.26990887
   0.50750000  0.83753000  0.10253000
   0.57708888  0.71002356  0.40318065
   0.38189162  0.83204492  0.50354008
   0.64624572  0.96054987  0.20382429
   0.45102926  0.58406916  0.30607720
   0.57191000  0.54636000  0.06951000
   0.38053152  0.66970344  0.16960357
   0.64163376  0.91990791  0.37179707
   0.49016951  0.54091911  0.47608629
   0.51493580  0.79226181  0.26983525
   0.84083000  0.83753000  0.10253000
   0.71615282  0.83233861  0.50349211
   0.97967513  0.96060402  0.20399418
   0.78465326  0.58478786  0.30665292
   0.90524000  0.54636000  0.06951000
   0.71391718  0.66977256  0.16965306
   0.97506875  0.91998666  0.37212202
   0.82270316  0.54235098  0.47992484
   0.84838915  0.79240295  0.26998657
   0.91002537  0.70979195  0.40467746
   0.70856764  0.62767337  0.63320263
   0.05309819  0.45239463  0.63476534
   0.86522547  0.52884419  0.58532925
   0.65742356  0.62154911  0.68285797
   0.67509195  0.53730504  0.72697815
   0.55962480  0.50277094  0.74724616
   0.72824052  0.47161697  0.70893854
   0.75194736  0.58085633  0.76157046
   0.59193784  0.68630842  0.69519445
