   0.18205973  0.06423492  0.19394664
   0.24664308  0.44425467  0.49992705
   0.03971000  0.44194000  0.09637000
   0.31831076  0.19035824  0.29697665
   0.11119480  0.31718240  0.40123414
   0.51526050  0.06411008  0.19384397
   0.57381642  0.44364008  0.50080496
   0.37304000  0.44194000  0.09637000
   0.65156454  0.18938912  0.29664253
   0.44373857  0.31786548  0.40122587
   0.84850725  0.06375805  0.19351697
   0.91542964  0.44686628  0.49823179
   0.70637000  0.44194000  0.09637000
   0.98481774  0.18960503  0.29663624
   0.78008874  0.31618530  0.39763405
   0.18061257  0.56423275  0.19399336
   0.28435309  0.93159594  0.49927697
   0.03971000  0.94194000  0.09637000
   0.31676683  0.68953610  0.29645516
   0.12697357  0.81394123  0.39506304
   0.51362740  0.56391731  0.19392497
   0.61956553  0.93316923  0.50084211
   0.37304000  0.94194000  0.09637000
   0.64962028  0.68886667  0.29608604
   0.46104962  0.81454002  0.39589104
   0.84712392  0.56393566  0.19384367
   0.95204851  0.93149477  0.50030651
   0.70637000  0.94194000  0.09637000
   0.98308220  0.68897462  0.29599720
   0.79396944  0.81391402  0.39516413
   0.93991329  0.19113646  0.49844739
   0.03971000  0.19194000  0.09637000
   0.31349578  0.43950950  0.29627072
   0.12974742  0.06062502  0.39659254
   0.18060308  0.31520200  0.19501902
   0.24347217  0.18954031  0.49838871
   0.37304000  0.19194000  0.09637000
   0.64711515  0.43927239  0.29626135
   0.46151873  0.06365014  0.39978156
   0.51395306  0.31518211  0.19509080
   0.58693531  0.19400799  0.49780371
   0.70637000  0.19194000  0.09637000
   0.98090188  0.43958311  0.29566061
   0.79539859  0.06192612  0.39953071
   0.84724301  0.31497547  0.19491152
   0.03971000  0.69194000  0.09637000
   0.32116378  0.94076711  0.29704927
   0.11545861  0.56477028  0.39647100
   0.18108250  0.81590109  0.19564194
   0.25313320  0.70075463  0.49219586
   0.37304000  0.69194000  0.09637000
   0.65403092  0.94029249  0.29673045
   0.44748374  0.56461426  0.39711137
   0.51414274  0.81567223  0.19553051
   0.58766592  0.69853236  0.49237562
   0.70637000  0.69194000  0.09637000
   0.98694351  0.93924231  0.29518234
   0.84730151  0.81496344  0.19482271
   0.92031564  0.69678396  0.49238069
   0.78090270  0.56386300  0.39695289
   0.17325000  0.33256000  0.10893000
   0.24608253  0.20975630  0.41423086
   0.04464089  0.34438931  0.50274883
   0.31476215  0.45977232  0.21173460
   0.11965401  0.08518815  0.31303649
   0.23858000  0.04636000  0.07986000
   0.04750941  0.17043787  0.17979144
   0.31015830  0.42092582  0.38049181
   0.15104360  0.03357915  0.47901399
   0.18334397  0.29377653  0.27838173
   0.50654000  0.33260000  0.10901000
   0.58089846  0.21331298  0.41622840
   0.37813107  0.33560129  0.50963896
   0.64809037  0.45963367  0.21182441
   0.45318170  0.08673672  0.31602050
   0.57191000  0.04636000  0.07986000
   0.38104889  0.17053340  0.17986359
   0.64436938  0.42007308  0.38101195
   0.48508412  0.04307271  0.48636872
   0.51722761  0.29350725  0.27860055
   0.83980000  0.33255000  0.10889000
   0.90966789  0.21052984  0.41522189
   0.70728254  0.33637089  0.52156792
   0.98148561  0.45960159  0.21139187
   0.78607606  0.08582592  0.31503615
   0.90524000  0.04636000  0.07986000
   0.71431115  0.17028042  0.17978322
   0.97693068  0.42097347  0.37954386
   0.81777373  0.03923756  0.48442616
   0.84988852  0.29343881  0.27842363
   0.17338000  0.83273000  0.10943000
   0.26098431  0.70726101  0.40716991
   0.08403741  0.81873456  0.51040638
   0.31697941  0.96059057  0.21282306
   0.11667099  0.58385346  0.31218482
   0.23858000  0.54636000  0.07986000
   0.04662036  0.67111266  0.18019294
   0.32750273  0.91991436  0.38090635
   0.11506002  0.55758937  0.48351667
   0.18371115  0.79531031  0.27939080
   0.50662000  0.83273000  0.10932000
   0.59394448  0.70657631  0.40816979
   0.41811426  0.82335964  0.50960007
   0.64981603  0.96027220  0.21242459
   0.44962467  0.58376324  0.31280072
   0.57191000  0.54636000  0.07986000
   0.37996530  0.67102107  0.18009614
   0.65990957  0.91896431  0.38053432
   0.44823987  0.55443808  0.48453886
   0.51713689  0.79482773  0.27922101
   0.83987000  0.83253000  0.10888000
   0.74988959  0.82097359  0.51143688
   0.98311706  0.95953238  0.21131087
   0.78271699  0.58345755  0.31266825
   0.90524000  0.54636000  0.07986000
   0.71290972  0.67049186  0.17988283
   0.99264366  0.91733509  0.37827897
   0.77896819  0.55210522  0.48512899
   0.84965175  0.79382937  0.27825378
   0.92604266  0.70594887  0.40791022
   0.78566297  0.54109018  0.67061225
   0.07833267  0.15961136  0.58182301
   0.73915152  0.40956390  0.60320494
   0.79302458  0.54275252  0.72382877
   0.76450226  0.44241873  0.76092413
   0.68508453  0.45070770  0.79668020
   0.71735533  0.36672383  0.73558396
   0.87801053  0.43592666  0.78054382
   0.82600651  0.62568694  0.74496795
