   0.17770802  0.06422001  0.19536895
   0.28794057  0.42940136  0.50154485
   0.03971000  0.44194000  0.09637000
   0.31396859  0.18783125  0.29858331
   0.12908608  0.31067874  0.39861428
   0.51099037  0.06426941  0.19546040
   0.62100141  0.43110712  0.50164236
   0.37304000  0.44194000  0.09637000
   0.64748469  0.18785910  0.29882476
   0.46229873  0.31078760  0.39859252
   0.84418759  0.06419971  0.19540319
   0.95512919  0.42815531  0.50135179
   0.70637000  0.44194000  0.09637000
   0.98075964  0.18784985  0.29852535
   0.79600098  0.31095760  0.39862261
   0.17997898  0.56400164  0.19512924
   0.24621364  0.93879859  0.50339422
   0.03971000  0.94194000  0.09637000
   0.31500929  0.68870218  0.29901381
   0.10911758  0.81542661  0.40046287
   0.51335504  0.56393831  0.19514925
   0.58001955  0.94064991  0.50428527
   0.37304000  0.94194000  0.09637000
   0.64785928  0.68834368  0.29867669
   0.43971901  0.81691836  0.40370690
   0.84663244  0.56398345  0.19528009
   0.91106324  0.93768356  0.50543917
   0.70637000  0.94194000  0.09637000
   0.98166648  0.68842228  0.29867360
   0.77462211  0.81659824  0.39965330
   0.92857447  0.69311532  0.49572825
   0.03971000  0.19194000  0.09637000
   0.31905747  0.43766663  0.29780162
   0.11314096  0.06192968  0.40036492
   0.17908965  0.31495481  0.19620331
   0.25927633  0.19273068  0.49585239
   0.37304000  0.19194000  0.09637000
   0.65272736  0.43825609  0.29862279
   0.44589517  0.06262737  0.40017951
   0.51227504  0.31562117  0.19748503
   0.59225843  0.19503808  0.49519490
   0.70637000  0.19194000  0.09637000
   0.98645726  0.43823688  0.29826036
   0.77942501  0.06197452  0.40026955
   0.84529777  0.31554375  0.19737442
   0.92763469  0.19090931  0.49524149
   0.03971000  0.69194000  0.09637000
   0.31000910  0.93941518  0.29849327
   0.12831577  0.55916491  0.40045329
   0.17799845  0.81559764  0.19729828
   0.25928539  0.68800924  0.50094972
   0.37304000  0.69194000  0.09637000
   0.64254370  0.93925172  0.29864668
   0.46059304  0.55924666  0.40000960
   0.51127828  0.81552302  0.19726980
   0.59354032  0.69345050  0.49551932
   0.70637000  0.69194000  0.09637000
   0.97690518  0.93944809  0.29840453
   0.84451432  0.81558167  0.19728630
   0.79469003  0.55977091  0.40031116
   0.17310000  0.33301000  0.10976000
   0.26175114  0.20285064  0.41108234
   0.08707375  0.31698109  0.51139098
   0.31416106  0.45983834  0.21364399
   0.11378760  0.08306945  0.31575549
   0.23858000  0.04636000  0.07986000
   0.04403073  0.17064692  0.18010324
   0.32843313  0.41487625  0.38159568
   0.11425773  0.04932769  0.48830757
   0.18118693  0.29274264  0.27985859
   0.50750000  0.33753000  0.11288000
   0.59562911  0.20330412  0.41064572
   0.42056094  0.31966148  0.51130211
   0.64775774  0.46072046  0.21482626
   0.44720392  0.08296415  0.31563910
   0.57191000  0.04636000  0.07986000
   0.37750730  0.17086694  0.18028702
   0.66202499  0.41593070  0.38249636
   0.44853044  0.05295689  0.48773739
   0.51462786  0.29314695  0.28084894
   0.84083000  0.33753000  0.11288000
   0.92819919  0.20283825  0.41108099
   0.75300578  0.32121777  0.51111837
   0.98122935  0.46061235  0.21449482
   0.78051853  0.08280179  0.31572513
   0.90524000  0.04636000  0.07986000
   0.71073368  0.17072986  0.18016010
   0.99487948  0.41482878  0.38158090
   0.78296183  0.04934726  0.48810351
   0.84787177  0.29294810  0.28057760
   0.17417000  0.83753000  0.11288000
   0.23983430  0.70885661  0.41745338
   0.04263897  0.83149454  0.51799087
   0.31182709  0.96072104  0.21443847
   0.11628969  0.58469104  0.31680770
   0.23858000  0.54636000  0.07986000
   0.04584777  0.67020061  0.18003077
   0.30572707  0.92006551  0.38250544
   0.15224634  0.53391496  0.48399889
   0.18019863  0.79250407  0.28045656
   0.50750000  0.83753000  0.11288000
   0.57596201  0.70971185  0.41372001
   0.38172389  0.83608695  0.50735522
   0.64509999  0.96070297  0.21454260
   0.44901210  0.58381543  0.31633115
   0.57191000  0.54636000  0.07986000
   0.37920537  0.67004427  0.17997438
   0.63928964  0.91992559  0.38285820
   0.48831311  0.53977050  0.48579941
   0.51352399  0.79223412  0.28027123
   0.84083000  0.83753000  0.11288000
   0.71007938  0.83210866  0.51675411
   0.97846486  0.96072007  0.21444471
   0.78280102  0.58443946  0.31689240
   0.90524000  0.54636000  0.07986000
   0.71257083  0.67012822  0.18003992
   0.97406224  0.91944755  0.38259644
   0.82274257  0.54014082  0.48702108
   0.84686960  0.79237548  0.28046539
   0.90800673  0.71042780  0.41431859
   0.73577740  0.56749507  0.64687913
   0.25504166  0.65526260  0.60268429
   0.97749461  0.64055900  0.60971749
   0.68739307  0.53283763  0.69499083
   0.78694238  0.52873420  0.74663683
   0.75463036  0.44776890  0.76800719
   0.91431819  0.54820005  0.73489798
   0.76444580  0.59091916  0.77776258
   0.55700781  0.50357446  0.70027626
