   0.18179447  0.06499426  0.19520103
   0.24176562  0.44268399  0.50355163
   0.03971000  0.44194000  0.09637000
   0.31898270  0.19024055  0.29924185
   0.11295518  0.31818850  0.40116492
   0.51481565  0.06476948  0.19490499
   0.57393648  0.44837931  0.50055427
   0.37304000  0.44194000  0.09637000
   0.65210104  0.18990412  0.29849164
   0.44826571  0.31842533  0.40126720
   0.84827106  0.06470453  0.19464836
   0.91347486  0.44811597  0.50052097
   0.70637000  0.44194000  0.09637000
   0.98549939  0.18984542  0.29814581
   0.77997062  0.31729973  0.40114783
   0.17940352  0.56526777  0.19529648
   0.28484238  0.93469448  0.50302103
   0.03971000  0.94194000  0.09637000
   0.31545495  0.69066927  0.29821787
   0.12620150  0.81593553  0.39829405
   0.51270352  0.56487441  0.19511522
   0.61822601  0.93360802  0.50296861
   0.37304000  0.94194000  0.09637000
   0.64850647  0.69018059  0.29764323
   0.45932038  0.81607318  0.39837258
   0.84623145  0.56518652  0.19530360
   0.95133925  0.93438106  0.50163719
   0.70637000  0.94194000  0.09637000
   0.98209378  0.69054773  0.29825307
   0.79207098  0.81542468  0.39767207
   0.60347195  0.19306700  0.50224734
   0.03971000  0.19194000  0.09637000
   0.31391993  0.44064698  0.29810335
   0.12798190  0.06235640  0.40029470
   0.18003116  0.31625913  0.19714526
   0.26121145  0.19727184  0.49539811
   0.37304000  0.19194000  0.09637000
   0.64726982  0.44051647  0.29787532
   0.46314742  0.06414554  0.40268494
   0.51321727  0.31611064  0.19711660
   0.70637000  0.19194000  0.09637000
   0.98045184  0.44078000  0.29800237
   0.79615008  0.06195176  0.39956805
   0.84656773  0.31628394  0.19709060
   0.91649461  0.19365753  0.49951461
   0.03971000  0.69194000  0.09637000
   0.32047944  0.94210519  0.29935655
   0.11413828  0.56581361  0.39912383
   0.18005924  0.81726093  0.19770684
   0.25545072  0.69820519  0.49467677
   0.37304000  0.69194000  0.09637000
   0.65286387  0.94024845  0.29722241
   0.44557882  0.56633487  0.39923690
   0.51323974  0.81592981  0.19581275
   0.58683704  0.69913664  0.49485904
   0.70637000  0.69194000  0.09637000
   0.98630030  0.94034745  0.29764090
   0.84711644  0.81598888  0.19593910
   0.91992126  0.70139942  0.49436394
   0.78032354  0.56642991  0.39866765
   0.17417000  0.33753000  0.11288000
   0.24777699  0.21161328  0.41359744
   0.03988264  0.33845438  0.51303431
   0.31367563  0.46159161  0.21414995
   0.11985781  0.08549975  0.31616937
   0.23858000  0.04636000  0.07986000
   0.04733624  0.17091260  0.18010281
   0.31230832  0.42132505  0.38223289
   0.15205524  0.04462979  0.48714519
   0.18430106  0.29367035  0.28028265
   0.50750000  0.33753000  0.11288000
   0.58060835  0.21294027  0.41937978
   0.37599420  0.33806158  0.51454356
   0.64704979  0.46137571  0.21394267
   0.45425763  0.08723228  0.31825438
   0.57191000  0.04636000  0.07986000
   0.38070383  0.17090548  0.18003395
   0.64600121  0.42112136  0.38195245
   0.48483524  0.04213717  0.48817832
   0.51754292  0.29365015  0.28029151
   0.84083000  0.33753000  0.11288000
   0.91421501  0.21125224  0.41602721
   0.70884852  0.34716780  0.51106013
   0.98046298  0.46160717  0.21404534
   0.78682286  0.08572579  0.31562047
   0.90524000  0.04636000  0.07986000
   0.71393739  0.17086483  0.18004893
   0.97817846  0.42129677  0.38210553
   0.81730274  0.03907831  0.48384442
   0.85080172  0.29381734  0.28020768
   0.17417000  0.83753000  0.11288000
   0.25910320  0.70832924  0.41022271
   0.08340596  0.82493831  0.51151387
   0.31676628  0.96219609  0.21510186
   0.11537772  0.58545376  0.31493694
   0.23858000  0.54636000  0.07986000
   0.04582877  0.67198700  0.18051418
   0.32551304  0.92141944  0.38337307
   0.11466952  0.55521798  0.48623504
   0.18254969  0.79642456  0.28122932
   0.50619000  0.83294000  0.10916000
   0.59186739  0.70816263  0.41021148
   0.41617105  0.82304669  0.51219287
   0.64936721  0.96055949  0.21289252
   0.44846123  0.58544290  0.31492711
   0.57191000  0.54636000  0.07986000
   0.37896323  0.67141625  0.18005893
   0.65800088  0.91960636  0.38096429
   0.44302515  0.55648136  0.48667918
   0.51541381  0.79514160  0.27952256
   0.83992000  0.83287000  0.10930000
   0.75046547  0.82237718  0.51193498
   0.98272621  0.96080225  0.21329610
   0.78182909  0.58526808  0.31445646
   0.90524000  0.54636000  0.07986000
   0.71224722  0.67151091  0.18022277
   0.99157097  0.92009380  0.38180604
   0.77945231  0.55847266  0.48549709
   0.84885395  0.79538337  0.27976082
   0.92620626  0.70851745  0.40943502
   0.76675603  0.54455474  0.65412539
   0.73935502  0.16940285  0.59237425
   0.74167855  0.37689809  0.60843692
   0.76335559  0.57621000  0.70410368
   0.73300743  0.50256267  0.75542576
   0.64415017  0.52723984  0.78335663
   0.69673020  0.41481085  0.74284158
   0.84251096  0.51527125  0.78115931
   0.78627132  0.66804442  0.71212852
