   0.17817108  0.06453035  0.19489669
   0.28108326  0.43463599  0.49883690
   0.03971000  0.44194000  0.09637000
   0.31524575  0.18970744  0.29779332
   0.12639071  0.31193440  0.40495976
   0.51141891  0.06487958  0.19540322
   0.61383933  0.43493701  0.50181448
   0.37304000  0.44194000  0.09637000
   0.64794954  0.18941141  0.30004544
   0.45551978  0.31076877  0.40612527
   0.84433789  0.06440805  0.19471664
   0.94663155  0.43385480  0.50047987
   0.70637000  0.44194000  0.09637000
   0.98291263  0.18927524  0.29948518
   0.79237990  0.31225673  0.39933484
   0.17994947  0.56350510  0.19495297
   0.25604213  0.93807109  0.51039774
   0.03971000  0.94194000  0.09637000
   0.31478758  0.68779813  0.29801421
   0.11396627  0.81624050  0.39423612
   0.51291495  0.56307722  0.19482122
   0.58836196  0.94038485  0.50512481
   0.37304000  0.94194000  0.09637000
   0.64857535  0.68839273  0.29756930
   0.44556110  0.81623470  0.39801645
   0.84625604  0.56284155  0.19512296
   0.91581386  0.93339913  0.50901451
   0.70637000  0.94194000  0.09637000
   0.98084286  0.68674397  0.29702026
   0.77917437  0.81898451  0.39740772
   0.92239723  0.69457719  0.48769940
   0.03971000  0.19194000  0.09637000
   0.31815705  0.43742174  0.29871569
   0.11452207  0.05971044  0.40317200
   0.17925712  0.31528707  0.19606381
   0.25638728  0.18422538  0.50391828
   0.37304000  0.19194000  0.09637000
   0.64939648  0.43705637  0.29920420
   0.44628475  0.06269788  0.40000793
   0.51281965  0.31578347  0.19729083
   0.59222623  0.19324241  0.49477334
   0.70637000  0.19194000  0.09637000
   0.98635399  0.43676003  0.29907335
   0.78142431  0.06262549  0.39995435
   0.84483515  0.31565656  0.19754683
   0.93090473  0.19259807  0.49468579
   0.03971000  0.69194000  0.09637000
   0.31149771  0.94115822  0.29754448
   0.12730512  0.56080442  0.40063430
   0.17797492  0.81531355  0.19697075
   0.26564580  0.69725035  0.49580810
   0.37304000  0.69194000  0.09637000
   0.64527098  0.94083890  0.29790483
   0.46042617  0.56026815  0.39999264
   0.51085068  0.81601110  0.19733777
   0.59439825  0.69554689  0.49501832
   0.70637000  0.69194000  0.09637000
   0.98134096  0.94305800  0.29744628
   0.84490599  0.81531818  0.19674285
   0.78997946  0.55906801  0.39843699
   0.17310000  0.33301000  0.10976000
   0.25355033  0.20082886  0.41977318
   0.07773190  0.32788498  0.50541585
   0.31432570  0.45991478  0.21377538
   0.11848055  0.08671650  0.31793220
   0.23858000  0.04636000  0.07986000
   0.04421223  0.17088363  0.18041767
   0.32446653  0.41510990  0.38341099
   0.11270045  0.03103962  0.48705968
   0.18119956  0.29406467  0.27961155
   0.50750000  0.33753000  0.11288000
   0.59300348  0.20349170  0.41056274
   0.41614150  0.32779103  0.50514750
   0.64772415  0.46044781  0.21497743
   0.44723031  0.08484504  0.31563099
   0.57191000  0.04636000  0.07986000
   0.37756956  0.17105293  0.18052349
   0.65533125  0.41580639  0.38363306
   0.45671444  0.04696419  0.48571693
   0.51493486  0.29341898  0.28030413
   0.84083000  0.33753000  0.11288000
   0.92387684  0.20373091  0.41105054
   0.74586303  0.32448352  0.50970957
   0.98128871  0.46026504  0.21489960
   0.78235307  0.08384525  0.31554843
   0.90524000  0.04636000  0.07986000
   0.71081336  0.17097285  0.18002868
   0.99366410  0.41649826  0.38318394
   0.78995171  0.04813228  0.48745515
   0.84807996  0.29283860  0.28077668
   0.17417000  0.83753000  0.11288000
   0.24557362  0.71191309  0.41389036
   0.04513075  0.81425634  0.52847551
   0.31205517  0.96071890  0.21391897
   0.11615855  0.58360190  0.31671014
   0.23858000  0.54636000  0.07986000
   0.04552627  0.66971273  0.18005910
   0.31147951  0.91945448  0.38093114
   0.14685840  0.54681587  0.48759160
   0.18048828  0.79218052  0.28023762
   0.50750000  0.83753000  0.11288000
   0.58082686  0.71162109  0.41295231
   0.38973394  0.83270834  0.51843376
   0.64529751  0.96106513  0.21425764
   0.44915332  0.58399264  0.31637133
   0.57191000  0.54636000  0.07986000
   0.37936676  0.67025403  0.18021730
   0.64281913  0.92080932  0.38175406
   0.48189324  0.54662908  0.48630945
   0.51408459  0.79301764  0.28070324
   0.84083000  0.83753000  0.11288000
   0.71781958  0.83105741  0.51653839
   0.97939761  0.96120458  0.21357961
   0.78120385  0.58302260  0.31571535
   0.90524000  0.54636000  0.07986000
   0.71255225  0.66911936  0.17981262
   0.97796566  0.92006164  0.38078648
   0.81455524  0.54439433  0.48497567
   0.84859516  0.79341603  0.27978841
   0.91289886  0.71154869  0.40745845
   0.75260360  0.57307845  0.64638622
   0.25436913  0.14252580  0.59709347
   0.96171694  0.67687808  0.59311333
   0.69884723  0.53630681  0.69246158
   0.79310132  0.52987019  0.74560674
   0.75466333  0.44667862  0.76586096
   0.91896296  0.54937873  0.73760179
   0.76278155  0.58925822  0.77794848
   0.56857342  0.50469761  0.69635279
