   0.18179475  0.06517575  0.19553142
   0.25323943  0.43664965  0.50246937
   0.03971000  0.44194000  0.09637000
   0.31852893  0.19059927  0.30020185
   0.11763858  0.31511752  0.40143581
   0.51449247  0.06451287  0.19466393
   0.58467449  0.44474624  0.50074647
   0.37304000  0.44194000  0.09637000
   0.65111261  0.18932547  0.29799517
   0.45400384  0.31691543  0.40279891
   0.84814622  0.06464630  0.19452754
   0.92679281  0.44092987  0.50066119
   0.70637000  0.44194000  0.09637000
   0.98483418  0.18947208  0.29784022
   0.78540625  0.31345029  0.40017386
   0.18000227  0.56526168  0.19539677
   0.26975855  0.93576857  0.50375410
   0.03971000  0.94194000  0.09637000
   0.31676192  0.69053088  0.29832489
   0.12252405  0.81661689  0.39861188
   0.51306445  0.56429072  0.19483481
   0.60318836  0.93437621  0.50443517
   0.37304000  0.94194000  0.09637000
   0.64935787  0.68906431  0.29694004
   0.45528923  0.81715923  0.39903592
   0.84693250  0.56500874  0.19515711
   0.93495648  0.93222672  0.50100734
   0.70637000  0.94194000  0.09637000
   0.98351408  0.69011645  0.29795903
   0.78756661  0.81510072  0.39678701
   0.60553918  0.19287205  0.50873064
   0.03971000  0.19194000  0.09637000
   0.31618202  0.43992581  0.29840590
   0.12219005  0.06180165  0.39991318
   0.18014689  0.31639085  0.19731083
   0.25915703  0.19409117  0.49520408
   0.37304000  0.19194000  0.09637000
   0.64954166  0.43882601  0.29727151
   0.46025818  0.06761127  0.40570765
   0.51305584  0.31563726  0.19689454
   0.70637000  0.19194000  0.09637000
   0.98317165  0.43993819  0.29779265
   0.79057179  0.06048236  0.39756885
   0.84660357  0.31624411  0.19700610
   0.91350282  0.18531374  0.49934710
   0.03971000  0.69194000  0.09637000
   0.31987662  0.94385382  0.30071983
   0.12001263  0.56300173  0.39893194
   0.18077977  0.81780956  0.19814549
   0.25729376  0.69549904  0.49450990
   0.37304000  0.69194000  0.09637000
   0.65063760  0.93932482  0.29602788
   0.45104456  0.56415047  0.39922549
   0.51302449  0.81527775  0.19537670
   0.58856332  0.69653423  0.49460337
   0.70637000  0.69194000  0.09637000
   0.98487808  0.93983147  0.29702223
   0.84726452  0.81554661  0.19563308
   0.92338834  0.69656998  0.49241845
   0.78658718  0.56265376  0.39736634
   0.17417000  0.33753000  0.11288000
   0.25310581  0.20820102  0.41266910
   0.05132499  0.32985073  0.51024435
   0.31422640  0.46155107  0.21446964
   0.11875245  0.08476713  0.31550905
   0.23858000  0.04636000  0.07986000
   0.04728761  0.17108609  0.18015625
   0.31792636  0.41919926  0.38240653
   0.13660186  0.04494410  0.48687824
   0.18399889  0.29385528  0.28048874
   0.50750000  0.33753000  0.11288000
   0.58812248  0.21472531  0.42438243
   0.38761021  0.33235300  0.51292906
   0.64768074  0.46078005  0.21349948
   0.45439675  0.08890090  0.32057215
   0.57191000  0.04636000  0.07986000
   0.38054675  0.17062240  0.17987731
   0.65236296  0.41787722  0.38141071
   0.47124120  0.04581572  0.49109783
   0.51704764  0.29322442  0.27994187
   0.84083000  0.33753000  0.11288000
   0.91805864  0.20723867  0.41487083
   0.71938402  0.34848218  0.52349574
   0.98126130  0.46152792  0.21394305
   0.78527634  0.08471309  0.31374864
   0.90524000  0.04636000  0.07986000
   0.71373678  0.17082395  0.17999291
   0.98349938  0.41873439  0.38166918
   0.80251516  0.03471187  0.47993565
   0.85033943  0.29384846  0.28006137
   0.17417000  0.83753000  0.11288000
   0.25527133  0.70906373  0.41120401
   0.06939383  0.82585629  0.51084418
   0.31701551  0.96283865  0.21612652
   0.11711544  0.58524823  0.31512707
   0.23858000  0.54636000  0.07986000
   0.04652591  0.67230938  0.18070737
   0.32214289  0.92335329  0.38478487
   0.12678980  0.54858720  0.48557335
   0.18396681  0.79678838  0.28183284
   0.50619000  0.83294000  0.10916000
   0.58794050  0.70908120  0.41135662
   0.40041356  0.82620868  0.51375593
   0.64874803  0.95997604  0.21199159
   0.45001192  0.58518574  0.31543272
   0.57191000  0.54636000  0.07986000
   0.37924378  0.67080769  0.17985884
   0.65287687  0.91803892  0.37907259
   0.45442753  0.55116322  0.48596462
   0.51585829  0.79356849  0.27871342
   0.83992000  0.83287000  0.10930000
   0.73455638  0.82398297  0.51445587
   0.98255438  0.96046701  0.21282743
   0.78316233  0.58406335  0.31373604
   0.90524000  0.54636000  0.07986000
   0.71251053  0.67097361  0.18002339
   0.98699340  0.91924571  0.38079021
   0.79272499  0.55104356  0.48381141
   0.84934105  0.79413392  0.27923728
   0.92189713  0.70829957  0.40898245
   0.77820544  0.58887657  0.65836450
   0.75434798  0.15145233  0.58780736
   0.75376227  0.44062793  0.60267444
   0.76163519  0.60307697  0.71010419
   0.73449540  0.51293512  0.75387854
   0.65184862  0.52750829  0.78740511
   0.69411114  0.43106726  0.73351728
   0.84841688  0.51460868  0.77573595
   0.76971097  0.69005805  0.72545112
