   0.18177910  0.06500608  0.19521218
   0.24171313  0.44258656  0.50357641
   0.03971000  0.44194000  0.09637000
   0.31897921  0.19024678  0.29926695
   0.11305579  0.31811780  0.40110264
   0.51480410  0.06475070  0.19489813
   0.57382160  0.44847368  0.50052071
   0.37304000  0.44194000  0.09637000
   0.65208659  0.18990112  0.29846414
   0.44835939  0.31835703  0.40124923
   0.84824243  0.06470567  0.19466876
   0.91348551  0.44800092  0.50048895
   0.70637000  0.44194000  0.09637000
   0.98548135  0.18983637  0.29813911
   0.78008054  0.31723342  0.40109855
   0.17945874  0.56529300  0.19530461
   0.28477376  0.93464691  0.50304073
   0.03971000  0.94194000  0.09637000
   0.31550702  0.69067063  0.29822721
   0.12617126  0.81590565  0.39826571
   0.51273733  0.56486100  0.19512665
   0.61818894  0.93367193  0.50303611
   0.37304000  0.94194000  0.09637000
   0.64854476  0.69013539  0.29765339
   0.45927180  0.81604068  0.39838845
   0.84626498  0.56518317  0.19528102
   0.95122496  0.93420955  0.50166180
   0.70637000  0.94194000  0.09637000
   0.98214510  0.69052735  0.29825290
   0.79203099  0.81537902  0.39768188
   0.60356770  0.19315727  0.50227147
   0.03971000  0.19194000  0.09637000
   0.31399379  0.44061940  0.29809848
   0.12794964  0.06231263  0.40029689
   0.18001216  0.31626681  0.19714778
   0.26121397  0.19720428  0.49540841
   0.37304000  0.19194000  0.09637000
   0.64731034  0.44047987  0.29786086
   0.46319979  0.06413585  0.40273263
   0.51323450  0.31609269  0.19710166
   0.70637000  0.19194000  0.09637000
   0.98048935  0.44080103  0.29797821
   0.79614450  0.06189759  0.39952517
   0.84657866  0.31628281  0.19707709
   0.91655504  0.19352681  0.49948918
   0.03971000  0.69194000  0.09637000
   0.32050050  0.94215735  0.29938880
   0.11416707  0.56579386  0.39912493
   0.18007632  0.81729328  0.19772534
   0.25540553  0.69814487  0.49471496
   0.37304000  0.69194000  0.09637000
   0.65283491  0.94021176  0.29721962
   0.44556936  0.56629446  0.39923901
   0.51327808  0.81590101  0.19581958
   0.58676435  0.69919649  0.49486984
   0.70637000  0.69194000  0.09637000
   0.98626810  0.94032192  0.29763402
   0.84712470  0.81597571  0.19593585
   0.92017571  0.70117904  0.49434907
   0.78035126  0.56636394  0.39864855
   0.17417000  0.33753000  0.11288000
   0.24785712  0.21155544  0.41359628
   0.03989323  0.33835318  0.51299232
   0.31368149  0.46158310  0.21414624
   0.11983202  0.08548609  0.31617206
   0.23858000  0.04636000  0.07986000
   0.04732200  0.17091822  0.18010430
   0.31243878  0.42122120  0.38221776
   0.15196970  0.04451400  0.48713820
   0.18432498  0.29365733  0.28028204
   0.50750000  0.33753000  0.11288000
   0.58078533  0.21291213  0.41938992
   0.37599462  0.33801403  0.51461865
   0.64709559  0.46136311  0.21393035
   0.45429806  0.08728680  0.31831354
   0.57191000  0.04636000  0.07986000
   0.38069602  0.17088260  0.18003001
   0.64608756  0.42104426  0.38193502
   0.48478366  0.04223209  0.48826225
   0.51752186  0.29364129  0.28027843
   0.84083000  0.33753000  0.11288000
   0.91431874  0.21119295  0.41597068
   0.70870536  0.34726188  0.51101199
   0.98051515  0.46161579  0.21401098
   0.78675026  0.08568699  0.31557296
   0.90524000  0.04636000  0.07986000
   0.71390857  0.17086656  0.18005053
   0.97831913  0.42122437  0.38207842
   0.81730492  0.03897416  0.48378251
   0.85082192  0.29382212  0.28018538
   0.17417000  0.83753000  0.11288000
   0.25903374  0.70833816  0.41024073
   0.08339412  0.82478714  0.51162729
   0.31674857  0.96222750  0.21513132
   0.11543824  0.58546665  0.31493715
   0.23858000  0.54636000  0.07986000
   0.04585920  0.67200849  0.18051627
   0.32549385  0.92141271  0.38340577
   0.11462879  0.55509201  0.48624842
   0.18261080  0.79645401  0.28126071
   0.50619000  0.83294000  0.10916000
   0.59184474  0.70814420  0.41023081
   0.41613396  0.82303336  0.51221208
   0.64934424  0.96053761  0.21289384
   0.44849918  0.58542815  0.31493490
   0.57191000  0.54636000  0.07986000
   0.37900648  0.67140733  0.18006346
   0.65795382  0.91954970  0.38094832
   0.44296217  0.55650356  0.48666707
   0.51548331  0.79509058  0.27953882
   0.83992000  0.83287000  0.10930000
   0.75033002  0.82238375  0.51199653
   0.98271079  0.96080662  0.21329623
   0.78190885  0.58521275  0.31445746
   0.90524000  0.54636000  0.07986000
   0.71226461  0.67149804  0.18021810
   0.99153983  0.92004431  0.38179667
   0.77949787  0.55842713  0.48544809
   0.84888695  0.79532415  0.27975797
   0.92616950  0.70848923  0.40946617
   0.76644499  0.54552937  0.65409764
   0.74019300  0.16993350  0.59227920
   0.74117806  0.37789882  0.60824505
   0.76337306  0.57726368  0.70444378
   0.73311641  0.50279862  0.75536440
   0.64413279  0.52736798  0.78355647
   0.69664493  0.41515100  0.74264332
   0.84279996  0.51526774  0.78120668
   0.78637730  0.66862675  0.71253352
