   0.17779636  0.06426499  0.19538260
   0.28751996  0.42950013  0.50033900
   0.03971000  0.44194000  0.09637000
   0.31420336  0.18802819  0.29851621
   0.12868887  0.31064955  0.39808484
   0.51108451  0.06434766  0.19545819
   0.62114030  0.43171447  0.50215248
   0.37304000  0.44194000  0.09637000
   0.64741536  0.18788902  0.29863019
   0.46216815  0.31120461  0.39847021
   0.84430151  0.06422075  0.19537570
   0.95526299  0.42923918  0.50009346
   0.70637000  0.44194000  0.09637000
   0.98098754  0.18782681  0.29834075
   0.79546492  0.31101941  0.39826420
   0.17993857  0.56403599  0.19534105
   0.24712584  0.93906773  0.50190837
   0.03971000  0.94194000  0.09637000
   0.31504105  0.68894887  0.29898316
   0.11001589  0.81557374  0.39906365
   0.51341034  0.56399236  0.19517035
   0.58009846  0.94007150  0.50311566
   0.37304000  0.94194000  0.09637000
   0.64788425  0.68855291  0.29881560
   0.44140129  0.81763235  0.40244779
   0.84654426  0.56391445  0.19514694
   0.91230375  0.93908307  0.50451734
   0.70637000  0.94194000  0.09637000
   0.98119658  0.68825269  0.29790121
   0.77600496  0.81686755  0.40018105
   0.93010025  0.69409161  0.49552067
   0.03971000  0.19194000  0.09637000
   0.31933697  0.43755968  0.29754381
   0.11357612  0.06224868  0.40027656
   0.17914649  0.31489100  0.19610757
   0.26060217  0.19302375  0.49571789
   0.37304000  0.19194000  0.09637000
   0.65242593  0.43859168  0.29869787
   0.44627528  0.06332283  0.40009922
   0.51226568  0.31568865  0.19748524
   0.59304978  0.19572008  0.49550850
   0.70637000  0.19194000  0.09637000
   0.98464805  0.43668646  0.29692705
   0.78051803  0.06232541  0.40014866
   0.84472536  0.31503253  0.19694187
   0.92883046  0.19173355  0.49538583
   0.03971000  0.69194000  0.09637000
   0.31024185  0.94005687  0.29820461
   0.12875018  0.55810084  0.39705309
   0.17808674  0.81555786  0.19729294
   0.25574399  0.68762189  0.49670020
   0.37304000  0.69194000  0.09637000
   0.64368306  0.93943826  0.29846032
   0.46080609  0.55951403  0.39986978
   0.51123085  0.81550371  0.19734039
   0.59364521  0.69358187  0.49543022
   0.70637000  0.69194000  0.09637000
   0.97689921  0.93966559  0.29841405
   0.84467185  0.81560672  0.19726596
   0.79471290  0.56025435  0.40048964
   0.17310000  0.33301000  0.10976000
   0.26179840  0.20317742  0.41108429
   0.08683170  0.31896950  0.51148184
   0.31434364  0.45968096  0.21349772
   0.11410593  0.08322984  0.31570414
   0.23858000  0.04636000  0.07986000
   0.04412867  0.17060891  0.18008313
   0.32806100  0.41508548  0.38138056
   0.11528436  0.05068890  0.48822185
   0.18119371  0.29269902  0.27978532
   0.50750000  0.33753000  0.11288000
   0.59539384  0.20391507  0.41091742
   0.42054650  0.32011683  0.51152825
   0.64776645  0.46076151  0.21489345
   0.44779062  0.08350526  0.31549150
   0.57191000  0.04636000  0.07986000
   0.37756206  0.17091598  0.18030237
   0.66176549  0.41642645  0.38265650
   0.44956426  0.05269406  0.48793589
   0.51466603  0.29340560  0.28089454
   0.84083000  0.33753000  0.11288000
   0.92823004  0.20332736  0.41125502
   0.75310602  0.32257933  0.51169056
   0.98052065  0.45976232  0.21351692
   0.78106365  0.08307468  0.31555227
   0.90524000  0.04636000  0.07986000
   0.71058205  0.17049222  0.18002490
   0.99414719  0.41412873  0.38014603
   0.78298851  0.05019484  0.48807247
   0.84701581  0.29186439  0.28002868
   0.17417000  0.83753000  0.11288000
   0.24139262  0.70783525  0.41297897
   0.04472637  0.83360870  0.51530990
   0.31197376  0.96075177  0.21430086
   0.11528145  0.58301849  0.31355548
   0.23858000  0.54636000  0.07986000
   0.04581801  0.67021272  0.17999071
   0.30630121  0.92125818  0.38196597
   0.15232563  0.53363592  0.48053219
   0.18024896  0.79292478  0.28054793
   0.50750000  0.83753000  0.11288000
   0.57735029  0.70972461  0.41366821
   0.38165765  0.83436813  0.50277578
   0.64517786  0.96068445  0.21446077
   0.44904864  0.58382456  0.31629802
   0.57191000  0.54636000  0.07986000
   0.37928418  0.67009014  0.17998552
   0.64108693  0.92028061  0.38262867
   0.48831540  0.54003299  0.48584162
   0.51381187  0.79257633  0.28052304
   0.84083000  0.83753000  0.11288000
   0.71098102  0.83251439  0.51586832
   0.97856351  0.96073198  0.21446991
   0.78260389  0.58464405  0.31705708
   0.90524000  0.54636000  0.07986000
   0.71264325  0.67016001  0.18008913
   0.97454024  0.91987247  0.38265060
   0.82294885  0.54130332  0.48746504
   0.84675911  0.79269569  0.28050314
   0.90995874  0.71033620  0.41407773
   0.72063518  0.56966491  0.64759071
   0.23377496  0.66247511  0.60018800
   0.95821952  0.63533152  0.61136983
   0.68039836  0.53274593  0.69574936
   0.78687986  0.52961003  0.74582640
   0.75438317  0.44795722  0.76716782
   0.91230934  0.54906322  0.73403970
   0.76455725  0.59068417  0.77782209
   0.55246602  0.49938628  0.70320016
