   0.17780092  0.06426349  0.19549711
   0.28438233  0.43160667  0.50066334
   0.03971000  0.44194000  0.09637000
   0.31456426  0.18779199  0.29866478
   0.12851395  0.31050882  0.39892366
   0.51097667  0.06437153  0.19566526
   0.62109171  0.43145315  0.50152927
   0.37304000  0.44194000  0.09637000
   0.64687553  0.18797545  0.29954481
   0.46325398  0.31123448  0.39774330
   0.84415999  0.06425662  0.19555471
   0.95863381  0.43251832  0.50085857
   0.70637000  0.44194000  0.09637000
   0.98041608  0.18776194  0.29859453
   0.79578491  0.31176592  0.39800267
   0.17996941  0.56396734  0.19518545
   0.24568655  0.93776107  0.50329873
   0.03971000  0.94194000  0.09637000
   0.31512132  0.68876754  0.29896995
   0.10745518  0.81520408  0.40022720
   0.51342347  0.56387893  0.19522898
   0.57928163  0.94118297  0.50465072
   0.37304000  0.94194000  0.09637000
   0.64809207  0.68828469  0.29874685
   0.44094453  0.81709421  0.40278084
   0.84657258  0.56396963  0.19542107
   0.91149563  0.93739826  0.50517746
   0.70637000  0.94194000  0.09637000
   0.98138761  0.68853434  0.29903058
   0.77511296  0.81629571  0.39951448
   0.93162034  0.68945761  0.49915416
   0.03971000  0.19194000  0.09637000
   0.31906434  0.43757073  0.29775670
   0.11355980  0.06232920  0.40034700
   0.17915441  0.31493590  0.19634183
   0.26262536  0.19357225  0.49613262
   0.37304000  0.19194000  0.09637000
   0.65254412  0.43790343  0.29885599
   0.44577527  0.06199860  0.39792043
   0.51226117  0.31562778  0.19774018
   0.59569297  0.19356247  0.49458317
   0.70637000  0.19194000  0.09637000
   0.98637208  0.43809724  0.29827357
   0.78067198  0.06181289  0.39979356
   0.84530797  0.31553382  0.19756220
   0.92572163  0.19086076  0.49588109
   0.03971000  0.69194000  0.09637000
   0.31006627  0.93940269  0.29826125
   0.12724562  0.55902689  0.40013506
   0.17803816  0.81559936  0.19738755
   0.25561907  0.68917084  0.49703800
   0.37304000  0.69194000  0.09637000
   0.64284569  0.93957052  0.29865462
   0.46065160  0.55928291  0.39978015
   0.51131390  0.81556751  0.19734205
   0.59579693  0.69319945  0.49546934
   0.70637000  0.69194000  0.09637000
   0.97695741  0.93960155  0.29838750
   0.84455845  0.81561738  0.19734399
   0.79459937  0.56015591  0.40026523
   0.17310000  0.33301000  0.10976000
   0.26076050  0.20253823  0.41165161
   0.08511274  0.31809470  0.51099069
   0.31414811  0.45990919  0.21355915
   0.11371286  0.08296656  0.31577700
   0.23858000  0.04636000  0.07986000
   0.04403852  0.17063709  0.17995653
   0.32695795  0.41635509  0.38162208
   0.11479593  0.04903345  0.48839186
   0.18112050  0.29278624  0.27983131
   0.50750000  0.33753000  0.11288000
   0.59427276  0.20224565  0.40364069
   0.41501966  0.32558624  0.50776509
   0.64785444  0.46084116  0.21462348
   0.44409237  0.08060965  0.31435483
   0.57191000  0.04636000  0.07986000
   0.37739451  0.17079309  0.18010586
   0.66255514  0.41845248  0.38237866
   0.44487873  0.04502736  0.48173109
   0.51402923  0.29350797  0.28022229
   0.84083000  0.33753000  0.11288000
   0.92850590  0.20255235  0.41160953
   0.75935898  0.32984930  0.50358669
   0.98132250  0.46071314  0.21440588
   0.78130936  0.08202749  0.31555996
   0.90524000  0.04636000  0.07986000
   0.71078971  0.17068804  0.17996927
   0.99787784  0.41664252  0.38172285
   0.78495762  0.04571599  0.48607589
   0.84855026  0.29318358  0.28038510
   0.17417000  0.83753000  0.11288000
   0.24025579  0.70877490  0.41545031
   0.04414013  0.83320563  0.51819909
   0.31171148  0.96059227  0.21427605
   0.11654921  0.58473632  0.31680963
   0.23858000  0.54636000  0.07986000
   0.04590281  0.67018293  0.17991319
   0.30353450  0.91692422  0.38225237
   0.15671157  0.53822492  0.48768063
   0.18012434  0.79220564  0.28037119
   0.50750000  0.83753000  0.11288000
   0.57554396  0.70999400  0.41402283
   0.37806890  0.83079063  0.51080972
   0.64510528  0.96063981  0.21445730
   0.44908674  0.58400713  0.31632739
   0.57191000  0.54636000  0.07986000
   0.37921101  0.67006242  0.17987131
   0.63912459  0.91906634  0.38286939
   0.48785232  0.54242350  0.48618140
   0.51355119  0.79212160  0.28025178
   0.84083000  0.83753000  0.11288000
   0.70940266  0.83380589  0.51676191
   0.97851034  0.96069978  0.21439477
   0.78272327  0.58438025  0.31659666
   0.90524000  0.54636000  0.07986000
   0.71257838  0.67015709  0.17990634
   0.97421999  0.91972341  0.38267050
   0.82357025  0.54203594  0.48606787
   0.84679323  0.79240737  0.28031455
   0.90831690  0.71093897  0.41401944
   0.73391049  0.56623752  0.64821714
   0.59864652  0.18634799  0.59516503
   0.97700871  0.64548644  0.60295275
   0.68659760  0.53289856  0.69400160
   0.78825976  0.52923806  0.74657510
   0.75445777  0.44684470  0.76809280
   0.91375550  0.54796902  0.73515570
   0.76439178  0.59110720  0.77808342
   0.55638915  0.50268863  0.70095895
