   0.18178260  0.06500372  0.19520934
   0.24172924  0.44261160  0.50356998
   0.03971000  0.44194000  0.09637000
   0.31898107  0.19024490  0.29926028
   0.11303204  0.31813548  0.40111973
   0.51480692  0.06475604  0.19490009
   0.57385518  0.44844796  0.50052954
   0.37304000  0.44194000  0.09637000
   0.65209007  0.18990233  0.29847123
   0.44833659  0.31837230  0.40125360
   0.84824991  0.06470568  0.19466312
   0.91347676  0.44802919  0.50049708
   0.70637000  0.44194000  0.09637000
   0.98548634  0.18983853  0.29814037
   0.78005329  0.31724945  0.40111071
   0.17944426  0.56528618  0.19530199
   0.28479255  0.93465863  0.50303610
   0.03971000  0.94194000  0.09637000
   0.31549481  0.69067128  0.29822511
   0.12617720  0.81591271  0.39827326
   0.51272871  0.56486386  0.19512304
   0.61819958  0.93365761  0.50301896
   0.37304000  0.94194000  0.09637000
   0.64853591  0.69014759  0.29765064
   0.45928580  0.81604938  0.39838435
   0.84625591  0.56518382  0.19528687
   0.95125366  0.93425165  0.50165559
   0.70637000  0.94194000  0.09637000
   0.98213310  0.69053270  0.29825271
   0.79204125  0.81539137  0.39767950
   0.60354274  0.19313124  0.50226691
   0.03971000  0.19194000  0.09637000
   0.31397516  0.44062694  0.29809959
   0.12795789  0.06232334  0.40029683
   0.18001754  0.31626438  0.19714645
   0.26121171  0.19722013  0.49540540
   0.37304000  0.19194000  0.09637000
   0.64730110  0.44048837  0.29786455
   0.46318540  0.06413931  0.40272099
   0.51322901  0.31609703  0.19710546
   0.70637000  0.19194000  0.09637000
   0.98048129  0.44079463  0.29798424
   0.79614614  0.06191113  0.39953551
   0.84657605  0.31628299  0.19707983
   0.91653828  0.19356182  0.49949674
   0.03971000  0.69194000  0.09637000
   0.32049491  0.94214402  0.29938096
   0.11416110  0.56579814  0.39912424
   0.18007237  0.81728438  0.19772075
   0.25541423  0.69815892  0.49470500
   0.37304000  0.69194000  0.09637000
   0.65284145  0.94022019  0.29721972
   0.44557171  0.56630553  0.39923847
   0.51326780  0.81590829  0.19581784
   0.58678393  0.69918080  0.49486734
   0.70637000  0.69194000  0.09637000
   0.98627801  0.94032821  0.29763608
   0.84712260  0.81597854  0.19593633
   0.92011052  0.70123929  0.49435322
   0.78034454  0.56638104  0.39865249
   0.17417000  0.33753000  0.11288000
   0.24783633  0.21156999  0.41359618
   0.03988800  0.33837919  0.51300015
   0.31368129  0.46158493  0.21414587
   0.11983863  0.08548968  0.31617106
   0.23858000  0.04636000  0.07986000
   0.04732636  0.17091764  0.18010494
   0.31240690  0.42124678  0.38222306
   0.15199455  0.04454081  0.48714113
   0.18431768  0.29366020  0.28028312
   0.50750000  0.33753000  0.11288000
   0.58074161  0.21291968  0.41938783
   0.37599232  0.33802249  0.51459777
   0.64708482  0.46136740  0.21393370
   0.45428665  0.08726870  0.31829834
   0.57191000  0.04636000  0.07986000
   0.38070102  0.17088944  0.18003106
   0.64606607  0.42106350  0.38193940
   0.48479748  0.04220858  0.48824002
   0.51752610  0.29364437  0.28028298
   0.84083000  0.33753000  0.11288000
   0.91429284  0.21120643  0.41598696
   0.70874118  0.34723783  0.51102221
   0.98049885  0.46161369  0.21401997
   0.78677094  0.08569724  0.31558630
   0.90524000  0.04636000  0.07986000
   0.71391662  0.17086640  0.18005027
   0.97828575  0.42124174  0.38208533
   0.81730687  0.03900122  0.48379647
   0.85081557  0.29381965  0.28019203
   0.17417000  0.83753000  0.11288000
   0.25905303  0.70833495  0.41023636
   0.08339097  0.82482979  0.51159868
   0.31675122  0.96221867  0.21512293
   0.11542449  0.58546133  0.31493711
   0.23858000  0.54636000  0.07986000
   0.04585300  0.67200386  0.18051576
   0.32549841  0.92141677  0.38339826
   0.11463448  0.55512288  0.48624491
   0.18259365  0.79644577  0.28125253
   0.50619000  0.83294000  0.10916000
   0.59185093  0.70814728  0.41022695
   0.41614544  0.82303937  0.51220762
   0.64934934  0.96054284  0.21289298
   0.44848957  0.58543028  0.31493198
   0.57191000  0.54636000  0.07986000
   0.37899196  0.67140949  0.18006159
   0.65796516  0.91956502  0.38095114
   0.44298267  0.55649863  0.48667026
   0.51546715  0.79510317  0.27953448
   0.83992000  0.83287000  0.10930000
   0.75036840  0.82237860  0.51198064
   0.98271438  0.96080511  0.21329548
   0.78189007  0.58522754  0.31445640
   0.90524000  0.54636000  0.07986000
   0.71226159  0.67150068  0.18021927
   0.99155022  0.92005888  0.38180096
   0.77948631  0.55843811  0.48546173
   0.84887999  0.79534123  0.27975897
   0.92617947  0.70849625  0.40945870
   0.76651131  0.54530354  0.65411865
   0.73997613  0.16979678  0.59230523
   0.74130178  0.37765473  0.60829454
   0.76336978  0.57694171  0.70436018
   0.73292635  0.50256618  0.75530986
   0.64412494  0.52735253  0.78351752
   0.69672927  0.41521208  0.74271197
   0.84284291  0.51529026  0.78122168
   0.78636196  0.66853989  0.71243276
