   0.17767602  0.06418347  0.19536429
   0.28576920  0.42906601  0.50128124
   0.03971000  0.44194000  0.09637000
   0.31398035  0.18768093  0.29836516
   0.12756239  0.31150349  0.39844889
   0.51098559  0.06423901  0.19545245
   0.62328798  0.43263502  0.50148701
   0.37304000  0.44194000  0.09637000
   0.64754492  0.18779978  0.29878315
   0.46421390  0.31155058  0.39783237
   0.84417807  0.06416173  0.19540174
   0.95511078  0.42768061  0.50145341
   0.70637000  0.44194000  0.09637000
   0.98063088  0.18776652  0.29850652
   0.79620537  0.31104322  0.39871217
   0.17995986  0.56402537  0.19511321
   0.24529299  0.93994897  0.50367821
   0.03971000  0.94194000  0.09637000
   0.31500967  0.68878162  0.29900044
   0.10816100  0.81526680  0.40051722
   0.51339995  0.56395833  0.19513755
   0.58084057  0.94120703  0.50421345
   0.37304000  0.94194000  0.09637000
   0.64806823  0.68836102  0.29868519
   0.43989401  0.81691360  0.40348160
   0.84662067  0.56400536  0.19529075
   0.91158885  0.93763678  0.50532083
   0.70637000  0.94194000  0.09637000
   0.98145296  0.68849206  0.29878658
   0.77519948  0.81632136  0.39961329
   0.93000998  0.69146862  0.49789054
   0.03971000  0.19194000  0.09637000
   0.31907624  0.43771059  0.29767164
   0.11047125  0.05932461  0.39985239
   0.17906786  0.31494746  0.19616721
   0.25730578  0.18901857  0.49142237
   0.37304000  0.19194000  0.09637000
   0.65286160  0.43838349  0.29858792
   0.44650450  0.06183688  0.40031714
   0.51228337  0.31563079  0.19746159
   0.59162559  0.19367281  0.49551581
   0.70637000  0.19194000  0.09637000
   0.98641300  0.43828397  0.29822356
   0.77947698  0.06175991  0.40039079
   0.84529340  0.31554724  0.19736525
   0.92910702  0.19107585  0.49569866
   0.03971000  0.69194000  0.09637000
   0.30996044  0.93933693  0.29851817
   0.12805400  0.55955291  0.40025893
   0.17798686  0.81560220  0.19731340
   0.25770875  0.68878592  0.49935460
   0.37304000  0.69194000  0.09637000
   0.64254866  0.93920189  0.29868924
   0.46083040  0.55958502  0.39987825
   0.51129359  0.81553216  0.19728497
   0.59508002  0.69393661  0.49545684
   0.70637000  0.69194000  0.09637000
   0.97680705  0.93933922  0.29848020
   0.84451326  0.81559020  0.19731890
   0.79516511  0.56031661  0.40055557
   0.17310000  0.33301000  0.10976000
   0.26256011  0.20445649  0.40140173
   0.08260595  0.32261159  0.50966948
   0.31413864  0.45982292  0.21367206
   0.11403917  0.08332466  0.31576416
   0.23858000  0.04636000  0.07986000
   0.04404273  0.17068157  0.18011580
   0.32852296  0.41457015  0.38181313
   0.10892750  0.04340363  0.48538676
   0.18127144  0.29277058  0.27994725
   0.50750000  0.33753000  0.11288000
   0.59511527  0.20370729  0.41075305
   0.42971965  0.32760542  0.50901769
   0.64771251  0.46068320  0.21481954
   0.44709041  0.08313912  0.31566782
   0.57191000  0.04636000  0.07986000
   0.37750664  0.17088798  0.18029676
   0.66153884  0.41565023  0.38248699
   0.45045277  0.05113224  0.48675941
   0.51451655  0.29312896  0.28091622
   0.84083000  0.33753000  0.11288000
   0.92836428  0.20295075  0.41097668
   0.75156251  0.32126436  0.51087243
   0.98125762  0.46059639  0.21449500
   0.78047370  0.08287701  0.31570838
   0.90524000  0.04636000  0.07986000
   0.71072242  0.17074596  0.18017173
   0.99536928  0.41493225  0.38156885
   0.78269193  0.04940240  0.48794775
   0.84787684  0.29295361  0.28059957
   0.17417000  0.83753000  0.11288000
   0.24001818  0.70883184  0.41664867
   0.04413806  0.83289247  0.51793721
   0.31183113  0.96074972  0.21442790
   0.11638142  0.58456929  0.31685356
   0.23858000  0.54636000  0.07986000
   0.04586267  0.67018682  0.18003056
   0.30588583  0.91998292  0.38250596
   0.15507301  0.53606533  0.48538756
   0.18026674  0.79250802  0.28041911
   0.50750000  0.83753000  0.11288000
   0.57532599  0.70958168  0.41366891
   0.37908777  0.83252265  0.50850372
   0.64507507  0.96071946  0.21453366
   0.44889367  0.58368623  0.31635805
   0.57191000  0.54636000  0.07986000
   0.37921010  0.67002929  0.17997950
   0.63909660  0.91991851  0.38284266
   0.48770742  0.53910660  0.48615402
   0.51347645  0.79221315  0.28026030
   0.84083000  0.83753000  0.11288000
   0.70866772  0.83225391  0.51691073
   0.97847653  0.96076028  0.21441231
   0.78258723  0.58422401  0.31677964
   0.90524000  0.54636000  0.07986000
   0.71252938  0.67010652  0.18003456
   0.97405948  0.91962939  0.38237184
   0.82216513  0.53946844  0.48649810
   0.84679634  0.79240188  0.28037137
   0.90776604  0.71092836  0.41350543
   0.73471039  0.56641784  0.64753307
   0.26861908  0.19663018  0.58339260
   0.97567639  0.64266216  0.60720356
   0.68615743  0.53221268  0.69535326
   0.78902945  0.52924833  0.74630809
   0.75440077  0.44707445  0.76824752
   0.91262016  0.54790049  0.73497368
   0.76426477  0.59115252  0.77787303
   0.55659979  0.50345023  0.70048043
