   0.17848217  0.06503225  0.19534017
   0.27299775  0.43304373  0.50274554
   0.03971000  0.44194000  0.09637000
   0.31448598  0.18862881  0.29962939
   0.12186272  0.31230959  0.40319764
   0.51229149  0.06446968  0.19490125
   0.60560785  0.43416777  0.50080691
   0.37304000  0.44194000  0.09637000
   0.64792328  0.18843608  0.29841655
   0.45136558  0.31176633  0.40305234
   0.84562903  0.06556521  0.19577739
   0.93713259  0.43356757  0.49942279
   0.70637000  0.44194000  0.09637000
   0.98131413  0.18953570  0.29997314
   0.78709255  0.31334811  0.40025698
   0.18046828  0.56397818  0.19535336
   0.26150150  0.93694141  0.51150680
   0.03971000  0.94194000  0.09637000
   0.31584791  0.68865829  0.29817813
   0.11735708  0.81637357  0.39644842
   0.51337846  0.56393650  0.19513988
   0.59198219  0.93510219  0.50541453
   0.37304000  0.94194000  0.09637000
   0.64819624  0.68758180  0.29688541
   0.44945495  0.81643181  0.39898567
   0.84717037  0.56429665  0.19566260
   0.92244936  0.93279808  0.50674115
   0.70637000  0.94194000  0.09637000
   0.98282963  0.68924403  0.29766902
   0.78282453  0.81416928  0.39692084
   0.92928537  0.68571779  0.49245896
   0.03971000  0.19194000  0.09637000
   0.31667752  0.43801909  0.29845106
   0.12007867  0.06012177  0.40161526
   0.17920359  0.31540367  0.19694967
   0.26119834  0.18024429  0.50504965
   0.37304000  0.19194000  0.09637000
   0.64878777  0.43666932  0.29654844
   0.45090922  0.06170934  0.40064327
   0.51094875  0.31493033  0.19693056
   0.58759989  0.19301315  0.49717231
   0.70637000  0.19194000  0.09637000
   0.98377454  0.43917248  0.29879212
   0.78525036  0.06099986  0.40126229
   0.84636033  0.31593561  0.19762646
   0.92714335  0.19369325  0.49630659
   0.03971000  0.69194000  0.09637000
   0.31506566  0.94004471  0.29730970
   0.12571275  0.56079688  0.40006212
   0.17878920  0.81564336  0.19693744
   0.26085357  0.69399071  0.49563334
   0.37304000  0.69194000  0.09637000
   0.64698149  0.93977224  0.29817914
   0.45636423  0.56000071  0.40023238
   0.51296245  0.81565163  0.19690646
   0.59436885  0.69508709  0.49556869
   0.70637000  0.69194000  0.09637000
   0.98019174  0.94154161  0.29825112
   0.84524701  0.81643895  0.19715740
   0.79031137  0.55943014  0.39602352
   0.17310000  0.33301000  0.10976000
   0.25233661  0.20421428  0.41925642
   0.06905302  0.32933162  0.50978402
   0.31431221  0.45990605  0.21432419
   0.11567013  0.08539463  0.31739381
   0.23858000  0.04636000  0.07986000
   0.04516633  0.17164634  0.18050001
   0.31957305  0.41600030  0.38226910
   0.12301629  0.03109181  0.48474274
   0.18117916  0.29320519  0.28085330
   0.50750000  0.33753000  0.11288000
   0.58772580  0.20563876  0.41345717
   0.40797469  0.32741361  0.50939026
   0.64709039  0.45989758  0.21328136
   0.44907610  0.08396654  0.31612606
   0.57191000  0.04636000  0.07986000
   0.37801877  0.17041948  0.17986179
   0.65114489  0.41558886  0.37995634
   0.46257618  0.04290956  0.48633763
   0.51298079  0.29166074  0.27975141
   0.84083000  0.33753000  0.11288000
   0.91989168  0.20600155  0.41312596
   0.73688851  0.32578713  0.51091466
   0.98190532  0.46064466  0.21464438
   0.78134394  0.08411100  0.31668920
   0.90524000  0.04636000  0.07986000
   0.71183187  0.17142944  0.18062957
   0.98832247  0.41772328  0.38260229
   0.79637648  0.04536003  0.48832801
   0.84746780  0.29389150  0.28100291
   0.17417000  0.83753000  0.11288000
   0.24912210  0.71051627  0.41366758
   0.04433001  0.81695247  0.52948311
   0.31271487  0.96105581  0.21363387
   0.11681165  0.58490492  0.31648892
   0.23858000  0.54636000  0.07986000
   0.04655525  0.67015399  0.18018348
   0.31515741  0.91921760  0.38094229
   0.13917075  0.54561907  0.48672710
   0.18225765  0.79314566  0.28007714
   0.50750000  0.83753000  0.11288000
   0.58261900  0.70977016  0.41313907
   0.38927598  0.82734130  0.51848689
   0.64663016  0.96111330  0.21415211
   0.44943009  0.58392896  0.31641520
   0.57191000  0.54636000  0.07986000
   0.37985458  0.67016288  0.18005209
   0.64833874  0.91850036  0.38204570
   0.47334381  0.54547847  0.48707889
   0.51493188  0.79295000  0.27991343
   0.84083000  0.83753000  0.11288000
   0.72159510  0.82739550  0.51882807
   0.97949302  0.96182420  0.21441012
   0.78340567  0.58281122  0.31309591
   0.90524000  0.54636000  0.07986000
   0.71296803  0.67073065  0.18028393
   0.98076145  0.91816596  0.38137558
   0.80724196  0.54145113  0.48101364
   0.84742669  0.79344013  0.28040239
   0.91927402  0.70953921  0.41169920
   0.77397195  0.58792644  0.64547709
   0.26102402  0.12772104  0.59857201
   0.93928781  0.72488507  0.60283375
   0.71364151  0.54193205  0.68967737
   0.79821066  0.53188056  0.74448274
   0.75703443  0.44738254  0.76204465
   0.92726646  0.55251866  0.73937630
   0.76219165  0.58845662  0.77609676
   0.58437535  0.50608231  0.68904619
