   0.17773510  0.06421889  0.19542621
   0.28700498  0.42965159  0.50096668
   0.03971000  0.44194000  0.09637000
   0.31427915  0.18777465  0.29862089
   0.12898732  0.31056864  0.39876134
   0.51097446  0.06429091  0.19554712
   0.61958311  0.43151483  0.50164923
   0.37304000  0.44194000  0.09637000
   0.64723262  0.18784968  0.29897529
   0.46188920  0.31156051  0.39811240
   0.84416676  0.06419625  0.19546857
   0.95748474  0.43125419  0.50115535
   0.70637000  0.44194000  0.09637000
   0.98058055  0.18776089  0.29853388
   0.79695677  0.31176566  0.39778837
   0.17998205  0.56397451  0.19514824
   0.24558035  0.93858294  0.50327965
   0.03971000  0.94194000  0.09637000
   0.31511502  0.68875479  0.29898966
   0.10791033  0.81528051  0.40039673
   0.51338759  0.56390117  0.19518631
   0.58070085  0.94183140  0.50463264
   0.37304000  0.94194000  0.09637000
   0.64804313  0.68831824  0.29872736
   0.44046434  0.81704703  0.40319196
   0.84658929  0.56397689  0.19534774
   0.91096509  0.93754399  0.50531300
   0.70637000  0.94194000  0.09637000
   0.98139155  0.68850595  0.29889173
   0.77507375  0.81632238  0.39958908
   0.93093200  0.69030843  0.49871671
   0.03971000  0.19194000  0.09637000
   0.31907266  0.43761238  0.29777345
   0.11331420  0.06198507  0.40042167
   0.17912312  0.31495104  0.19627410
   0.26186813  0.19328198  0.49627979
   0.37304000  0.19194000  0.09637000
   0.65267511  0.43810171  0.29869062
   0.44449115  0.06100283  0.39892442
   0.51227510  0.31561386  0.19763864
   0.59266474  0.19269289  0.49314734
   0.70637000  0.19194000  0.09637000
   0.98634371  0.43814532  0.29822833
   0.78031632  0.06143276  0.40018797
   0.84529487  0.31553204  0.19747508
   0.92628722  0.19000400  0.49578864
   0.03971000  0.69194000  0.09637000
   0.31021798  0.93959073  0.29843472
   0.12769152  0.55925238  0.40021911
   0.17802858  0.81562512  0.19734760
   0.25650233  0.68892927  0.49818170
   0.37304000  0.69194000  0.09637000
   0.64270937  0.93943307  0.29868977
   0.46061203  0.55931304  0.39990507
   0.51131630  0.81556466  0.19731707
   0.59505029  0.69328642  0.49548438
   0.70637000  0.69194000  0.09637000
   0.97692985  0.93950532  0.29844044
   0.84454526  0.81561814  0.19734255
   0.79486414  0.56015165  0.40038377
   0.17310000  0.33301000  0.10976000
   0.26128999  0.20267739  0.41126613
   0.08531110  0.31769960  0.51110646
   0.31414553  0.45987832  0.21360050
   0.11372949  0.08302008  0.31575366
   0.23858000  0.04636000  0.07986000
   0.04403143  0.17065986  0.18004052
   0.32781612  0.41560749  0.38154545
   0.11452983  0.04928564  0.48823977
   0.18113751  0.29281202  0.27983704
   0.50750000  0.33753000  0.11288000
   0.59542326  0.20361643  0.40104874
   0.41500560  0.32559074  0.50877974
   0.64777958  0.46077297  0.21471811
   0.44581916  0.08195912  0.31515693
   0.57191000  0.04636000  0.07986000
   0.37745549  0.17084769  0.18020671
   0.66247532  0.41680230  0.38257421
   0.44268781  0.04506553  0.48323633
   0.51441512  0.29335767  0.28058479
   0.84083000  0.33753000  0.11288000
   0.92803705  0.20296769  0.41136580
   0.76211422  0.33006376  0.50646697
   0.98128214  0.46065963  0.21445292
   0.78079579  0.08252966  0.31569117
   0.90524000  0.04636000  0.07986000
   0.71075463  0.17072668  0.18008037
   0.99630920  0.41575455  0.38171458
   0.78488175  0.04679726  0.48658050
   0.84820488  0.29311806  0.28051540
   0.17417000  0.83753000  0.11288000
   0.24016590  0.70892148  0.41615215
   0.04435772  0.83344856  0.51804304
   0.31177176  0.96067285  0.21437445
   0.11645379  0.58463403  0.31686453
   0.23858000  0.54636000  0.07986000
   0.04588013  0.67018600  0.17997924
   0.30464034  0.91844523  0.38237935
   0.15574990  0.53689199  0.48655718
   0.18018784  0.79234953  0.28040604
   0.50750000  0.83753000  0.11288000
   0.57544001  0.70982415  0.41375895
   0.37828601  0.83135123  0.50953599
   0.64508562  0.96067457  0.21449464
   0.44899688  0.58386555  0.31632506
   0.57191000  0.54636000  0.07986000
   0.37920251  0.67004678  0.17992548
   0.63898797  0.91951532  0.38286002
   0.48817174  0.54144109  0.48606730
   0.51347882  0.79216060  0.28024443
   0.84083000  0.83753000  0.11288000
   0.70922106  0.83308066  0.51680409
   0.97848675  0.96072461  0.21440183
   0.78262646  0.58426296  0.31670696
   0.90524000  0.54636000  0.07986000
   0.71256132  0.67012522  0.17997634
   0.97426528  0.91965579  0.38257110
   0.82282996  0.53969411  0.48621545
   0.84680444  0.79239438  0.28033722
   0.90798130  0.71094399  0.41363115
   0.73475210  0.56692604  0.64685115
   0.60067325  0.19174942  0.58891677
   0.97657047  0.64398391  0.60528846
   0.68684609  0.53204297  0.69579854
   0.78428004  0.52801583  0.74719762
   0.75503391  0.44804334  0.76787346
   0.91573292  0.54835097  0.73477760
   0.76466295  0.59074296  0.77771354
   0.55619387  0.50304705  0.70073766
