   0.60592402  0.43145839  0.49230740
   0.17907807  0.06414051  0.18503577
   0.27653168  0.43286451  0.49219117
   0.03971000  0.44194000  0.08602000
   0.31514513  0.18823567  0.28879798
   0.12270098  0.31385437  0.38985500
   0.51240694  0.06417612  0.18499881
   0.37304000  0.44194000  0.08602000
   0.64865323  0.18830284  0.28879866
   0.45584792  0.31376963  0.38945964
   0.84573772  0.06405185  0.18501484
   0.94626089  0.43273719  0.49330113
   0.70637000  0.44194000  0.08602000
   0.98194874  0.18815215  0.28877952
   0.78944029  0.31380600  0.39019245
   0.18041632  0.56365918  0.18490660
   0.26131945  0.93707785  0.49398720
   0.03971000  0.94194000  0.08602000
   0.31696650  0.68820185  0.28857350
   0.11626501  0.81451927  0.39039243
   0.51383787  0.56386148  0.18502802
   0.59424280  0.93587897  0.49327752
   0.37304000  0.94194000  0.08602000
   0.65030525  0.68857889  0.28888208
   0.45059163  0.81490904  0.39062311
   0.84710354  0.56368482  0.18484908
   0.92755183  0.93790343  0.49401821
   0.70637000  0.94194000  0.08602000
   0.98367295  0.68815022  0.28853418
   0.78275498  0.81479401  0.39218190
   0.03971000  0.19194000  0.08602000
   0.31756189  0.43897815  0.28853012
   0.11907965  0.06094651  0.39003561
   0.17915334  0.31549833  0.18713925
   0.26218128  0.19247532  0.48484245
   0.37304000  0.19194000  0.08602000
   0.65088313  0.43935278  0.28909289
   0.45189821  0.06096349  0.38975573
   0.51253109  0.31586746  0.18738477
   0.59582123  0.19128659  0.48438740
   0.70637000  0.19194000  0.08602000
   0.98382300  0.43869215  0.28855522
   0.78549762  0.06093990  0.38973270
   0.84573122  0.31549398  0.18714545
   0.92960480  0.19189113  0.48434864
   0.03971000  0.69194000  0.08602000
   0.31418166  0.93876248  0.28809140
   0.12524451  0.56061175  0.39031272
   0.17927864  0.81530226  0.18684197
   0.26292669  0.69313783  0.48547062
   0.37304000  0.69194000  0.08602000
   0.64763901  0.93868522  0.28813800
   0.45813572  0.56096419  0.39083991
   0.51267342  0.81530679  0.18686567
   0.59440385  0.69072454  0.48938257
   0.70637000  0.69194000  0.08602000
   0.98069208  0.93850651  0.28838020
   0.84606437  0.81531077  0.18689441
   0.92963613  0.69634888  0.48840519
   0.79028780  0.56138595  0.39137777
   0.17417000  0.33753000  0.10253000
   0.25647800  0.20585729  0.40151288
   0.07700633  0.32373464  0.49867430
   0.31485554  0.46052207  0.20484568
   0.11544261  0.08305141  0.30603987
   0.23858000  0.04636000  0.06951000
   0.04536642  0.17044587  0.16992249
   0.32146452  0.41790348  0.37249227
   0.12885287  0.04749545  0.47732257
   0.18165939  0.29301082  0.27073510
   0.50750000  0.33753000  0.10253000
   0.58873502  0.20588266  0.40124984
   0.40783899  0.32356508  0.50168277
   0.64822170  0.46083815  0.20528037
   0.44882049  0.08334744  0.30578198
   0.57191000  0.04636000  0.06951000
   0.37885688  0.17080256  0.17009098
   0.65560298  0.41936140  0.37388532
   0.46200456  0.04624209  0.47703578
   0.51523890  0.29362573  0.27125554
   0.84083000  0.33753000  0.10253000
   0.92265988  0.20558346  0.40112908
   0.74234786  0.32431667  0.49814339
   0.98127328  0.46045765  0.20481731
   0.78214924  0.08317958  0.30577664
   0.90524000  0.04636000  0.06951000
   0.71204846  0.17050178  0.16994068
   0.98753756  0.41845995  0.37288670
   0.79479718  0.04730923  0.47704325
   0.84832181  0.29305117  0.27077890
   0.17417000  0.83753000  0.10253000
   0.25036385  0.70840663  0.40335034
   0.06097247  0.83174700  0.50443926
   0.31325580  0.96066083  0.20440529
   0.11771355  0.58385102  0.30656228
   0.23858000  0.54636000  0.06951000
   0.04666739  0.66985946  0.16976980
   0.31481755  0.91809964  0.37230160
   0.14409052  0.54328722  0.47695431
   0.18255948  0.79215909  0.27020808
   0.50750000  0.83753000  0.10253000
   0.58349617  0.70809815  0.40607656
   0.39290190  0.82895508  0.50377888
   0.64655683  0.96062111  0.20442249
   0.45159355  0.58442574  0.30702547
   0.57191000  0.54636000  0.06951000
   0.37998411  0.66992271  0.16979157
   0.64843441  0.91797257  0.37235160
   0.47521968  0.54114157  0.47622369
   0.51597916  0.79226442  0.27025905
   0.84083000  0.83753000  0.10253000
   0.72818988  0.82998231  0.50220655
   0.97996928  0.96060995  0.20459480
   0.78466307  0.58453520  0.30757450
   0.90524000  0.54636000  0.06951000
   0.71340893  0.66992052  0.16978596
   0.98132844  0.91761272  0.37275207
   0.80988771  0.54552259  0.48534336
   0.84936200  0.79201511  0.27025923
   0.91645172  0.70668658  0.40573263
   0.58133550  0.61111985  0.59451669
   0.88115610  0.41454999  0.66889146
   0.80332844  0.49958646  0.58786999
   0.49969353  0.60486865  0.63861485
   0.44992726  0.50273441  0.67394014
   0.32056277  0.47285129  0.66838781
   0.51141060  0.43700287  0.66155720
   0.46748209  0.52213582  0.72005193
   0.45767286  0.67986588  0.65274027
