   0.17848787  0.06499851  0.19455153
   0.27952938  0.43435403  0.50125619
   0.03971000  0.44194000  0.09637000
   0.31461086  0.18970523  0.29911953
   0.12568479  0.31214780  0.40348537
   0.51154121  0.06501855  0.19529454
   0.61141042  0.43467149  0.50178280
   0.37304000  0.44194000  0.09637000
   0.64879238  0.18892676  0.29932453
   0.45436614  0.31148153  0.40488586
   0.84503003  0.06505831  0.19516692
   0.94438302  0.43556146  0.49974459
   0.70637000  0.44194000  0.09637000
   0.98283814  0.18989234  0.30031862
   0.79100907  0.31305476  0.39975832
   0.17978293  0.56345853  0.19515939
   0.25826962  0.93764807  0.51212931
   0.03971000  0.94194000  0.09637000
   0.31523160  0.68770415  0.29792110
   0.11435609  0.81641339  0.39448548
   0.51366843  0.56382979  0.19497751
   0.58841835  0.93809191  0.50461191
   0.37304000  0.94194000  0.09637000
   0.64846922  0.68823900  0.29776116
   0.44726934  0.81706544  0.39839296
   0.84653220  0.56325762  0.19528943
   0.91966825  0.93325998  0.50897267
   0.70637000  0.94194000  0.09637000
   0.98102204  0.68753499  0.29759377
   0.77909524  0.81678704  0.39654287
   0.92364383  0.69212327  0.48826607
   0.03971000  0.19194000  0.09637000
   0.31772096  0.43739891  0.29901996
   0.11510490  0.05999708  0.40216688
   0.17911420  0.31573558  0.19618195
   0.26024014  0.18338151  0.50535503
   0.37304000  0.19194000  0.09637000
   0.64849635  0.43705977  0.29856830
   0.44728916  0.06211624  0.39976359
   0.51264347  0.31564550  0.19718988
   0.59122227  0.19318707  0.49568430
   0.70637000  0.19194000  0.09637000
   0.98665739  0.43779569  0.29897040
   0.78225755  0.06223833  0.40031103
   0.84533562  0.31546512  0.19765833
   0.92835625  0.19305366  0.49517233
   0.03971000  0.69194000  0.09637000
   0.31266247  0.94052729  0.29719754
   0.12611513  0.56154853  0.40032482
   0.17809730  0.81538188  0.19709809
   0.26352311  0.69625012  0.49580077
   0.37304000  0.69194000  0.09637000
   0.64577162  0.94038757  0.29755904
   0.46003111  0.56055823  0.39981467
   0.51123726  0.81569760  0.19710428
   0.59352411  0.69647472  0.49478652
   0.70637000  0.69194000  0.09637000
   0.98012726  0.94158639  0.29779202
   0.84563107  0.81592641  0.19728738
   0.79020347  0.55937733  0.39713245
   0.17310000  0.33301000  0.10976000
   0.25436399  0.20248243  0.42026028
   0.07483635  0.32857328  0.50630609
   0.31457970  0.46025093  0.21420009
   0.11615215  0.08580982  0.31774296
   0.23858000  0.04636000  0.07986000
   0.04450035  0.17135549  0.17966411
   0.32357420  0.41665662  0.38351968
   0.11674698  0.02910678  0.48609509
   0.18146999  0.29385059  0.27987783
   0.50750000  0.33753000  0.11288000
   0.59152183  0.20376749  0.41204683
   0.41355111  0.32886447  0.50664456
   0.64749824  0.46024286  0.21473832
   0.44801410  0.08457790  0.31531099
   0.57191000  0.04636000  0.07986000
   0.37792971  0.17125191  0.17997868
   0.65435928  0.41602800  0.38263237
   0.45772864  0.04555182  0.48580876
   0.51431281  0.29286603  0.28040373
   0.84083000  0.33753000  0.11288000
   0.92229270  0.20466887  0.41176801
   0.74337473  0.32531258  0.50999962
   0.98166836  0.46004191  0.21493585
   0.78243562  0.08395285  0.31546094
   0.90524000  0.04636000  0.07986000
   0.71094042  0.17107071  0.17991885
   0.99099203  0.41773341  0.38324344
   0.79333817  0.04652622  0.48835758
   0.84851602  0.29339111  0.28134375
   0.17417000  0.83753000  0.11288000
   0.24744475  0.71166164  0.41345144
   0.04687171  0.81413449  0.53044188
   0.31231565  0.96097203  0.21398948
   0.11664408  0.58425341  0.31665810
   0.23858000  0.54636000  0.07986000
   0.04597834  0.66974486  0.18005155
   0.31260384  0.91936423  0.38051927
   0.14773845  0.54719519  0.48739946
   0.18121741  0.79261724  0.28037297
   0.50750000  0.83753000  0.11288000
   0.58159909  0.71045879  0.41253396
   0.38758218  0.83012874  0.51870003
   0.64563205  0.96110291  0.21402516
   0.44907084  0.58319489  0.31658978
   0.57191000  0.54636000  0.07986000
   0.37913020  0.67007716  0.18006631
   0.64435177  0.92089574  0.38157691
   0.47883485  0.54565403  0.48615858
   0.51445667  0.79262731  0.28032282
   0.84083000  0.83753000  0.11288000
   0.71783838  0.82993468  0.51737458
   0.97999355  0.96199483  0.21439613
   0.78048905  0.58268472  0.31448652
   0.90524000  0.54636000  0.07986000
   0.71323770  0.67017751  0.18005466
   0.97794620  0.91945857  0.38049654
   0.80917944  0.54346954  0.48275595
   0.84831342  0.79319047  0.28013984
   0.91464126  0.70956186  0.40766942
   0.76046488  0.57671368  0.64517159
   0.25505013  0.13606544  0.59819022
   0.95480396  0.69139680  0.59536810
   0.70373155  0.53763512  0.69170649
   0.79539319  0.53082314  0.74607450
   0.75537419  0.44695616  0.76466654
   0.92048001  0.54989467  0.73826037
   0.76269132  0.58842752  0.77708880
   0.57248633  0.50558051  0.69427941
