   0.17878933  0.06475187  0.19513326
   0.26675550  0.43286498  0.50205189
   0.03971000  0.44194000  0.09637000
   0.31447389  0.18880705  0.29911563
   0.11840446  0.31301606  0.40171763
   0.51235168  0.06475980  0.19555182
   0.60166152  0.43318960  0.50003070
   0.37304000  0.44194000  0.09637000
   0.64824643  0.18949089  0.29922496
   0.45236187  0.31174165  0.40259202
   0.84554262  0.06509120  0.19523513
   0.93548499  0.43440507  0.50119881
   0.70637000  0.44194000  0.09637000
   0.98155508  0.18986038  0.29975711
   0.78314868  0.31317065  0.40350769
   0.18005777  0.56431670  0.19525149
   0.26215662  0.93208709  0.50833855
   0.03971000  0.94194000  0.09637000
   0.31635891  0.68856890  0.29837177
   0.11896923  0.81443986  0.39650596
   0.51313437  0.56348233  0.19456865
   0.59265822  0.93486156  0.50848084
   0.37304000  0.94194000  0.09637000
   0.64851288  0.68782091  0.29709172
   0.45173037  0.81596136  0.39936053
   0.84678347  0.56379155  0.19518725
   0.92396978  0.93520221  0.50640460
   0.70637000  0.94194000  0.09637000
   0.98250544  0.68827300  0.29745936
   0.78440247  0.81420878  0.39805261
   0.92819606  0.68688878  0.49275324
   0.03971000  0.19194000  0.09637000
   0.31617965  0.43787424  0.29840177
   0.11891375  0.05935183  0.40170508
   0.17864842  0.31551866  0.19628873
   0.26510596  0.18814249  0.49715814
   0.37304000  0.19194000  0.09637000
   0.64865796  0.43708476  0.29711476
   0.45276131  0.06147367  0.40173364
   0.51180935  0.31478765  0.19669964
   0.59289087  0.18506423  0.50447973
   0.70637000  0.19194000  0.09637000
   0.98342303  0.43858403  0.29891185
   0.78499915  0.06086174  0.40077557
   0.84545213  0.31605923  0.19736831
   0.92092463  0.19215802  0.49708448
   0.03971000  0.69194000  0.09637000
   0.31604797  0.94095439  0.29797276
   0.12357258  0.56050304  0.40019889
   0.17873452  0.81608334  0.19727550
   0.26456988  0.68994117  0.49600594
   0.37304000  0.69194000  0.09637000
   0.64782203  0.94009261  0.29824090
   0.45636281  0.55987190  0.40005070
   0.51209951  0.81582323  0.19711168
   0.59370536  0.69351426  0.49566629
   0.70637000  0.69194000  0.09637000
   0.98144455  0.94068361  0.29816081
   0.84555969  0.81585282  0.19725702
   0.78911412  0.55980425  0.39692143
   0.17310000  0.33301000  0.10976000
   0.24984938  0.20419121  0.41488626
   0.06518895  0.32605487  0.51217841
   0.31371810  0.46027609  0.21400431
   0.11523279  0.08487041  0.31749107
   0.23858000  0.04636000  0.07986000
   0.04479302  0.17092840  0.17989744
   0.31845226  0.41633842  0.38261158
   0.12910720  0.03846712  0.48996686
   0.18057201  0.29295073  0.27984745
   0.50750000  0.33753000  0.11288000
   0.58391663  0.20565476  0.41919745
   0.39974151  0.32680112  0.51006793
   0.64778844  0.45970127  0.21335154
   0.44963194  0.08553104  0.31705550
   0.57191000  0.04636000  0.07986000
   0.37782592  0.17022697  0.17992255
   0.65040905  0.41683007  0.38108988
   0.45656262  0.03642241  0.48492248
   0.51327930  0.29230647  0.27963783
   0.84083000  0.33753000  0.11288000
   0.91880888  0.20591218  0.41387682
   0.73713194  0.33075504  0.50777807
   0.98166401  0.46083805  0.21487143
   0.78200834  0.08493653  0.31667576
   0.90524000  0.04636000  0.07986000
   0.71139688  0.17094880  0.18008536
   0.98510420  0.41746519  0.38297968
   0.79696869  0.04180401  0.48604204
   0.84750152  0.29348729  0.28057629
   0.17417000  0.83753000  0.11288000
   0.25110156  0.70956132  0.41395531
   0.04963002  0.82253323  0.52750413
   0.31328864  0.96133449  0.21449485
   0.11682252  0.58458908  0.31633084
   0.23858000  0.54636000  0.07986000
   0.04593845  0.67066114  0.18032366
   0.31589176  0.91794766  0.38120827
   0.13709992  0.54431507  0.48699026
   0.18248679  0.79339732  0.28072011
   0.50750000  0.83753000  0.11288000
   0.58473035  0.70838624  0.41331766
   0.39024388  0.82366525  0.51901452
   0.64687692  0.96130944  0.21448772
   0.44930284  0.58362333  0.31630112
   0.57191000  0.54636000  0.07986000
   0.37952460  0.67025438  0.18006115
   0.65015067  0.91738446  0.38168153
   0.47012048  0.54473436  0.48664070
   0.51511850  0.79303931  0.28019102
   0.84083000  0.83753000  0.11288000
   0.72598270  0.82644403  0.51948308
   0.97989019  0.96161289  0.21452957
   0.78296297  0.58292200  0.31358830
   0.90524000  0.54636000  0.07986000
   0.71272498  0.67031417  0.18014001
   0.98325278  0.91761221  0.38214612
   0.80299457  0.54347085  0.48265106
   0.84887040  0.79342272  0.28046131
   0.92029147  0.70887711  0.41161102
   0.77930360  0.59818205  0.64584554
   0.60338765  0.13445070  0.59748159
   0.93754657  0.73657453  0.60075950
   0.71899263  0.54449118  0.68821372
   0.80049843  0.53170337  0.74330170
   0.76075703  0.44617767  0.75989722
   0.92917166  0.55383486  0.73935158
   0.76262933  0.58674488  0.77543520
   0.59019124  0.50302682  0.68605067
