   0.17783059  0.06445935  0.19582124
   0.28683141  0.43287216  0.49911056
   0.03971000  0.44194000  0.09637000
   0.31483176  0.18880567  0.29882585
   0.12970623  0.30999119  0.40098760
   0.51107505  0.06443291  0.19572530
   0.61857713  0.43372849  0.50061397
   0.37304000  0.44194000  0.09637000
   0.64718426  0.18829766  0.29935588
   0.45887355  0.31156461  0.40251666
   0.84416979  0.06419661  0.19526564
   0.95027572  0.43129269  0.50075273
   0.70637000  0.44194000  0.09637000
   0.98092882  0.18770763  0.29796919
   0.79459630  0.31195972  0.39990382
   0.17996276  0.56383782  0.19515543
   0.24975385  0.93919480  0.50481127
   0.03971000  0.94194000  0.09637000
   0.31512414  0.68856138  0.29878652
   0.10950491  0.81607251  0.39811742
   0.51338798  0.56378687  0.19512494
   0.58166712  0.93897310  0.50420964
   0.37304000  0.94194000  0.09637000
   0.64794483  0.68836847  0.29803968
   0.44247034  0.81680934  0.40007867
   0.84669451  0.56386685  0.19537603
   0.91455412  0.93767165  0.50422545
   0.70637000  0.94194000  0.09637000
   0.98183306  0.68843981  0.29839778
   0.77583135  0.81697431  0.39891061
   0.93097603  0.69290006  0.49432124
   0.03971000  0.19194000  0.09637000
   0.31852557  0.43799943  0.29775231
   0.11663166  0.06302571  0.39938656
   0.17924071  0.31479045  0.19653008
   0.25998014  0.18627403  0.50367458
   0.37304000  0.19194000  0.09637000
   0.65253966  0.43784334  0.29864512
   0.44705391  0.06250840  0.39971841
   0.51203815  0.31542996  0.19773162
   0.58915413  0.19456290  0.49504680
   0.70637000  0.19194000  0.09637000
   0.98572261  0.43785260  0.29848348
   0.78014411  0.06246519  0.40071209
   0.84532183  0.31557326  0.19745665
   0.93260528  0.19220147  0.49476657
   0.03971000  0.69194000  0.09637000
   0.31038799  0.93929390  0.29806590
   0.12694272  0.55877752  0.40008892
   0.17793064  0.81548220  0.19712412
   0.26037369  0.69426673  0.49616602
   0.37304000  0.69194000  0.09637000
   0.64340427  0.93988846  0.29859512
   0.45987824  0.55978028  0.39971970
   0.51131456  0.81572866  0.19728729
   0.59750830  0.69455703  0.49589235
   0.70637000  0.69194000  0.09637000
   0.97650226  0.93935854  0.29693586
   0.84397608  0.81490596  0.19668504
   0.79386843  0.55995877  0.39966528
   0.17310000  0.33301000  0.10976000
   0.25737703  0.20093311  0.41681627
   0.08359219  0.32565992  0.50531037
   0.31421023  0.45978372  0.21343887
   0.11451348  0.08268904  0.31389046
   0.23858000  0.04636000  0.07986000
   0.04403211  0.17069241  0.17999705
   0.32602086  0.41651271  0.38098334
   0.11242947  0.03949636  0.48442154
   0.18131833  0.29316038  0.28008175
   0.50750000  0.33753000  0.11288000
   0.59620474  0.20259513  0.41070719
   0.42258092  0.32728667  0.49755995
   0.64776001  0.46047394  0.21481904
   0.44683918  0.08277644  0.31547921
   0.57191000  0.04636000  0.07986000
   0.37759704  0.17075842  0.18013022
   0.66116204  0.41681382  0.38222502
   0.45347345  0.04779244  0.48570792
   0.51472130  0.29329275  0.28091414
   0.84083000  0.33753000  0.11288000
   0.92646694  0.20258418  0.41124440
   0.74808054  0.32306812  0.50988682
   0.98127399  0.46052585  0.21461324
   0.78044681  0.08300488  0.31599399
   0.90524000  0.04636000  0.07986000
   0.71083172  0.17074204  0.18013364
   0.99448533  0.41559168  0.38221061
   0.78807246  0.04887954  0.48820495
   0.84748824  0.29329011  0.28066745
   0.17417000  0.83753000  0.11288000
   0.24245043  0.70910611  0.41346653
   0.04416367  0.82890915  0.52103610
   0.31187940  0.96049394  0.21437409
   0.11608027  0.58410184  0.31672100
   0.23858000  0.54636000  0.07986000
   0.04592626  0.67008282  0.17997762
   0.30708196  0.91907383  0.38204056
   0.15151750  0.54418512  0.48863753
   0.18003199  0.79209820  0.28026738
   0.50750000  0.83753000  0.11288000
   0.57659446  0.71102500  0.41431131
   0.37857589  0.83302892  0.51525575
   0.64518941  0.96085271  0.21462195
   0.45003547  0.58462023  0.31622788
   0.57191000  0.54636000  0.07986000
   0.37927944  0.67017371  0.18004144
   0.64122061  0.92000975  0.38285163
   0.48654131  0.54434923  0.48655890
   0.51352987  0.79288462  0.28043529
   0.84083000  0.83753000  0.11288000
   0.71472429  0.83448767  0.51695324
   0.97791717  0.95996489  0.21348428
   0.78333996  0.58474008  0.31657889
   0.90524000  0.54636000  0.07986000
   0.71221419  0.66973181  0.17983397
   0.97421384  0.91876209  0.38038842
   0.81986107  0.54214426  0.48680797
   0.84616392  0.79134815  0.27951767
   0.90929490  0.71160109  0.41355659
   0.73944209  0.56845955  0.64708394
   0.25750084  0.16598977  0.59831044
   0.97313402  0.65348934  0.59712255
   0.68939793  0.53348279  0.69430113
   0.78985455  0.52939160  0.74702203
   0.75400496  0.44721077  0.76728017
   0.91464131  0.54837842  0.73571895
   0.76385924  0.59000014  0.77801379
   0.55940521  0.50261188  0.70020655
