   0.17763430  0.06415940  0.19521546
   0.28421219  0.43269836  0.50123651
   0.03971000  0.44194000  0.09637000
   0.31437125  0.18796661  0.29843378
   0.12804867  0.31126135  0.39935497
   0.51104275  0.06445967  0.19569358
   0.61780238  0.43173358  0.49883159
   0.37304000  0.44194000  0.09637000
   0.64788989  0.18874172  0.29899876
   0.46132668  0.31125319  0.40129910
   0.84439655  0.06452749  0.19545706
   0.95232922  0.43267927  0.50115262
   0.70637000  0.44194000  0.09637000
   0.98096396  0.18842779  0.29910230
   0.79222081  0.31137790  0.40280391
   0.17978221  0.56354767  0.19516250
   0.24960329  0.93744511  0.50533700
   0.03971000  0.94194000  0.09637000
   0.31468542  0.68783438  0.29842428
   0.11048371  0.81594367  0.39790024
   0.51343626  0.56386839  0.19509131
   0.58173803  0.93952040  0.50501912
   0.37304000  0.94194000  0.09637000
   0.64816776  0.68871858  0.29832303
   0.44269624  0.81645048  0.39970680
   0.84644054  0.56363748  0.19529901
   0.91521799  0.93875825  0.50553395
   0.70637000  0.94194000  0.09637000
   0.98162728  0.68820900  0.29821042
   0.77591189  0.81709078  0.39923334
   0.92956233  0.69422077  0.49457454
   0.03971000  0.19194000  0.09637000
   0.31902079  0.43758201  0.29808417
   0.11409381  0.06207693  0.40046757
   0.17898635  0.31503178  0.19629335
   0.26387047  0.19260917  0.49509560
   0.37304000  0.19194000  0.09637000
   0.65209411  0.43852056  0.29848270
   0.44774340  0.06187331  0.40003774
   0.51237081  0.31542437  0.19758715
   0.59339839  0.18889635  0.50074929
   0.70637000  0.19194000  0.09637000
   0.98539036  0.43751399  0.29863365
   0.78035971  0.06224525  0.39976702
   0.84513662  0.31547155  0.19746310
   0.92373952  0.19279638  0.49516156
   0.03971000  0.69194000  0.09637000
   0.31105198  0.93976749  0.29752129
   0.12702128  0.55942041  0.40015526
   0.17758747  0.81502353  0.19694143
   0.26106791  0.69350820  0.49620737
   0.37304000  0.69194000  0.09637000
   0.64341602  0.93972863  0.29801761
   0.46081259  0.55977953  0.40007679
   0.51109538  0.81541498  0.19709643
   0.59728962  0.69431487  0.49581742
   0.70637000  0.69194000  0.09637000
   0.97721751  0.94032508  0.29840698
   0.84464827  0.81585243  0.19727073
   0.79343234  0.56092492  0.39939184
   0.17310000  0.33301000  0.10976000
   0.25922631  0.20280432  0.41135426
   0.08293561  0.32144445  0.51027370
   0.31441442  0.45996691  0.21374407
   0.11407522  0.08356396  0.31578707
   0.23858000  0.04636000  0.07986000
   0.04422147  0.17068267  0.18006805
   0.32700855  0.41578716  0.38206503
   0.11811493  0.04722248  0.48821698
   0.18103009  0.29282761  0.27988611
   0.50750000  0.33753000  0.11288000
   0.59127536  0.20213119  0.41510931
   0.41348775  0.32674281  0.50571576
   0.64779892  0.46062496  0.21461256
   0.44852493  0.08345895  0.31515973
   0.57191000  0.04636000  0.07986000
   0.37748898  0.17068129  0.18039221
   0.65956986  0.41689431  0.38214880
   0.44651255  0.04269195  0.48426316
   0.51450022  0.29354670  0.28068466
   0.84083000  0.33753000  0.11288000
   0.92858837  0.20273049  0.41095529
   0.75550448  0.32786531  0.50066217
   0.98118631  0.46037167  0.21466771
   0.78079134  0.08321206  0.31558607
   0.90524000  0.04636000  0.07986000
   0.71067379  0.17072812  0.18019354
   0.99348563  0.41599584  0.38261516
   0.78766684  0.04618286  0.48575170
   0.84795473  0.29312987  0.28061441
   0.17417000  0.83753000  0.11288000
   0.24264718  0.70945262  0.41423087
   0.04438221  0.82923293  0.52086700
   0.31180253  0.96032249  0.21374309
   0.11612043  0.58366395  0.31676674
   0.23858000  0.54636000  0.07986000
   0.04567842  0.66944996  0.17977622
   0.30843657  0.91945472  0.38099780
   0.15284919  0.54280995  0.48845294
   0.18056640  0.79210856  0.27993601
   0.50750000  0.83753000  0.11288000
   0.57717235  0.71072760  0.41405643
   0.38061061  0.83013945  0.51491316
   0.64519789  0.96065214  0.21418195
   0.44986009  0.58416650  0.31642597
   0.57191000  0.54636000  0.07986000
   0.37899997  0.66983122  0.17993344
   0.64066085  0.91982568  0.38186415
   0.48470800  0.54333657  0.48669350
   0.51320498  0.79227135  0.28011233
   0.84083000  0.83753000  0.11288000
   0.71491862  0.83316849  0.51666531
   0.97848836  0.96097093  0.21446753
   0.78252241  0.58466596  0.31626571
   0.90524000  0.54636000  0.07986000
   0.71270298  0.67022385  0.18013345
   0.97550004  0.92003669  0.38271203
   0.82025948  0.54453932  0.48585364
   0.84706997  0.79315013  0.28043389
   0.91011820  0.71147411  0.41198962
   0.74117299  0.56971085  0.64704576
   0.59301973  0.16608152  0.59695173
   0.96999852  0.65346457  0.59714930
   0.69045135  0.53340016  0.69434097
   0.78858289  0.52922683  0.74608188
   0.75434385  0.44653114  0.76707640
   0.91653952  0.54855875  0.73597820
   0.76369417  0.58990383  0.77799369
   0.56177295  0.50282270  0.69939005
