   0.17780457  0.06422566  0.19544055
   0.28660994  0.42941333  0.50181025
   0.03971000  0.44194000  0.09637000
   0.31403646  0.18785448  0.29870035
   0.12870258  0.31092968  0.39862356
   0.51107614  0.06432080  0.19552546
   0.61997022  0.43140048  0.50208019
   0.37304000  0.44194000  0.09637000
   0.64752048  0.18786791  0.29891507
   0.46193558  0.31107875  0.39871838
   0.84427628  0.06423013  0.19544938
   0.95362794  0.42829063  0.50146068
   0.70637000  0.44194000  0.09637000
   0.98085413  0.18787387  0.29858515
   0.79555653  0.31112175  0.39859289
   0.18004923  0.56400054  0.19518299
   0.24704100  0.93875620  0.50340961
   0.03971000  0.94194000  0.09637000
   0.31522641  0.68877838  0.29909098
   0.10970299  0.81537299  0.40067768
   0.51343151  0.56395797  0.19516979
   0.58103936  0.94054777  0.50409022
   0.37304000  0.94194000  0.09637000
   0.64813876  0.68846858  0.29878056
   0.44046545  0.81683962  0.40397557
   0.84671009  0.56401389  0.19533399
   0.91235252  0.93791989  0.50517794
   0.70637000  0.94194000  0.09637000
   0.98186381  0.68848319  0.29879044
   0.77519087  0.81657071  0.40016269
   0.92845398  0.69334004  0.49590498
   0.03971000  0.19194000  0.09637000
   0.31900819  0.43777977  0.29779726
   0.11355605  0.06176621  0.40034299
   0.17914417  0.31491441  0.19621330
   0.25945249  0.19260280  0.49568628
   0.37304000  0.19194000  0.09637000
   0.65256344  0.43831627  0.29862095
   0.44647439  0.06244973  0.40024637
   0.51226644  0.31558791  0.19749288
   0.59250086  0.19517620  0.49525747
   0.70637000  0.19194000  0.09637000
   0.98630747  0.43828282  0.29825335
   0.77982325  0.06190556  0.40026292
   0.84527896  0.31551546  0.19737863
   0.92813246  0.19090270  0.49522006
   0.03971000  0.69194000  0.09637000
   0.31036166  0.93929727  0.29855095
   0.12803230  0.55921455  0.40046153
   0.17811814  0.81556364  0.19731334
   0.25835458  0.68808550  0.50088135
   0.37304000  0.69194000  0.09637000
   0.64285837  0.93915977  0.29865204
   0.46020170  0.55934425  0.40010386
   0.51134087  0.81552009  0.19726572
   0.59311197  0.69302419  0.49579030
   0.70637000  0.69194000  0.09637000
   0.97715544  0.93931995  0.29844858
   0.84464694  0.81555768  0.19728346
   0.79426016  0.55984307  0.40043442
   0.17310000  0.33301000  0.10976000
   0.26132359  0.20302759  0.41105434
   0.08604334  0.31747842  0.51158126
   0.31423744  0.45981962  0.21368425
   0.11384983  0.08303024  0.31580504
   0.23858000  0.04636000  0.07986000
   0.04412567  0.17061207  0.18010802
   0.32804585  0.41508952  0.38159012
   0.11516128  0.04936039  0.48825047
   0.18124771  0.29272647  0.27990870
   0.50750000  0.33753000  0.11288000
   0.59526931  0.20358257  0.41075145
   0.41961938  0.31985790  0.51121128
   0.64779047  0.46068357  0.21484422
   0.44728608  0.08292398  0.31574928
   0.57191000  0.04636000  0.07986000
   0.37754070  0.17085116  0.18029864
   0.66157872  0.41609978  0.38253998
   0.44952784  0.05268329  0.48786402
   0.51464646  0.29309743  0.28089117
   0.84083000  0.33753000  0.11288000
   0.92786223  0.20308592  0.41116873
   0.75157458  0.32179482  0.51182145
   0.98125141  0.46056773  0.21452456
   0.78065450  0.08278089  0.31578165
   0.90524000  0.04636000  0.07986000
   0.71077692  0.17071894  0.18016384
   0.99436723  0.41501236  0.38163315
   0.78385053  0.04938222  0.48806827
   0.84788708  0.29289911  0.28062892
   0.17417000  0.83753000  0.11288000
   0.24049074  0.70870822  0.41745684
   0.04376606  0.83188707  0.51757888
   0.31196891  0.96070782  0.21450341
   0.11644864  0.58464801  0.31681948
   0.23858000  0.54636000  0.07986000
   0.04594715  0.67016175  0.18004647
   0.30651572  0.91984239  0.38262523
   0.15088754  0.53409796  0.48413202
   0.18044656  0.79249770  0.28051135
   0.50750000  0.83753000  0.11288000
   0.57638565  0.70945730  0.41403875
   0.38257427  0.83570629  0.50747897
   0.64517395  0.96072196  0.21457746
   0.44924932  0.58393947  0.31643827
   0.57191000  0.54636000  0.07986000
   0.37927010  0.67002731  0.17998068
   0.63986213  0.91976845  0.38290753
   0.48692351  0.53969503  0.48608319
   0.51376698  0.79226460  0.28030088
   0.84083000  0.83753000  0.11288000
   0.71139688  0.83190957  0.51577501
   0.97854337  0.96072346  0.21449813
   0.78292241  0.58442757  0.31692098
   0.90524000  0.54636000  0.07986000
   0.71262502  0.67010591  0.18004536
   0.97459309  0.91926624  0.38269332
   0.82150330  0.54064682  0.48734732
   0.84714704  0.79236796  0.28047332
   0.90869225  0.71017725  0.41437356
   0.73661934  0.57142484  0.64608253
   0.25278455  0.65557471  0.60273777
   0.97701333  0.63619068  0.61116292
   0.68932272  0.53510163  0.69391453
   0.78916996  0.53025604  0.74558860
   0.75361624  0.44803997  0.76631425
   0.91607403  0.54923212  0.73526677
   0.76428778  0.59105072  0.77729965
   0.55970114  0.50413367  0.69907125
