   0.17843075  0.06486835  0.19460682
   0.27999206  0.43451906  0.50067864
   0.03971000  0.44194000  0.09637000
   0.31479771  0.18978233  0.29879180
   0.12600620  0.31208741  0.40387152
   0.51149832  0.06497366  0.19532811
   0.61192509  0.43472923  0.50182713
   0.37304000  0.44194000  0.09637000
   0.64855672  0.18910132  0.29952858
   0.45459553  0.31137039  0.40522700
   0.84485988  0.06488581  0.19504487
   0.94467999  0.43539612  0.49991430
   0.70637000  0.44194000  0.09637000
   0.98301275  0.18978392  0.30017783
   0.79118687  0.31290002  0.39961373
   0.17980202  0.56344956  0.19510765
   0.25798894  0.93758287  0.51188522
   0.03971000  0.94194000  0.09637000
   0.31513621  0.68772543  0.29791247
   0.11438340  0.81640305  0.39433566
   0.51348663  0.56363356  0.19492946
   0.58834439  0.93858522  0.50475805
   0.37304000  0.94194000  0.09637000
   0.64849485  0.68834401  0.29771986
   0.44694583  0.81689414  0.39827325
   0.84646705  0.56312527  0.19523312
   0.91868187  0.93306430  0.50914965
   0.70637000  0.94194000  0.09637000
   0.98100915  0.68732719  0.29742655
   0.77904288  0.81734046  0.39673685
   0.92317076  0.69288646  0.48791361
   0.03971000  0.19194000  0.09637000
   0.31779853  0.43731546  0.29901657
   0.11515323  0.06018621  0.40242459
   0.17917470  0.31568293  0.19614432
   0.25942566  0.18365772  0.50518225
   0.37304000  0.19194000  0.09637000
   0.64859958  0.43700770  0.29877139
   0.44697817  0.06222828  0.39979710
   0.51276388  0.31572166  0.19723303
   0.59159551  0.19324008  0.49548395
   0.70637000  0.19194000  0.09637000
   0.98669617  0.43752791  0.29902239
   0.78199481  0.06232042  0.40017443
   0.84521072  0.31554270  0.19764815
   0.92886828  0.19289751  0.49506273
   0.03971000  0.69194000  0.09637000
   0.31238419  0.94073914  0.29730619
   0.12643380  0.56147888  0.40043918
   0.17806577  0.81534888  0.19708850
   0.26419214  0.69655145  0.49582166
   0.37304000  0.69194000  0.09637000
   0.64561289  0.94046600  0.29764760
   0.46014550  0.56044116  0.39985591
   0.51110154  0.81577227  0.19721044
   0.59345121  0.69609337  0.49479431
   0.70637000  0.69194000  0.09637000
   0.98064041  0.94210154  0.29772827
   0.84549169  0.81578553  0.19718994
   0.79002127  0.55926776  0.39744089
   0.17310000  0.33301000  0.10976000
   0.25390714  0.20193675  0.42011305
   0.07551294  0.32833057  0.50607079
   0.31449027  0.46014324  0.21408607
   0.11663206  0.08603210  0.31788705
   0.23858000  0.04636000  0.07986000
   0.04441285  0.17125554  0.17983124
   0.32382258  0.41633012  0.38358000
   0.11566358  0.02947628  0.48633564
   0.18138627  0.29394987  0.27974739
   0.50750000  0.33753000  0.11288000
   0.59190939  0.20368651  0.41168067
   0.41416487  0.32868593  0.50641821
   0.64752147  0.46024897  0.21480759
   0.44787023  0.08467908  0.31536286
   0.57191000  0.04636000  0.07986000
   0.37785635  0.17125771  0.18010673
   0.65468385  0.41601017  0.38295967
   0.45745568  0.04583720  0.48576762
   0.51447688  0.29300596  0.28033537
   0.84083000  0.33753000  0.11288000
   0.92267918  0.20444992  0.41159809
   0.74401335  0.32515029  0.50990861
   0.98153281  0.46003091  0.21493628
   0.78250071  0.08390959  0.31546413
   0.90524000  0.04636000  0.07986000
   0.71089633  0.17105818  0.17991190
   0.99158849  0.41755213  0.38324342
   0.79253641  0.04691819  0.48813017
   0.84845635  0.29324645  0.28119712
   0.17417000  0.83753000  0.11288000
   0.24687522  0.71171872  0.41352368
   0.04634675  0.81361362  0.53022973
   0.31226099  0.96090779  0.21395905
   0.11644766  0.58401519  0.31667415
   0.23858000  0.54636000  0.07986000
   0.04586416  0.66975454  0.18004101
   0.31237416  0.91933436  0.38059228
   0.14762845  0.54719918  0.48742307
   0.18100152  0.79252294  0.28033929
   0.50750000  0.83753000  0.11288000
   0.58170071  0.71087179  0.41255177
   0.38831368  0.83084275  0.51867487
   0.64553449  0.96109966  0.21404582
   0.44910175  0.58337387  0.31654806
   0.57191000  0.54636000  0.07986000
   0.37919796  0.67014145  0.18008376
   0.64407566  0.92094289  0.38157362
   0.47946011  0.54586756  0.48618767
   0.51447300  0.79272298  0.28041743
   0.84083000  0.83753000  0.11288000
   0.71805446  0.83042836  0.51716874
   0.97988360  0.96183355  0.21421303
   0.78053431  0.58272490  0.31475686
   0.90524000  0.54636000  0.07986000
   0.71310681  0.66995360  0.17998238
   0.97758849  0.91926440  0.38055362
   0.81032773  0.54361220  0.48330071
   0.84840286  0.79325582  0.28007480
   0.91429338  0.71007233  0.40749180
   0.75876379  0.57588520  0.64537855
   0.25476471  0.13730635  0.59782600
   0.95655447  0.68831198  0.59453008
   0.70277710  0.53731424  0.69193109
   0.79382015  0.53043283  0.74600967
   0.75530093  0.44692997  0.76493767
   0.92091201  0.54988130  0.73809058
   0.76277400  0.58858762  0.77728625
   0.57151129  0.50536152  0.69477422
