   0.18222421  0.06441518  0.19402463
   0.24719347  0.44430646  0.49853295
   0.03971000  0.44194000  0.09637000
   0.31973960  0.19035095  0.29749236
   0.11833975  0.31690713  0.39869869
   0.51550020  0.06416054  0.19371408
   0.58069422  0.44856209  0.49901165
   0.37304000  0.44194000  0.09637000
   0.65290643  0.18974835  0.29619267
   0.44964559  0.31738786  0.40246797
   0.84893154  0.06416227  0.19405226
   0.91684952  0.44250914  0.50074220
   0.70637000  0.44194000  0.09637000
   0.98644861  0.18944400  0.29710063
   0.78266904  0.31584968  0.39781698
   0.18062779  0.56420087  0.19391329
   0.28389877  0.93190146  0.50116458
   0.03971000  0.94194000  0.09637000
   0.31733847  0.68962235  0.29621693
   0.12708320  0.81521001  0.39608391
   0.51398719  0.56435821  0.19405447
   0.61800270  0.93309102  0.49980790
   0.37304000  0.94194000  0.09637000
   0.65091133  0.68955006  0.29652178
   0.45983598  0.81520234  0.39558595
   0.84724372  0.56438274  0.19396916
   0.95148505  0.93395679  0.50123713
   0.70637000  0.94194000  0.09637000
   0.98409693  0.68961662  0.29637177
   0.79396511  0.81504348  0.39605455
   0.57674557  0.18861707  0.50165669
   0.03971000  0.19194000  0.09637000
   0.31639445  0.43958708  0.29602093
   0.13022411  0.06246870  0.40061395
   0.18101525  0.31516819  0.19532833
   0.27480088  0.19325424  0.49973999
   0.37304000  0.19194000  0.09637000
   0.64880228  0.43955418  0.29636592
   0.46499672  0.06307776  0.39847244
   0.51436898  0.31551227  0.19505814
   0.70637000  0.19194000  0.09637000
   0.98284904  0.43966066  0.29590584
   0.79503929  0.06180684  0.39832135
   0.84786633  0.31524011  0.19507094
   0.93246815  0.19444466  0.49273695
   0.03971000  0.69194000  0.09637000
   0.32070657  0.94115452  0.29645967
   0.11653529  0.56440355  0.39689771
   0.18096875  0.81594326  0.19552423
   0.25610835  0.69649085  0.49254284
   0.37304000  0.69194000  0.09637000
   0.65407061  0.93995087  0.29628461
   0.44995087  0.56548916  0.39676479
   0.51434694  0.81558538  0.19542616
   0.58681157  0.70252139  0.49233503
   0.70637000  0.69194000  0.09637000
   0.98807860  0.94094802  0.29723784
   0.84790987  0.81604955  0.19572958
   0.92372468  0.69743678  0.49249300
   0.78438009  0.56412196  0.39714817
   0.17333000  0.33321000  0.10959000
   0.24855476  0.21014798  0.41618997
   0.04581677  0.33559733  0.51181540
   0.31508734  0.45990606  0.21172916
   0.12144456  0.08612234  0.31590144
   0.23858000  0.04636000  0.07986000
   0.04772669  0.17052669  0.17987976
   0.31557963  0.42048204  0.37974426
   0.15131683  0.04156616  0.48638384
   0.18487134  0.29351942  0.27870983
   0.50648000  0.33297000  0.10887000
   0.58713577  0.21191403  0.41791976
   0.38411322  0.34499404  0.50299217
   0.64842438  0.46017299  0.21188296
   0.45495570  0.08689416  0.31491571
   0.57191000  0.04636000  0.07986000
   0.38132297  0.17072320  0.17973976
   0.64863162  0.41979835  0.38083485
   0.48305737  0.03530713  0.48092874
   0.51850185  0.29392832  0.27844016
   0.83998000  0.33294000  0.10911000
   0.91726718  0.21035015  0.41115420
   0.71084535  0.33723414  0.51849923
   0.98165046  0.46000562  0.21167666
   0.78695907  0.08525829  0.31419673
   0.90524000  0.04636000  0.07986000
   0.71460465  0.17051656  0.17982264
   0.98166985  0.41990183  0.37996436
   0.81894866  0.04354258  0.48486713
   0.85196658  0.29350002  0.27848809
   0.17323000  0.83311000  0.10949000
   0.25969677  0.70759038  0.40808494
   0.08180973  0.82217521  0.51104355
   0.31696888  0.96068322  0.21233824
   0.11738055  0.58434422  0.31266739
   0.23858000  0.54636000  0.07986000
   0.04663502  0.67115585  0.18009552
   0.32575625  0.91988568  0.37969082
   0.11545509  0.55321027  0.48411149
   0.18419837  0.79519219  0.27901983
   0.50655000  0.83318000  0.10951000
   0.59428574  0.70809812  0.40746745
   0.41697197  0.82033266  0.51032101
   0.65017428  0.96017923  0.21212259
   0.45091278  0.58429591  0.31249288
   0.57191000  0.54636000  0.07986000
   0.37987186  0.67101165  0.18003232
   0.65952131  0.91947530  0.38013417
   0.44951641  0.55863916  0.48378898
   0.51760343  0.79478644  0.27896048
   0.83988000  0.83312000  0.10940000
   0.75011543  0.82464057  0.51066824
   0.98383137  0.96062052  0.21284929
   0.78410181  0.58395188  0.31296258
   0.90524000  0.54636000  0.07986000
   0.71336648  0.67137038  0.18014242
   0.99285212  0.92004973  0.38112800
   0.78619806  0.55220630  0.48459513
   0.85110403  0.79524278  0.27943144
   0.92679035  0.70732499  0.40838405
   0.78017661  0.53846597  0.66752799
   0.42634847  0.16564449  0.58603876
   0.72186945  0.40224380  0.60335535
   0.79366201  0.54449512  0.72038806
   0.76527870  0.44725130  0.75972571
   0.69058727  0.46049989  0.79625463
   0.71285624  0.37031043  0.73656532
   0.87993686  0.44020537  0.77838565
   0.83189484  0.62895026  0.73969795
