   0.29097000  0.43166000  0.49194000
   0.17894000  0.06423000  0.18479000
   0.03971000  0.44194000  0.08602000
   0.31572000  0.18815000  0.28855000
   0.12982000  0.31178000  0.38944000
   0.51228000  0.06424000  0.18473000
   0.62162000  0.43040000  0.49135000
   0.37304000  0.44194000  0.08602000
   0.64917000  0.18814000  0.28832000
   0.46313000  0.31189000  0.38851000
   0.84558000  0.06417000  0.18481000
   0.96058000  0.42894000  0.49231000
   0.70637000  0.44194000  0.08602000
   0.98244000  0.18811000  0.28852000
   0.79648000  0.31200000  0.38890000
   0.18125000  0.56355000  0.18462000
   0.25054000  0.93975000  0.49366000
   0.03971000  0.94194000  0.08602000
   0.31635000  0.68830000  0.28793000
   0.10993000  0.81687000  0.38998000
   0.51462000  0.56361000  0.18471000
   0.58255000  0.93836000  0.49354000
   0.37304000  0.94194000  0.08602000
   0.64961000  0.68848000  0.28810000
   0.44316000  0.81694000  0.38959000
   0.84799000  0.56361000  0.18460000
   0.91631000  0.93957000  0.49351000
   0.70637000  0.94194000  0.08602000
   0.98331000  0.68860000  0.28803000
   0.77660000  0.81673000  0.38969000
   0.03971000  0.19194000  0.08602000
   0.32018000  0.43783000  0.28792000
   0.11518000  0.06249000  0.38945000
   0.17961000  0.31535000  0.18690000
   0.26138000  0.19462000  0.48459000
   0.37304000  0.19194000  0.08602000
   0.65386000  0.43856000  0.28837000
   0.44771000  0.06277000  0.38941000
   0.51309000  0.31565000  0.18709000
   0.59606000  0.19282000  0.48417000
   0.70637000  0.19194000  0.08602000
   0.98702000  0.43822000  0.28815000
   0.78064000  0.06202000  0.38913000
   0.84640000  0.31554000  0.18701000
   0.92991000  0.19075000  0.48358000
   0.03971000  0.69194000  0.08602000
   0.31131000  0.93971000  0.28768000
   0.12983000  0.55971000  0.38957000
   0.17902000  0.81545000  0.18667000
   0.26349000  0.69238000  0.48504000
   0.37304000  0.69194000  0.08602000
   0.64447000  0.93941000  0.28755000
   0.46209000  0.55954000  0.38955000
   0.51225000  0.81532000  0.18665000
   0.59725000  0.69337000  0.48473000
   0.70637000  0.69194000  0.08602000
   0.97800000  0.93954000  0.28777000
   0.84561000  0.81542000  0.18672000
   0.93191000  0.69555000  0.48650000
   0.79508000  0.56076000  0.39012000
   0.17417000  0.33753000  0.10253000
   0.26375000  0.20307000  0.39967000
   0.09224000  0.31754000  0.49450000
   0.31576000  0.46027000  0.20433000
   0.11555000  0.08272000  0.30510000
   0.23858000  0.04636000  0.06951000
   0.04526000  0.17050000  0.16978000
   0.32895000  0.41610000  0.37185000
   0.11875000  0.05116000  0.47719000
   0.18257000  0.29289000  0.27031000
   0.50750000  0.33753000  0.10253000
   0.59569000  0.20375000  0.40003000
   0.42264000  0.32106000  0.49955000
   0.64924000  0.46052000  0.20469000
   0.44911000  0.08295000  0.30501000
   0.57191000  0.04636000  0.06951000
   0.37876000  0.17080000  0.16988000
   0.66289000  0.41761000  0.37278000
   0.45253000  0.04993000  0.47718000
   0.51621000  0.29349000  0.27073000
   0.84083000  0.33753000  0.10253000
   0.92802000  0.20271000  0.39949000
   0.75552000  0.32102000  0.49771000
   0.98241000  0.46043000  0.20447000
   0.78203000  0.08269000  0.30482000
   0.90524000  0.04636000  0.06951000
   0.71204000  0.17069000  0.16987000
   0.99514000  0.41650000  0.37214000
   0.78435000  0.04931000  0.47706000
   0.84936000  0.29320000  0.27053000
   0.17417000  0.83753000  0.10253000
   0.24365000  0.71062000  0.40355000
   0.05000000  0.83461000  0.50369000
   0.31305000  0.96069000  0.20394000
   0.11767000  0.58446000  0.30621000
   0.23858000  0.54636000  0.06951000
   0.04728000  0.66981000  0.16968000
   0.30811000  0.92036000  0.37203000
   0.15741000  0.53982000  0.47495000
   0.18181000  0.79253000  0.26994000
   0.50750000  0.83753000  0.10253000
   0.57693000  0.71012000  0.40314000
   0.38181000  0.83192000  0.50381000
   0.64624000  0.96055000  0.20388000
   0.45098000  0.58405000  0.30608000
   0.57191000  0.54636000  0.06951000
   0.38055000  0.66973000  0.16967000
   0.64147000  0.91987000  0.37186000
   0.49039000  0.54101000  0.47603000
   0.51494000  0.79226000  0.26990000
   0.84083000  0.83753000  0.10253000
   0.71559000  0.83219000  0.50397000
   0.97968000  0.96059000  0.20403000
   0.78466000  0.58479000  0.30669000
   0.90524000  0.54636000  0.06951000
   0.71393000  0.66980000  0.16971000
   0.97488000  0.91998000  0.37215000
   0.82259000  0.54249000  0.48016000
   0.84833000  0.79242000  0.27004000
   0.90983000  0.70987000  0.40469000
   0.71428000  0.62506000  0.63404000
   0.05017000  0.45270000  0.63466000
   0.86305000  0.52932000  0.58518000
   0.65821000  0.62111000  0.68269000
   0.67408000  0.53811000  0.72736000
   0.56054000  0.50254000  0.74743000
   0.72748000  0.47155000  0.70855000
   0.75176000  0.58096000  0.76148000
   0.59225000  0.68635000  0.69461000
