   0.17902724  0.06458634  0.19508540
   0.26774405  0.43282003  0.50247292
   0.03971000  0.44194000  0.09637000
   0.31495022  0.18922748  0.29907163
   0.11998751  0.31257175  0.40258751
   0.51223289  0.06448523  0.19542553
   0.60072735  0.43364349  0.50268248
   0.37304000  0.44194000  0.09637000
   0.64793352  0.18855496  0.29936720
   0.44966614  0.31248481  0.40363236
   0.84572599  0.06474092  0.19533169
   0.93317604  0.43176954  0.50204440
   0.70637000  0.44194000  0.09637000
   0.98193755  0.18906224  0.29960745
   0.78517629  0.31343515  0.40031619
   0.18000278  0.56404636  0.19522360
   0.26297951  0.93701928  0.51054823
   0.03971000  0.94194000  0.09637000
   0.31650778  0.68808205  0.29855687
   0.12009904  0.81393581  0.39728948
   0.51326548  0.56382829  0.19478081
   0.59276326  0.93377787  0.50574137
   0.37304000  0.94194000  0.09637000
   0.64911156  0.68800560  0.29810609
   0.45258528  0.81450816  0.39968915
   0.84673393  0.56403941  0.19507540
   0.92393908  0.93285159  0.50557154
   0.70637000  0.94194000  0.09637000
   0.98270566  0.68799618  0.29775619
   0.78620929  0.81395417  0.39876787
   0.93244942  0.68431410  0.49397734
   0.03971000  0.19194000  0.09637000
   0.31605644  0.43828971  0.29845909
   0.11972569  0.06063155  0.40108031
   0.17902101  0.31553287  0.19628817
   0.25827331  0.18216403  0.50398492
   0.37304000  0.19194000  0.09637000
   0.64848770  0.43795829  0.29781015
   0.45107226  0.06048306  0.40044059
   0.51237694  0.31514227  0.19712007
   0.58542619  0.19108246  0.49660474
   0.70637000  0.19194000  0.09637000
   0.98401363  0.43843779  0.29853327
   0.78485410  0.06086743  0.40139430
   0.84509369  0.31566255  0.19743625
   0.92674086  0.19091336  0.49644919
   0.03971000  0.69194000  0.09637000
   0.31570810  0.93957742  0.29811549
   0.12276201  0.56008446  0.40044264
   0.17918814  0.81582756  0.19723985
   0.26584956  0.69128989  0.49591441
   0.37304000  0.69194000  0.09637000
   0.64911302  0.93943893  0.29865799
   0.45650146  0.56002307  0.40046277
   0.51233978  0.81583980  0.19731432
   0.59519519  0.69258654  0.49669355
   0.70637000  0.69194000  0.09637000
   0.98200695  0.93996570  0.29804511
   0.84562829  0.81599322  0.19707506
   0.78821805  0.55916457  0.39873906
   0.17310000  0.33301000  0.10976000
   0.24936805  0.20472734  0.41883497
   0.06427722  0.32730996  0.51146901
   0.31410001  0.46033823  0.21389826
   0.11592034  0.08528298  0.31692380
   0.23858000  0.04636000  0.07986000
   0.04520281  0.17086836  0.17985806
   0.31755535  0.41732311  0.38241002
   0.12224303  0.03210951  0.48398438
   0.18084557  0.29336538  0.27987259
   0.50750000  0.33753000  0.11288000
   0.58625219  0.20575192  0.41328869
   0.40266871  0.32873468  0.50807544
   0.64780402  0.46045460  0.21394476
   0.44821706  0.08449577  0.31636357
   0.57191000  0.04636000  0.07986000
   0.37840256  0.17048746  0.17995888
   0.65026204  0.41675739  0.38145858
   0.46353098  0.04156519  0.48544026
   0.51454607  0.29274076  0.28015371
   0.84083000  0.33753000  0.11288000
   0.91775226  0.20579349  0.41364885
   0.73122041  0.32454468  0.51266675
   0.98115683  0.46047727  0.21450772
   0.78198877  0.08421162  0.31694902
   0.90524000  0.04636000  0.07986000
   0.71172147  0.17073499  0.18009938
   0.98578237  0.41721391  0.38258965
   0.79624707  0.04322637  0.48841955
   0.84792763  0.29314725  0.28083515
   0.17417000  0.83753000  0.11288000
   0.25210384  0.70796606  0.41368990
   0.05145028  0.82040281  0.52581363
   0.31308037  0.96130871  0.21451735
   0.11689089  0.58421198  0.31644570
   0.23858000  0.54636000  0.07986000
   0.04613866  0.67051941  0.18021988
   0.31781735  0.91665823  0.38136382
   0.13550312  0.54507227  0.48767114
   0.18236994  0.79249243  0.28050689
   0.50750000  0.83753000  0.11288000
   0.58679254  0.70818733  0.41421344
   0.39065815  0.82651030  0.51787800
   0.64669762  0.96122033  0.21483065
   0.45028864  0.58372173  0.31666106
   0.57191000  0.54636000  0.07986000
   0.37943847  0.67040880  0.18016045
   0.65137713  0.91754165  0.38267351
   0.46988009  0.54579642  0.48733966
   0.51553709  0.79268743  0.28071200
   0.84083000  0.83753000  0.11288000
   0.72501466  0.82664274  0.52036452
   0.97992047  0.96152528  0.21458554
   0.78340987  0.58371386  0.31547503
   0.90524000  0.54636000  0.07986000
   0.71269861  0.67042079  0.18005003
   0.98376494  0.91639164  0.38118108
   0.80266050  0.54108155  0.48472457
   0.84875377  0.79276771  0.28018633
   0.92081144  0.70790450  0.41277415
   0.77537646  0.61152727  0.64914990
   0.27193060  0.12552079  0.59620739
   0.93048194  0.74402678  0.60070993
   0.71885891  0.54854405  0.68873220
   0.80096090  0.53325854  0.74336801
   0.76192536  0.44789923  0.75947412
   0.93075004  0.55695096  0.73949642
   0.76298786  0.58821531  0.77600024
   0.59561940  0.50069542  0.68401286
