   0.29016347  0.43182435  0.49209234
   0.17893301  0.06421818  0.18486153
   0.03971000  0.44194000  0.08602000
   0.31571004  0.18812466  0.28857318
   0.12956156  0.31198598  0.38946402
   0.51224572  0.06423957  0.18479623
   0.62110646  0.43056555  0.49139997
   0.37304000  0.44194000  0.08602000
   0.64915682  0.18809373  0.28839488
   0.46284163  0.31200593  0.38857591
   0.84556479  0.06416801  0.18485203
   0.95986872  0.42931766  0.49235746
   0.70637000  0.44194000  0.08602000
   0.98245715  0.18809280  0.28854490
   0.79625364  0.31203926  0.38896048
   0.18119772  0.56354694  0.18470282
   0.25130246  0.93964429  0.49364744
   0.03971000  0.94194000  0.08602000
   0.31646483  0.68832941  0.28806898
   0.11033065  0.81677483  0.39012083
   0.51458048  0.56362383  0.18478578
   0.58352975  0.93829652  0.49350847
   0.37304000  0.94194000  0.08602000
   0.64973602  0.68854239  0.28824225
   0.44362907  0.81690911  0.38982733
   0.84792958  0.56361405  0.18470002
   0.91719779  0.93948976  0.49356953
   0.70637000  0.94194000  0.08602000
   0.98337131  0.68856037  0.28812062
   0.77698280  0.81677009  0.39013395
   0.03971000  0.19194000  0.08602000
   0.32014767  0.43801218  0.28803808
   0.11565691  0.06239613  0.38948717
   0.17963208  0.31534975  0.18696366
   0.26184375  0.19442177  0.48454965
   0.37304000  0.19194000  0.08602000
   0.65375938  0.43858883  0.28843649
   0.44821709  0.06264993  0.38950172
   0.51305613  0.31563395  0.18714652
   0.59638358  0.19275553  0.48427302
   0.70637000  0.19194000  0.08602000
   0.98683738  0.43820447  0.28815806
   0.78119614  0.06189429  0.38913729
   0.84634836  0.31548952  0.18703752
   0.93037274  0.19088352  0.48353433
   0.03971000  0.69194000  0.08602000
   0.31153641  0.93960202  0.28776570
   0.12957791  0.55973410  0.38962271
   0.17903017  0.81541302  0.18671692
   0.26366897  0.69245572  0.48509357
   0.37304000  0.69194000  0.08602000
   0.64469685  0.93930517  0.28757789
   0.46203633  0.55965322  0.38979467
   0.51227164  0.81527757  0.18665836
   0.59711794  0.69328764  0.48517879
   0.70637000  0.69194000  0.08602000
   0.97821696  0.93942614  0.28782499
   0.84568718  0.81536652  0.18673888
   0.93161097  0.69544405  0.48655369
   0.79526648  0.56062747  0.39023334
   0.17417000  0.33753000  0.10253000
   0.26333713  0.20333170  0.39976686
   0.09135312  0.31812218  0.49473365
   0.31574638  0.46027465  0.20436609
   0.11560158  0.08272154  0.30511004
   0.23858000  0.04636000  0.06951000
   0.04527056  0.17049444  0.16976668
   0.32875657  0.41628086  0.37194407
   0.11956559  0.05090889  0.47723702
   0.18262261  0.29294400  0.27035672
   0.50750000  0.33753000  0.10253000
   0.59548785  0.20393844  0.40015259
   0.42194143  0.32123082  0.49963699
   0.64916987  0.46049949  0.20471706
   0.44911490  0.08294781  0.30509877
   0.57191000  0.04636000  0.06951000
   0.37873545  0.17078902  0.16987031
   0.66266688  0.41759180  0.37280472
   0.45332521  0.04987181  0.47721806
   0.51618568  0.29342591  0.27076598
   0.84083000  0.33753000  0.10253000
   0.92792068  0.20284641  0.39949394
   0.75492176  0.32126588  0.49820724
   0.98231949  0.46039338  0.20446815
   0.78209337  0.08264058  0.30480953
   0.90524000  0.04636000  0.06951000
   0.71200564  0.17066012  0.16983145
   0.99485069  0.41653997  0.37208468
   0.78534138  0.04934556  0.47695844
   0.84929882  0.29310439  0.27050706
   0.17417000  0.83753000  0.10253000
   0.24410857  0.71043891  0.40348851
   0.05075971  0.83429942  0.50368603
   0.31305008  0.96066755  0.20398528
   0.11771410  0.58438189  0.30619214
   0.23858000  0.54636000  0.06951000
   0.04723296  0.66978096  0.16964351
   0.30847982  0.92028732  0.37209171
   0.15679424  0.54017490  0.47504559
   0.18188857  0.79246658  0.26995645
   0.50750000  0.83753000  0.10253000
   0.57732054  0.70997336  0.40341022
   0.38266427  0.83203155  0.50334498
   0.64623010  0.96052581  0.20384985
   0.45113571  0.58415113  0.30621455
   0.57191000  0.54636000  0.06951000
   0.38050968  0.66967694  0.16960948
   0.64185280  0.91980265  0.37184229
   0.48976528  0.54107519  0.47630373
   0.51500640  0.79222774  0.26986065
   0.84083000  0.83753000  0.10253000
   0.71686446  0.83235619  0.50307580
   0.97967405  0.96057872  0.20404271
   0.78470354  0.58476213  0.30672829
   0.90524000  0.54636000  0.06951000
   0.71391033  0.66974997  0.16966158
   0.97530968  0.91990981  0.37220140
   0.82247559  0.54235083  0.47999902
   0.84847459  0.79235564  0.27000946
   0.91037545  0.70973241  0.40468629
   0.70268122  0.62738847  0.63245230
   0.05690058  0.45273803  0.63468680
   0.86680164  0.52956140  0.58677186
   0.65529177  0.62206585  0.68265241
   0.67571213  0.53811688  0.72632786
   0.56013295  0.50303802  0.74652048
   0.72909623  0.47187196  0.70864397
   0.75165911  0.58118564  0.76135355
   0.59103890  0.68652330  0.69670014
