   0.60619062  0.43161694  0.49247473
   0.17908153  0.06413204  0.18503589
   0.27703880  0.43287228  0.49224730
   0.03971000  0.44194000  0.08602000
   0.31507858  0.18815391  0.28881095
   0.12270099  0.31391648  0.38986875
   0.51238932  0.06418129  0.18499737
   0.37304000  0.44194000  0.08602000
   0.64855878  0.18826795  0.28880347
   0.45582511  0.31375932  0.38948738
   0.84569098  0.06402108  0.18499576
   0.94672519  0.43272932  0.49324864
   0.70637000  0.44194000  0.08602000
   0.98188532  0.18815811  0.28876119
   0.78951085  0.31379769  0.39023032
   0.18040657  0.56362710  0.18488735
   0.26098921  0.93720107  0.49396601
   0.03971000  0.94194000  0.08602000
   0.31697250  0.68816789  0.28854940
   0.11608640  0.81451810  0.39038863
   0.51376326  0.56381800  0.18501248
   0.59365156  0.93605407  0.49320894
   0.37304000  0.94194000  0.08602000
   0.65014917  0.68848909  0.28892197
   0.45030228  0.81492393  0.39053925
   0.84705350  0.56368588  0.18486584
   0.92747738  0.93823675  0.49390620
   0.70637000  0.94194000  0.08602000
   0.98357537  0.68806768  0.28856756
   0.78249096  0.81485239  0.39204830
   0.03971000  0.19194000  0.08602000
   0.31753682  0.43895144  0.28856681
   0.11897833  0.06109524  0.38999791
   0.17913421  0.31542662  0.18714092
   0.26236413  0.19284279  0.48487289
   0.37304000  0.19194000  0.08602000
   0.65084134  0.43932772  0.28913380
   0.45173650  0.06108100  0.38972273
   0.51249169  0.31586776  0.18740577
   0.59590045  0.19160982  0.48438851
   0.70637000  0.19194000  0.08602000
   0.98375513  0.43866276  0.28856761
   0.78541480  0.06099672  0.38968166
   0.84571216  0.31550196  0.18717606
   0.92988199  0.19236257  0.48432667
   0.03971000  0.69194000  0.08602000
   0.31406300  0.93877130  0.28804678
   0.12534318  0.56051400  0.39032010
   0.17920645  0.81527332  0.18684840
   0.26279993  0.69266782  0.48541921
   0.37304000  0.69194000  0.08602000
   0.64754444  0.93871257  0.28812646
   0.45824766  0.56066980  0.39098418
   0.51264391  0.81531682  0.18685773
   0.59474374  0.69090189  0.48903423
   0.70637000  0.69194000  0.08602000
   0.98055080  0.93848613  0.28833936
   0.84600027  0.81529394  0.18690147
   0.92963587  0.69613654  0.48826358
   0.79038252  0.56111117  0.39150364
   0.17417000  0.33753000  0.10253000
   0.25636706  0.20583285  0.40145782
   0.07732052  0.32344594  0.49844320
   0.31481634  0.46046268  0.20475290
   0.11527903  0.08296198  0.30601752
   0.23858000  0.04636000  0.06951000
   0.04530336  0.17043415  0.16993942
   0.32151516  0.41807470  0.37263917
   0.12867324  0.04765725  0.47735124
   0.18171639  0.29298467  0.27074623
   0.50750000  0.33753000  0.10253000
   0.58879993  0.20571995  0.40121863
   0.40815665  0.32335172  0.50178726
   0.64819148  0.46084939  0.20526827
   0.44878147  0.08321825  0.30578398
   0.57191000  0.04636000  0.06951000
   0.37884221  0.17079164  0.17011679
   0.65560621  0.41930757  0.37388754
   0.46159746  0.04635775  0.47699867
   0.51514583  0.29357244  0.27125291
   0.84083000  0.33753000  0.10253000
   0.92272377  0.20542533  0.40105005
   0.74269394  0.32425536  0.49781938
   0.98125770  0.46048808  0.20484058
   0.78205387  0.08305895  0.30577404
   0.90524000  0.04636000  0.06951000
   0.71206603  0.17051275  0.16996361
   0.98760207  0.41844443  0.37283792
   0.79449150  0.04738392  0.47691989
   0.84817291  0.29304709  0.27080217
   0.17417000  0.83753000  0.10253000
   0.25031005  0.70845013  0.40332727
   0.06055263  0.83192077  0.50444741
   0.31323398  0.96060873  0.20440231
   0.11777145  0.58386401  0.30651922
   0.23858000  0.54636000  0.06951000
   0.04665201  0.66982132  0.16977104
   0.31443701  0.91814627  0.37229086
   0.14467780  0.54335548  0.47702202
   0.18246665  0.79210560  0.27020722
   0.50750000  0.83753000  0.10253000
   0.58323853  0.70805278  0.40583227
   0.39261184  0.82934572  0.50388976
   0.64651305  0.96058988  0.20441931
   0.45149292  0.58437357  0.30702959
   0.57191000  0.54636000  0.06951000
   0.37999389  0.66990847  0.16978091
   0.64815643  0.91795965  0.37243672
   0.47575200  0.54176547  0.47671349
   0.51593558  0.79229143  0.27027259
   0.84083000  0.83753000  0.10253000
   0.72822666  0.83077620  0.50191381
   0.97992325  0.96055228  0.20460424
   0.78454265  0.58456884  0.30774786
   0.90524000  0.54636000  0.06951000
   0.71332470  0.66991124  0.16979750
   0.98117121  0.91764592  0.37274265
   0.81054695  0.54532139  0.48506863
   0.84922119  0.79191925  0.27026683
   0.91607735  0.70702292  0.40568348
   0.58359794  0.61112925  0.59536411
   0.87790163  0.41035788  0.66933064
   0.80211842  0.49849224  0.58862123
   0.50109771  0.60471982  0.63932990
   0.44924344  0.50177234  0.67440710
   0.32078390  0.47295424  0.66796402
   0.51081981  0.43707702  0.66090986
   0.46632287  0.52110680  0.72051786
   0.45833280  0.67892168  0.65413566
