   0.17867949  0.06482067  0.19550941
   0.27158929  0.43257082  0.50227012
   0.03971000  0.44194000  0.09637000
   0.31469220  0.18875025  0.29908065
   0.12145674  0.31245850  0.40339362
   0.51226558  0.06438943  0.19489766
   0.60365254  0.43365000  0.50103197
   0.37304000  0.44194000  0.09637000
   0.64767255  0.18842230  0.29877790
   0.45077418  0.31183764  0.40297893
   0.84546882  0.06528813  0.19562642
   0.93642551  0.43240752  0.50016001
   0.70637000  0.44194000  0.09637000
   0.98147759  0.18942968  0.29978688
   0.78640929  0.31327972  0.39978752
   0.18039199  0.56398745  0.19526327
   0.26233603  0.93663520  0.51095979
   0.03971000  0.94194000  0.09637000
   0.31598486  0.68860010  0.29822142
   0.11807523  0.81569375  0.39691107
   0.51317079  0.56353488  0.19482128
   0.59278219  0.93536142  0.50596929
   0.37304000  0.94194000  0.09637000
   0.64872481  0.68761540  0.29684488
   0.45025646  0.81562685  0.39911607
   0.84683043  0.56422746  0.19541961
   0.92264673  0.93314087  0.50636161
   0.70637000  0.94194000  0.09637000
   0.98291710  0.68905716  0.29728785
   0.78349472  0.81409063  0.39800300
   0.92953476  0.68419945  0.49325501
   0.03971000  0.19194000  0.09637000
   0.31635214  0.43808730  0.29857305
   0.12038942  0.05987635  0.40160866
   0.17916899  0.31523698  0.19681078
   0.26016701  0.18122908  0.50466759
   0.37304000  0.19194000  0.09637000
   0.64901815  0.43659534  0.29672982
   0.45176242  0.06142142  0.40083118
   0.51096342  0.31482476  0.19658207
   0.58665475  0.19278293  0.49698010
   0.70637000  0.19194000  0.09637000
   0.98335616  0.43884248  0.29870360
   0.78567147  0.06103687  0.40121820
   0.84593763  0.31610057  0.19734651
   0.92773299  0.19304123  0.49637303
   0.03971000  0.69194000  0.09637000
   0.31526113  0.94033989  0.29756587
   0.12473929  0.56040967  0.40010380
   0.17907988  0.81579489  0.19683490
   0.26235783  0.69314731  0.49584982
   0.37304000  0.69194000  0.09637000
   0.64758035  0.93996786  0.29832646
   0.45609108  0.56012138  0.40026167
   0.51284881  0.81580257  0.19699946
   0.59367033  0.69312217  0.49565156
   0.70637000  0.69194000  0.09637000
   0.98082474  0.94141229  0.29815193
   0.84496401  0.81631033  0.19722087
   0.79045467  0.55958318  0.39669100
   0.17310000  0.33301000  0.10976000
   0.25162788  0.20407417  0.41922969
   0.06733827  0.32826262  0.51068004
   0.31410805  0.45990924  0.21398519
   0.11604532  0.08549377  0.31754448
   0.23858000  0.04636000  0.07986000
   0.04488694  0.17136155  0.18068519
   0.31924058  0.41657080  0.38249471
   0.12186222  0.03053049  0.48494678
   0.18083755  0.29315393  0.28046664
   0.50750000  0.33753000  0.11288000
   0.58686910  0.20572943  0.41347114
   0.40618757  0.32742223  0.50954780
   0.64752063  0.45981106  0.21309989
   0.44888031  0.08425147  0.31645335
   0.57191000  0.04636000  0.07986000
   0.37776579  0.17006733  0.17996199
   0.65156336  0.41641714  0.38027089
   0.46346309  0.04258700  0.48636513
   0.51311804  0.29195656  0.27936067
   0.84083000  0.33753000  0.11288000
   0.91869225  0.20582903  0.41347692
   0.73489399  0.32534011  0.51113717
   0.98167866  0.46103528  0.21468039
   0.78176965  0.08435019  0.31699109
   0.90524000  0.04636000  0.07986000
   0.71161959  0.17128949  0.18042049
   0.98735767  0.41710712  0.38263442
   0.79597024  0.04472809  0.48808333
   0.84720235  0.29347349  0.28071377
   0.17417000  0.83753000  0.11288000
   0.24996251  0.71037757  0.41372481
   0.04619781  0.81861943  0.52879783
   0.31325077  0.96095549  0.21392944
   0.11689504  0.58493971  0.31646365
   0.23858000  0.54636000  0.07986000
   0.04643699  0.67036910  0.18015972
   0.31610108  0.91868169  0.38127183
   0.13811859  0.54636007  0.48670828
   0.18248591  0.79355044  0.28011357
   0.50750000  0.83753000  0.11288000
   0.58342360  0.70859451  0.41362991
   0.39021216  0.82728077  0.51823616
   0.64677441  0.96120568  0.21450476
   0.44929346  0.58412313  0.31647152
   0.57191000  0.54636000  0.07986000
   0.37987805  0.67018569  0.18014611
   0.64948279  0.91813555  0.38220430
   0.47210068  0.54550942  0.48710754
   0.51502529  0.79300889  0.28025561
   0.84083000  0.83753000  0.11288000
   0.72340277  0.82797634  0.51918368
   0.97963481  0.96165406  0.21446868
   0.78390956  0.58318885  0.31338921
   0.90524000  0.54636000  0.07986000
   0.71259684  0.67040339  0.18022933
   0.98205793  0.91830880  0.38136620
   0.80511278  0.54034458  0.48182549
   0.84849527  0.79423689  0.28035929
   0.91905632  0.70929469  0.41210157
   0.77604058  0.59318926  0.64598972
   0.26346019  0.12662002  0.59743025
   0.93670763  0.73256557  0.60279354
   0.71606390  0.54353897  0.68935982
   0.79888278  0.53209345  0.74394875
   0.75808807  0.44744174  0.76144678
   0.92795972  0.55337073  0.73958223
   0.76237656  0.58859188  0.77601360
   0.58701558  0.50485272  0.68779515
