   0.17876072  0.06482805  0.19521493
   0.26758934  0.43281078  0.50191185
   0.03971000  0.44194000  0.09637000
   0.31446107  0.18884843  0.29917875
   0.11874720  0.31297760  0.40180778
   0.51231223  0.06486305  0.19558462
   0.60252618  0.43341747  0.49990665
   0.37304000  0.44194000  0.09637000
   0.64828707  0.18947384  0.29933171
   0.45258627  0.31165366  0.40275299
   0.84549421  0.06501749  0.19520686
   0.93612776  0.43472700  0.50116890
   0.70637000  0.44194000  0.09637000
   0.98145527  0.18977151  0.29967006
   0.78346949  0.31315228  0.40352488
   0.18006118  0.56431323  0.19525740
   0.26224759  0.93221848  0.50854357
   0.03971000  0.94194000  0.09637000
   0.31630454  0.68869964  0.29841213
   0.11880530  0.81459645  0.39623823
   0.51321442  0.56346619  0.19462520
   0.59242078  0.93510837  0.50826448
   0.37304000  0.94194000  0.09637000
   0.64845395  0.68778472  0.29700495
   0.45126665  0.81616899  0.39932956
   0.84677913  0.56379568  0.19527375
   0.92382086  0.93533820  0.50666091
   0.70637000  0.94194000  0.09637000
   0.98249594  0.68829572  0.29746477
   0.78395473  0.81447078  0.39768200
   0.92759693  0.68757463  0.49240807
   0.03971000  0.19194000  0.09637000
   0.31615052  0.43792466  0.29837445
   0.11852966  0.05935318  0.40173674
   0.17883232  0.31555581  0.19631185
   0.26499909  0.18773612  0.49714393
   0.37304000  0.19194000  0.09637000
   0.64869365  0.43694744  0.29706696
   0.45280130  0.06174092  0.40169509
   0.51179048  0.31478360  0.19679226
   0.59297562  0.18536779  0.50471262
   0.70637000  0.19194000  0.09637000
   0.98349195  0.43853203  0.29894768
   0.78500875  0.06103369  0.40072821
   0.84544560  0.31608889  0.19738223
   0.92083332  0.19221827  0.49697046
   0.03971000  0.69194000  0.09637000
   0.31581389  0.94105994  0.29792028
   0.12392660  0.56055581  0.40015867
   0.17864098  0.81616377  0.19729558
   0.26445141  0.69049780  0.49613351
   0.37304000  0.69194000  0.09637000
   0.64768404  0.94021429  0.29813949
   0.45658337  0.55994763  0.39998988
   0.51213706  0.81581289  0.19706395
   0.59366836  0.69388157  0.49558916
   0.70637000  0.69194000  0.09637000
   0.98125010  0.94072989  0.29805136
   0.84564248  0.81580370  0.19719259
   0.78927110  0.55983229  0.39669804
   0.17310000  0.33301000  0.10976000
   0.24991659  0.20401261  0.41486298
   0.06600237  0.32612579  0.51198352
   0.31376096  0.46030832  0.21400424
   0.11517550  0.08490613  0.31745060
   0.23858000  0.04636000  0.07986000
   0.04477901  0.17100479  0.17999610
   0.31875363  0.41625306  0.38260936
   0.12913350  0.03849145  0.49007092
   0.18058991  0.29303290  0.27990444
   0.50750000  0.33753000  0.11288000
   0.58432379  0.20552488  0.41934634
   0.40010068  0.32655714  0.50966082
   0.64775993  0.45961577  0.21336479
   0.44963184  0.08553980  0.31697490
   0.57191000  0.04636000  0.07986000
   0.37775826  0.17035063  0.17999688
   0.65050786  0.41660601  0.38099131
   0.45635661  0.03682420  0.48500069
   0.51324723  0.29223704  0.27973414
   0.84083000  0.33753000  0.11288000
   0.91909181  0.20597633  0.41379800
   0.73764486  0.33073844  0.50770929
   0.98175382  0.46086932  0.21489600
   0.78213613  0.08495481  0.31663368
   0.90524000  0.04636000  0.07986000
   0.71144937  0.17092842  0.18013483
   0.98560223  0.41760150  0.38303360
   0.79712222  0.04205432  0.48615298
   0.84751843  0.29358824  0.28060581
   0.17417000  0.83753000  0.11288000
   0.25085168  0.70983723  0.41409047
   0.04851588  0.82181377  0.52760682
   0.31325513  0.96137534  0.21449507
   0.11696193  0.58466132  0.31646491
   0.23858000  0.54636000  0.07986000
   0.04603201  0.67064799  0.18032789
   0.31575574  0.91819540  0.38113019
   0.13781320  0.54412021  0.48686829
   0.18231181  0.79351041  0.28075313
   0.50750000  0.83753000  0.11288000
   0.58453572  0.70873062  0.41314227
   0.38991980  0.82351491  0.51932315
   0.64680691  0.96131846  0.21437329
   0.44928288  0.58368394  0.31628062
   0.57191000  0.54636000  0.07986000
   0.37958327  0.67021096  0.18005995
   0.64952210  0.91769154  0.38162236
   0.47048729  0.54472972  0.48668404
   0.51506793  0.79301493  0.28017347
   0.84083000  0.83753000  0.11288000
   0.72571826  0.82666390  0.51911784
   0.97989249  0.96155340  0.21446092
   0.78285964  0.58280644  0.31337836
   0.90524000  0.54636000  0.07986000
   0.71278620  0.67026169  0.18015483
   0.98289155  0.91767347  0.38196924
   0.80408864  0.54435203  0.48234223
   0.84870812  0.79329696  0.28040428
   0.91972724  0.70885728  0.41106009
   0.77813631  0.59538631  0.64560256
   0.60198368  0.13416338  0.59786194
   0.93887166  0.73340238  0.60075999
   0.71839926  0.54377733  0.68852535
   0.80032367  0.53159889  0.74342810
   0.75999130  0.44603193  0.76024510
   0.92879599  0.55340461  0.73927456
   0.76238607  0.58690141  0.77556685
   0.58846919  0.50348899  0.68666428
