   0.18179728  0.06517663  0.19553279
   0.25326254  0.43662262  0.50247036
   0.03971000  0.44194000  0.09637000
   0.31852509  0.19059725  0.30020201
   0.11764590  0.31511069  0.40143075
   0.51448943  0.06450786  0.19466351
   0.58471173  0.44473754  0.50074602
   0.37304000  0.44194000  0.09637000
   0.65110801  0.18931612  0.29799022
   0.45402517  0.31691963  0.40279431
   0.84814742  0.06464933  0.19452991
   0.92685538  0.44088895  0.50066349
   0.70637000  0.44194000  0.09637000
   0.98483389  0.18946688  0.29784137
   0.78542289  0.31344141  0.40016235
   0.18000890  0.56527328  0.19540101
   0.26970439  0.93576638  0.50374906
   0.03971000  0.94194000  0.09637000
   0.31677081  0.69054153  0.29833187
   0.12250984  0.81661371  0.39860503
   0.51306572  0.56429072  0.19482977
   0.60310277  0.93440301  0.50443800
   0.37304000  0.94194000  0.09637000
   0.64935366  0.68906350  0.29693753
   0.45528643  0.81716515  0.39904593
   0.84693443  0.56501168  0.19515407
   0.93489963  0.93224073  0.50100159
   0.70637000  0.94194000  0.09637000
   0.98351196  0.69011371  0.29795390
   0.78756677  0.81509595  0.39678584
   0.60552049  0.19287841  0.50874211
   0.03971000  0.19194000  0.09637000
   0.31617836  0.43992595  0.29840821
   0.12214616  0.06179513  0.39990737
   0.18014736  0.31639890  0.19731219
   0.25913809  0.19407291  0.49519974
   0.37304000  0.19194000  0.09637000
   0.64955315  0.43882029  0.29725787
   0.46023773  0.06762196  0.40571397
   0.51305417  0.31562726  0.19689155
   0.70637000  0.19194000  0.09637000
   0.98318180  0.43994006  0.29778951
   0.79053940  0.06048039  0.39756513
   0.84660436  0.31624243  0.19700768
   0.91348264  0.18527276  0.49934266
   0.03971000  0.69194000  0.09637000
   0.31987704  0.94386309  0.30072117
   0.12003298  0.56299193  0.39892895
   0.18078645  0.81781368  0.19814742
   0.25732843  0.69548923  0.49451152
   0.37304000  0.69194000  0.09637000
   0.65063665  0.93932286  0.29602921
   0.45106341  0.56414463  0.39922233
   0.51302400  0.81527833  0.19537945
   0.58859511  0.69653638  0.49460538
   0.70637000  0.69194000  0.09637000
   0.98487469  0.93983322  0.29702016
   0.84726062  0.81554971  0.19563351
   0.92348796  0.69651558  0.49239485
   0.78660613  0.56263808  0.39733667
   0.17417000  0.33753000  0.11288000
   0.25311168  0.20818118  0.41266495
   0.05134953  0.32981379  0.51024813
   0.31423588  0.46156076  0.21447340
   0.11874289  0.08475738  0.31550928
   0.23858000  0.04636000  0.07986000
   0.04728906  0.17109574  0.18015907
   0.31794714  0.41918971  0.38241183
   0.13651090  0.04492757  0.48688046
   0.18400467  0.29386677  0.28049406
   0.50750000  0.33753000  0.11288000
   0.58815253  0.21473402  0.42438857
   0.38765640  0.33230005  0.51292861
   0.64768650  0.46077541  0.21348393
   0.45439347  0.08889954  0.32057462
   0.57191000  0.04636000  0.07986000
   0.38055131  0.17062065  0.17987523
   0.65235683  0.41785077  0.38139535
   0.47117195  0.04583474  0.49111109
   0.51704677  0.29321898  0.27993159
   0.84083000  0.33753000  0.11288000
   0.91806349  0.20722180  0.41486811
   0.71943064  0.34850177  0.52354276
   0.98126734  0.46153088  0.21393977
   0.78527739  0.08470965  0.31374464
   0.90524000  0.04636000  0.07986000
   0.71373817  0.17082698  0.17999252
   0.98351021  0.41872378  0.38166340
   0.80247742  0.03471071  0.47992781
   0.85034379  0.29385592  0.28005884
   0.17417000  0.83753000  0.11288000
   0.25525992  0.70906467  0.41121373
   0.06934767  0.82587353  0.51083707
   0.31701627  0.96284135  0.21612671
   0.11711380  0.58525783  0.31512589
   0.23858000  0.54636000  0.07986000
   0.04652864  0.67231278  0.18070744
   0.32213452  0.92336595  0.38478864
   0.12683778  0.54855005  0.48558044
   0.18397599  0.79679518  0.28183861
   0.50619000  0.83294000  0.10916000
   0.58792882  0.70908085  0.41137082
   0.40033988  0.82624011  0.51375908
   0.64875102  0.95997864  0.21199213
   0.45002001  0.58519347  0.31544284
   0.57191000  0.54636000  0.07986000
   0.37924490  0.67080899  0.17985746
   0.65285994  0.91804077  0.37907093
   0.45447861  0.55113967  0.48597054
   0.51585579  0.79357133  0.27871571
   0.83992000  0.83287000  0.10930000
   0.73446706  0.82398552  0.51447184
   0.98255265  0.96047161  0.21282800
   0.78316410  0.58405059  0.31372880
   0.90524000  0.54636000  0.07986000
   0.71251233  0.67097345  0.18001906
   0.98698427  0.91925271  0.38078598
   0.79278890  0.55101894  0.48379840
   0.84934461  0.79414177  0.27923430
   0.92189100  0.70829249  0.40896952
   0.77836619  0.58891024  0.65816542
   0.75436749  0.15140863  0.58779882
   0.75385630  0.44078278  0.60265526
   0.76154395  0.60347375  0.71041965
   0.73469029  0.51307304  0.75380869
   0.65176800  0.52752442  0.78745505
   0.69404301  0.43101175  0.73348198
   0.84843871  0.51459450  0.77572240
   0.76960003  0.68990380  0.72546468
