   0.17777529  0.06421915  0.19542938
   0.28708080  0.42942152  0.50176749
   0.03971000  0.44194000  0.09637000
   0.31401662  0.18784079  0.29868043
   0.12882458  0.31085506  0.39862484
   0.51104976  0.06430503  0.19551731
   0.62021543  0.43136778  0.50197049
   0.37304000  0.44194000  0.09637000
   0.64751041  0.18785870  0.29890755
   0.46202489  0.31099695  0.39868936
   0.84425373  0.06421695  0.19544535
   0.95413549  0.42827419  0.50139510
   0.70637000  0.44194000  0.09637000
   0.98083009  0.18785855  0.29858376
   0.79570231  0.31106224  0.39860165
   0.18003143  0.56398808  0.19517558
   0.24682364  0.93867735  0.50341632
   0.03971000  0.94194000  0.09637000
   0.31516824  0.68874998  0.29908122
   0.10952714  0.81537388  0.40062781
   0.51341462  0.56394475  0.19516879
   0.58067984  0.94052049  0.50415312
   0.37304000  0.94194000  0.09637000
   0.64804856  0.68842272  0.29875653
   0.44027567  0.81685734  0.40394054
   0.84669451  0.56399523  0.19532839
   0.91189866  0.93781299  0.50526547
   0.70637000  0.94194000  0.09637000
   0.98179267  0.68845255  0.29875952
   0.77499250  0.81658637  0.40004179
   0.92854481  0.69333154  0.49585804
   0.03971000  0.19194000  0.09637000
   0.31902384  0.43774014  0.29782739
   0.11341336  0.06180018  0.40036205
   0.17913642  0.31492476  0.19622392
   0.25941158  0.19264027  0.49572573
   0.37304000  0.19194000  0.09637000
   0.65261761  0.43829254  0.29863900
   0.44628237  0.06248310  0.40023645
   0.51227110  0.31560207  0.19750992
   0.59239187  0.19510639  0.49522590
   0.70637000  0.19194000  0.09637000
   0.98636316  0.43826966  0.29828190
   0.77969303  0.06192260  0.40027931
   0.84529195  0.31553158  0.19739597
   0.92801563  0.19088556  0.49522274
   0.03971000  0.69194000  0.09637000
   0.31025072  0.93933532  0.29856103
   0.12818975  0.55922246  0.40048462
   0.17808693  0.81557124  0.19732812
   0.25855377  0.68806799  0.50092449
   0.37304000  0.69194000  0.09637000
   0.64276891  0.93919111  0.29867641
   0.46035299  0.55936356  0.40010074
   0.51131976  0.81552726  0.19728517
   0.59317614  0.69307537  0.49579169
   0.70637000  0.69194000  0.09637000
   0.97708686  0.93935374  0.29846315
   0.84461718  0.81556758  0.19730531
   0.79437152  0.55983231  0.40040355
   0.17310000  0.33301000  0.10976000
   0.26143018  0.20296651  0.41104600
   0.08630699  0.31732798  0.51153871
   0.31421780  0.45983172  0.21366367
   0.11382840  0.08304153  0.31577746
   0.23858000  0.04636000  0.07986000
   0.04409912  0.17062140  0.18009665
   0.32816775  0.41504247  0.38156366
   0.11484541  0.04937039  0.48827379
   0.18122026  0.29272847  0.27987810
   0.50750000  0.33753000  0.11288000
   0.59537426  0.20350382  0.41069304
   0.41989098  0.31976232  0.51119298
   0.64777974  0.46069691  0.21482442
   0.44724836  0.08292888  0.31569808
   0.57191000  0.04636000  0.07986000
   0.37753186  0.17085920  0.18029127
   0.66172234  0.41605952  0.38250540
   0.44918703  0.05276505  0.48783508
   0.51463268  0.29311181  0.28086501
   0.84083000  0.33753000  0.11288000
   0.92793800  0.20300749  0.41113471
   0.75197333  0.32163829  0.51162396
   0.98125079  0.46058969  0.21450356
   0.78062565  0.08278396  0.31574747
   0.90524000  0.04636000  0.07986000
   0.71075675  0.17071821  0.18015269
   0.99451564  0.41498687  0.38160727
   0.78359400  0.04941455  0.48807519
   0.84787690  0.29291586  0.28060046
   0.17417000  0.83753000  0.11288000
   0.24028178  0.70877538  0.41743610
   0.04341047  0.83175913  0.51770991
   0.31192944  0.96072254  0.21446685
   0.11639635  0.58466903  0.31679571
   0.23858000  0.54636000  0.07986000
   0.04591682  0.67016728  0.18003305
   0.30628192  0.91989418  0.38257285
   0.15123395  0.53395618  0.48407540
   0.18037642  0.79250118  0.28048593
   0.50750000  0.83753000  0.11288000
   0.57626511  0.70955595  0.41396683
   0.38232595  0.83587038  0.50742872
   0.64515050  0.96072443  0.21455309
   0.44919744  0.58392489  0.31638840
   0.57191000  0.54636000  0.07986000
   0.37924253  0.67002702  0.17996791
   0.63967371  0.91982849  0.38286262
   0.48728598  0.53962990  0.48596718
   0.51369379  0.79225715  0.28027687
   0.84083000  0.83753000  0.11288000
   0.71109161  0.83204229  0.51600114
   0.97851689  0.96072747  0.21446847
   0.78288268  0.58443363  0.31688197
   0.90524000  0.54636000  0.07986000
   0.71261013  0.67010844  0.18003489
   0.97444172  0.91932530  0.38265013
   0.82188708  0.54050245  0.48727314
   0.84705670  0.79238314  0.28046010
   0.90851543  0.71022945  0.41432477
   0.73629636  0.57032285  0.64624628
   0.25315307  0.65543648  0.60271121
   0.97706121  0.63739361  0.61077223
   0.68902124  0.53446348  0.69429062
   0.78888162  0.52993052  0.74578439
   0.75369050  0.44786760  0.76682141
   0.91559283  0.54886733  0.73526431
   0.76427168  0.59108004  0.77751840
   0.55908660  0.50390654  0.69937692
