   0.28993998  0.43187725  0.49214426
   0.17893589  0.06421840  0.18487223
   0.03971000  0.44194000  0.08602000
   0.31572498  0.18812504  0.28857961
   0.12950079  0.31205087  0.38948080
   0.51224504  0.06423357  0.18480257
   0.62097425  0.43064495  0.49146472
   0.37304000  0.44194000  0.08602000
   0.64916322  0.18807996  0.28839936
   0.46279015  0.31205625  0.38860836
   0.84556866  0.06416451  0.18485564
   0.95958668  0.42945021  0.49240690
   0.70637000  0.44194000  0.08602000
   0.98247683  0.18808913  0.28854308
   0.79619356  0.31206676  0.38895711
   0.18119495  0.56355332  0.18471406
   0.25157286  0.93961627  0.49362781
   0.03971000  0.94194000  0.08602000
   0.31650002  0.68833392  0.28809913
   0.11046353  0.81672829  0.39013048
   0.51457618  0.56363127  0.18479413
   0.58385926  0.93833673  0.49344467
   0.37304000  0.94194000  0.08602000
   0.64977039  0.68854243  0.28827981
   0.44377676  0.81689570  0.38988088
   0.84791015  0.56361291  0.18471095
   0.91756762  0.93950117  0.49354531
   0.70637000  0.94194000  0.08602000
   0.98339218  0.68854391  0.28813726
   0.77710453  0.81674636  0.39022059
   0.03971000  0.19194000  0.08602000
   0.32012974  0.43805805  0.28806052
   0.11578209  0.06236218  0.38948704
   0.17963733  0.31536001  0.18696841
   0.26194842  0.19435864  0.48454008
   0.37304000  0.19194000  0.08602000
   0.65372695  0.43860180  0.28844748
   0.44836458  0.06262235  0.38951661
   0.51304473  0.31563295  0.18714803
   0.59646005  0.19276426  0.48429454
   0.70637000  0.19194000  0.08602000
   0.98680297  0.43821294  0.28815266
   0.78134295  0.06185921  0.38912718
   0.84633855  0.31548417  0.18703184
   0.93040356  0.19090514  0.48352327
   0.03971000  0.69194000  0.08602000
   0.31159917  0.93958133  0.28778354
   0.12953047  0.55974860  0.38962105
   0.17903862  0.81540401  0.18672091
   0.26374844  0.69250768  0.48508460
   0.37304000  0.69194000  0.08602000
   0.64475249  0.93927663  0.28758239
   0.46201111  0.55969280  0.38984242
   0.51227666  0.81526260  0.18665780
   0.59712912  0.69329569  0.48523655
   0.70637000  0.69194000  0.08602000
   0.97825846  0.93939192  0.28783679
   0.84569937  0.81535051  0.18673924
   0.93166091  0.69542237  0.48656642
   0.79529766  0.56062571  0.39025908
   0.17417000  0.33753000  0.10253000
   0.26328391  0.20339336  0.39979810
   0.09108095  0.31829561  0.49479036
   0.31573928  0.46028701  0.20440214
   0.11561905  0.08271505  0.30513690
   0.23858000  0.04636000  0.06951000
   0.04527940  0.17049756  0.16977763
   0.32867377  0.41632477  0.37197804
   0.11983398  0.05081453  0.47725403
   0.18263349  0.29295150  0.27038528
   0.50750000  0.33753000  0.10253000
   0.59547674  0.20399148  0.40018968
   0.42174862  0.32130129  0.49967542
   0.64914415  0.46050046  0.20474035
   0.44912297  0.08294945  0.30513461
   0.57191000  0.04636000  0.06951000
   0.37872626  0.17078619  0.16988017
   0.66259840  0.41761027  0.37283764
   0.45358965  0.04981771  0.47723784
   0.51619543  0.29341848  0.27078941
   0.84083000  0.33753000  0.10253000
   0.92790433  0.20289368  0.39951545
   0.75475165  0.32133939  0.49832171
   0.98230730  0.46039393  0.20448482
   0.78212535  0.08263743  0.30482733
   0.90524000  0.04636000  0.06951000
   0.71200074  0.17064966  0.16983360
   0.99472209  0.41656032  0.37210228
   0.78565510  0.04930482  0.47695572
   0.84930930  0.29309899  0.27052310
   0.17417000  0.83753000  0.10253000
   0.24427097  0.71039394  0.40349373
   0.05100511  0.83420840  0.50367867
   0.31304562  0.96066963  0.20402041
   0.11774580  0.58436504  0.30621432
   0.23858000  0.54636000  0.06951000
   0.04722184  0.66977808  0.16965046
   0.30859227  0.92028397  0.37212617
   0.15660156  0.54028874  0.47506664
   0.18191460  0.79246337  0.26998878
   0.50750000  0.83753000  0.10253000
   0.57743736  0.70994512  0.40350679
   0.38301453  0.83198892  0.50327259
   0.64623199  0.96051484  0.20386947
   0.45117214  0.58417893  0.30628042
   0.57191000  0.54636000  0.06951000
   0.38050124  0.66967540  0.16961427
   0.64199102  0.91977542  0.37187497
   0.48957088  0.54115390  0.47638475
   0.51503808  0.79222756  0.26988486
   0.84083000  0.83753000  0.10253000
   0.71717750  0.83231776  0.50295392
   0.97967779  0.96057351  0.20406844
   0.78473437  0.58475474  0.30677141
   0.90524000  0.54636000  0.06951000
   0.71390369  0.66974805  0.16966418
   0.97544527  0.91988508  0.37224786
   0.82231213  0.54237189  0.48004375
   0.84852169  0.79233406  0.27003091
   0.91052144  0.70969228  0.40470750
   0.70013414  0.62692239  0.63218832
   0.05850927  0.45304744  0.63456548
   0.86717646  0.52998757  0.58748239
   0.65443682  0.62203530  0.68238103
   0.67588334  0.53826525  0.72621562
   0.56060579  0.50304405  0.74622185
   0.72944653  0.47225596  0.70842059
   0.75139548  0.58130102  0.76115634
   0.59065221  0.68689963  0.69719131
