   0.60777975  0.43154428  0.49270017
   0.17905791  0.06411639  0.18496033
   0.27784623  0.43292209  0.49193503
   0.03971000  0.44194000  0.08602000
   0.31507638  0.18808950  0.28875460
   0.12254053  0.31361067  0.38972810
   0.51242751  0.06418770  0.18495981
   0.37304000  0.44194000  0.08602000
   0.64861479  0.18832501  0.28881377
   0.45582769  0.31364601  0.38954543
   0.84571905  0.06402660  0.18495869
   0.94758894  0.43235472  0.49345400
   0.70637000  0.44194000  0.08602000
   0.98186262  0.18805779  0.28871344
   0.78938603  0.31375427  0.39032813
   0.18056179  0.56358915  0.18478756
   0.25939491  0.93738071  0.49411313
   0.03971000  0.94194000  0.08602000
   0.31656529  0.68806352  0.28837849
   0.11482761  0.81441388  0.39056609
   0.51397594  0.56378390  0.18494395
   0.59204814  0.93610280  0.49317235
   0.37304000  0.94194000  0.08602000
   0.64990877  0.68852856  0.28873590
   0.44900853  0.81510384  0.39018916
   0.84724809  0.56362450  0.18478039
   0.92593945  0.93852120  0.49389668
   0.70637000  0.94194000  0.08602000
   0.98337111  0.68816968  0.28841359
   0.78170621  0.81503373  0.39181512
   0.03971000  0.19194000  0.08602000
   0.31752582  0.43862353  0.28833902
   0.11806753  0.06090715  0.38994476
   0.17921300  0.31538397  0.18704837
   0.26088359  0.19292960  0.48469316
   0.37304000  0.19194000  0.08602000
   0.65100755  0.43932927  0.28905172
   0.45068890  0.06092347  0.38963025
   0.51267142  0.31582864  0.18735102
   0.59521366  0.19096125  0.48414893
   0.70637000  0.19194000  0.08602000
   0.98387473  0.43867482  0.28852106
   0.78451754  0.06115399  0.38972514
   0.84589399  0.31548982  0.18712112
   0.92832327  0.19209053  0.48448751
   0.03971000  0.69194000  0.08602000
   0.31349363  0.93875928  0.28798923
   0.12490318  0.56058685  0.39031837
   0.17922710  0.81528269  0.18677705
   0.26265000  0.69311084  0.48556473
   0.37304000  0.69194000  0.08602000
   0.64711612  0.93883391  0.28807447
   0.45788550  0.56056899  0.39052940
   0.51258290  0.81531366  0.18682088
   0.59579525  0.69171296  0.48767574
   0.70637000  0.69194000  0.08602000
   0.98020554  0.93847052  0.28829173
   0.84599396  0.81529778  0.18684092
   0.92890085  0.69644823  0.48890923
   0.79054324  0.56127275  0.39139087
   0.17417000  0.33753000  0.10253000
   0.25631099  0.20556920  0.40123097
   0.07838692  0.32321058  0.49856386
   0.31495202  0.46036533  0.20464658
   0.11518179  0.08284557  0.30595371
   0.23858000  0.04636000  0.06951000
   0.04533866  0.17040517  0.16990183
   0.32142258  0.41779015  0.37244791
   0.12731192  0.04803834  0.47720644
   0.18168199  0.29281788  0.27064611
   0.50750000  0.33753000  0.10253000
   0.58852819  0.20553896  0.40094151
   0.40896923  0.32361087  0.50083342
   0.64841239  0.46079665  0.20524266
   0.44865187  0.08315919  0.30564600
   0.57191000  0.04636000  0.06951000
   0.37889192  0.17082058  0.17008922
   0.65565256  0.41944356  0.37387792
   0.46018654  0.04636448  0.47687812
   0.51523953  0.29361090  0.27122570
   0.84083000  0.33753000  0.10253000
   0.92262867  0.20540940  0.40110108
   0.74350753  0.32357868  0.49727416
   0.98152092  0.46045172  0.20478980
   0.78203622  0.08318411  0.30572556
   0.90524000  0.04636000  0.06951000
   0.71210217  0.17052528  0.16993547
   0.98755436  0.41838685  0.37285762
   0.79288902  0.04772270  0.47702397
   0.84836428  0.29306856  0.27075683
   0.17417000  0.83753000  0.10253000
   0.24917070  0.70852300  0.40352249
   0.05899864  0.83250735  0.50468991
   0.31320720  0.96064633  0.20433079
   0.11734135  0.58395159  0.30659229
   0.23858000  0.54636000  0.06951000
   0.04673387  0.66980405  0.16974918
   0.31317555  0.91815299  0.37218552
   0.14520289  0.54287403  0.47694608
   0.18225561  0.79208543  0.27011628
   0.50750000  0.83753000  0.10253000
   0.58195518  0.70804422  0.40483509
   0.39077391  0.82912571  0.50405472
   0.64652628  0.96060335  0.20436843
   0.45101703  0.58406709  0.30669075
   0.57191000  0.54636000  0.06951000
   0.38009300  0.66988727  0.16976035
   0.64723934  0.91827198  0.37227272
   0.47711865  0.54186361  0.47677404
   0.51560977  0.79227670  0.27020879
   0.84083000  0.83753000  0.10253000
   0.72637180  0.83036749  0.50136883
   0.97991065  0.96058962  0.20454462
   0.78441601  0.58464582  0.30760737
   0.90524000  0.54636000  0.06951000
   0.71347139  0.66987386  0.16977189
   0.98037221  0.91750500  0.37264294
   0.81158524  0.54507675  0.48622541
   0.84901802  0.79197687  0.27019163
   0.91474055  0.70676428  0.40624642
   0.61231876  0.61636791  0.60397233
   0.85765457  0.39949340  0.67041468
   0.80974340  0.49703907  0.58900424
   0.51008128  0.60427337  0.64202793
   0.44829774  0.49965176  0.67418340
   0.31911218  0.47594943  0.66753242
   0.50421091  0.43187740  0.66179060
   0.46322896  0.51537883  0.72069335
   0.45565894  0.67619922  0.65308328
