   0.18173451  0.06515950  0.19550428
   0.25427916  0.43587186  0.50284710
   0.03971000  0.44194000  0.09637000
   0.31838752  0.19051673  0.30009138
   0.11800141  0.31512221  0.40133370
   0.51447701  0.06447106  0.19464848
   0.58559642  0.44377922  0.50076076
   0.37304000  0.44194000  0.09637000
   0.65096176  0.18912540  0.29783307
   0.45433669  0.31668081  0.40235139
   0.84818429  0.06470747  0.19453546
   0.92771296  0.44020937  0.50086606
   0.70637000  0.44194000  0.09637000
   0.98490943  0.18947463  0.29780180
   0.78557400  0.31321431  0.39957424
   0.18014977  0.56543073  0.19543776
   0.26792891  0.93595247  0.50384331
   0.03971000  0.94194000  0.09637000
   0.31699308  0.69087846  0.29867235
   0.12255490  0.81650995  0.39866927
   0.51304449  0.56436910  0.19460615
   0.60143981  0.93425903  0.50444594
   0.37304000  0.94194000  0.09637000
   0.64943095  0.68924731  0.29687785
   0.45520031  0.81745601  0.39949027
   0.84704939  0.56509137  0.19505946
   0.93245103  0.93138819  0.50103423
   0.70637000  0.94194000  0.09637000
   0.98361931  0.69031748  0.29770703
   0.78732474  0.81518251  0.39714562
   0.60475024  0.19280870  0.50908790
   0.03971000  0.19194000  0.09637000
   0.31671788  0.44044968  0.29867982
   0.12183043  0.06168982  0.39983739
   0.18035716  0.31666692  0.19745757
   0.25855344  0.19360251  0.49500523
   0.37304000  0.19194000  0.09637000
   0.64977094  0.43875208  0.29668982
   0.45940872  0.06802628  0.40581590
   0.51282622  0.31536359  0.19668728
   0.70637000  0.19194000  0.09637000
   0.98359901  0.44008160  0.29767925
   0.79019058  0.06063600  0.39743955
   0.84678074  0.31618684  0.19693795
   0.91324188  0.18486484  0.49922381
   0.03971000  0.69194000  0.09637000
   0.31993090  0.94374094  0.30082424
   0.12085355  0.56280695  0.39889286
   0.18098882  0.81791067  0.19811793
   0.25793643  0.69490441  0.49466492
   0.37304000  0.69194000  0.09637000
   0.65056326  0.93916556  0.29609999
   0.45133115  0.56395644  0.39966360
   0.51291591  0.81541382  0.19536114
   0.58816178  0.69601197  0.49447940
   0.70637000  0.69194000  0.09637000
   0.98484060  0.93975111  0.29706957
   0.84734063  0.81575210  0.19551411
   0.92700063  0.69520743  0.49136129
   0.78697116  0.56206393  0.39704374
   0.17417000  0.33753000  0.11288000
   0.25340394  0.20796263  0.41237677
   0.05225625  0.32882216  0.51039604
   0.31444652  0.46191801  0.21475086
   0.11866443  0.08463493  0.31542755
   0.23858000  0.04636000  0.07986000
   0.04739263  0.17129273  0.18022660
   0.31815494  0.41919447  0.38257850
   0.13404414  0.04482082  0.48676864
   0.18412271  0.29419009  0.28070092
   0.50750000  0.33753000  0.11288000
   0.58844240  0.21481335  0.42439997
   0.38825203  0.33103510  0.51284046
   0.64764622  0.46057688  0.21289497
   0.45424185  0.08881387  0.32066035
   0.57191000  0.04636000  0.07986000
   0.38037225  0.17039966  0.17976798
   0.65268973  0.41767734  0.38084267
   0.46920724  0.04629387  0.49116098
   0.51707884  0.29307681  0.27970346
   0.84083000  0.33753000  0.11288000
   0.91836700  0.20724972  0.41458273
   0.72037009  0.34837809  0.52428933
   0.98140771  0.46153933  0.21383003
   0.78521185  0.08457174  0.31357674
   0.90524000  0.04636000  0.07986000
   0.71368791  0.17081862  0.17997745
   0.98387062  0.41892460  0.38153148
   0.80054984  0.03441347  0.47970052
   0.85037143  0.29387984  0.28004531
   0.17417000  0.83753000  0.11288000
   0.25518379  0.70909111  0.41150017
   0.06862669  0.82607629  0.51082313
   0.31712306  0.96289766  0.21619417
   0.11735466  0.58547481  0.31506880
   0.23858000  0.54636000  0.07986000
   0.04660972  0.67241671  0.18073799
   0.32191942  0.92347264  0.38501058
   0.12786377  0.54800990  0.48553385
   0.18407954  0.79690465  0.28180881
   0.50619000  0.83294000  0.10916000
   0.58757594  0.70917544  0.41136407
   0.39891529  0.82663099  0.51374966
   0.64877498  0.96001824  0.21201812
   0.45028061  0.58564952  0.31595955
   0.57191000  0.54636000  0.07986000
   0.37927973  0.67095142  0.17983207
   0.65274233  0.91816671  0.37924342
   0.45531277  0.55030900  0.48625342
   0.51573189  0.79369965  0.27869905
   0.83992000  0.83287000  0.10930000
   0.73245286  0.82405164  0.51480771
   0.98265245  0.96061431  0.21279725
   0.78326934  0.58397898  0.31314126
   0.90524000  0.54636000  0.07986000
   0.71258283  0.67109403  0.18004090
   0.98697648  0.91904174  0.38095955
   0.79454817  0.55070511  0.48400023
   0.84924119  0.79436785  0.27903771
   0.92162610  0.70788203  0.40812003
   0.78197169  0.59249670  0.65882831
   0.75499681  0.15060979  0.58774240
   0.75569189  0.44565476  0.60216635
   0.76187047  0.60526528  0.71093749
   0.73484274  0.51367029  0.75389797
   0.65269655  0.52755304  0.78772016
   0.69393128  0.43253199  0.73286534
   0.84869937  0.51429351  0.77536623
   0.76621017  0.69123712  0.72653924
