   0.17779349  0.06427220  0.19541785
   0.28753756  0.42879199  0.50020263
   0.03971000  0.44194000  0.09637000
   0.31404953  0.18788395  0.29861854
   0.12868060  0.31048867  0.39835747
   0.51106239  0.06438662  0.19550421
   0.62107968  0.43150069  0.50188315
   0.37304000  0.44194000  0.09637000
   0.64750093  0.18787854  0.29880172
   0.46221374  0.31085765  0.39843696
   0.84429524  0.06428433  0.19541660
   0.95623422  0.42913735  0.49981669
   0.70637000  0.44194000  0.09637000
   0.98089994  0.18787710  0.29853439
   0.79489811  0.31044945  0.39839546
   0.18003557  0.56406982  0.19526232
   0.24689915  0.93893702  0.50250144
   0.03971000  0.94194000  0.09637000
   0.31489702  0.68894078  0.29948561
   0.10984772  0.81603962  0.39902749
   0.51338556  0.56398336  0.19518380
   0.58001521  0.94035431  0.50324803
   0.37304000  0.94194000  0.09637000
   0.64799475  0.68839579  0.29871614
   0.44211574  0.81842890  0.40168470
   0.84666428  0.56400384  0.19528310
   0.91183643  0.93912908  0.50465057
   0.70637000  0.94194000  0.09637000
   0.98116498  0.68852397  0.29835058
   0.77544641  0.81658166  0.40017741
   0.93041650  0.69395172  0.49584773
   0.03971000  0.19194000  0.09637000
   0.31929212  0.43745373  0.29757737
   0.11342318  0.06233347  0.40028242
   0.17910259  0.31490555  0.19616816
   0.26031294  0.19284607  0.49571710
   0.37304000  0.19194000  0.09637000
   0.65253832  0.43839287  0.29862027
   0.44622194  0.06356869  0.40016873
   0.51225692  0.31560845  0.19746828
   0.59282114  0.19574186  0.49534435
   0.70637000  0.19194000  0.09637000
   0.98451603  0.43664171  0.29728135
   0.78050180  0.06253750  0.40008287
   0.84508809  0.31536551  0.19719717
   0.92867999  0.19133951  0.49532571
   0.03971000  0.69194000  0.09637000
   0.31010411  0.93983607  0.29829067
   0.12816843  0.55779195  0.39637550
   0.17801018  0.81556643  0.19719327
   0.25737721  0.68740171  0.49489356
   0.37304000  0.69194000  0.09637000
   0.64345994  0.93948319  0.29843290
   0.46095451  0.55932319  0.39986099
   0.51120339  0.81547096  0.19725803
   0.59460611  0.69341171  0.49554249
   0.70637000  0.69194000  0.09637000
   0.97691087  0.93959434  0.29837031
   0.84462767  0.81553100  0.19726839
   0.79474933  0.56021638  0.40051060
   0.17310000  0.33301000  0.10976000
   0.26180861  0.20324005  0.41102614
   0.08661161  0.31818225  0.51182710
   0.31424052  0.45975924  0.21359848
   0.11396408  0.08320910  0.31569714
   0.23858000  0.04636000  0.07986000
   0.04409045  0.17062229  0.18008610
   0.32841738  0.41463737  0.38130399
   0.11475330  0.05098482  0.48822582
   0.18118023  0.29266967  0.27986046
   0.50750000  0.33753000  0.11288000
   0.59549176  0.20358179  0.41077482
   0.42056558  0.31977051  0.51165453
   0.64777284  0.46070066  0.21485278
   0.44771225  0.08328898  0.31554214
   0.57191000  0.04636000  0.07986000
   0.37751735  0.17089403  0.18029635
   0.66162935  0.41621586  0.38258104
   0.44902820  0.05322433  0.48800835
   0.51466294  0.29315819  0.28088755
   0.84083000  0.33753000  0.11288000
   0.92816003  0.20305295  0.41119770
   0.75268842  0.32206973  0.51173613
   0.98085684  0.46024718  0.21404336
   0.78085890  0.08314325  0.31561072
   0.90524000  0.04636000  0.07986000
   0.71073629  0.17069109  0.18011696
   0.99312079  0.41316138  0.38047147
   0.78311831  0.05038097  0.48809135
   0.84732236  0.29231541  0.28035344
   0.17417000  0.83753000  0.11288000
   0.24302536  0.70821281  0.41083183
   0.04389714  0.83422581  0.51539050
   0.31196962  0.96075102  0.21442884
   0.11435191  0.58304810  0.31383661
   0.23858000  0.54636000  0.07986000
   0.04581245  0.67016665  0.17997189
   0.30577454  0.92209641  0.38215874
   0.15462606  0.53371661  0.47911930
   0.18002029  0.79263203  0.28039747
   0.50750000  0.83753000  0.11288000
   0.57667818  0.70988440  0.41383974
   0.38149589  0.83388837  0.50279630
   0.64513503  0.96074766  0.21449666
   0.44918858  0.58365119  0.31621061
   0.57191000  0.54636000  0.07986000
   0.37926562  0.67004794  0.17994372
   0.64170302  0.92061330  0.38263165
   0.48810258  0.53980462  0.48592985
   0.51368391  0.79236972  0.28043865
   0.84083000  0.83753000  0.11288000
   0.71078579  0.83262110  0.51627878
   0.97849928  0.96073879  0.21443757
   0.78275913  0.58452487  0.31698675
   0.90524000  0.54636000  0.07986000
   0.71262592  0.67012453  0.18004970
   0.97318982  0.92033974  0.38262701
   0.82357403  0.54084779  0.48732080
   0.84696078  0.79248472  0.28053254
   0.90949225  0.71066843  0.41445774
   0.72170325  0.56871238  0.64751701
   0.22950909  0.66300276  0.59934537
   0.95602104  0.63668171  0.61141629
   0.68091271  0.53248934  0.69545949
   0.78706420  0.52948018  0.74582792
   0.75476820  0.44787559  0.76772156
   0.91362612  0.54854276  0.73495703
   0.76508893  0.59075806  0.77810219
   0.55246622  0.49970329  0.70277986
