   0.17900822  0.06419261  0.19500474
   0.26214784  0.43346442  0.50353547
   0.03971000  0.44194000  0.09637000
   0.31475578  0.18859840  0.29910022
   0.11653859  0.31344049  0.40129821
   0.51243363  0.06427762  0.19507551
   0.59658813  0.43203299  0.50170550
   0.37304000  0.44194000  0.09637000
   0.64789927  0.18898558  0.29925879
   0.45077441  0.31266634  0.40176760
   0.84571217  0.06489571  0.19561691
   0.93131727  0.43275984  0.50290913
   0.70637000  0.44194000  0.09637000
   0.98131349  0.18882418  0.29971680
   0.78129821  0.31315598  0.40374619
   0.17973388  0.56400942  0.19527345
   0.26372946  0.93193393  0.50691924
   0.03971000  0.94194000  0.09637000
   0.31611839  0.68750710  0.29832999
   0.12154903  0.81281072  0.39768179
   0.51303182  0.56389021  0.19479562
   0.59398711  0.93417871  0.50901089
   0.37304000  0.94194000  0.09637000
   0.64949841  0.68811313  0.29842609
   0.45450084  0.81382955  0.39964524
   0.84634956  0.56409081  0.19493681
   0.92606905  0.93464430  0.50517907
   0.70637000  0.94194000  0.09637000
   0.98284475  0.68800590  0.29769049
   0.78763088  0.81328179  0.39994957
   0.93365882  0.68479178  0.49502162
   0.03971000  0.19194000  0.09637000
   0.31579240  0.43787315  0.29818911
   0.11987544  0.06033566  0.40180595
   0.17860414  0.31521394  0.19632371
   0.26175316  0.19003465  0.49703292
   0.37304000  0.19194000  0.09637000
   0.64875632  0.43861314  0.29793120
   0.45260271  0.06055886  0.40107736
   0.51207248  0.31524871  0.19701538
   0.59286392  0.18305121  0.50273940
   0.70637000  0.19194000  0.09637000
   0.98146020  0.43823059  0.29855068
   0.78484520  0.06023812  0.40068323
   0.84527501  0.31562076  0.19731821
   0.91855223  0.19019588  0.49755780
   0.03971000  0.69194000  0.09637000
   0.31672527  0.93965382  0.29821916
   0.12020292  0.55952529  0.40013056
   0.17959293  0.81575292  0.19716772
   0.26760988  0.68798537  0.49509447
   0.37304000  0.69194000  0.09637000
   0.64953906  0.93878766  0.29853043
   0.45513841  0.55988931  0.40033434
   0.51230868  0.81582143  0.19736764
   0.59549051  0.69135674  0.49722741
   0.70637000  0.69194000  0.09637000
   0.98245672  0.93963708  0.29904594
   0.84538056  0.81640857  0.19742180
   0.78772232  0.55964081  0.39933232
   0.17310000  0.33301000  0.10976000
   0.24946406  0.20627631  0.41457019
   0.06180972  0.32441937  0.51339994
   0.31378797  0.45992646  0.21380190
   0.11514670  0.08433193  0.31765078
   0.23858000  0.04636000  0.07986000
   0.04519275  0.17060144  0.17995755
   0.31621587  0.41701758  0.38236508
   0.13128990  0.04045616  0.48889262
   0.18073276  0.29247134  0.28000212
   0.50750000  0.33753000  0.11288000
   0.58111388  0.20557043  0.41780928
   0.39311436  0.32784659  0.51275745
   0.64757704  0.46061778  0.21409435
   0.44883546  0.08496035  0.31705694
   0.57191000  0.04636000  0.07986000
   0.37863457  0.17009974  0.17978521
   0.64838603  0.41714802  0.38161035
   0.45791984  0.03529685  0.48416158
   0.51392898  0.29277170  0.28002613
   0.84083000  0.33753000  0.11288000
   0.91729061  0.20593853  0.41436792
   0.73239935  0.32918253  0.50707656
   0.98080687  0.46059823  0.21438552
   0.78149102  0.08432798  0.31692241
   0.90524000  0.04636000  0.07986000
   0.71170571  0.17065920  0.18004128
   0.98194327  0.41722329  0.38269437
   0.79718141  0.03943449  0.48571640
   0.84759046  0.29268934  0.28049109
   0.17417000  0.83753000  0.11288000
   0.25361526  0.70641656  0.41307607
   0.05343455  0.82376892  0.52451040
   0.31362518  0.96108570  0.21468884
   0.11620152  0.58350501  0.31630655
   0.23858000  0.54636000  0.07986000
   0.04606222  0.67046692  0.18017681
   0.31896159  0.91591343  0.38136805
   0.13216670  0.54458646  0.48767976
   0.18276249  0.79250931  0.28035876
   0.50750000  0.83753000  0.11288000
   0.58831952  0.70707832  0.41452372
   0.39311720  0.82281021  0.51694176
   0.64676350  0.96126640  0.21487913
   0.45012062  0.58321434  0.31641523
   0.57191000  0.54636000  0.07986000
   0.37913324  0.67043396  0.18017330
   0.65310363  0.91560664  0.38191314
   0.46507097  0.54508730  0.48755507
   0.51553968  0.79226321  0.28054523
   0.84083000  0.83753000  0.11288000
   0.72808724  0.82484286  0.52182464
   0.97994918  0.96160086  0.21517674
   0.78373405  0.58415708  0.31609737
   0.90524000  0.54636000  0.07986000
   0.71262294  0.67082365  0.18022183
   0.98644804  0.91657448  0.38339535
   0.79980339  0.54390004  0.48529817
   0.84923672  0.79330584  0.28073744
   0.92252580  0.70736151  0.41382530
   0.78026605  0.62005343  0.65000862
   0.61611003  0.13636665  0.59538300
   0.92552949  0.75529524  0.60038341
   0.72503004  0.55096585  0.68724986
   0.80446704  0.53357545  0.74197911
   0.76557072  0.44645960  0.75662438
   0.93406427  0.55860904  0.73917219
   0.76288080  0.58594964  0.77496703
   0.60443822  0.49960135  0.67985566
