   0.18174019  0.06516898  0.19550888
   0.25402168  0.43586135  0.50276390
   0.03971000  0.44194000  0.09637000
   0.31844066  0.19054560  0.30012732
   0.11789485  0.31502710  0.40137786
   0.51449393  0.06447115  0.19464623
   0.58552028  0.44401692  0.50085472
   0.37304000  0.44194000  0.09637000
   0.65099161  0.18914717  0.29786333
   0.45421466  0.31663093  0.40251198
   0.84818752  0.06471165  0.19453561
   0.92754125  0.44037987  0.50087004
   0.70637000  0.44194000  0.09637000
   0.98489550  0.18948102  0.29781806
   0.78551928  0.31321790  0.39974277
   0.18010791  0.56540743  0.19543928
   0.26837510  0.93604175  0.50380051
   0.03971000  0.94194000  0.09637000
   0.31695108  0.69081580  0.29860217
   0.12256330  0.81661274  0.39857773
   0.51308030  0.56434641  0.19464354
   0.60183983  0.93431401  0.50448663
   0.37304000  0.94194000  0.09637000
   0.64937714  0.68919566  0.29692694
   0.45519269  0.81742612  0.39934085
   0.84704324  0.56507467  0.19505680
   0.93295150  0.93152934  0.50105305
   0.70637000  0.94194000  0.09637000
   0.98361709  0.69028888  0.29778121
   0.78734797  0.81518004  0.39699293
   0.60497501  0.19292488  0.50902140
   0.03971000  0.19194000  0.09637000
   0.31655582  0.44028983  0.29861084
   0.12184548  0.06175698  0.39988074
   0.18031091  0.31662976  0.19743825
   0.25850485  0.19352930  0.49501318
   0.37304000  0.19194000  0.09637000
   0.64970218  0.43872441  0.29683212
   0.45957229  0.06794375  0.40579252
   0.51289593  0.31543914  0.19673740
   0.70637000  0.19194000  0.09637000
   0.98348957  0.44004401  0.29769662
   0.79024384  0.06061276  0.39749100
   0.84675057  0.31620281  0.19696196
   0.91325224  0.18483538  0.49924346
   0.03971000  0.69194000  0.09637000
   0.31993157  0.94378027  0.30080885
   0.12066772  0.56284771  0.39889116
   0.18094080  0.81787747  0.19812571
   0.25787837  0.69514241  0.49468228
   0.37304000  0.69194000  0.09637000
   0.65058258  0.93921554  0.29608858
   0.45128977  0.56397717  0.39951127
   0.51293756  0.81539337  0.19536442
   0.58868322  0.69639587  0.49463342
   0.70637000  0.69194000  0.09637000
   0.98483590  0.93974589  0.29706284
   0.84731259  0.81571177  0.19553635
   0.92644993  0.69574514  0.49168677
   0.78685110  0.56216786  0.39709578
   0.17417000  0.33753000  0.11288000
   0.25340522  0.20804886  0.41243280
   0.05201230  0.32903237  0.51033271
   0.31438871  0.46185271  0.21469548
   0.11873006  0.08470565  0.31542342
   0.23858000  0.04636000  0.07986000
   0.04739151  0.17128718  0.18021931
   0.31805850  0.41917389  0.38251556
   0.13466936  0.04501714  0.48678325
   0.18408471  0.29410482  0.28066770
   0.50750000  0.33753000  0.11288000
   0.58842967  0.21475925  0.42440547
   0.38835038  0.33148049  0.51286813
   0.64769751  0.46060275  0.21306008
   0.45427156  0.08887273  0.32062834
   0.57191000  0.04636000  0.07986000
   0.38042201  0.17043907  0.17979623
   0.65264032  0.41772939  0.38096050
   0.46974910  0.04630125  0.49116030
   0.51710910  0.29310638  0.27976231
   0.84083000  0.33753000  0.11288000
   0.91830609  0.20725948  0.41464730
   0.72024536  0.34853585  0.52410854
   0.98136736  0.46154080  0.21387356
   0.78523039  0.08463107  0.31359300
   0.90524000  0.04636000  0.07986000
   0.71369188  0.17082738  0.17998387
   0.98384008  0.41887110  0.38153232
   0.80086095  0.03451210  0.47974671
   0.85034931  0.29388419  0.28006509
   0.17417000  0.83753000  0.11288000
   0.25519946  0.70908392  0.41142475
   0.06847222  0.82582920  0.51075394
   0.31709933  0.96287868  0.21618201
   0.11734692  0.58540331  0.31508699
   0.23858000  0.54636000  0.07986000
   0.04661074  0.67240593  0.18073685
   0.32192876  0.92346475  0.38495363
   0.12756369  0.54802877  0.48556332
   0.18403269  0.79686803  0.28183178
   0.50619000  0.83294000  0.10916000
   0.58772469  0.70915016  0.41141265
   0.39908222  0.82631478  0.51373660
   0.64877147  0.96000019  0.21202090
   0.45015640  0.58546867  0.31582281
   0.57191000  0.54636000  0.07986000
   0.37927300  0.67093724  0.17983004
   0.65271323  0.91812992  0.37919733
   0.45501105  0.55037261  0.48608193
   0.51583129  0.79362425  0.27871370
   0.83992000  0.83287000  0.10930000
   0.73258339  0.82406132  0.51467935
   0.98263635  0.96059358  0.21280844
   0.78320241  0.58401110  0.31325711
   0.90524000  0.54636000  0.07986000
   0.71257618  0.67107396  0.18004220
   0.98684112  0.91903751  0.38089234
   0.79413848  0.55046561  0.48380767
   0.84920181  0.79423650  0.27908668
   0.92176019  0.70791096  0.40836411
   0.78112617  0.59180141  0.65860745
   0.75486274  0.15069749  0.58772941
   0.75550383  0.44474240  0.60228698
   0.76172778  0.60487364  0.71097332
   0.73509901  0.51397665  0.75393092
   0.65246397  0.52751356  0.78765069
   0.69379840  0.43196987  0.73293006
   0.84858596  0.51435248  0.77538851
   0.76697400  0.69096277  0.72633105
