   0.18222062  0.06441500  0.19401317
   0.24717678  0.44428092  0.49853084
   0.03971000  0.44194000  0.09637000
   0.31973292  0.19035271  0.29748251
   0.11833679  0.31690191  0.39869493
   0.51549391  0.06415757  0.19370274
   0.58074648  0.44852694  0.49897737
   0.37304000  0.44194000  0.09637000
   0.65289669  0.18974605  0.29618242
   0.44965410  0.31737699  0.40245935
   0.84892519  0.06416314  0.19404190
   0.91676763  0.44242418  0.50079450
   0.70637000  0.44194000  0.09637000
   0.98644294  0.18944384  0.29709162
   0.78267554  0.31584350  0.39781347
   0.18062826  0.56419783  0.19390251
   0.28387843  0.93192156  0.50115444
   0.03971000  0.94194000  0.09637000
   0.31734355  0.68961885  0.29620456
   0.12707369  0.81521635  0.39606292
   0.51398733  0.56435686  0.19404285
   0.61796103  0.93311894  0.49979206
   0.37304000  0.94194000  0.09637000
   0.65091476  0.68954281  0.29650691
   0.45981144  0.81521323  0.39556911
   0.84724593  0.56437863  0.19395530
   0.95147109  0.93399534  0.50121654
   0.70637000  0.94194000  0.09637000
   0.98410778  0.68961088  0.29635692
   0.79395062  0.81504872  0.39603328
   0.57676799  0.18864831  0.50164285
   0.03971000  0.19194000  0.09637000
   0.31639470  0.43958020  0.29601037
   0.13020662  0.06246830  0.40060060
   0.18100904  0.31517054  0.19531781
   0.27478907  0.19324861  0.49973586
   0.37304000  0.19194000  0.09637000
   0.64879803  0.43954342  0.29635166
   0.46498710  0.06308217  0.39846027
   0.51436588  0.31551177  0.19504282
   0.70637000  0.19194000  0.09637000
   0.98284719  0.43965206  0.29589682
   0.79501850  0.06181630  0.39830930
   0.84786006  0.31523649  0.19505878
   0.93245706  0.19446439  0.49273754
   0.03971000  0.69194000  0.09637000
   0.32069371  0.94115272  0.29644980
   0.11653663  0.56438461  0.39688799
   0.18096147  0.81593823  0.19551049
   0.25612465  0.69644902  0.49252089
   0.37304000  0.69194000  0.09637000
   0.65406075  0.93994540  0.29627297
   0.44995956  0.56547260  0.39674767
   0.51434533  0.81557899  0.19541203
   0.58678582  0.70250001  0.49228817
   0.70637000  0.69194000  0.09637000
   0.98806016  0.94094445  0.29722488
   0.84790675  0.81604597  0.19571360
   0.92378394  0.69740324  0.49243703
   0.78438501  0.56410446  0.39712859
   0.17333000  0.33321000  0.10959000
   0.24855417  0.21013582  0.41619860
   0.04585805  0.33557825  0.51179293
   0.31508880  0.45990373  0.21174259
   0.12143545  0.08612343  0.31591303
   0.23858000  0.04636000  0.07986000
   0.04772091  0.17053330  0.17989400
   0.31559328  0.42047876  0.37975451
   0.15127719  0.04152817  0.48638886
   0.18485965  0.29352062  0.27872259
   0.50648000  0.33297000  0.10887000
   0.58713058  0.21190442  0.41791811
   0.38411500  0.34499820  0.50299620
   0.64842216  0.46016713  0.21189428
   0.45494218  0.08689236  0.31492979
   0.57191000  0.04636000  0.07986000
   0.38131735  0.17072318  0.17975382
   0.64863554  0.41980205  0.38084084
   0.48302540  0.03530043  0.48093023
   0.51849926  0.29392926  0.27845246
   0.83998000  0.33294000  0.10911000
   0.91727323  0.21033122  0.41115647
   0.71078920  0.33723582  0.51843375
   0.98164837  0.46000337  0.21169072
   0.78694704  0.08525482  0.31421061
   0.90524000  0.04636000  0.07986000
   0.71460123  0.17051875  0.17983545
   0.98167280  0.41989841  0.37996508
   0.81893647  0.04351580  0.48487624
   0.85196159  0.29349466  0.27849628
   0.17323000  0.83311000  0.10949000
   0.25968494  0.70760526  0.40810413
   0.08171648  0.82214882  0.51111428
   0.31696415  0.96068839  0.21235090
   0.11739973  0.58435192  0.31268123
   0.23858000  0.54636000  0.07986000
   0.04663595  0.67115278  0.18010663
   0.32573676  0.91989182  0.37970173
   0.11545896  0.55320573  0.48412050
   0.18420410  0.79518602  0.27902643
   0.50655000  0.83318000  0.10951000
   0.59428480  0.70810796  0.40747351
   0.41693300  0.82033132  0.51035478
   0.65016149  0.96017023  0.21213318
   0.45091561  0.58430162  0.31250802
   0.57191000  0.54636000  0.07986000
   0.37986899  0.67101613  0.18004526
   0.65950847  0.91947152  0.38015363
   0.44953833  0.55864055  0.48381654
   0.51759140  0.79477932  0.27897175
   0.83988000  0.83312000  0.10940000
   0.75007060  0.82459811  0.51076310
   0.98382814  0.96061734  0.21286158
   0.78410763  0.58395086  0.31297186
   0.90524000  0.54636000  0.07986000
   0.71336044  0.67136914  0.18015461
   0.99283568  0.92004836  0.38115052
   0.78624174  0.55224081  0.48463297
   0.85110202  0.79523663  0.27944295
   0.92675807  0.70733695  0.40838062
   0.78046477  0.53873408  0.66764077
   0.42635143  0.16565342  0.58603835
   0.72192488  0.40210236  0.60323464
   0.79367945  0.54465479  0.72040934
   0.76524312  0.44728973  0.75971669
   0.69057269  0.46045779  0.79627745
   0.71288341  0.37042218  0.73652017
   0.87994701  0.44023473  0.77834442
   0.83199515  0.62910685  0.73975348
