   0.29013211  0.43181657  0.49209928
   0.17893440  0.06422318  0.18486093
   0.03971000  0.44194000  0.08602000
   0.31571130  0.18813036  0.28857113
   0.12955415  0.31199389  0.38946552
   0.51224728  0.06424389  0.18479514
   0.62109294  0.43056339  0.49140771
   0.37304000  0.44194000  0.08602000
   0.64915889  0.18809804  0.28839269
   0.46283343  0.31201090  0.38857904
   0.84556668  0.06417276  0.18485063
   0.95983485  0.42932065  0.49236228
   0.70637000  0.44194000  0.08602000
   0.98245887  0.18809874  0.28854184
   0.79624591  0.31204409  0.38895944
   0.18119678  0.56355070  0.18470240
   0.25132658  0.93965870  0.49364335
   0.03971000  0.94194000  0.08602000
   0.31646910  0.68833419  0.28806918
   0.11034731  0.81677854  0.39011845
   0.51458118  0.56362839  0.18478488
   0.58356017  0.93831871  0.49349940
   0.37304000  0.94194000  0.08602000
   0.64974172  0.68854696  0.28824314
   0.44364716  0.81691658  0.38982941
   0.84792764  0.56361729  0.18469953
   0.91725671  0.93950597  0.49356552
   0.70637000  0.94194000  0.08602000
   0.98337476  0.68856407  0.28811904
   0.77700260  0.81677570  0.39014027
   0.03971000  0.19194000  0.08602000
   0.32014237  0.43801499  0.28803270
   0.11567381  0.06239710  0.38948245
   0.17963081  0.31534971  0.18695861
   0.26186841  0.19442838  0.48454919
   0.37304000  0.19194000  0.08602000
   0.65375180  0.43858630  0.28842937
   0.44823617  0.06265243  0.38949875
   0.51305303  0.31563228  0.18714148
   0.59640708  0.19277255  0.48427589
   0.70637000  0.19194000  0.08602000
   0.98682865  0.43820138  0.28814862
   0.78121784  0.06189738  0.38913113
   0.84634444  0.31548649  0.18703123
   0.93039316  0.19090218  0.48353284
   0.03971000  0.69194000  0.08602000
   0.31154449  0.93960199  0.28775760
   0.12956539  0.55972642  0.38961722
   0.17902986  0.81541169  0.18671056
   0.26365764  0.69243913  0.48508670
   0.37304000  0.69194000  0.08602000
   0.64470356  0.93930371  0.28756784
   0.46202281  0.55964449  0.38979417
   0.51227138  0.81527582  0.18665196
   0.59710034  0.69326452  0.48517831
   0.70637000  0.69194000  0.08602000
   0.97822110  0.93942331  0.28781528
   0.84568711  0.81536416  0.18673209
   0.93161103  0.69543011  0.48655222
   0.79526175  0.56061576  0.39023052
   0.17417000  0.33753000  0.10253000
   0.26333170  0.20333737  0.39977007
   0.09131842  0.31813503  0.49473939
   0.31574762  0.46027496  0.20437494
   0.11560562  0.08271882  0.30511895
   0.23858000  0.04636000  0.06951000
   0.04527120  0.17049347  0.16976927
   0.32875268  0.41629249  0.37195203
   0.11958051  0.05087668  0.47724272
   0.18262403  0.29294323  0.27036513
   0.50750000  0.33753000  0.10253000
   0.59548572  0.20394135  0.40015843
   0.42191475  0.32123337  0.49964036
   0.64916670  0.46049709  0.20472516
   0.44911492  0.08294348  0.30510743
   0.57191000  0.04636000  0.06951000
   0.37873396  0.17078752  0.16987262
   0.66266669  0.41759952  0.37281167
   0.45334657  0.04984600  0.47722343
   0.51618738  0.29342398  0.27077272
   0.84083000  0.33753000  0.10253000
   0.92791970  0.20284791  0.39949814
   0.75489660  0.32126903  0.49821896
   0.98232178  0.46039472  0.20447457
   0.78209669  0.08263662  0.30481516
   0.90524000  0.04636000  0.06951000
   0.71200521  0.17065812  0.16983287
   0.99484065  0.41654616  0.37208973
   0.78536001  0.04932347  0.47695988
   0.84930090  0.29310164  0.27051330
   0.17417000  0.83753000  0.10253000
   0.24413059  0.71043185  0.40349584
   0.05078452  0.83429243  0.50368539
   0.31304946  0.96066504  0.20399428
   0.11771986  0.58438131  0.30619933
   0.23858000  0.54636000  0.06951000
   0.04723175  0.66977901  0.16964583
   0.30849020  0.92027781  0.37210233
   0.15678918  0.54020985  0.47504845
   0.18188929  0.79246126  0.26996551
   0.50750000  0.83753000  0.10253000
   0.57733679  0.70997080  0.40342945
   0.38272045  0.83203198  0.50333881
   0.64623003  0.96052023  0.20385693
   0.45114118  0.58415420  0.30622737
   0.57191000  0.54636000  0.06951000
   0.38050902  0.66967569  0.16961171
   0.64186091  0.91978990  0.37185197
   0.48976040  0.54111413  0.47631233
   0.51500996  0.79222465  0.26986902
   0.84083000  0.83753000  0.10253000
   0.71690097  0.83235146  0.50306299
   0.97967428  0.96057605  0.20405063
   0.78470882  0.58476337  0.30673757
   0.90524000  0.54636000  0.06951000
   0.71390963  0.66974884  0.16966333
   0.97531866  0.91989783  0.37221310
   0.82246149  0.54236687  0.48000375
   0.84847880  0.79234899  0.27001836
   0.91039194  0.70972923  0.40469334
   0.70251140  0.62730786  0.63236515
   0.05707744  0.45276608  0.63467775
   0.86683502  0.52961153  0.58684772
   0.65503184  0.62211355  0.68266781
   0.67575653  0.53814013  0.72627954
   0.56014498  0.50303247  0.74649377
   0.72914452  0.47188849  0.70862366
   0.75167765  0.58121590  0.76135905
   0.59101121  0.68655300  0.69677170
