   0.17962528  0.06449134  0.19493521
   0.28911925  0.43067123  0.50139794
   0.03971000  0.44194000  0.09637000
   0.31726585  0.18927294  0.29756466
   0.13097093  0.31297798  0.39696151
   0.51295304  0.06416586  0.19451715
   0.61822569  0.43292444  0.49697609
   0.37304000  0.44194000  0.09637000
   0.65060921  0.18870316  0.29691427
   0.46371236  0.31251480  0.39703130
   0.84624853  0.06424457  0.19473918
   0.95939565  0.43096166  0.49775505
   0.70637000  0.44194000  0.09637000
   0.98384325  0.18865725  0.29714300
   0.79747755  0.31174161  0.39530451
   0.18176105  0.56470518  0.19438176
   0.24192049  0.94297150  0.50085483
   0.03971000  0.94194000  0.09637000
   0.31739104  0.69102039  0.29772555
   0.10968343  0.81831244  0.39925736
   0.51487390  0.56415180  0.19398312
   0.57823893  0.94393757  0.50374459
   0.37304000  0.94194000  0.09637000
   0.64994278  0.68976116  0.29698170
   0.44108591  0.81943309  0.40371516
   0.84839939  0.56434443  0.19409260
   0.90626324  0.93752284  0.50318633
   0.70637000  0.94194000  0.09637000
   0.98384713  0.68994711  0.29751674
   0.77328798  0.81745920  0.40000774
   0.57335782  0.69165309  0.49991674
   0.03971000  0.19194000  0.09637000
   0.32137816  0.43918913  0.29606850
   0.11441849  0.06389914  0.39923642
   0.18050958  0.31529474  0.19548098
   0.26223395  0.19346967  0.49511509
   0.37304000  0.19194000  0.09637000
   0.65419575  0.43804404  0.29569347
   0.44921715  0.06654343  0.40065606
   0.51403588  0.31479502  0.19511918
   0.58930835  0.19984826  0.49907778
   0.70637000  0.19194000  0.09637000
   0.98874360  0.43957187  0.29650828
   0.78019870  0.06391210  0.39966793
   0.84764614  0.31526498  0.19567339
   0.93624622  0.18898553  0.49427635
   0.03971000  0.69194000  0.09637000
   0.31335788  0.94187958  0.29823265
   0.13024410  0.56183633  0.39860131
   0.17991642  0.81620702  0.19626313
   0.26735825  0.69119901  0.49877215
   0.37304000  0.69194000  0.09637000
   0.64518754  0.94061101  0.29794679
   0.46259622  0.56176859  0.39742260
   0.51346975  0.81584001  0.19593194
   0.70637000  0.69194000  0.09637000
   0.97912994  0.94054526  0.29786567
   0.84605377  0.81583559  0.19676081
   0.92811433  0.69390130  0.49158856
   0.79486241  0.56055065  0.39653804
   0.17299892  0.33275317  0.10934666
   0.26319284  0.20546867  0.41047719
   0.08673341  0.31999422  0.51100876
   0.31603676  0.46008935  0.21214101
   0.11733471  0.08441950  0.31477273
   0.23858000  0.04636000  0.07986000
   0.04553436  0.17085079  0.18011615
   0.33011013  0.41589727  0.37906944
   0.11085833  0.05390963  0.48735487
   0.18391792  0.29373299  0.27896170
   0.50633000  0.33253000  0.10912000
   0.59957734  0.20791792  0.41337415
   0.42327416  0.31891026  0.51295026
   0.64938675  0.45949973  0.21172034
   0.45152290  0.08563243  0.31586325
   0.57191000  0.04636000  0.07986000
   0.37902523  0.17060913  0.17995308
   0.66365607  0.41565534  0.37973398
   0.44692639  0.05889035  0.48863597
   0.51761011  0.29342988  0.27864832
   0.83990636  0.33285451  0.10948074
   0.92874664  0.20576977  0.41107069
   0.75325681  0.32973148  0.52196548
   0.98298053  0.46024390  0.21244922
   0.78364215  0.08448009  0.31502887
   0.90524000  0.04636000  0.07986000
   0.71240227  0.17088100  0.18021289
   0.99635862  0.41675666  0.38019013
   0.78225503  0.05257799  0.48761672
   0.85110373  0.29408016  0.27939530
   0.17290933  0.83279249  0.10953531
   0.23925814  0.71146848  0.41537064
   0.04132020  0.83363848  0.51177276
   0.31422237  0.96089384  0.21346834
   0.11869721  0.58583259  0.31466989
   0.23858000  0.54636000  0.07986000
   0.04745934  0.67113565  0.18021943
   0.30770238  0.92443413  0.38226798
   0.15469883  0.53667609  0.48242268
   0.18233802  0.79522531  0.28001028
   0.50633904  0.83274556  0.10942011
   0.57564600  0.71145004  0.41552907
   0.37738144  0.84315563  0.50366499
   0.64729283  0.96068764  0.21328993
   0.45134966  0.58580375  0.31408592
   0.57191000  0.54636000  0.07986000
   0.38074840  0.67088498  0.18008523
   0.64026676  0.92221069  0.38207453
   0.48644171  0.53429778  0.47936133
   0.51590618  0.79444228  0.27937367
   0.83842780  0.83277405  0.11088244
   0.70528571  0.83477806  0.51415792
   0.98078063  0.96090113  0.21367687
   0.78398814  0.58403325  0.31329079
   0.90524000  0.54636000  0.07986000
   0.71392741  0.67048485  0.18014150
   0.97360541  0.92211458  0.38183891
   0.82363679  0.53921481  0.48243670
   0.84887086  0.79388930  0.27996668
   0.90861289  0.71052615  0.41008016
   0.80319482  0.61664797  0.63088554
   0.39170021  0.65184991  0.58327341
   0.78593100  0.44408568  0.59653688
   0.80583311  0.66214003  0.67846683
   0.79765275  0.60254652  0.73426954
   0.71190802  0.62837838  0.76329604
   0.76854343  0.51187771  0.72778702
   0.91406897  0.62723794  0.75548858
   0.81811052  0.75402546  0.67949130
