   0.17869726  0.06491102  0.19533438
   0.26903542  0.43265251  0.50175028
   0.03971000  0.44194000  0.09637000
   0.31443719  0.18891067  0.29928506
   0.11936099  0.31292531  0.40193082
   0.51226481  0.06499073  0.19560480
   0.60374327  0.43373719  0.49979615
   0.37304000  0.44194000  0.09637000
   0.64835064  0.18940176  0.29949408
   0.45296655  0.31161344  0.40298856
   0.84542559  0.06488024  0.19517895
   0.93694288  0.43511922  0.50120151
   0.70637000  0.44194000  0.09637000
   0.98130818  0.18954293  0.29953717
   0.78392648  0.31312778  0.40357630
   0.18004157  0.56428381  0.19528013
   0.26229544  0.93239289  0.50885059
   0.03971000  0.94194000  0.09637000
   0.31613880  0.68886241  0.29847683
   0.11860384  0.81475398  0.39584932
   0.51332693  0.56342012  0.19472557
   0.59209986  0.93552250  0.50797233
   0.37304000  0.94194000  0.09637000
   0.64837063  0.68772429  0.29692466
   0.45057102  0.81630988  0.39929629
   0.84679299  0.56382918  0.19540379
   0.92361013  0.93540946  0.50707673
   0.70637000  0.94194000  0.09637000
   0.98259608  0.68834206  0.29747089
   0.78329378  0.81480332  0.39719884
   0.92692430  0.68881309  0.49192945
   0.03971000  0.19194000  0.09637000
   0.31608811  0.43799653  0.29833841
   0.11793771  0.05937596  0.40182765
   0.17909257  0.31559004  0.19634528
   0.26466318  0.18710043  0.49711115
   0.37304000  0.19194000  0.09637000
   0.64873849  0.43675118  0.29706187
   0.45278573  0.06208172  0.40161075
   0.51177834  0.31480895  0.19694013
   0.59312309  0.18570887  0.50510569
   0.70637000  0.19194000  0.09637000
   0.98354653  0.43844002  0.29900361
   0.78496336  0.06127034  0.40067791
   0.84542366  0.31609823  0.19741883
   0.92059369  0.19224741  0.49681701
   0.03971000  0.69194000  0.09637000
   0.31544200  0.94114847  0.29790550
   0.12441428  0.56067509  0.40010677
   0.17853827  0.81626841  0.19734824
   0.26430134  0.69123158  0.49626800
   0.37304000  0.69194000  0.09637000
   0.64753088  0.94038337  0.29798120
   0.45687708  0.56003118  0.39992266
   0.51222313  0.81583122  0.19699947
   0.59363000  0.69430505  0.49553157
   0.70637000  0.69194000  0.09637000
   0.98099047  0.94076240  0.29794271
   0.84578071  0.81578586  0.19708505
   0.78951065  0.55986620  0.39646459
   0.17310000  0.33301000  0.10976000
   0.25001066  0.20379405  0.41480729
   0.06720189  0.32610968  0.51170322
   0.31388516  0.46032802  0.21398943
   0.11505723  0.08494704  0.31735113
   0.23858000  0.04636000  0.07986000
   0.04480262  0.17114041  0.18014646
   0.31919770  0.41612616  0.38258846
   0.12939829  0.03867469  0.49015488
   0.18067903  0.29317668  0.28000294
   0.50750000  0.33753000  0.11288000
   0.58488522  0.20537335  0.41945865
   0.40031983  0.32628318  0.50908053
   0.64764602  0.45949916  0.21339820
   0.44964486  0.08555336  0.31687890
   0.57191000  0.04636000  0.07986000
   0.37770397  0.17055603  0.18009044
   0.65058109  0.41621151  0.38082036
   0.45592456  0.03734496  0.48506687
   0.51324937  0.29219808  0.27990555
   0.84083000  0.33753000  0.11288000
   0.91948375  0.20604679  0.41368060
   0.73849840  0.33072789  0.50757041
   0.98184990  0.46089261  0.21489842
   0.78225817  0.08492198  0.31656913
   0.90524000  0.04636000  0.07986000
   0.71156276  0.17095556  0.18019664
   0.98623322  0.41783343  0.38307740
   0.79733633  0.04242587  0.48627245
   0.84755457  0.29377207  0.28064912
   0.17417000  0.83753000  0.11288000
   0.25051219  0.71009468  0.41429359
   0.04711470  0.82085703  0.52759225
   0.31318687  0.96144031  0.21447865
   0.11712265  0.58469039  0.31668937
   0.23858000  0.54636000  0.07986000
   0.04617744  0.67063961  0.18031662
   0.31570099  0.91869084  0.38100515
   0.13888817  0.54400164  0.48668660
   0.18202193  0.79367721  0.28075595
   0.50750000  0.83753000  0.11288000
   0.58435642  0.70928384  0.41288666
   0.38953653  0.82332100  0.51974128
   0.64664267  0.96131171  0.21422429
   0.44932123  0.58378939  0.31623213
   0.57191000  0.54636000  0.07986000
   0.37967838  0.67017161  0.18005683
   0.64870502  0.91823724  0.38151500
   0.47093284  0.54484902  0.48675060
   0.51504461  0.79294671  0.28015515
   0.84083000  0.83753000  0.11288000
   0.72522898  0.82696678  0.51858149
   0.97988867  0.96145015  0.21436228
   0.78269794  0.58268188  0.31314403
   0.90524000  0.54636000  0.07986000
   0.71287013  0.67018352  0.18018017
   0.98242006  0.91782929  0.38171330
   0.80552559  0.54555460  0.48189924
   0.84842666  0.79310789  0.28031900
   0.91886206  0.70879341  0.41022670
   0.77624072  0.59149522  0.64546640
   0.60010160  0.13384078  0.59835039
   0.94052362  0.72871342  0.60080342
   0.71634223  0.54264042  0.68877253
   0.79951086  0.53102762  0.74376423
   0.75907444  0.44615173  0.76064033
   0.92894657  0.55297510  0.73913447
   0.76203918  0.58710279  0.77573234
   0.58731579  0.50445251  0.68750000
