   0.18177672  0.06477044  0.19548097
   0.24309051  0.44316345  0.50213154
   0.03971000  0.44194000  0.09637000
   0.31866246  0.19031156  0.30002349
   0.11459300  0.31751886  0.40171655
   0.51444110  0.06491116  0.19491856
   0.57469561  0.44852358  0.50043737
   0.37304000  0.44194000  0.09637000
   0.65154458  0.18993814  0.29896877
   0.45062314  0.31822531  0.40252367
   0.84790449  0.06408045  0.19439329
   0.91582899  0.44804252  0.50060545
   0.70637000  0.44194000  0.09637000
   0.98493702  0.18932999  0.29800616
   0.78221728  0.31588580  0.40176845
   0.17897999  0.56436658  0.19504767
   0.28512548  0.93459170  0.50398096
   0.03971000  0.94194000  0.09637000
   0.31604662  0.68971454  0.29753367
   0.12451536  0.81630509  0.39894127
   0.51266401  0.56450850  0.19554034
   0.61815586  0.93218001  0.50308116
   0.37304000  0.94194000  0.09637000
   0.64942966  0.68953528  0.29765970
   0.45756530  0.81622928  0.39752097
   0.84614046  0.56487279  0.19572771
   0.95184302  0.93503106  0.50144250
   0.70637000  0.94194000  0.09637000
   0.98299071  0.69000955  0.29879574
   0.79059394  0.81541719  0.39708589
   0.60713800  0.19078224  0.50466146
   0.03971000  0.19194000  0.09637000
   0.31424167  0.43924411  0.29771668
   0.12833457  0.06220739  0.40033784
   0.17988443  0.31528124  0.19696905
   0.26189810  0.19767051  0.49545049
   0.37304000  0.19194000  0.09637000
   0.64824689  0.44058911  0.29942256
   0.46359406  0.06452843  0.40403682
   0.51306418  0.31661241  0.19780665
   0.70637000  0.19194000  0.09637000
   0.98077324  0.43993349  0.29824425
   0.79603021  0.06076244  0.39866180
   0.84605954  0.31608638  0.19723199
   0.91569223  0.19136543  0.49950852
   0.03971000  0.69194000  0.09637000
   0.31992577  0.94258542  0.30003695
   0.11492646  0.56544921  0.39891128
   0.18026165  0.81718517  0.19791479
   0.25216490  0.69919529  0.49426695
   0.37304000  0.69194000  0.09637000
   0.65183196  0.93986489  0.29642864
   0.44652118  0.56563716  0.39818584
   0.51303632  0.81525689  0.19545260
   0.58306387  0.69943146  0.49393278
   0.70637000  0.69194000  0.09637000
   0.98606589  0.93997073  0.29764690
   0.84749962  0.81529426  0.19599727
   0.91332868  0.70449766  0.49604937
   0.78240506  0.56668975  0.40014645
   0.17417000  0.33753000  0.11288000
   0.25000490  0.21084706  0.41351402
   0.04196276  0.33770627  0.51035278
   0.31349370  0.46055177  0.21380799
   0.11953476  0.08499143  0.31615571
   0.23858000  0.04636000  0.07986000
   0.04712122  0.17014224  0.17989781
   0.31432490  0.42024950  0.38183656
   0.15295449  0.04496332  0.48752909
   0.18364381  0.29290598  0.28002805
   0.50750000  0.33753000  0.11288000
   0.58283571  0.21305319  0.42194990
   0.37736603  0.33882220  0.51369818
   0.64711532  0.46148165  0.21526521
   0.45427472  0.08782079  0.31956226
   0.57191000  0.04636000  0.07986000
   0.38062983  0.17139310  0.18027821
   0.64875349  0.42062620  0.38383937
   0.48535510  0.04086899  0.48930201
   0.51711650  0.29426382  0.28130130
   0.84083000  0.33753000  0.11288000
   0.91583801  0.20934799  0.41569911
   0.70933572  0.34643788  0.51446868
   0.98015425  0.46115982  0.21430215
   0.78601785  0.08516588  0.31483049
   0.90524000  0.04636000  0.07986000
   0.71387793  0.17076192  0.17999904
   0.97952512  0.42024646  0.38225050
   0.81680529  0.03658079  0.48234760
   0.85013303  0.29354242  0.28031521
   0.17417000  0.83753000  0.11288000
   0.25792397  0.70899469  0.41003896
   0.08304546  0.82566809  0.51268106
   0.31673541  0.96244078  0.21574053
   0.11624518  0.58469749  0.31488119
   0.23858000  0.54636000  0.07986000
   0.04583458  0.67165459  0.18052798
   0.32391364  0.92225192  0.38408426
   0.11519532  0.55479392  0.48556414
   0.18331153  0.79604768  0.28142841
   0.50619000  0.83294000  0.10916000
   0.59034520  0.70838795  0.40923279
   0.41552348  0.82194016  0.51289960
   0.64858493  0.96021498  0.21227445
   0.44926282  0.58427846  0.31396927
   0.57191000  0.54636000  0.07986000
   0.37860511  0.67061901  0.17991913
   0.65620801  0.91928756  0.37991296
   0.44392609  0.55571990  0.48533637
   0.51594416  0.79404227  0.27889951
   0.83992000  0.83287000  0.10930000
   0.75055771  0.82033781  0.51183158
   0.98241404  0.96017457  0.21327936
   0.78284887  0.58517115  0.31600982
   0.90524000  0.54636000  0.07986000
   0.71220948  0.67103886  0.18025162
   0.99040271  0.92045815  0.38192464
   0.78011454  0.55853085  0.48697798
   0.84984107  0.79459052  0.27984644
   0.92509171  0.70945973  0.41080219
   0.76242333  0.55649327  0.65457598
   0.74983057  0.16345476  0.58985569
   0.73290414  0.39700729  0.60482724
   0.76278862  0.58442589  0.70557087
   0.73373697  0.50564628  0.75499332
   0.64501834  0.52778241  0.78431514
   0.69600004  0.41886136  0.74002678
   0.84408265  0.51555556  0.78020344
   0.78916505  0.67523337  0.71573104
