   0.17779516  0.06421997  0.19544412
   0.28672312  0.42941351  0.50180878
   0.03971000  0.44194000  0.09637000
   0.31402986  0.18784993  0.29870604
   0.12872179  0.31090672  0.39862891
   0.51107084  0.06431254  0.19553087
   0.61996415  0.43140180  0.50206413
   0.37304000  0.44194000  0.09637000
   0.64752036  0.18786333  0.29892379
   0.46193241  0.31105678  0.39872202
   0.84426854  0.06422178  0.19545473
   0.95374473  0.42829311  0.50145037
   0.70637000  0.44194000  0.09637000
   0.98084907  0.18786603  0.29859461
   0.79559400  0.31109906  0.39859791
   0.18004845  0.56399170  0.19518676
   0.24702020  0.93871903  0.50341708
   0.03971000  0.94194000  0.09637000
   0.31521376  0.68877508  0.29909378
   0.10965308  0.81537650  0.40067726
   0.51342827  0.56394882  0.19517333
   0.58099513  0.94050839  0.50409644
   0.37304000  0.94194000  0.09637000
   0.64812191  0.68845864  0.29877915
   0.44044128  0.81685634  0.40399369
   0.84671315  0.56400545  0.19533885
   0.91221685  0.93789938  0.50519495
   0.70637000  0.94194000  0.09637000
   0.98184493  0.68847306  0.29879137
   0.77515318  0.81657680  0.40015968
   0.92847195  0.69335584  0.49591126
   0.03971000  0.19194000  0.09637000
   0.31901833  0.43777521  0.29782108
   0.11353285  0.06177535  0.40036322
   0.17914942  0.31491775  0.19622780
   0.25945877  0.19261899  0.49569918
   0.37304000  0.19194000  0.09637000
   0.65257682  0.43830712  0.29863891
   0.44644387  0.06244951  0.40025704
   0.51227245  0.31559332  0.19751173
   0.59247912  0.19516190  0.49525757
   0.70637000  0.19194000  0.09637000
   0.98632693  0.43828500  0.29827649
   0.77980337  0.06191528  0.40028369
   0.84528763  0.31552171  0.19739912
   0.92811752  0.19088674  0.49522859
   0.03971000  0.69194000  0.09637000
   0.31034225  0.93930401  0.29856938
   0.12808246  0.55920821  0.40048497
   0.17812022  0.81556991  0.19733296
   0.25841730  0.68808059  0.50093613
   0.37304000  0.69194000  0.09637000
   0.64284442  0.93916419  0.29867360
   0.46023545  0.55935085  0.40013610
   0.51134273  0.81552755  0.19728638
   0.59312027  0.69303643  0.49583643
   0.70637000  0.69194000  0.09637000
   0.97714360  0.93932471  0.29846790
   0.84464928  0.81556494  0.19730291
   0.79427588  0.55984092  0.40043731
   0.17310000  0.33301000  0.10976000
   0.26135063  0.20301461  0.41104660
   0.08604341  0.31746131  0.51156507
   0.31423075  0.45982817  0.21367048
   0.11384474  0.08303003  0.31578842
   0.23858000  0.04636000  0.07986000
   0.04412201  0.17061223  0.18010383
   0.32809412  0.41510113  0.38156547
   0.11512711  0.04937740  0.48824515
   0.18124439  0.29272861  0.27988964
   0.50750000  0.33753000  0.11288000
   0.59527604  0.20358009  0.41073245
   0.41963771  0.31982357  0.51119444
   0.64778772  0.46068652  0.21482789
   0.44727171  0.08291446  0.31573061
   0.57191000  0.04636000  0.07986000
   0.37754699  0.17085332  0.18029341
   0.66159486  0.41610280  0.38252115
   0.44947518  0.05270250  0.48786491
   0.51463200  0.29310108  0.28087097
   0.84083000  0.33753000  0.11288000
   0.92784867  0.20307088  0.41116237
   0.75165241  0.32177798  0.51180220
   0.98125297  0.46057418  0.21450731
   0.78065499  0.08277263  0.31576523
   0.90524000  0.04636000  0.07986000
   0.71076204  0.17071076  0.18015947
   0.99436653  0.41502480  0.38162292
   0.78384867  0.04942168  0.48806250
   0.84788602  0.29290380  0.28060970
   0.17417000  0.83753000  0.11288000
   0.24044791  0.70872452  0.41739891
   0.04369962  0.83186018  0.51759241
   0.31197240  0.96071596  0.21448559
   0.11642952  0.58464951  0.31680384
   0.23858000  0.54636000  0.07986000
   0.04594599  0.67015748  0.18004410
   0.30651835  0.91983195  0.38260297
   0.15077344  0.53399750  0.48410841
   0.18044103  0.79250218  0.28049421
   0.50750000  0.83753000  0.11288000
   0.57633093  0.70946799  0.41397404
   0.38252501  0.83579829  0.50746790
   0.64517011  0.96072246  0.21455951
   0.44924567  0.58394699  0.31641543
   0.57191000  0.54636000  0.07986000
   0.37926377  0.67002313  0.17997773
   0.63985530  0.91977858  0.38287888
   0.48696948  0.53961570  0.48606939
   0.51376520  0.79226728  0.28028201
   0.84083000  0.83753000  0.11288000
   0.71143876  0.83198356  0.51580098
   0.97852810  0.96072181  0.21448177
   0.78291991  0.58443325  0.31690792
   0.90524000  0.54636000  0.07986000
   0.71261338  0.67010700  0.18004181
   0.97457618  0.91926885  0.38267394
   0.82160240  0.54063968  0.48732968
   0.84714571  0.79238067  0.28045612
   0.90868399  0.71017069  0.41435521
   0.73632757  0.57125476  0.64613611
   0.25275539  0.65554191  0.60273400
   0.97703406  0.63635611  0.61111101
   0.68945609  0.53505635  0.69398750
   0.78933312  0.53021272  0.74560055
   0.75349032  0.44788921  0.76637707
   0.91607443  0.54920367  0.73526929
   0.76421618  0.59117999  0.77736487
   0.55969305  0.50412168  0.69904447
