   0.60807348  0.43152575  0.49270525
   0.17907622  0.06411376  0.18493958
   0.27798581  0.43295938  0.49190799
   0.03971000  0.44194000  0.08602000
   0.31510232  0.18809202  0.28873236
   0.12252461  0.31351971  0.38967480
   0.51243484  0.06419660  0.18494921
   0.37304000  0.44194000  0.08602000
   0.64865895  0.18838417  0.28882955
   0.45580303  0.31361244  0.38954697
   0.84572941  0.06403323  0.18494874
   0.94783705  0.43207179  0.49331278
   0.70637000  0.44194000  0.08602000
   0.98188472  0.18806123  0.28870911
   0.78934453  0.31382253  0.39042240
   0.18066155  0.56357751  0.18475160
   0.25890383  0.93747905  0.49413945
   0.03971000  0.94194000  0.08602000
   0.31647687  0.68804574  0.28832888
   0.11442527  0.81432855  0.39063864
   0.51405854  0.56375701  0.18491619
   0.59151876  0.93612677  0.49316312
   0.37304000  0.94194000  0.08602000
   0.64981686  0.68850858  0.28866404
   0.44852862  0.81507837  0.39006105
   0.84734721  0.56359863  0.18474475
   0.92552812  0.93862744  0.49389463
   0.70637000  0.94194000  0.08602000
   0.98334968  0.68821658  0.28833734
   0.78142268  0.81508917  0.39171019
   0.03971000  0.19194000  0.08602000
   0.31754424  0.43851747  0.28829398
   0.11783960  0.06090370  0.38992111
   0.17923186  0.31535471  0.18702237
   0.26057214  0.19304808  0.48465645
   0.37304000  0.19194000  0.08602000
   0.65108282  0.43931888  0.28902505
   0.45042286  0.06091848  0.38957842
   0.51273566  0.31580387  0.18732079
   0.59508169  0.19088542  0.48409410
   0.70637000  0.19194000  0.08602000
   0.98396133  0.43865828  0.28849956
   0.78424475  0.06123608  0.38970971
   0.84593945  0.31547382  0.18709594
   0.92794758  0.19229605  0.48455237
   0.03971000  0.69194000  0.08602000
   0.31329855  0.93879244  0.28795908
   0.12462738  0.56058921  0.39035990
   0.17926120  0.81530219  0.18675478
   0.26236479  0.69299479  0.48561002
   0.37304000  0.69194000  0.08602000
   0.64700514  0.93889127  0.28804287
   0.45768351  0.56046439  0.39038126
   0.51258817  0.81535561  0.18680957
   0.59591167  0.69156712  0.48724127
   0.70637000  0.69194000  0.08602000
   0.98014056  0.93850263  0.28826577
   0.84599956  0.81533616  0.18682355
   0.92846952  0.69645528  0.48916034
   0.79052270  0.56127963  0.39131962
   0.17417000  0.33753000  0.10253000
   0.25624575  0.20544073  0.40116934
   0.07856115  0.32287887  0.49867232
   0.31501156  0.46034456  0.20461691
   0.11517083  0.08282952  0.30595060
   0.23858000  0.04636000  0.06951000
   0.04534300  0.17038277  0.16989319
   0.32137494  0.41767048  0.37237959
   0.12671129  0.04810978  0.47716587
   0.18168659  0.29278497  0.27059783
   0.50750000  0.33753000  0.10253000
   0.58844077  0.20543872  0.40085612
   0.40903750  0.32365564  0.50045046
   0.64850581  0.46077718  0.20522545
   0.44861171  0.08311551  0.30560021
   0.57191000  0.04636000  0.06951000
   0.37889553  0.17080821  0.17007118
   0.65571520  0.41956666  0.37387176
   0.45964911  0.04632314  0.47685172
   0.51527975  0.29364420  0.27119360
   0.84083000  0.33753000  0.10253000
   0.92254151  0.20539036  0.40111323
   0.74366589  0.32327342  0.49708783
   0.98161008  0.46044878  0.20474540
   0.78201441  0.08318551  0.30573217
   0.90524000  0.04636000  0.06951000
   0.71210298  0.17052602  0.16992744
   0.98755147  0.41837998  0.37287475
   0.79223691  0.04777731  0.47704528
   0.84847050  0.29308206  0.27071167
   0.17417000  0.83753000  0.10253000
   0.24878244  0.70849722  0.40359758
   0.05852542  0.83268340  0.50479949
   0.31319938  0.96065376  0.20430317
   0.11716592  0.58402653  0.30660429
   0.23858000  0.54636000  0.06951000
   0.04680033  0.66982214  0.16975254
   0.31277345  0.91808888  0.37216164
   0.14540730  0.54284167  0.47696671
   0.18220578  0.79209011  0.27008373
   0.50750000  0.83753000  0.10253000
   0.58163948  0.70818486  0.40454344
   0.39041119  0.82932318  0.50415414
   0.64654600  0.96062428  0.20435644
   0.45088715  0.58401199  0.30657257
   0.57191000  0.54636000  0.06951000
   0.38016257  0.66988911  0.16976614
   0.64684686  0.91831878  0.37221885
   0.47752453  0.54199018  0.47662874
   0.51553548  0.79227784  0.27018395
   0.84083000  0.83753000  0.10253000
   0.72604649  0.83037884  0.50121827
   0.97992327  0.96059565  0.20455297
   0.78444440  0.58472037  0.30756549
   0.90524000  0.54636000  0.06951000
   0.71357561  0.66985703  0.16977663
   0.98008512  0.91742066  0.37260279
   0.81205759  0.54495871  0.48678745
   0.84893588  0.79199214  0.27016126
   0.91435982  0.70674012  0.40645598
   0.62101114  0.61776607  0.60715821
   0.85093337  0.39628615  0.67071231
   0.81252202  0.49677245  0.58908024
   0.51306172  0.60386936  0.64287224
   0.44776098  0.49884955  0.67428794
   0.31870601  0.47754135  0.66719258
   0.50233933  0.43008911  0.66177771
   0.46257185  0.51423931  0.72090142
   0.45491639  0.67429843  0.65241054
