   0.17779837  0.06431131  0.19552742
   0.28605782  0.43204668  0.50065300
   0.03971000  0.44194000  0.09637000
   0.31352358  0.18777051  0.29845124
   0.12869059  0.31054435  0.39928278
   0.51106167  0.06450083  0.19579849
   0.62074505  0.43253757  0.50078113
   0.37304000  0.44194000  0.09637000
   0.64682112  0.18792259  0.30010659
   0.46277282  0.31108135  0.39801157
   0.84424413  0.06435135  0.19561580
   0.95565958  0.43200355  0.50064571
   0.70637000  0.44194000  0.09637000
   0.98089954  0.18785390  0.29864371
   0.79500339  0.31203011  0.39935058
   0.18003209  0.56408712  0.19518227
   0.24795110  0.93793547  0.50318070
   0.03971000  0.94194000  0.09637000
   0.31518575  0.68878097  0.29892805
   0.10672165  0.81465398  0.39974407
   0.51347499  0.56400276  0.19522877
   0.57838093  0.94048030  0.50430391
   0.37304000  0.94194000  0.09637000
   0.64815096  0.68839854  0.29867628
   0.44119974  0.81662301  0.40188876
   0.84669300  0.56415279  0.19546589
   0.91190945  0.93759916  0.50489442
   0.70637000  0.94194000  0.09637000
   0.98155385  0.68875430  0.29911069
   0.77542274  0.81605928  0.39950503
   0.93286923  0.69122100  0.49828916
   0.03971000  0.19194000  0.09637000
   0.31892537  0.43780678  0.29783184
   0.11358826  0.06236844  0.40050218
   0.17911603  0.31486049  0.19628537
   0.26331937  0.19361959  0.49579142
   0.37304000  0.19194000  0.09637000
   0.65262396  0.43849785  0.29856385
   0.44596895  0.06133864  0.39715080
   0.51218123  0.31568342  0.19732261
   0.59779502  0.19269333  0.49888436
   0.70637000  0.19194000  0.09637000
   0.98683938  0.43836191  0.29824887
   0.78072329  0.06165762  0.39960498
   0.84522651  0.31550587  0.19739678
   0.92389129  0.19172159  0.49573644
   0.03971000  0.69194000  0.09637000
   0.30818041  0.93733076  0.29786429
   0.12751514  0.55948336  0.39996674
   0.17784488  0.81536430  0.19725868
   0.25716049  0.69137709  0.49627297
   0.37304000  0.69194000  0.09637000
   0.64271308  0.93897274  0.29849051
   0.46112483  0.55974554  0.39987371
   0.51126784  0.81548942  0.19729815
   0.59763290  0.69386921  0.49565439
   0.70637000  0.69194000  0.09637000
   0.97687722  0.93955860  0.29841661
   0.84454576  0.81556213  0.19727981
   0.79515034  0.56191036  0.40014082
   0.17310000  0.33301000  0.10976000
   0.26098096  0.20314470  0.41178684
   0.08460925  0.31962716  0.51079275
   0.31420231  0.45982359  0.21358490
   0.11390429  0.08330914  0.31575056
   0.23858000  0.04636000  0.07986000
   0.04407756  0.17062515  0.17993239
   0.32654554  0.41606737  0.38172708
   0.11618849  0.04776841  0.48868174
   0.18118441  0.29263526  0.27994878
   0.50750000  0.33753000  0.11288000
   0.59462616  0.20226423  0.40989976
   0.41582141  0.32639883  0.50628185
   0.64793741  0.46071774  0.21473052
   0.44493722  0.08112862  0.31317556
   0.57191000  0.04636000  0.07986000
   0.37741249  0.17079368  0.18003793
   0.66118133  0.41839574  0.38191707
   0.44891293  0.04605405  0.48118528
   0.51404753  0.29297222  0.28054289
   0.84083000  0.33753000  0.11288000
   0.92872547  0.20264869  0.41162487
   0.75600320  0.32816011  0.49904674
   0.98132049  0.46062380  0.21447541
   0.78127143  0.08230774  0.31527397
   0.90524000  0.04636000  0.07986000
   0.71084205  0.17069239  0.17992268
   0.99689090  0.41597086  0.38188057
   0.78533755  0.04558295  0.48566320
   0.84796025  0.29279476  0.28067374
   0.17417000  0.83753000  0.11288000
   0.24056192  0.70829447  0.41424350
   0.04346758  0.83157406  0.51875572
   0.31158758  0.96040164  0.21403681
   0.11632996  0.58469397  0.31657536
   0.23858000  0.54636000  0.07986000
   0.04586019  0.67010569  0.17986422
   0.30446757  0.91715876  0.38169035
   0.15493851  0.54037610  0.48858002
   0.17980337  0.79186409  0.28018418
   0.50750000  0.83753000  0.11288000
   0.57589431  0.71028663  0.41422479
   0.37729264  0.83094195  0.51283124
   0.64513330  0.96067105  0.21445253
   0.44932502  0.58412563  0.31622219
   0.57191000  0.54636000  0.07986000
   0.37925538  0.67003396  0.17985495
   0.63992145  0.91920595  0.38246582
   0.48736222  0.54277035  0.48651691
   0.51372546  0.79219488  0.28027764
   0.84083000  0.83753000  0.11288000
   0.70975085  0.83394943  0.51679535
   0.97856614  0.96075513  0.21440834
   0.78306100  0.58462637  0.31640667
   0.90524000  0.54636000  0.07986000
   0.71255179  0.67017378  0.17988253
   0.97398942  0.92008068  0.38270176
   0.82348425  0.54379189  0.48626215
   0.84689552  0.79250436  0.28037407
   0.90862481  0.71110495  0.41462196
   0.73550055  0.56727665  0.64751263
   0.59526466  0.17780472  0.59949160
   0.97614879  0.64771691  0.59979617
   0.68733685  0.53277987  0.69461506
   0.78783342  0.52898203  0.74661269
   0.75458208  0.44729343  0.76769459
   0.91382247  0.54797444  0.73539002
   0.76439342  0.59062207  0.77802259
   0.55693183  0.50222030  0.70099145
