   0.60636433  0.43155603  0.49252464
   0.17905930  0.06412596  0.18502332
   0.27715753  0.43285288  0.49220308
   0.03971000  0.44194000  0.08602000
   0.31506539  0.18812991  0.28880608
   0.12264998  0.31384897  0.38985224
   0.51239406  0.06417908  0.18499105
   0.37304000  0.44194000  0.08602000
   0.64856745  0.18825698  0.28880515
   0.45578272  0.31371617  0.38950005
   0.84569588  0.06401446  0.18498725
   0.94685424  0.43270253  0.49326034
   0.70637000  0.44194000  0.08602000
   0.98186493  0.18813079  0.28875395
   0.78948645  0.31375594  0.39025420
   0.18040532  0.56362702  0.18487360
   0.26079907  0.93721263  0.49398304
   0.03971000  0.94194000  0.08602000
   0.31692172  0.68815792  0.28852332
   0.11593968  0.81450734  0.39041539
   0.51377956  0.56382096  0.18500451
   0.59345258  0.93605312  0.49320746
   0.37304000  0.94194000  0.08602000
   0.65012280  0.68849843  0.28889696
   0.45014938  0.81494894  0.39050387
   0.84706208  0.56368908  0.18485711
   0.92731655  0.93833905  0.49389872
   0.70637000  0.94194000  0.08602000
   0.98352959  0.68808260  0.28855083
   0.78237602  0.81490764  0.39201807
   0.03971000  0.19194000  0.08602000
   0.31754397  0.43892436  0.28853084
   0.11880956  0.06101621  0.39000235
   0.17914666  0.31542533  0.18712236
   0.26213926  0.19279955  0.48485693
   0.37304000  0.19194000  0.08602000
   0.65086925  0.43934635  0.28911960
   0.45155563  0.06101390  0.38972148
   0.51251455  0.31586862  0.18739654
   0.59578940  0.19148908  0.48436573
   0.70637000  0.19194000  0.08602000
   0.98376768  0.43867710  0.28855191
   0.78526560  0.06095638  0.38971019
   0.84574388  0.31550933  0.18717025
   0.92953139  0.19218958  0.48434277
   0.03971000  0.69194000  0.08602000
   0.31396992  0.93874544  0.28803824
   0.12528054  0.56056597  0.39030667
   0.17919526  0.81526269  0.18684457
   0.26294968  0.69291471  0.48546766
   0.37304000  0.69194000  0.08602000
   0.64748270  0.93871622  0.28812716
   0.45829080  0.56071871  0.39092664
   0.51262023  0.81529710  0.18684796
   0.59513715  0.69129572  0.48885446
   0.70637000  0.69194000  0.08602000
   0.98047947  0.93845978  0.28834052
   0.84598803  0.81527628  0.18690064
   0.92951842  0.69617226  0.48832934
   0.79049727  0.56120927  0.39150405
   0.17417000  0.33753000  0.10253000
   0.25635465  0.20585598  0.40141812
   0.07768660  0.32358575  0.49845547
   0.31481725  0.46043408  0.20472349
   0.11526406  0.08295542  0.30600109
   0.23858000  0.04636000  0.06951000
   0.04530578  0.17042591  0.16994514
   0.32150403  0.41806166  0.37264359
   0.12855424  0.04780442  0.47733121
   0.18172860  0.29295432  0.27074203
   0.50750000  0.33753000  0.10253000
   0.58883376  0.20573601  0.40118479
   0.40833022  0.32346605  0.50167372
   0.64822105  0.46083736  0.20525945
   0.44878358  0.08323373  0.30576393
   0.57191000  0.04636000  0.06951000
   0.37886205  0.17080365  0.17012151
   0.65558803  0.41926951  0.37387589
   0.46143678  0.04648307  0.47695587
   0.51514385  0.29356244  0.27125364
   0.84083000  0.33753000  0.10253000
   0.92274196  0.20545110  0.40104353
   0.74280548  0.32426686  0.49773284
   0.98130704  0.46047644  0.20484320
   0.78206865  0.08310318  0.30575724
   0.90524000  0.04636000  0.06951000
   0.71207327  0.17051294  0.16996845
   0.98761858  0.41841866  0.37283869
   0.79437635  0.04755343  0.47689777
   0.84816707  0.29304257  0.27080420
   0.17417000  0.83753000  0.10253000
   0.25021430  0.70845059  0.40332871
   0.06040741  0.83199817  0.50448627
   0.31324502  0.96061233  0.20440013
   0.11774481  0.58385966  0.30652712
   0.23858000  0.54636000  0.06951000
   0.04667184  0.66980848  0.16977065
   0.31423450  0.91817495  0.37225826
   0.14472521  0.54313403  0.47704290
   0.18247326  0.79211633  0.27019731
   0.50750000  0.83753000  0.10253000
   0.58294949  0.70792204  0.40568448
   0.39215369  0.82912608  0.50389889
   0.64650820  0.96060368  0.20440730
   0.45141776  0.58432425  0.30700258
   0.57191000  0.54636000  0.06951000
   0.38002645  0.66992128  0.16977529
   0.64806043  0.91800842  0.37241915
   0.47576408  0.54165105  0.47675576
   0.51589758  0.79230334  0.27026588
   0.84083000  0.83753000  0.10253000
   0.72780798  0.83054981  0.50182723
   0.97994434  0.96058894  0.20459813
   0.78451117  0.58456548  0.30775459
   0.90524000  0.54636000  0.06951000
   0.71332733  0.66990596  0.16979310
   0.98112434  0.91768423  0.37270473
   0.81068170  0.54517315  0.48520613
   0.84917854  0.79191352  0.27025695
   0.91583159  0.70697848  0.40573095
   0.58754837  0.61157359  0.59631947
   0.87522124  0.40879048  0.66949389
   0.80297470  0.49828006  0.58870116
   0.50228867  0.60474590  0.63973963
   0.44911480  0.50181137  0.67442861
   0.32055939  0.47320135  0.66786885
   0.50993370  0.43644941  0.66090450
   0.46589996  0.52040181  0.72061424
   0.45773740  0.67838554  0.65419555
