   0.17963929  0.06451253  0.19495699
   0.28961834  0.43044254  0.50150044
   0.03971000  0.44194000  0.09637000
   0.31749180  0.18941763  0.29761416
   0.13093317  0.31279895  0.39694700
   0.51298510  0.06410842  0.19449555
   0.61856123  0.43296832  0.49672274
   0.37304000  0.44194000  0.09637000
   0.65064607  0.18875882  0.29687550
   0.46373442  0.31227870  0.39723937
   0.84630180  0.06422826  0.19473148
   0.95974101  0.43090726  0.49758903
   0.70637000  0.44194000  0.09637000
   0.98393120  0.18868471  0.29711591
   0.79723486  0.31169022  0.39549220
   0.18171117  0.56471764  0.19440914
   0.24175208  0.94281121  0.50085887
   0.03971000  0.94194000  0.09637000
   0.31747011  0.69103556  0.29761500
   0.10971902  0.81849799  0.39903553
   0.51492524  0.56414577  0.19393931
   0.57831793  0.94411098  0.50374617
   0.37304000  0.94194000  0.09637000
   0.64985774  0.68966265  0.29694161
   0.44112995  0.81960318  0.40373230
   0.84847086  0.56427844  0.19400021
   0.90633064  0.93761904  0.50293426
   0.70637000  0.94194000  0.09637000
   0.98392638  0.68989113  0.29751814
   0.77337414  0.81709148  0.39970170
   0.57231316  0.69185117  0.49942430
   0.03971000  0.19194000  0.09637000
   0.32125643  0.43905838  0.29603471
   0.11431479  0.06402422  0.39925062
   0.18044832  0.31535388  0.19552988
   0.26183646  0.19380395  0.49513856
   0.37304000  0.19194000  0.09637000
   0.65424952  0.43793420  0.29566496
   0.44903918  0.06652871  0.40072629
   0.51407652  0.31477878  0.19508499
   0.58899338  0.19958987  0.49885062
   0.70637000  0.19194000  0.09637000
   0.98872605  0.43964686  0.29652495
   0.78023710  0.06396079  0.39972603
   0.84769438  0.31520587  0.19570247
   0.93566874  0.18872410  0.49435866
   0.03971000  0.69194000  0.09637000
   0.31347473  0.94198925  0.29822175
   0.13031027  0.56193290  0.39849319
   0.17998376  0.81630315  0.19633876
   0.26661510  0.69113713  0.49880455
   0.37304000  0.69194000  0.09637000
   0.64517456  0.94071930  0.29796629
   0.46266178  0.56168637  0.39738479
   0.51352007  0.81589942  0.19599004
   0.70637000  0.69194000  0.09637000
   0.97920227  0.94055428  0.29780138
   0.84612732  0.81604879  0.19702045
   0.92925031  0.69348325  0.49124297
   0.79490879  0.56024838  0.39653810
   0.17294061  0.33289368  0.10953477
   0.26336759  0.20561118  0.41057461
   0.08705193  0.31994666  0.51094355
   0.31597745  0.46015603  0.21216858
   0.11752738  0.08444645  0.31483156
   0.23858000  0.04636000  0.07986000
   0.04557203  0.17096063  0.18017035
   0.33014263  0.41607072  0.37911208
   0.11134333  0.05411603  0.48734547
   0.18386237  0.29361503  0.27904310
   0.50633000  0.33253000  0.10912000
   0.59952699  0.20764800  0.41333217
   0.42340273  0.31891280  0.51321522
   0.64950731  0.45950349  0.21175928
   0.45154980  0.08580030  0.31583683
   0.57191000  0.04636000  0.07986000
   0.37902187  0.17058103  0.17998035
   0.66347126  0.41545478  0.37972439
   0.44755259  0.05929170  0.48881667
   0.51756526  0.29329752  0.27862581
   0.83962026  0.33249969  0.10970864
   0.92885044  0.20609171  0.41111518
   0.75216096  0.32784599  0.52053804
   0.98297439  0.46024585  0.21254620
   0.78368281  0.08456968  0.31501457
   0.90524000  0.04636000  0.07986000
   0.71235728  0.17081942  0.18027361
   0.99652877  0.41682274  0.38012364
   0.78232597  0.05291216  0.48773966
   0.85114418  0.29408163  0.27944221
   0.17284245  0.83283110  0.10959519
   0.23939842  0.71139949  0.41532000
   0.04049833  0.83289634  0.51181761
   0.31426328  0.96088522  0.21363093
   0.11893925  0.58590851  0.31473067
   0.23858000  0.54636000  0.07986000
   0.04751736  0.67125177  0.18023651
   0.30732149  0.92436778  0.38219636
   0.15525495  0.53690942  0.48235807
   0.18231817  0.79541081  0.28024621
   0.50620209  0.83288147  0.10961572
   0.57599757  0.71145243  0.41580219
   0.37692970  0.84272572  0.50386678
   0.64723429  0.96068506  0.21342587
   0.45135358  0.58576931  0.31412212
   0.57191000  0.54636000  0.07986000
   0.38077332  0.67095132  0.18007207
   0.64029941  0.92189407  0.38207921
   0.48609734  0.53423205  0.47964269
   0.51615211  0.79451799  0.27954557
   0.83999892  0.83620817  0.11247222
   0.70474740  0.83454822  0.51439818
   0.98092207  0.96101048  0.21385413
   0.78376471  0.58403903  0.31337652
   0.90524000  0.54636000  0.07986000
   0.71399187  0.67063750  0.18001520
   0.97319690  0.92186507  0.38169863
   0.82356411  0.53972562  0.48198998
   0.84888141  0.79381749  0.28013110
   0.90839719  0.71059574  0.41004699
   0.80205187  0.61783290  0.63082924
   0.39050697  0.65161205  0.58320102
   0.78846335  0.44523801  0.59799153
   0.80567399  0.66304953  0.67875833
   0.79753155  0.60220997  0.73412681
   0.71194507  0.62841857  0.76348766
   0.76862721  0.51220671  0.72757176
   0.91410964  0.62724447  0.75541571
   0.81865735  0.75458371  0.67979450
