   0.17769885  0.06422620  0.19532441
   0.28789172  0.42910053  0.50133592
   0.03971000  0.44194000  0.09637000
   0.31397839  0.18784633  0.29853247
   0.12913610  0.31063635  0.39858741
   0.51098848  0.06426700  0.19541436
   0.62159876  0.43087096  0.50147976
   0.37304000  0.44194000  0.09637000
   0.64749948  0.18788660  0.29877312
   0.46239064  0.31072715  0.39853960
   0.84417036  0.06419701  0.19536411
   0.95515798  0.42808058  0.50139615
   0.70637000  0.44194000  0.09637000
   0.98075848  0.18786626  0.29848288
   0.79605959  0.31094501  0.39860836
   0.17996936  0.56401816  0.19508534
   0.24591846  0.93886159  0.50335835
   0.03971000  0.94194000  0.09637000
   0.31493352  0.68870931  0.29896361
   0.10901036  0.81543128  0.40041311
   0.51334981  0.56394794  0.19511419
   0.57981386  0.94086983  0.50422598
   0.37304000  0.94194000  0.09637000
   0.64787100  0.68833773  0.29862477
   0.43952817  0.81694998  0.40360820
   0.84663954  0.56398866  0.19523507
   0.91115453  0.93783257  0.50541877
   0.70637000  0.94194000  0.09637000
   0.98163507  0.68842673  0.29863749
   0.77463084  0.81659208  0.39952800
   0.92850816  0.69285956  0.49568474
   0.03971000  0.19194000  0.09637000
   0.31903276  0.43761762  0.29773640
   0.11305261  0.06193426  0.40032296
   0.17905316  0.31495173  0.19613721
   0.25919748  0.19274310  0.49588787
   0.37304000  0.19194000  0.09637000
   0.65275295  0.43823656  0.29857623
   0.44581881  0.06265871  0.40011750
   0.51226235  0.31562161  0.19742717
   0.59232830  0.19510020  0.49519666
   0.70637000  0.19194000  0.09637000
   0.98646586  0.43822072  0.29821563
   0.77934306  0.06199005  0.40023287
   0.84529192  0.31554181  0.19731715
   0.92753314  0.19097146  0.49526399
   0.03971000  0.69194000  0.09637000
   0.30993122  0.93942409  0.29842913
   0.12832378  0.55913333  0.40039543
   0.17795324  0.81559098  0.19723971
   0.26512044  0.69018218  0.49455824
   0.37304000  0.69194000  0.09637000
   0.64246324  0.93924688  0.29858785
   0.46057704  0.55919325  0.39988388
   0.51125294  0.81550197  0.19721831
   0.59373240  0.69363969  0.49509546
   0.70637000  0.69194000  0.09637000
   0.97682383  0.93945638  0.29834112
   0.84446438  0.81557154  0.19722872
   0.79479980  0.55971708  0.40030744
   0.17310000  0.33301000  0.10976000
   0.26184716  0.20282372  0.41114470
   0.08744497  0.31695629  0.51131722
   0.31412171  0.45983022  0.21368468
   0.11378356  0.08309437  0.31578664
   0.23858000  0.04636000  0.07986000
   0.04402022  0.17066000  0.18014582
   0.32856522  0.41489158  0.38164816
   0.11425170  0.04941531  0.48830018
   0.18116213  0.29274037  0.27989602
   0.50750000  0.33753000  0.11288000
   0.59569355  0.20327236  0.41069110
   0.42068195  0.31985594  0.51138546
   0.64774957  0.46071999  0.21487393
   0.44721033  0.08298286  0.31566742
   0.57191000  0.04636000  0.07986000
   0.37751910  0.17087017  0.18032554
   0.66203787  0.41590097  0.38252720
   0.44844612  0.05294257  0.48774571
   0.51463893  0.29313964  0.28088564
   0.84083000  0.33753000  0.11288000
   0.92829943  0.20282462  0.41112962
   0.75316364  0.32110465  0.51099170
   0.98121001  0.46059959  0.21453370
   0.78049118  0.08281257  0.31575661
   0.90524000  0.04636000  0.07986000
   0.71072932  0.17073992  0.18020540
   0.99497768  0.41479045  0.38161056
   0.78276769  0.04929215  0.48813161
   0.84787813  0.29293874  0.28061548
   0.17417000  0.83753000  0.11288000
   0.23986075  0.70893489  0.41737694
   0.04245673  0.83192248  0.51798985
   0.31179336  0.96071361  0.21447378
   0.11626699  0.58468990  0.31685778
   0.23858000  0.54636000  0.07986000
   0.04584919  0.67021864  0.18007444
   0.30564930  0.92003189  0.38252953
   0.15254744  0.53339568  0.48380667
   0.18015182  0.79250487  0.28049010
   0.50750000  0.83753000  0.11288000
   0.57575609  0.70974364  0.41370793
   0.38196819  0.83626118  0.50743724
   0.64507123  0.96068302  0.21458445
   0.44900501  0.58382435  0.31637451
   0.57191000  0.54636000  0.07986000
   0.37923972  0.67007785  0.18002400
   0.63919695  0.91985457  0.38290762
   0.48857662  0.53986888  0.48610513
   0.51349544  0.79221398  0.28032265
   0.84083000  0.83753000  0.11288000
   0.70949735  0.83185209  0.51713753
   0.97843177  0.96070365  0.21447364
   0.78274615  0.58442656  0.31694280
   0.90524000  0.54636000  0.07986000
   0.71254018  0.67014838  0.18008458
   0.97390664  0.91941875  0.38261989
   0.82273521  0.54003531  0.48687048
   0.84680036  0.79236271  0.28050308
   0.90785762  0.71052309  0.41437755
   0.73660763  0.56683025  0.64749427
   0.19463856  0.66470084  0.56649758
   0.97248896  0.64070305  0.60979490
   0.68686840  0.53235898  0.69524595
   0.78692489  0.52858151  0.74662978
   0.75473131  0.44769014  0.76817119
   0.91380588  0.54816256  0.73470253
   0.76438579  0.59091572  0.77762833
   0.55647938  0.50366773  0.70036255
