   0.17924508  0.06448722  0.19526961
   0.26650182  0.43328742  0.50239692
   0.03971000  0.44194000  0.09637000
   0.31471770  0.18897174  0.29924916
   0.11867338  0.31243281  0.40270434
   0.51251263  0.06452552  0.19541847
   0.59965010  0.43391990  0.50303808
   0.37304000  0.44194000  0.09637000
   0.64784438  0.18862553  0.29938627
   0.44843357  0.31276274  0.40443043
   0.84581149  0.06457533  0.19537600
   0.93164074  0.43198506  0.50252965
   0.70637000  0.44194000  0.09637000
   0.98169567  0.18885794  0.29953009
   0.78377612  0.31329262  0.40088296
   0.17977457  0.56379980  0.19528357
   0.26386086  0.93651478  0.51001466
   0.03971000  0.94194000  0.09637000
   0.31654169  0.68758115  0.29861220
   0.12164699  0.81327622  0.39677093
   0.51306044  0.56384848  0.19520214
   0.59374372  0.93366050  0.50570359
   0.37304000  0.94194000  0.09637000
   0.64941139  0.68745298  0.29810605
   0.45419990  0.81376188  0.39962370
   0.84625785  0.56369527  0.19545977
   0.92486726  0.93322972  0.50513587
   0.70637000  0.94194000  0.09637000
   0.98293417  0.68729018  0.29807916
   0.78755698  0.81302698  0.39821250
   0.93356487  0.68451951  0.49372982
   0.03971000  0.19194000  0.09637000
   0.31559372  0.43826070  0.29883602
   0.11961849  0.05970734  0.40087343
   0.17927883  0.31531199  0.19647961
   0.25920295  0.18203897  0.50343253
   0.37304000  0.19194000  0.09637000
   0.64766874  0.43775758  0.29872242
   0.45183626  0.06012870  0.40025058
   0.51215903  0.31553930  0.19737799
   0.58567930  0.19042394  0.49718878
   0.70637000  0.19194000  0.09637000
   0.98302148  0.43804422  0.29897647
   0.78474715  0.06061759  0.40111747
   0.84545936  0.31554293  0.19753827
   0.92617267  0.19140389  0.49630128
   0.03971000  0.69194000  0.09637000
   0.31631009  0.93897349  0.29772908
   0.12290100  0.55961071  0.40068534
   0.17913658  0.81522557  0.19710211
   0.26583353  0.69126427  0.49603508
   0.37304000  0.69194000  0.09637000
   0.64916564  0.93911787  0.29849085
   0.45608546  0.56010365  0.40100408
   0.51248793  0.81565229  0.19732055
   0.59615077  0.69309948  0.49704701
   0.70637000  0.69194000  0.09637000
   0.98283223  0.93956416  0.29779836
   0.84578083  0.81553722  0.19711744
   0.78822807  0.55900719  0.39922766
   0.17310000  0.33301000  0.10976000
   0.24815591  0.20450746  0.41846358
   0.06328064  0.32739328  0.51147902
   0.31395406  0.46015679  0.21423277
   0.11573442  0.08476913  0.31664975
   0.23858000  0.04636000  0.07986000
   0.04538618  0.17085670  0.18011836
   0.31615410  0.41754544  0.38309702
   0.12359588  0.03206849  0.48383913
   0.18099097  0.29325106  0.28020944
   0.50750000  0.33753000  0.11288000
   0.58492670  0.20561471  0.41384666
   0.40123402  0.32925108  0.50715529
   0.64716423  0.46055715  0.21478531
   0.44819959  0.08408138  0.31628133
   0.57191000  0.04636000  0.07986000
   0.37861512  0.17067366  0.18014419
   0.64861700  0.41691074  0.38268758
   0.46455958  0.04052575  0.48508366
   0.51410213  0.29260566  0.28047895
   0.84083000  0.33753000  0.11288000
   0.91643101  0.20596964  0.41360019
   0.72971972  0.32477385  0.51344808
   0.98094516  0.46042999  0.21487946
   0.78173907  0.08402407  0.31692646
   0.90524000  0.04636000  0.07986000
   0.71198293  0.17069818  0.18013786
   0.98428686  0.41721772  0.38307667
   0.79634905  0.04334373  0.48803902
   0.84766215  0.29293438  0.28086229
   0.17417000  0.83753000  0.11288000
   0.25369443  0.70737095  0.41374572
   0.05244551  0.82069534  0.52571882
   0.31332864  0.96066862  0.21425753
   0.11718638  0.58331351  0.31681987
   0.23858000  0.54636000  0.07986000
   0.04582517  0.66998943  0.18008985
   0.31963053  0.91597658  0.38094490
   0.13415795  0.54557415  0.48796840
   0.18255484  0.79189535  0.28031806
   0.50750000  0.83753000  0.11288000
   0.58858546  0.70767796  0.41449537
   0.39229054  0.82622786  0.51745316
   0.64674628  0.96104851  0.21478985
   0.45043919  0.58344317  0.31699108
   0.57191000  0.54636000  0.07986000
   0.37924314  0.67032185  0.18016555
   0.65291258  0.91654481  0.38230142
   0.46901166  0.54664776  0.48800059
   0.51604648  0.79225873  0.28053361
   0.84083000  0.83753000  0.11288000
   0.72632781  0.82692526  0.52059080
   0.98003193  0.96101910  0.21440692
   0.78327413  0.58299561  0.31601876
   0.90524000  0.54636000  0.07986000
   0.71254192  0.67019486  0.18011633
   0.98542428  0.91557042  0.38080015
   0.80200891  0.54172732  0.48533699
   0.84916049  0.79202904  0.28021739
   0.92231667  0.70713433  0.41260493
   0.76847990  0.62381049  0.65187876
   0.28104752  0.12689757  0.59515922
   0.92747455  0.74848299  0.60043626
   0.71881563  0.55312864  0.68898461
   0.80329228  0.53585815  0.74290266
   0.76764662  0.44853029  0.75720377
   0.93165452  0.56193974  0.73854649
   0.76417203  0.58696852  0.77666249
   0.59919724  0.49906093  0.68229771
