   0.17769957  0.06422190  0.19533295
   0.28791757  0.42920852  0.50139342
   0.03971000  0.44194000  0.09637000
   0.31397555  0.18784008  0.29854368
   0.12913636  0.31063899  0.39859653
   0.51098707  0.06426355  0.19542338
   0.62142854  0.43092124  0.50151302
   0.37304000  0.44194000  0.09637000
   0.64749478  0.18787768  0.29878405
   0.46236441  0.31073350  0.39855312
   0.84417208  0.06419431  0.19537174
   0.95522894  0.42811665  0.50139481
   0.70637000  0.44194000  0.09637000
   0.98075738  0.18785927  0.29849219
   0.79604984  0.31094129  0.39861278
   0.17997228  0.56401087  0.19509273
   0.24609690  0.93884346  0.50336983
   0.03971000  0.94194000  0.09637000
   0.31495687  0.68870196  0.29896708
   0.10902572  0.81544483  0.40041618
   0.51334871  0.56394173  0.19512116
   0.57982191  0.94078386  0.50424656
   0.37304000  0.94194000  0.09637000
   0.64786051  0.68833439  0.29863532
   0.43959502  0.81695952  0.40364160
   0.84663647  0.56398462  0.19524311
   0.91103024  0.93781252  0.50542884
   0.70637000  0.94194000  0.09637000
   0.98163535  0.68842160  0.29864217
   0.77459472  0.81659002  0.39955022
   0.92852134  0.69294799  0.49569152
   0.03971000  0.19194000  0.09637000
   0.31904041  0.43762511  0.29775578
   0.11307635  0.06194612  0.40033382
   0.17906175  0.31495417  0.19615359
   0.25923174  0.19276401  0.49589248
   0.37304000  0.19194000  0.09637000
   0.65274878  0.43823755  0.29859015
   0.44583177  0.06265837  0.40013929
   0.51226632  0.31562305  0.19744275
   0.59228068  0.19507547  0.49519866
   0.70637000  0.19194000  0.09637000
   0.98646366  0.43821823  0.29823038
   0.77935440  0.06199114  0.40024390
   0.84529406  0.31554311  0.19733234
   0.92756420  0.19097460  0.49526387
   0.03971000  0.69194000  0.09637000
   0.30994853  0.93942842  0.29844694
   0.12831653  0.55912141  0.40042953
   0.17796279  0.81559417  0.19725323
   0.25939190  0.68804315  0.50075501
   0.37304000  0.69194000  0.09637000
   0.64247780  0.93924995  0.29860564
   0.46059479  0.55920011  0.39992564
   0.51126003  0.81550874  0.19723195
   0.59366446  0.69359900  0.49519682
   0.70637000  0.69194000  0.09637000
   0.97683947  0.93945890  0.29835689
   0.84447438  0.81557527  0.19724208
   0.79477125  0.55972327  0.40030200
   0.17310000  0.33301000  0.10976000
   0.26183066  0.20282651  0.41112483
   0.08735420  0.31691501  0.51132405
   0.31412689  0.45983508  0.21367420
   0.11377894  0.08308572  0.31577880
   0.23858000  0.04636000  0.07986000
   0.04401999  0.17065747  0.18013774
   0.32853382  0.41488458  0.38163118
   0.11422107  0.04937620  0.48829729
   0.18116697  0.29274376  0.27988432
   0.50750000  0.33753000  0.11288000
   0.59569001  0.20327988  0.41067695
   0.42066869  0.31980284  0.51136364
   0.64775291  0.46072422  0.21486286
   0.44720583  0.08297637  0.31565812
   0.57191000  0.04636000  0.07986000
   0.37751590  0.17086905  0.18031650
   0.66204476  0.41590967  0.38251854
   0.44844937  0.05298940  0.48773617
   0.51464118  0.29314386  0.28087493
   0.84083000  0.33753000  0.11288000
   0.92827374  0.20281988  0.41111825
   0.75315826  0.32112113  0.51100767
   0.98121555  0.46060589  0.21452345
   0.78049490  0.08280859  0.31574786
   0.90524000  0.04636000  0.07986000
   0.71072775  0.17073878  0.18019607
   0.99495929  0.41480204  0.38159863
   0.78281612  0.04929848  0.48812151
   0.84787847  0.29294304  0.28060487
   0.17417000  0.83753000  0.11288000
   0.23974925  0.70889598  0.41746854
   0.04255788  0.83156541  0.51802812
   0.31179886  0.96071632  0.21446207
   0.11627421  0.58469799  0.31685178
   0.23858000  0.54636000  0.07986000
   0.04584907  0.67021735  0.18006665
   0.30564633  0.92003447  0.38251635
   0.15255981  0.53393483  0.48403938
   0.18015596  0.79250182  0.28048384
   0.50750000  0.83753000  0.11288000
   0.57578992  0.70974533  0.41368811
   0.38164297  0.83604264  0.50742658
   0.64507465  0.96068656  0.21457396
   0.44900019  0.58382918  0.31635916
   0.57191000  0.54636000  0.07986000
   0.37923718  0.67007280  0.18001328
   0.63921899  0.91987428  0.38289093
   0.48855920  0.53984292  0.48603375
   0.51349506  0.79221711  0.28031133
   0.84083000  0.83753000  0.11288000
   0.70968404  0.83193080  0.51707244
   0.97843642  0.96070740  0.21446412
   0.78276127  0.58443295  0.31693537
   0.90524000  0.54636000  0.07986000
   0.71254357  0.67014513  0.18007594
   0.97393620  0.91942145  0.38261538
   0.82278027  0.54008668  0.48690715
   0.84681417  0.79236645  0.28049464
   0.90789404  0.71049679  0.41436809
   0.73663739  0.56703550  0.64719302
   0.25846744  0.65544205  0.60272669
   0.97416302  0.64082941  0.60968564
   0.68637681  0.53220716  0.69541220
   0.78815781  0.52899750  0.74639670
   0.75452747  0.44736394  0.76823702
   0.91314527  0.54803944  0.73481286
   0.76429753  0.59103069  0.77771683
   0.55663915  0.50368130  0.70033354
