   0.17923140  0.06451134  0.19530294
   0.26655509  0.43324674  0.50238361
   0.03971000  0.44194000  0.09637000
   0.31473402  0.18899476  0.29922248
   0.11873766  0.31242667  0.40271008
   0.51253205  0.06453420  0.19542993
   0.59967381  0.43388906  0.50303141
   0.37304000  0.44194000  0.09637000
   0.64786503  0.18865677  0.29938724
   0.44846391  0.31272010  0.40441242
   0.84577982  0.06458386  0.19538556
   0.93168436  0.43198727  0.50250995
   0.70637000  0.44194000  0.09637000
   0.98168862  0.18886374  0.29951368
   0.78383321  0.31328453  0.40087401
   0.17978405  0.56381288  0.19528135
   0.26382176  0.93654086  0.51000752
   0.03971000  0.94194000  0.09637000
   0.31649110  0.68759698  0.29860820
   0.12156001  0.81331535  0.39675456
   0.51309436  0.56386696  0.19521404
   0.59372377  0.93368549  0.50572305
   0.37304000  0.94194000  0.09637000
   0.64941575  0.68748127  0.29808482
   0.45416884  0.81378813  0.39961952
   0.84628025  0.56370392  0.19546489
   0.92479579  0.93329810  0.50515346
   0.70637000  0.94194000  0.09637000
   0.98291547  0.68730682  0.29810502
   0.78747701  0.81302743  0.39817291
   0.93359054  0.68456096  0.49366446
   0.03971000  0.19194000  0.09637000
   0.31566060  0.43825683  0.29881627
   0.11953725  0.05964367  0.40088174
   0.17930868  0.31529512  0.19648334
   0.25919313  0.18199958  0.50343988
   0.37304000  0.19194000  0.09637000
   0.64773220  0.43775673  0.29874767
   0.45181229  0.06013652  0.40024825
   0.51215832  0.31557143  0.19737162
   0.58576444  0.19043042  0.49718100
   0.70637000  0.19194000  0.09637000
   0.98300081  0.43804605  0.29897350
   0.78468947  0.06064468  0.40111167
   0.84552165  0.31554070  0.19752523
   0.92620092  0.19142745  0.49630794
   0.03971000  0.69194000  0.09637000
   0.31622077  0.93898127  0.29770993
   0.12295500  0.55959545  0.40067450
   0.17909694  0.81522421  0.19709153
   0.26575418  0.69129202  0.49603904
   0.37304000  0.69194000  0.09637000
   0.64909778  0.93915356  0.29849760
   0.45607585  0.56012729  0.40098643
   0.51250669  0.81567799  0.19732135
   0.59622053  0.69309163  0.49702927
   0.70637000  0.69194000  0.09637000
   0.98281912  0.93959695  0.29780093
   0.84576325  0.81554431  0.19713344
   0.78830091  0.55904414  0.39921403
   0.17310000  0.33301000  0.10976000
   0.24830749  0.20449487  0.41846768
   0.06335817  0.32736604  0.51147399
   0.31398559  0.46014074  0.21420380
   0.11577714  0.08477415  0.31667656
   0.23858000  0.04636000  0.07986000
   0.04532785  0.17087242  0.18015438
   0.31627574  0.41752434  0.38309816
   0.12349740  0.03204937  0.48387251
   0.18102907  0.29326188  0.28022446
   0.50750000  0.33753000  0.11288000
   0.58489953  0.20558587  0.41383856
   0.40127421  0.32920001  0.50719934
   0.64716902  0.46058860  0.21483169
   0.44820057  0.08408103  0.31627198
   0.57191000  0.04636000  0.07986000
   0.37859381  0.17065870  0.18013733
   0.64865988  0.41690431  0.38272078
   0.46454000  0.04053383  0.48509954
   0.51408469  0.29261949  0.28047559
   0.84083000  0.33753000  0.11288000
   0.91647998  0.20598467  0.41361563
   0.72975660  0.32474233  0.51342375
   0.98097943  0.46045138  0.21488687
   0.78171288  0.08405591  0.31695207
   0.90524000  0.04636000  0.07986000
   0.71194853  0.17070154  0.18013611
   0.98433771  0.41719454  0.38307762
   0.79620936  0.04338671  0.48799179
   0.84761970  0.29290140  0.28084798
   0.17417000  0.83753000  0.11288000
   0.25363734  0.70741758  0.41376823
   0.05237949  0.82073688  0.52572419
   0.31334583  0.96062512  0.21424134
   0.11718848  0.58331844  0.31683727
   0.23858000  0.54636000  0.07986000
   0.04580491  0.66998245  0.18007115
   0.31957075  0.91600785  0.38094484
   0.13419854  0.54559616  0.48794910
   0.18254132  0.79191619  0.28030526
   0.50750000  0.83753000  0.11288000
   0.58848874  0.70766334  0.41449220
   0.39228434  0.82625978  0.51744121
   0.64674740  0.96104594  0.21482319
   0.45039256  0.58345765  0.31698117
   0.57191000  0.54636000  0.07986000
   0.37927804  0.67034427  0.18016939
   0.65283909  0.91655592  0.38228526
   0.46896846  0.54660936  0.48802074
   0.51598951  0.79228547  0.28053790
   0.84083000  0.83753000  0.11288000
   0.72626839  0.82693827  0.52057669
   0.98004705  0.96101378  0.21437645
   0.78321255  0.58299721  0.31600742
   0.90524000  0.54636000  0.07986000
   0.71256109  0.67020913  0.18012863
   0.98543001  0.91564268  0.38080372
   0.80207229  0.54178131  0.48532714
   0.84918109  0.79207813  0.28023817
   0.92227075  0.70713288  0.41255205
   0.76858746  0.62333264  0.65189588
   0.28062400  0.12685942  0.59517275
   0.92771182  0.74813595  0.60042045
   0.71883573  0.55299968  0.68894730
   0.80309402  0.53570473  0.74289545
   0.76730970  0.44850019  0.75732335
   0.93160901  0.56165717  0.73861146
   0.76415894  0.58706697  0.77666043
   0.59925582  0.49903341  0.68232208
