   0.17966376  0.06453445  0.19495146
   0.28973334  0.43036790  0.50151639
   0.03971000  0.44194000  0.09637000
   0.31757097  0.18946795  0.29761897
   0.13090661  0.31269550  0.39694931
   0.51298919  0.06410944  0.19448303
   0.61857740  0.43300971  0.49665570
   0.37304000  0.44194000  0.09637000
   0.65063344  0.18878389  0.29686296
   0.46373909  0.31216727  0.39728852
   0.84631655  0.06424551  0.19472227
   0.95989326  0.43090130  0.49756527
   0.70637000  0.44194000  0.09637000
   0.98396248  0.18871297  0.29710307
   0.79712644  0.31163415  0.39553100
   0.18169410  0.56471954  0.19440991
   0.24168630  0.94286525  0.50085180
   0.03971000  0.94194000  0.09637000
   0.31747827  0.69103913  0.29757865
   0.10977563  0.81862786  0.39898242
   0.51494517  0.56414910  0.19392371
   0.57840765  0.94423837  0.50373325
   0.37304000  0.94194000  0.09637000
   0.64981944  0.68964423  0.29692420
   0.44116204  0.81969691  0.40372255
   0.84848643  0.56426343  0.19397575
   0.90643423  0.93775572  0.50287404
   0.70637000  0.94194000  0.09637000
   0.98396949  0.68989003  0.29750364
   0.77342698  0.81704887  0.39963536
   0.57211508  0.69189868  0.49928327
   0.03971000  0.19194000  0.09637000
   0.32121886  0.43901925  0.29599887
   0.11431859  0.06407718  0.39926605
   0.18044142  0.31537488  0.19552214
   0.26168640  0.19380227  0.49512383
   0.37304000  0.19194000  0.09637000
   0.65425815  0.43791451  0.29563697
   0.44901529  0.06653769  0.40074543
   0.51408740  0.31478763  0.19506490
   0.58897345  0.19955715  0.49880142
   0.70637000  0.19194000  0.09637000
   0.98872115  0.43966558  0.29650512
   0.78025546  0.06397623  0.39975325
   0.84771498  0.31521688  0.19568461
   0.93542869  0.18851277  0.49435207
   0.03971000  0.69194000  0.09637000
   0.31348736  0.94199021  0.29820431
   0.13030228  0.56195492  0.39845035
   0.17998906  0.81630104  0.19633201
   0.26648840  0.69115496  0.49880897
   0.37304000  0.69194000  0.09637000
   0.64515493  0.94072822  0.29795331
   0.46264473  0.56164111  0.39733294
   0.51351227  0.81589219  0.19597423
   0.70637000  0.69194000  0.09637000
   0.97920865  0.94054287  0.29777600
   0.84610590  0.81604261  0.19701293
   0.92951757  0.69344700  0.49117532
   0.79488612  0.56012896  0.39654761
   0.17293195  0.33290716  0.10957962
   0.26341813  0.20566671  0.41059529
   0.08719506  0.31999684  0.51093249
   0.31595536  0.46015948  0.21218580
   0.11756219  0.08444938  0.31483854
   0.23858000  0.04636000  0.07986000
   0.04557867  0.17098455  0.18018628
   0.33015667  0.41616665  0.37912653
   0.11149426  0.05420000  0.48734906
   0.18383623  0.29357055  0.27907292
   0.50633000  0.33253000  0.10912000
   0.59954529  0.20763263  0.41334634
   0.42347262  0.31893429  0.51326783
   0.64953383  0.45949274  0.21178400
   0.45155804  0.08585654  0.31582328
   0.57191000  0.04636000  0.07986000
   0.37901242  0.17056417  0.17999617
   0.66347750  0.41545813  0.37972884
   0.44779283  0.05948390  0.48885996
   0.51753689  0.29323499  0.27863710
   0.83949891  0.33233848  0.10976658
   0.92889839  0.20621147  0.41112718
   0.75169991  0.32721797  0.52022222
   0.98296292  0.46022517  0.21258160
   0.78369671  0.08459423  0.31500288
   0.90524000  0.04636000  0.07986000
   0.71235928  0.17081171  0.18028694
   0.99659436  0.41686869  0.38011248
   0.78239325  0.05306350  0.48777236
   0.85114905  0.29406433  0.27946461
   0.17282432  0.83287843  0.10961523
   0.23942430  0.71132765  0.41532783
   0.04021667  0.83257678  0.51181973
   0.31427683  0.96088096  0.21367879
   0.11899676  0.58590999  0.31477037
   0.23858000  0.54636000  0.07986000
   0.04754372  0.67129080  0.18024737
   0.30717491  0.92428929  0.38218296
   0.15542922  0.53701488  0.48234339
   0.18231959  0.79545888  0.28031406
   0.50615991  0.83295277  0.10966781
   0.57611271  0.71146652  0.41590537
   0.37678435  0.84247992  0.50391000
   0.64723069  0.96067296  0.21346168
   0.45136671  0.58576174  0.31415253
   0.57191000  0.54636000  0.07986000
   0.38078677  0.67098246  0.18007037
   0.64026812  0.92176983  0.38208784
   0.48601805  0.53422227  0.47972946
   0.51622328  0.79454395  0.27959765
   0.84067009  0.83727849  0.11280403
   0.70457988  0.83437299  0.51444848
   0.98091282  0.96099436  0.21388334
   0.78371213  0.58404788  0.31340365
   0.90524000  0.54636000  0.07986000
   0.71399864  0.67067211  0.18001861
   0.97305377  0.92173207  0.38167521
   0.82354457  0.53997934  0.48186845
   0.84889635  0.79382733  0.28017874
   0.90831070  0.71061541  0.41008125
   0.80186864  0.61827760  0.63098753
   0.39031326  0.65157765  0.58317589
   0.78894876  0.44557962  0.59835522
   0.80561772  0.66266437  0.67861269
   0.79759187  0.60308369  0.73435311
   0.71231447  0.62828061  0.76339753
   0.76848277  0.51171472  0.72747576
   0.91382921  0.62715558  0.75534805
   0.81876409  0.75476610  0.67984739
