   0.17769559  0.06421984  0.19533315
   0.28821750  0.42890458  0.50131546
   0.03971000  0.44194000  0.09637000
   0.31397150  0.18783070  0.29854112
   0.12919856  0.31062696  0.39860284
   0.51098658  0.06426269  0.19542412
   0.62097219  0.43115598  0.50146832
   0.37304000  0.44194000  0.09637000
   0.64748085  0.18785849  0.29876755
   0.46220475  0.31081643  0.39853993
   0.84417284  0.06419010  0.19537193
   0.95536868  0.42852392  0.50140690
   0.70637000  0.44194000  0.09637000
   0.98076422  0.18784425  0.29848384
   0.79620401  0.31099687  0.39846908
   0.17997540  0.56401574  0.19509011
   0.24591888  0.93891527  0.50333190
   0.03971000  0.94194000  0.09637000
   0.31497000  0.68871768  0.29896125
   0.10880273  0.81540295  0.40041535
   0.51335245  0.56394668  0.19512037
   0.58029538  0.94111740  0.50428497
   0.37304000  0.94194000  0.09637000
   0.64789889  0.68834076  0.29863771
   0.43966194  0.81696167  0.40357063
   0.84663464  0.56399279  0.19524519
   0.91094153  0.93784413  0.50540492
   0.70637000  0.94194000  0.09637000
   0.98158931  0.68844367  0.29866469
   0.77472233  0.81652981  0.39954320
   0.92889190  0.69248802  0.49622098
   0.03971000  0.19194000  0.09637000
   0.31904112  0.43762639  0.29774776
   0.11305616  0.06190238  0.40034010
   0.17906050  0.31495228  0.19614968
   0.25952390  0.19281917  0.49594683
   0.37304000  0.19194000  0.09637000
   0.65276577  0.43825803  0.29856618
   0.44559703  0.06239322  0.40006112
   0.51226462  0.31562241  0.19743866
   0.59045689  0.19349193  0.48455175
   0.70637000  0.19194000  0.09637000
   0.98645580  0.43822400  0.29820848
   0.77940290  0.06186695  0.40028418
   0.84529061  0.31554089  0.19732581
   0.92741066  0.19066323  0.49530916
   0.03971000  0.69194000  0.09637000
   0.30994648  0.93942228  0.29844081
   0.12827279  0.55919197  0.40037968
   0.17796084  0.81559452  0.19725243
   0.25893916  0.68820473  0.50032340
   0.37304000  0.69194000  0.09637000
   0.64247634  0.93924411  0.29860708
   0.46059019  0.55922247  0.39989959
   0.51126162  0.81550886  0.19723154
   0.59391823  0.69359759  0.49516417
   0.70637000  0.69194000  0.09637000
   0.97683113  0.93944659  0.29836497
   0.84447448  0.81557680  0.19724737
   0.79488040  0.55984665  0.40033304
   0.17310000  0.33301000  0.10976000
   0.26179999  0.20283120  0.41112491
   0.08705196  0.31699345  0.51130087
   0.31412468  0.45983350  0.21367556
   0.11378181  0.08310204  0.31577659
   0.23858000  0.04636000  0.07986000
   0.04402051  0.17066161  0.18013845
   0.32853136  0.41490744  0.38162337
   0.11433874  0.04934326  0.48828850
   0.18115858  0.29274597  0.27989002
   0.50750000  0.33753000  0.11288000
   0.59583490  0.20350645  0.40952457
   0.41940066  0.32123611  0.51099585
   0.64774768  0.46071642  0.21486463
   0.44721103  0.08299150  0.31565427
   0.57191000  0.04636000  0.07986000
   0.37751715  0.17087165  0.18031732
   0.66208456  0.41584824  0.38255923
   0.44676459  0.05123646  0.48716299
   0.51464527  0.29314476  0.28088262
   0.84083000  0.33753000  0.11288000
   0.92822665  0.20292159  0.41115551
   0.75620214  0.32371397  0.51041941
   0.98121753  0.46060066  0.21452924
   0.78048930  0.08283486  0.31575087
   0.90524000  0.04636000  0.07986000
   0.71073086  0.17074291  0.18019792
   0.99497806  0.41481809  0.38163198
   0.78324411  0.04890350  0.48790870
   0.84787819  0.29294967  0.28062019
   0.17417000  0.83753000  0.11288000
   0.23983304  0.70892258  0.41731571
   0.04299191  0.83203996  0.51802672
   0.31179669  0.96071584  0.21446376
   0.11629177  0.58466945  0.31687063
   0.23858000  0.54636000  0.07986000
   0.04585117  0.67021233  0.18006673
   0.30566489  0.91997827  0.38252124
   0.15323274  0.53446662  0.48439913
   0.18017086  0.79249925  0.28048014
   0.50750000  0.83753000  0.11288000
   0.57567095  0.70974487  0.41368767
   0.38093725  0.83519417  0.50771769
   0.64507253  0.96068797  0.21457368
   0.44899324  0.58381832  0.31636493
   0.57191000  0.54636000  0.07986000
   0.37923367  0.67007020  0.18001485
   0.63914867  0.91985835  0.38289424
   0.48854002  0.54000031  0.48610599
   0.51348629  0.79221378  0.28031074
   0.84083000  0.83753000  0.11288000
   0.70942355  0.83198771  0.51709429
   0.97843994  0.96071326  0.21446119
   0.78271094  0.58437983  0.31691180
   0.90524000  0.54636000  0.07986000
   0.71253992  0.67014042  0.18007467
   0.97398019  0.91946094  0.38260449
   0.82260734  0.53959997  0.48677972
   0.84680414  0.79236996  0.28047816
   0.90783263  0.71061177  0.41417541
   0.73608745  0.56666540  0.64753819
   0.60113036  0.19921781  0.57382059
   0.97374092  0.64128170  0.60910720
   0.68662440  0.53229534  0.69526340
   0.78752300  0.52876864  0.74653548
   0.75463849  0.44751562  0.76819817
   0.91345885  0.54809208  0.73476701
   0.76434872  0.59098000  0.77768462
   0.55652936  0.50363426  0.70038770
