   0.29009886  0.43181754  0.49210680
   0.17893539  0.06422550  0.18486150
   0.03971000  0.44194000  0.08602000
   0.31571306  0.18813289  0.28857062
   0.12954575  0.31200329  0.38946739
   0.51224801  0.06424536  0.18479513
   0.62107548  0.43056934  0.49141666
   0.37304000  0.44194000  0.08602000
   0.64916036  0.18809877  0.28839196
   0.46282525  0.31201741  0.38858302
   0.84556789  0.06417466  0.18485022
   0.95979537  0.42933306  0.49236835
   0.70637000  0.44194000  0.08602000
   0.98246141  0.18810115  0.28854016
   0.79623724  0.31204878  0.38895854
   0.18119629  0.56355303  0.18470309
   0.25136043  0.93966338  0.49363974
   0.03971000  0.94194000  0.08602000
   0.31647436  0.68833673  0.28807170
   0.11036640  0.81677624  0.39011810
   0.51458130  0.56363123  0.18478510
   0.58360237  0.93833303  0.49348971
   0.37304000  0.94194000  0.08602000
   0.64974731  0.68854897  0.28824662
   0.44366848  0.81691875  0.38983481
   0.84792503  0.56361868  0.18470019
   0.91731549  0.93951485  0.49356158
   0.70637000  0.94194000  0.08602000
   0.98337812  0.68856436  0.28811961
   0.77702216  0.81677601  0.39015048
   0.03971000  0.19194000  0.08602000
   0.32013868  0.43802044  0.28803190
   0.11569151  0.06239412  0.38948005
   0.17963074  0.31535062  0.18695654
   0.26188809  0.19442525  0.48454795
   0.37304000  0.19194000  0.08602000
   0.65374555  0.43858625  0.28842671
   0.44825688  0.06265093  0.38949856
   0.51305064  0.31563144  0.18713910
   0.59642381  0.19278040  0.48427900
   0.70637000  0.19194000  0.08602000
   0.98682175  0.43820077  0.28814347
   0.78123983  0.06189551  0.38912740
   0.84634191  0.31548474  0.18702762
   0.93040432  0.19091154  0.48353100
   0.03971000  0.69194000  0.08602000
   0.31155342  0.93960007  0.28775519
   0.12955563  0.55972437  0.38961412
   0.17903047  0.81541032  0.18670783
   0.26366028  0.69243747  0.48508273
   0.37304000  0.69194000  0.08602000
   0.64471106  0.93930039  0.28756328
   0.46201504  0.55964446  0.38979781
   0.51227158  0.81527358  0.18664877
   0.59709417  0.69325573  0.48518318
   0.70637000  0.69194000  0.08602000
   0.97822622  0.93941888  0.28781156
   0.84568796  0.81536156  0.18672884
   0.93161582  0.69542285  0.48655265
   0.79526273  0.56061075  0.39023114
   0.17417000  0.33753000  0.10253000
   0.26332476  0.20334567  0.39977437
   0.09127989  0.31815564  0.49474692
   0.31574740  0.46027563  0.20438209
   0.11560850  0.08271714  0.30512525
   0.23858000  0.04636000  0.06951000
   0.04527228  0.17049320  0.16977145
   0.32874344  0.41630059  0.37195869
   0.11960932  0.05085247  0.47724707
   0.18262547  0.29294329  0.27037142
   0.50750000  0.33753000  0.10253000
   0.59548431  0.20394762  0.40016395
   0.42188693  0.32124057  0.49964529
   0.64916292  0.46049605  0.20473109
   0.44911679  0.08294118  0.30511487
   0.57191000  0.04636000  0.06951000
   0.37873242  0.17078658  0.16987459
   0.66266096  0.41760454  0.37281803
   0.45337799  0.04982853  0.47722803
   0.51618893  0.29342271  0.27077813
   0.84083000  0.33753000  0.10253000
   0.92791847  0.20285293  0.39950197
   0.75487192  0.32127691  0.49823383
   0.98232181  0.46039523  0.20447908
   0.78210114  0.08263445  0.30481947
   0.90524000  0.04636000  0.06951000
   0.71200460  0.17065632  0.16983379
   0.99482542  0.41655094  0.37209383
   0.78539397  0.04930942  0.47696021
   0.84930236  0.29309955  0.27051795
   0.17417000  0.83753000  0.10253000
   0.24415455  0.71042440  0.40349983
   0.05081628  0.83428151  0.50368456
   0.31304877  0.96066409  0.20400148
   0.11772521  0.58437985  0.30620493
   0.23858000  0.54636000  0.06951000
   0.04723030  0.66977780  0.16964758
   0.30850557  0.92027376  0.37211080
   0.15677051  0.54023598  0.47505150
   0.18189182  0.79245873  0.26997260
   0.50750000  0.83753000  0.10253000
   0.57735396  0.70996694  0.40344718
   0.38277514  0.83202789  0.50332965
   0.64623014  0.96051687  0.20386203
   0.45114661  0.58415797  0.30623893
   0.57191000  0.54636000  0.06951000
   0.38050816  0.66967500  0.16961341
   0.64187558  0.91978191  0.37185936
   0.48974303  0.54113870  0.47632297
   0.51501384  0.79222312  0.26987516
   0.84083000  0.83753000  0.10253000
   0.71694173  0.83234506  0.50304687
   0.97967488  0.96057437  0.20405653
   0.78471349  0.58476325  0.30674578
   0.90524000  0.54636000  0.06951000
   0.71390878  0.66974815  0.16966445
   0.97533434  0.91989072  0.37222305
   0.82244121  0.54237636  0.48000923
   0.84848487  0.79234425  0.27002436
   0.91041092  0.70972403  0.40469904
   0.70220301  0.62722547  0.63232761
   0.05728966  0.45280400  0.63466406
   0.86688093  0.52967051  0.58694303
   0.65485424  0.62215874  0.68261089
   0.67580913  0.53811822  0.72626049
   0.56020612  0.50303881  0.74645303
   0.72918243  0.47194762  0.70859929
   0.75165414  0.58123626  0.76134144
   0.59096243  0.68660115  0.69685060
