   0.17797245  0.06456232  0.19515784
   0.27974664  0.43402243  0.50133023
   0.03971000  0.44194000  0.09637000
   0.31563159  0.18929933  0.29966604
   0.12520080  0.31236563  0.39951886
   0.51157352  0.06456840  0.19490518
   0.61473650  0.43321815  0.49943961
   0.37304000  0.44194000  0.09637000
   0.64824500  0.18937612  0.29879946
   0.45925122  0.31176922  0.40289055
   0.84456443  0.06475578  0.19526608
   0.95128186  0.43502147  0.50143882
   0.70637000  0.44194000  0.09637000
   0.98148419  0.18902937  0.29927705
   0.79099686  0.31196346  0.40383481
   0.17984935  0.56317877  0.19505851
   0.25288669  0.93470539  0.50773883
   0.03971000  0.94194000  0.09637000
   0.31512648  0.68783762  0.29778930
   0.11356095  0.81656140  0.39612112
   0.51338659  0.56370369  0.19498918
   0.58649145  0.93884723  0.50691593
   0.37304000  0.94194000  0.09637000
   0.64799393  0.68870523  0.29809152
   0.44514804  0.81661971  0.39872595
   0.84666807  0.56352026  0.19510173
   0.91718872  0.93819527  0.50647608
   0.70637000  0.94194000  0.09637000
   0.98179423  0.68812958  0.29773487
   0.77805517  0.81777930  0.39840733
   0.92374247  0.69569762  0.48914231
   0.03971000  0.19194000  0.09637000
   0.31938868  0.43742544  0.29833071
   0.11453089  0.06177617  0.40042546
   0.17911164  0.31511835  0.19640238
   0.26251091  0.19059855  0.49543265
   0.37304000  0.19194000  0.09637000
   0.65040381  0.43701869  0.29891313
   0.44752480  0.06150883  0.40165587
   0.51224132  0.31585898  0.19708714
   0.59286248  0.18689327  0.50258391
   0.70637000  0.19194000  0.09637000
   0.98418659  0.43758565  0.29935399
   0.78075764  0.06232713  0.39991192
   0.84572422  0.31574442  0.19730562
   0.92394946  0.19297337  0.49554215
   0.03971000  0.69194000  0.09637000
   0.31418814  0.94167263  0.29778664
   0.12582925  0.56046532  0.40066055
   0.17855553  0.81544725  0.19720607
   0.26497362  0.69278951  0.49562724
   0.37304000  0.69194000  0.09637000
   0.64399914  0.94056514  0.29780420
   0.45968851  0.56050349  0.40013532
   0.51105882  0.81546013  0.19700307
   0.59488604  0.69469344  0.49561154
   0.70637000  0.69194000  0.09637000
   0.97804632  0.94024587  0.29799376
   0.84445647  0.81596600  0.19718916
   0.79233679  0.55940076  0.39793926
   0.17310000  0.33301000  0.10976000
   0.25682084  0.20331815  0.41154539
   0.07872330  0.32334171  0.50999117
   0.31427036  0.45954341  0.21403506
   0.11522661  0.08350353  0.31569589
   0.23858000  0.04636000  0.07986000
   0.04420554  0.17100453  0.17989491
   0.32514598  0.41691269  0.38231302
   0.12100355  0.04360409  0.48882613
   0.18177281  0.29315938  0.28023118
   0.50750000  0.33753000  0.11288000
   0.58992600  0.20346976  0.41678247
   0.41026386  0.32623818  0.50606107
   0.64762592  0.46056441  0.21462409
   0.44951823  0.08569190  0.31730023
   0.57191000  0.04636000  0.07986000
   0.37761867  0.17104214  0.18019842
   0.65767064  0.41603187  0.38326254
   0.44581026  0.03990490  0.48538853
   0.51444983  0.29366627  0.28050489
   0.84083000  0.33753000  0.11288000
   0.92638801  0.20346360  0.41137505
   0.75266138  0.32941419  0.50501885
   0.98120330  0.46020644  0.21496880
   0.78086092  0.08413359  0.31536255
   0.90524000  0.04636000  0.07986000
   0.71079415  0.17113549  0.18013531
   0.99087788  0.41726928  0.38361343
   0.78943525  0.04596743  0.48557104
   0.84799154  0.29312016  0.28041440
   0.17417000  0.83753000  0.11288000
   0.24451929  0.71077346  0.41374604
   0.04558998  0.82411712  0.52560662
   0.31260812  0.96110939  0.21422004
   0.11582237  0.58418242  0.31678888
   0.23858000  0.54636000  0.07986000
   0.04629771  0.66984931  0.18009912
   0.30900344  0.91810534  0.38090617
   0.14799041  0.54392738  0.48896139
   0.18122530  0.79269275  0.28045152
   0.50750000  0.83753000  0.11288000
   0.57900828  0.71054624  0.41350295
   0.38536205  0.82865318  0.51768576
   0.64549964  0.96072312  0.21413754
   0.44924490  0.58389115  0.31652316
   0.57191000  0.54636000  0.07986000
   0.37907205  0.66993260  0.17997659
   0.64277756  0.91971617  0.38150292
   0.48308315  0.54475626  0.48646831
   0.51355501  0.79273221  0.28017274
   0.84083000  0.83753000  0.11288000
   0.71986626  0.83037775  0.51612435
   0.97867286  0.96121378  0.21433520
   0.78183291  0.58364408  0.31530512
   0.90524000  0.54636000  0.07986000
   0.71284753  0.67024717  0.18005462
   0.97763724  0.92005395  0.38214639
   0.81530120  0.54514546  0.48447232
   0.84799861  0.79278104  0.28039287
   0.91442314  0.71113575  0.40959679
   0.74935130  0.57295828  0.64658917
   0.59217537  0.15399480  0.59528930
   0.96250217  0.66831039  0.59425491
   0.69687587  0.53542405  0.69271534
   0.79155750  0.52908758  0.74548153
   0.75506104  0.44595785  0.76584659
   0.91986978  0.54925768  0.73714460
   0.76282070  0.58922938  0.77788112
   0.56762257  0.50369283  0.69670750
