   0.18205998  0.06423956  0.19394058
   0.24662201  0.44423215  0.49992974
   0.03971000  0.44194000  0.09637000
   0.31831007  0.19035985  0.29697058
   0.11119955  0.31718021  0.40123036
   0.51526004  0.06411914  0.19384035
   0.57382882  0.44361262  0.50080956
   0.37304000  0.44194000  0.09637000
   0.65156039  0.18938992  0.29664022
   0.44373988  0.31786048  0.40122051
   0.84850976  0.06375983  0.19351061
   0.91538432  0.44682402  0.49825755
   0.70637000  0.44194000  0.09637000
   0.98481980  0.18960957  0.29663054
   0.78009902  0.31618046  0.39763035
   0.18061935  0.56423937  0.19399029
   0.28435940  0.93162704  0.49927061
   0.03971000  0.94194000  0.09637000
   0.31676972  0.68953966  0.29645045
   0.12697031  0.81394924  0.39505113
   0.51362977  0.56391977  0.19392043
   0.61956048  0.93320645  0.50083105
   0.37304000  0.94194000  0.09637000
   0.64962002  0.68886971  0.29608053
   0.46104084  0.81454000  0.39588096
   0.84712947  0.56393962  0.19384032
   0.95206813  0.93152694  0.50029144
   0.70637000  0.94194000  0.09637000
   0.98308932  0.68897953  0.29599063
   0.79396995  0.81391948  0.39515123
   0.93991029  0.19114882  0.49844977
   0.03971000  0.19194000  0.09637000
   0.31349050  0.43950083  0.29626093
   0.12974978  0.06062957  0.39658109
   0.18060027  0.31520017  0.19501078
   0.24346106  0.18953090  0.49838989
   0.37304000  0.19194000  0.09637000
   0.64711958  0.43927021  0.29625099
   0.46151989  0.06365914  0.39977101
   0.51395027  0.31518018  0.19508094
   0.58693959  0.19403722  0.49780032
   0.70637000  0.19194000  0.09637000
   0.98090016  0.43958027  0.29565092
   0.79539988  0.06192966  0.39952093
   0.84724026  0.31497048  0.19490100
   0.03971000  0.69194000  0.09637000
   0.32116033  0.94076062  0.29704081
   0.11545988  0.56476089  0.39646096
   0.18108022  0.81590009  0.19563104
   0.25313028  0.70073214  0.49218138
   0.37304000  0.69194000  0.09637000
   0.65402095  0.94029022  0.29672091
   0.44748033  0.56461037  0.39710099
   0.51414024  0.81567019  0.19552091
   0.58764225  0.69851194  0.49235223
   0.70637000  0.69194000  0.09637000
   0.98694030  0.93924020  0.29517107
   0.84730013  0.81496030  0.19481111
   0.92031962  0.69676208  0.49235267
   0.78089110  0.56385113  0.39694112
   0.17325000  0.33256000  0.10893000
   0.24608022  0.20975055  0.41423007
   0.04465834  0.34438994  0.50274077
   0.31476019  0.45977020  0.21173953
   0.11965035  0.08518071  0.31303969
   0.23858000  0.04636000  0.07986000
   0.04750995  0.17043982  0.17979926
   0.31017811  0.42092964  0.38049929
   0.15102205  0.03356167  0.47901948
   0.18334948  0.29377970  0.27838928
   0.50654000  0.33260000  0.10901000
   0.58089987  0.21331026  0.41622986
   0.37813009  0.33560011  0.50963991
   0.64809003  0.45963032  0.21182951
   0.45317102  0.08673058  0.31602917
   0.57191000  0.04636000  0.07986000
   0.38104990  0.17053943  0.17986944
   0.64437908  0.42007940  0.38101930
   0.48507123  0.04305197  0.48636989
   0.51722979  0.29350976  0.27860918
   0.83980000  0.33255000  0.10889000
   0.90966982  0.21052086  0.41522016
   0.70727109  0.33642486  0.52160634
   0.98148962  0.45960014  0.21139929
   0.78607053  0.08582051  0.31503966
   0.90524000  0.04636000  0.07986000
   0.71431010  0.17028004  0.17978941
   0.97693919  0.42097943  0.37954947
   0.81777032  0.03921240  0.48442967
   0.84988987  0.29343990  0.27842945
   0.17338000  0.83273000  0.10943000
   0.26097124  0.70726922  0.40717912
   0.08400325  0.81872127  0.51042795
   0.31697995  0.96059005  0.21282940
   0.11667922  0.58385030  0.31218955
   0.23858000  0.54636000  0.07986000
   0.04662916  0.67111023  0.18019939
   0.32750024  0.91991038  0.38091881
   0.11505087  0.55760821  0.48351971
   0.18371010  0.79531003  0.27939920
   0.50662000  0.83273000  0.10932000
   0.59394952  0.70657968  0.40817911
   0.41811950  0.82335084  0.50960914
   0.64981052  0.96027019  0.21242953
   0.44962041  0.58376028  0.31280919
   0.57191000  0.54636000  0.07986000
   0.37996959  0.67102009  0.18009966
   0.65990083  0.91896037  0.38054864
   0.44825825  0.55445809  0.48454903
   0.51713973  0.79482067  0.27922922
   0.83987000  0.83253000  0.10888000
   0.74988083  0.82095205  0.51146712
   0.98311974  0.95953021  0.21131921
   0.78271974  0.58345979  0.31266985
   0.90524000  0.54636000  0.07986000
   0.71290998  0.67049016  0.17988938
   0.99264032  0.91733044  0.37828904
   0.77897897  0.55213698  0.48513904
   0.84965015  0.79382995  0.27825946
   0.92603110  0.70594990  0.40791915
   0.78573330  0.54124523  0.67085672
   0.07833023  0.15960099  0.58181113
   0.73911361  0.40939599  0.60308173
   0.79294735  0.54268631  0.72363815
   0.76464628  0.44276685  0.76115775
   0.68525387  0.45065502  0.79659784
   0.71720438  0.36651033  0.73547991
   0.87786396  0.43592971  0.78050381
   0.82605535  0.62575365  0.74499721
