   0.17773663  0.06424372  0.19538234
   0.28760232  0.42935587  0.50164613
   0.03971000  0.44194000  0.09637000
   0.31398697  0.18785429  0.29860384
   0.12899804  0.31075160  0.39860985
   0.51101778  0.06430870  0.19547189
   0.62088680  0.43115758  0.50176948
   0.37304000  0.44194000  0.09637000
   0.64749177  0.18788023  0.29884374
   0.46224836  0.31087066  0.39861067
   0.84422490  0.06423097  0.19540978
   0.95472872  0.42815070  0.50133685
   0.70637000  0.44194000  0.09637000
   0.98078870  0.18787735  0.29853468
   0.79590510  0.31100527  0.39861161
   0.17999771  0.56401690  0.19513853
   0.24627117  0.93881378  0.50339462
   0.03971000  0.94194000  0.09637000
   0.31506639  0.68873863  0.29902797
   0.10926877  0.81542673  0.40050183
   0.51338405  0.56396572  0.19514808
   0.58023871  0.94073011  0.50424781
   0.37304000  0.94194000  0.09637000
   0.64792502  0.68839139  0.29869142
   0.43989762  0.81690828  0.40376661
   0.84665731  0.56400619  0.19528941
   0.91146598  0.93777178  0.50538334
   0.70637000  0.94194000  0.09637000
   0.98171943  0.68845951  0.29868222
   0.77476446  0.81663944  0.39976453
   0.92851162  0.69308285  0.49571841
   0.03971000  0.19194000  0.09637000
   0.31901964  0.43766927  0.29776579
   0.11321202  0.06187918  0.40034002
   0.17909398  0.31493255  0.19618134
   0.25923437  0.19263056  0.49578268
   0.37304000  0.19194000  0.09637000
   0.65267849  0.43826043  0.29858504
   0.44599878  0.06258285  0.40016928
   0.51225837  0.31560380  0.19746339
   0.59235698  0.19509458  0.49518351
   0.70637000  0.19194000  0.09637000
   0.98641174  0.43823573  0.29822154
   0.77950683  0.06195488  0.40024130
   0.84528315  0.31553077  0.19734476
   0.92777217  0.19090406  0.49521530
   0.03971000  0.69194000  0.09637000
   0.31007316  0.93938708  0.29846961
   0.12826185  0.55918775  0.40040956
   0.17801156  0.81557141  0.19726946
   0.25889951  0.68804526  0.50085118
   0.37304000  0.69194000  0.09637000
   0.64261331  0.93923669  0.29860710
   0.46049684  0.55928837  0.39995131
   0.51127036  0.81551174  0.19723467
   0.59343849  0.69331057  0.49558902
   0.70637000  0.69194000  0.09637000
   0.97696676  0.93941503  0.29838018
   0.84454087  0.81556776  0.19725790
   0.79457258  0.55977212  0.40032094
   0.17310000  0.33301000  0.10976000
   0.26161468  0.20288266  0.41107081
   0.08692875  0.31711417  0.51147078
   0.31419619  0.45981933  0.21367876
   0.11381367  0.08305534  0.31578348
   0.23858000  0.04636000  0.07986000
   0.04405717  0.17063659  0.18010051
   0.32832368  0.41493549  0.38161314
   0.11439293  0.04929880  0.48832953
   0.18119654  0.29273232  0.27989371
   0.50750000  0.33753000  0.11288000
   0.59553882  0.20334364  0.41065455
   0.42042727  0.31973725  0.51125239
   0.64776434  0.46070505  0.21485267
   0.44722179  0.08295173  0.31567451
   0.57191000  0.04636000  0.07986000
   0.37750787  0.17086805  0.18029904
   0.66195655  0.41597877  0.38251716
   0.44867553  0.05283437  0.48777539
   0.51464497  0.29312867  0.28088923
   0.84083000  0.33753000  0.11288000
   0.92813353  0.20289613  0.41109381
   0.75256424  0.32135052  0.51127179
   0.98123497  0.46059749  0.21453223
   0.78055967  0.08280254  0.31575211
   0.90524000  0.04636000  0.07986000
   0.71076113  0.17073720  0.18015827
   0.99481956  0.41488453  0.38160859
   0.78305917  0.04931868  0.48810956
   0.84787140  0.29293185  0.28061524
   0.17417000  0.83753000  0.11288000
   0.24002673  0.70883400  0.41755699
   0.04296725  0.83165455  0.51793325
   0.31183844  0.96070003  0.21448153
   0.11634381  0.58468021  0.31682936
   0.23858000  0.54636000  0.07986000
   0.04586661  0.67018935  0.18003017
   0.30585777  0.92000574  0.38255788
   0.15223856  0.53403858  0.48404909
   0.18025150  0.79248561  0.28050206
   0.50750000  0.83753000  0.11288000
   0.57613622  0.70967812  0.41395064
   0.38191989  0.83581861  0.50737693
   0.64511223  0.96071287  0.21457846
   0.44909157  0.58383989  0.31638653
   0.57191000  0.54636000  0.07986000
   0.37921910  0.67003842  0.17996884
   0.63935647  0.91988541  0.38288964
   0.48793924  0.53980354  0.48582538
   0.51356315  0.79222670  0.28030494
   0.84083000  0.83753000  0.11288000
   0.71022829  0.83194989  0.51646145
   0.97849456  0.96071691  0.21448603
   0.78281033  0.58442813  0.31688645
   0.90524000  0.54636000  0.07986000
   0.71259116  0.67011190  0.18004021
   0.97415734  0.91938332  0.38264469
   0.82245094  0.54029868  0.48714033
   0.84689612  0.79235950  0.28050228
   0.90817433  0.71037290  0.41432876
   0.73630010  0.56842353  0.64667786
   0.25429163  0.65528875  0.60267875
   0.97714719  0.63950698  0.61007905
   0.68786472  0.53338331  0.69468553
   0.78809525  0.52938695  0.74611179
   0.75428412  0.44778776  0.76770889
   0.91424162  0.54823862  0.73517175
   0.76441791  0.59088503  0.77775972
   0.55765000  0.50355292  0.70008312
