   0.18171095  0.06505894  0.19527120
   0.24139110  0.44212085  0.50355006
   0.03971000  0.44194000  0.09637000
   0.31883021  0.19023480  0.29940452
   0.11323444  0.31788387  0.40079800
   0.51476194  0.06462676  0.19488194
   0.57323250  0.44883928  0.50050141
   0.37304000  0.44194000  0.09637000
   0.65209635  0.18987974  0.29840320
   0.44874488  0.31813119  0.40126852
   0.84823348  0.06477689  0.19476796
   0.91384615  0.44765957  0.50055716
   0.70637000  0.44194000  0.09637000
   0.98542760  0.18979685  0.29816419
   0.78054970  0.31715984  0.40094210
   0.17958312  0.56544240  0.19542292
   0.28457391  0.93459766  0.50312949
   0.03971000  0.94194000  0.09637000
   0.31575961  0.69064418  0.29828284
   0.12608075  0.81589870  0.39802322
   0.51278949  0.56482480  0.19511114
   0.61804440  0.93334727  0.50320152
   0.37304000  0.94194000  0.09637000
   0.64873072  0.68991770  0.29778959
   0.45896128  0.81590826  0.39841005
   0.84644348  0.56519824  0.19517649
   0.95100078  0.93377967  0.50168401
   0.70637000  0.94194000  0.09637000
   0.98230554  0.69045124  0.29830925
   0.79182038  0.81519892  0.39766881
   0.60390046  0.19353393  0.50228898
   0.03971000  0.19194000  0.09637000
   0.31404548  0.44040249  0.29808629
   0.12760525  0.06209414  0.40026564
   0.17995942  0.31633781  0.19721538
   0.26142998  0.19698659  0.49540347
   0.37304000  0.19194000  0.09637000
   0.64746234  0.44039796  0.29781596
   0.46337110  0.06408410  0.40288450
   0.51332306  0.31599196  0.19710703
   0.70637000  0.19194000  0.09637000
   0.98051255  0.44089792  0.29786180
   0.79600128  0.06168504  0.39934367
   0.84657345  0.31627444  0.19707589
   0.91680965  0.19288635  0.49922612
   0.03971000  0.69194000  0.09637000
   0.32059134  0.94245430  0.29949017
   0.11396169  0.56576828  0.39913195
   0.18018692  0.81732508  0.19784024
   0.25516373  0.69820419  0.49484836
   0.37304000  0.69194000  0.09637000
   0.65277647  0.94008076  0.29725878
   0.44555959  0.56615008  0.39914481
   0.51339253  0.81585075  0.19586326
   0.58593183  0.69946768  0.49480606
   0.70637000  0.69194000  0.09637000
   0.98600064  0.94023780  0.29760997
   0.84713513  0.81601504  0.19598578
   0.92160639  0.70033120  0.49429492
   0.78034485  0.56620618  0.39885935
   0.17417000  0.33753000  0.11288000
   0.24830191  0.21130387  0.41352812
   0.04001931  0.33797698  0.51299020
   0.31359772  0.46154096  0.21421089
   0.11975872  0.08528751  0.31625598
   0.23858000  0.04636000  0.07986000
   0.04723385  0.17108364  0.18012128
   0.31284841  0.42088834  0.38207810
   0.15160022  0.04458461  0.48707296
   0.18427896  0.29359449  0.28034323
   0.50750000  0.33753000  0.11288000
   0.58141624  0.21285513  0.41955743
   0.37609569  0.33774408  0.51500025
   0.64733870  0.46136882  0.21391391
   0.45434594  0.08757422  0.31848730
   0.57191000  0.04636000  0.07986000
   0.38064441  0.17074293  0.18001209
   0.64633700  0.42074787  0.38191909
   0.48466824  0.04196577  0.48867160
   0.51754729  0.29350998  0.28025757
   0.84083000  0.33753000  0.11288000
   0.91470286  0.21097771  0.41570488
   0.70847244  0.34780548  0.51117388
   0.98069370  0.46157595  0.21393637
   0.78651891  0.08561712  0.31533716
   0.90524000  0.04636000  0.07986000
   0.71386890  0.17088967  0.18004424
   0.97848928  0.42111605  0.38187366
   0.81704990  0.03832018  0.48350010
   0.85081155  0.29392863  0.28015631
   0.17417000  0.83753000  0.11288000
   0.25870094  0.70844478  0.41041562
   0.08382198  0.82425798  0.51206764
   0.31675141  0.96228864  0.21523699
   0.11573722  0.58560008  0.31488877
   0.23858000  0.54636000  0.07986000
   0.04587062  0.67203626  0.18059253
   0.32556999  0.92142990  0.38351793
   0.11459614  0.55466403  0.48636824
   0.18292523  0.79666160  0.28142585
   0.50619000  0.83294000  0.10916000
   0.59169962  0.70815342  0.41002725
   0.41586864  0.82285490  0.51230462
   0.64926102  0.96050877  0.21288076
   0.44858221  0.58526944  0.31490804
   0.57191000  0.54636000  0.07986000
   0.37915777  0.67140999  0.18011258
   0.65784306  0.91941882  0.38098433
   0.44245996  0.55646566  0.48653608
   0.51564050  0.79491497  0.27962142
   0.83992000  0.83287000  0.10930000
   0.74912543  0.82253843  0.51241496
   0.98274643  0.96086112  0.21335335
   0.78207905  0.58495843  0.31461187
   0.90524000  0.54636000  0.07986000
   0.71234591  0.67148969  0.18017680
   0.99115083  0.91982690  0.38167823
   0.78035344  0.55846043  0.48545449
   0.84899660  0.79509450  0.27976538
   0.92615650  0.70843075  0.40939259
   0.76573051  0.54849788  0.65436248
   0.74345503  0.17178499  0.59163421
   0.73946607  0.38104956  0.60737674
   0.76339512  0.57939773  0.70457004
   0.73382586  0.50408941  0.75552349
   0.64438190  0.52749466  0.78393576
   0.69646414  0.41611141  0.74205855
   0.84282139  0.51495119  0.78120725
   0.78668851  0.67066358  0.71395056
