   0.17878331  0.06458638  0.19527023
   0.26808843  0.43275635  0.50215940
   0.03971000  0.44194000  0.09637000
   0.31474568  0.18933187  0.29861812
   0.12013273  0.31222057  0.40291188
   0.51245035  0.06456150  0.19523565
   0.60101602  0.43296655  0.50225123
   0.37304000  0.44194000  0.09637000
   0.64816854  0.18895023  0.29921484
   0.45002408  0.31263461  0.40329124
   0.84540551  0.06490817  0.19531337
   0.93338550  0.43158634  0.50173072
   0.70637000  0.44194000  0.09637000
   0.98202879  0.18950374  0.29956258
   0.78575548  0.31314174  0.39984441
   0.17982728  0.56407610  0.19515799
   0.26233492  0.93696273  0.51061838
   0.03971000  0.94194000  0.09637000
   0.31607762  0.68838348  0.29842090
   0.11886009  0.81450237  0.39734130
   0.51321627  0.56329517  0.19446702
   0.59266900  0.93464088  0.50612594
   0.37304000  0.94194000  0.09637000
   0.64930527  0.68810271  0.29777061
   0.45234255  0.81448028  0.39954672
   0.84674288  0.56409383  0.19496195
   0.92384620  0.93283279  0.50599658
   0.70637000  0.94194000  0.09637000
   0.98281156  0.68842007  0.29733210
   0.78548851  0.81423533  0.39925150
   0.93126331  0.68397839  0.49376228
   0.03971000  0.19194000  0.09637000
   0.31595949  0.43839343  0.29843630
   0.11952028  0.05987631  0.40134692
   0.17885028  0.31536821  0.19615597
   0.25769119  0.18203639  0.50419863
   0.37304000  0.19194000  0.09637000
   0.64935646  0.43799460  0.29733090
   0.45186400  0.06059673  0.40066383
   0.51213668  0.31487149  0.19685480
   0.58575819  0.19196501  0.49675800
   0.70637000  0.19194000  0.09637000
   0.98384099  0.43834542  0.29863086
   0.78528553  0.06085065  0.40125842
   0.84479796  0.31578055  0.19741117
   0.92769760  0.19132391  0.49654780
   0.03971000  0.69194000  0.09637000
   0.31545158  0.94001564  0.29815316
   0.12271159  0.56050339  0.40027328
   0.17938257  0.81597640  0.19719570
   0.26579235  0.69160097  0.49573575
   0.37304000  0.69194000  0.09637000
   0.64891971  0.93955116  0.29868575
   0.45644017  0.56006298  0.40036814
   0.51219048  0.81590479  0.19747843
   0.59479714  0.69255576  0.49661063
   0.70637000  0.69194000  0.09637000
   0.98226701  0.94060800  0.29821758
   0.84542139  0.81621112  0.19717216
   0.78907209  0.55949452  0.39802336
   0.17310000  0.33301000  0.10976000
   0.25045247  0.20500133  0.41928130
   0.06535171  0.32671628  0.51162289
   0.31406528  0.46005253  0.21390562
   0.11647517  0.08544767  0.31726853
   0.23858000  0.04636000  0.07986000
   0.04495781  0.17085268  0.17991839
   0.31769166  0.41669169  0.38280177
   0.12262059  0.03195976  0.48410040
   0.18112926  0.29366608  0.27988798
   0.50750000  0.33753000  0.11288000
   0.58579045  0.20569333  0.41302094
   0.40251971  0.32831799  0.50864585
   0.64790023  0.45986929  0.21364226
   0.44819202  0.08469475  0.31667036
   0.57191000  0.04636000  0.07986000
   0.37795151  0.17033134  0.17975531
   0.65034204  0.41660301  0.38108847
   0.46331493  0.04164634  0.48582218
   0.51420639  0.29247848  0.27977526
   0.84083000  0.33753000  0.11288000
   0.91795664  0.20604004  0.41360759
   0.73198479  0.32430612  0.51211779
   0.98101274  0.46071649  0.21455958
   0.78198342  0.08435266  0.31704620
   0.90524000  0.04636000  0.07986000
   0.71145432  0.17073024  0.17984278
   0.98667674  0.41726652  0.38252640
   0.79575359  0.04326051  0.48828345
   0.84761567  0.29306570  0.28061875
   0.17417000  0.83753000  0.11288000
   0.25166203  0.70853749  0.41391033
   0.05046715  0.81979895  0.52625073
   0.31354125  0.96105626  0.21458688
   0.11668308  0.58431505  0.31639923
   0.23858000  0.54636000  0.07986000
   0.04615880  0.67066442  0.18014064
   0.31766379  0.91704652  0.38158461
   0.13609219  0.54521380  0.48740945
   0.18268630  0.79311667  0.28038948
   0.50750000  0.83753000  0.11288000
   0.58655135  0.70845463  0.41419534
   0.39184198  0.82716967  0.51792730
   0.64666473  0.96125438  0.21489539
   0.44992310  0.58369645  0.31641950
   0.57191000  0.54636000  0.07986000
   0.37949982  0.67035770  0.18012085
   0.65077221  0.91760231  0.38259302
   0.46999326  0.54546760  0.48708427
   0.51589052  0.79309221  0.28064038
   0.84083000  0.83753000  0.11288000
   0.72368668  0.82635655  0.51980909
   0.97998719  0.96154568  0.21454001
   0.78355162  0.58360405  0.31475022
   0.90524000  0.54636000  0.07986000
   0.71255280  0.67055647  0.18010083
   0.98314773  0.91678766  0.38128941
   0.80353453  0.54114739  0.48423356
   0.84861133  0.79308503  0.28014777
   0.92017549  0.70806747  0.41338539
   0.77675589  0.60633960  0.64810363
   0.26939432  0.12558101  0.59590957
   0.93180020  0.74330211  0.60130260
   0.71862126  0.54703969  0.68875001
   0.80031669  0.53302689  0.74369687
   0.76067091  0.44774421  0.76003346
   0.93014361  0.55578654  0.73960540
   0.76280543  0.58821859  0.77575385
   0.59389557  0.50196383  0.68489330
