   0.17771279  0.06422533  0.19537038
   0.28788974  0.42938817  0.50155828
   0.03971000  0.44194000  0.09637000
   0.31397147  0.18783614  0.29858532
   0.12907461  0.31068782  0.39861384
   0.51099530  0.06427642  0.19546157
   0.62100700  0.43110573  0.50165914
   0.37304000  0.44194000  0.09637000
   0.64748604  0.18786431  0.29882661
   0.46229642  0.31079773  0.39859438
   0.84419357  0.06420548  0.19540382
   0.95507279  0.42814968  0.50135076
   0.70637000  0.44194000  0.09637000
   0.98076409  0.18785554  0.29852606
   0.79598979  0.31096404  0.39862186
   0.17998202  0.56400572  0.19513023
   0.24620933  0.93880767  0.50339408
   0.03971000  0.94194000  0.09637000
   0.31501613  0.68870910  0.29901498
   0.10913458  0.81543007  0.40046674
   0.51335918  0.56394380  0.19514891
   0.58004818  0.94067069  0.50428071
   0.37304000  0.94194000  0.09637000
   0.64786931  0.68835165  0.29867800
   0.43973915  0.81692042  0.40371280
   0.84663714  0.56398846  0.19528098
   0.91112148  0.93770065  0.50543224
   0.70637000  0.94194000  0.09637000
   0.98167435  0.68842946  0.29867400
   0.77464552  0.81660719  0.39966605
   0.92855663  0.69309594  0.49572397
   0.03971000  0.19194000  0.09637000
   0.31905118  0.43766520  0.29779362
   0.11314977  0.06192365  0.40036086
   0.17908963  0.31495107  0.19619835
   0.25926399  0.19271311  0.49584366
   0.37304000  0.19194000  0.09637000
   0.65272069  0.43825583  0.29861546
   0.44590825  0.06262281  0.40017668
   0.51227244  0.31561823  0.19748000
   0.59227983  0.19505141  0.49519412
   0.70637000  0.19194000  0.09637000
   0.98645122  0.43823616  0.29825218
   0.77943596  0.06197270  0.40026466
   0.84529562  0.31554149  0.19736807
   0.92765300  0.19091053  0.49523867
   0.03971000  0.69194000  0.09637000
   0.31001657  0.93941162  0.29848688
   0.12830604  0.55916592  0.40044449
   0.17799950  0.81559349  0.19729186
   0.25923197  0.68801482  0.50093300
   0.37304000  0.69194000  0.09637000
   0.64255197  0.93924971  0.29863810
   0.46057807  0.55924951  0.39999590
   0.51127656  0.81552065  0.19726253
   0.59353413  0.69343873  0.49552175
   0.70637000  0.69194000  0.09637000
   0.97691290  0.93944410  0.29839792
   0.84451745  0.81557974  0.19727998
   0.79467631  0.55976891  0.40031246
   0.17310000  0.33301000  0.10976000
   0.26173502  0.20285439  0.41108058
   0.08706041  0.31699842  0.51140159
   0.31416665  0.45983499  0.21364953
   0.11379176  0.08306718  0.31575978
   0.23858000  0.04636000  0.07986000
   0.04403538  0.17064558  0.18010265
   0.32842086  0.41488450  0.38159896
   0.11427444  0.04932065  0.48831306
   0.18119059  0.29274399  0.27986495
   0.50750000  0.33753000  0.11288000
   0.59561816  0.20330834  0.41064633
   0.42055073  0.31967228  0.51129621
   0.64775963  0.46071817  0.21483038
   0.44720717  0.08296233  0.31564417
   0.57191000  0.04636000  0.07986000
   0.37750811  0.17086699  0.18028841
   0.66201801  0.41593634  0.38249961
   0.44854644  0.05293792  0.48774262
   0.51463533  0.29314411  0.28085564
   0.84083000  0.33753000  0.11288000
   0.92819174  0.20284502  0.41108214
   0.75294838  0.32123476  0.51113668
   0.98123239  0.46060878  0.21450083
   0.78052487  0.08280160  0.31572918
   0.90524000  0.04636000  0.07986000
   0.71073797  0.17073066  0.18015969
   0.99487647  0.41483619  0.38158579
   0.78297272  0.04934152  0.48810526
   0.84787277  0.29294565  0.28058353
   0.17417000  0.83753000  0.11288000
   0.23986174  0.70885212  0.41747002
   0.04268826  0.83152296  0.51798665
   0.31182911  0.96071759  0.21444511
   0.11629661  0.58468863  0.31681136
   0.23858000  0.54636000  0.07986000
   0.04585066  0.67019881  0.18003046
   0.30574481  0.92005721  0.38251366
   0.15225439  0.53393442  0.48400524
   0.18020614  0.79250084  0.28046338
   0.50750000  0.83753000  0.11288000
   0.57598680  0.70970509  0.41375348
   0.38174753  0.83604723  0.50735670
   0.64510254  0.96070403  0.21454815
   0.44902327  0.58381720  0.31633977
   0.57191000  0.54636000  0.07986000
   0.37920787  0.67004317  0.17997329
   0.63929760  0.91992104  0.38286309
   0.48826763  0.53977898  0.48579926
   0.51352928  0.79223308  0.28027653
   0.84083000  0.83753000  0.11288000
   0.71009378  0.83208387  0.51671599
   0.97846680  0.96071713  0.21445222
   0.78280277  0.58443799  0.31689178
   0.90524000  0.54636000  0.07986000
   0.71257416  0.67012551  0.18003983
   0.97407351  0.91943813  0.38260402
   0.82271016  0.54016344  0.48703738
   0.84687351  0.79237261  0.28047127
   0.90802811  0.71042176  0.41431995
   0.73582708  0.56755249  0.64695206
   0.25487927  0.65526308  0.60268134
   0.97743523  0.64042697  0.60976463
   0.68720732  0.53289498  0.69485817
   0.78800550  0.52911781  0.74639496
   0.75444901  0.44751538  0.76804582
   0.91374662  0.54810737  0.73499347
   0.76437570  0.59099177  0.77781527
   0.55716783  0.50359065  0.70024770
