   0.18205961  0.06423230  0.19395161
   0.24665633  0.44426959  0.49992537
   0.03971000  0.44194000  0.09637000
   0.31831182  0.19035802  0.29698158
   0.11119046  0.31718413  0.40123761
   0.51526130  0.06410409  0.19384694
   0.57381137  0.44365572  0.50080278
   0.37304000  0.44194000  0.09637000
   0.65156802  0.18938935  0.29664444
   0.44373800  0.31786977  0.40123065
   0.84850600  0.06375782  0.19352225
   0.91546068  0.44689462  0.49821180
   0.70637000  0.44194000  0.09637000
   0.98481666  0.18960262  0.29664090
   0.78008001  0.31618889  0.39763787
   0.18060742  0.56422872  0.19399592
   0.28434976  0.93157748  0.49928157
   0.03971000  0.94194000  0.09637000
   0.31676440  0.68953422  0.29645901
   0.12697707  0.81393652  0.39507244
   0.51362581  0.56391649  0.19392879
   0.61956968  0.93314583  0.50085043
   0.37304000  0.94194000  0.09637000
   0.64962058  0.68886556  0.29609046
   0.46105705  0.81454156  0.39589891
   0.84711982  0.56393362  0.19384646
   0.95203797  0.93147572  0.50031788
   0.70637000  0.94194000  0.09637000
   0.98307703  0.68897188  0.29600249
   0.79397015  0.81391118  0.39517425
   0.93991616  0.19112939  0.49844620
   0.03971000  0.19194000  0.09637000
   0.31349883  0.43951544  0.29627738
   0.12974595  0.06062253  0.39660090
   0.18060478  0.31520292  0.19502493
   0.24348177  0.18954865  0.49838825
   0.37304000  0.19194000  0.09637000
   0.64711096  0.43927375  0.29626894
   0.46151871  0.06364457  0.39978923
   0.51395444  0.31518297  0.19509785
   0.58693496  0.19398704  0.49780664
   0.70637000  0.19194000  0.09637000
   0.98090317  0.43958558  0.29566742
   0.79539804  0.06192477  0.39953793
   0.84724451  0.31497867  0.19491931
   0.03971000  0.69194000  0.09637000
   0.32116643  0.94077234  0.29705473
   0.11545643  0.56477662  0.39647807
   0.18108377  0.81590147  0.19564985
   0.25313210  0.70076870  0.49220627
   0.37304000  0.69194000  0.09637000
   0.65403890  0.94029460  0.29673670
   0.44748512  0.56461633  0.39711856
   0.51414430  0.81567339  0.19553764
   0.58768033  0.69854418  0.49239273
   0.70637000  0.69194000  0.09637000
   0.98694604  0.93924435  0.29518986
   0.84730202  0.81496550  0.19483105
   0.92030892  0.69679779  0.49240164
   0.78091001  0.56387054  0.39696156
   0.17325000  0.33256000  0.10893000
   0.24608394  0.20976120  0.41423194
   0.04462873  0.34439081  0.50275590
   0.31476387  0.45977397  0.21173134
   0.11965729  0.08519400  0.31303499
   0.23858000  0.04636000  0.07986000
   0.04750956  0.17043609  0.17978522
   0.31014193  0.42092360  0.38048622
   0.15106078  0.03359107  0.47901094
   0.18334007  0.29377422  0.27837623
   0.50654000  0.33260000  0.10901000
   0.58089596  0.21331442  0.41622764
   0.37813230  0.33560381  0.50963877
   0.64809061  0.45963640  0.21182107
   0.45319051  0.08674108  0.31601450
   0.57191000  0.04636000  0.07986000
   0.38105018  0.17052879  0.17985920
   0.64436170  0.42006926  0.38100631
   0.48509309  0.04308479  0.48636840
   0.51722755  0.29350549  0.27859428
   0.83980000  0.33255000  0.10889000
   0.90966588  0.21053670  0.41522328
   0.70729946  0.33633744  0.52154606
   0.98148300  0.45960348  0.21138688
   0.78608113  0.08583028  0.31503421
   0.90524000  0.04636000  0.07986000
   0.71431236  0.17028071  0.17977843
   0.97692474  0.42097031  0.37954025
   0.81777529  0.03925538  0.48442427
   0.84988826  0.29343810  0.27841960
   0.17338000  0.83273000  0.10943000
   0.26099632  0.70725447  0.40716389
   0.08406565  0.81874434  0.51038769
   0.31698028  0.96059101  0.21281896
   0.11666389  0.58385613  0.31218191
   0.23858000  0.54636000  0.07986000
   0.04661288  0.67111455  0.18018792
   0.32750490  0.91991637  0.38089663
   0.11507198  0.55757897  0.48351450
   0.18371310  0.79531227  0.27938567
   0.50662000  0.83273000  0.10932000
   0.59394070  0.70657351  0.40816390
   0.41811141  0.82336647  0.50959282
   0.64982125  0.96027353  0.21242137
   0.44962717  0.58376551  0.31279531
   0.57191000  0.54636000  0.07986000
   0.37996145  0.67102177  0.18009365
   0.65991693  0.91896783  0.38052358
   0.44822805  0.55442755  0.48453052
   0.51713472  0.79483343  0.27921503
   0.83987000  0.83253000  0.10888000
   0.74990005  0.82099070  0.51141068
   0.98311499  0.95953401  0.21130495
   0.78271472  0.58345554  0.31266809
   0.90524000  0.54636000  0.07986000
   0.71290928  0.67049362  0.17987816
   0.99264563  0.91733669  0.37827196
   0.77896078  0.55208343  0.48512012
   0.84965253  0.79382842  0.27825080
   0.92605329  0.70594811  0.40790492
   0.78564582  0.54099962  0.67062394
   0.07833529  0.15961921  0.58183189
   0.73917636  0.40969269  0.60329194
   0.79301731  0.54269551  0.72373081
   0.76444976  0.44230156  0.76085760
   0.68503966  0.45072846  0.79670200
   0.71740425  0.36677579  0.73562186
   0.87805605  0.43591716  0.78056398
   0.82597970  0.62566535  0.74495362
