   0.29096739  0.43166169  0.49194013
   0.17893995  0.06422958  0.18479050
   0.03971000  0.44194000  0.08602000
   0.31571980  0.18814944  0.28855025
   0.12981891  0.31178058  0.38944005
   0.51227963  0.06423970  0.18473049
   0.62161799  0.43040184  0.49134964
   0.37304000  0.44194000  0.08602000
   0.64916974  0.18813939  0.28832055
   0.46312891  0.31189029  0.38851014
   0.84557971  0.06416968  0.18481039
   0.96057951  0.42894301  0.49231070
   0.70637000  0.44194000  0.08602000
   0.98243984  0.18810946  0.28852036
   0.79647952  0.31199997  0.38890043
   0.18124967  0.56354964  0.18462058
   0.25054264  0.93974797  0.49366049
   0.03971000  0.94194000  0.08602000
   0.31635034  0.68829981  0.28793076
   0.10993071  0.81686916  0.38998100
   0.51461970  0.56360985  0.18471058
   0.58255321  0.93835613  0.49354120
   0.37304000  0.94194000  0.08602000
   0.64961012  0.68847998  0.28810070
   0.44316118  0.81693939  0.38959114
   0.84798965  0.56360973  0.18460068
   0.91630827  0.93956680  0.49351104
   0.70637000  0.94194000  0.08602000
   0.98331005  0.68859948  0.28803060
   0.77660078  0.81672970  0.38969171
   0.03971000  0.19194000  0.08602000
   0.32018032  0.43783092  0.28792115
   0.11518164  0.06248966  0.38945071
   0.17961031  0.31535005  0.18690091
   0.26138026  0.19461810  0.48458979
   0.37304000  0.19194000  0.08602000
   0.65386013  0.43856047  0.28837098
   0.44771119  0.06276928  0.38941100
   0.51309012  0.31565009  0.18709087
   0.59605892  0.19281739  0.48417027
   0.70637000  0.19194000  0.08602000
   0.98701966  0.43822025  0.28815078
   0.78064150  0.06201934  0.38913076
   0.84640010  0.31553997  0.18701083
   0.92991076  0.19074911  0.48357973
   0.03971000  0.69194000  0.08602000
   0.31131076  0.93970952  0.28768114
   0.12982944  0.55971050  0.38957071
   0.17902018  0.81545003  0.18667086
   0.26349307  0.69238262  0.48504127
   0.37304000  0.69194000  0.08602000
   0.64447088  0.93940971  0.28755108
   0.46209075  0.55954118  0.38955157
   0.51225025  0.81532004  0.18665066
   0.59725225  0.69337316  0.48473352
   0.70637000  0.69194000  0.08602000
   0.97800094  0.93953972  0.28777098
   0.84561054  0.81541998  0.18672071
   0.93190816  0.69555133  0.48650069
   0.79508118  0.56075980  0.39012126
   0.17417000  0.33753000  0.10253000
   0.26374874  0.20307125  0.39966996
   0.09223755  0.31754229  0.49450088
   0.31575980  0.46026992  0.20432934
   0.11555011  0.08272021  0.30509947
   0.23858000  0.04636000  0.06951000
   0.04526000  0.17050006  0.16977955
   0.32894895  0.41609984  0.37184982
   0.11875244  0.05116069  0.47718971
   0.18257029  0.29289026  0.27030954
   0.50750000  0.33753000  0.10253000
   0.59568967  0.20375089  0.40002982
   0.42263899  0.32106039  0.49955034
   0.64923977  0.46051998  0.20468939
   0.44910991  0.08295021  0.30500968
   0.57191000  0.04636000  0.06951000
   0.37875993  0.17080012  0.16987959
   0.66288907  0.41760937  0.37277960
   0.45253223  0.04993122  0.47717957
   0.51620970  0.29348978  0.27072963
   0.84083000  0.33753000  0.10253000
   0.92801981  0.20271059  0.39948960
   0.75551863  0.32102088  0.49771180
   0.98240955  0.46042977  0.20446943
   0.78203008  0.08268990  0.30481944
   0.90524000  0.04636000  0.06951000
   0.71203979  0.17069004  0.16986942
   0.99513914  0.41649965  0.37213921
   0.78435348  0.04931158  0.47705909
   0.84935963  0.29319963  0.27052937
   0.17417000  0.83753000  0.10253000
   0.24365042  0.71061928  0.40354919
   0.05000270  0.83460889  0.50368971
   0.31305003  0.96069009  0.20393951
   0.11766976  0.58445970  0.30620937
   0.23858000  0.54636000  0.06951000
   0.04727974  0.66980989  0.16967942
   0.30811070  0.92036052  0.37202954
   0.15740712  0.53981965  0.47495002
   0.18181019  0.79252998  0.26993944
   0.50750000  0.83753000  0.10253000
   0.57693089  0.71011913  0.40313963
   0.38180926  0.83192103  0.50380769
   0.64623996  0.96055002  0.20387920
   0.45098019  0.58405021  0.30607959
   0.57191000  0.54636000  0.06951000
   0.38054985  0.66972982  0.16966930
   0.64147149  0.91987086  0.37185911
   0.49038761  0.54100791  0.47603024
   0.51493989  0.79226020  0.26989913
   0.84083000  0.83753000  0.10253000
   0.71559391  0.83219125  0.50396607
   0.97967996  0.96059012  0.20402939
   0.78465993  0.58478997  0.30668929
   0.90524000  0.54636000  0.06951000
   0.71392984  0.66979979  0.16970937
   0.97488155  0.91998038  0.37214945
   0.82259105  0.54248804  0.48015796
   0.84833050  0.79241995  0.27003923
   0.90983141  0.70986930  0.40468966
   0.71424265  0.62508343  0.63402667
   0.05019308  0.45269719  0.63466076
   0.86306993  0.52931403  0.58517982
   0.65818527  0.62112407  0.68270327
   0.67413588  0.53806755  0.72733699
   0.56050038  0.50253519  0.74743450
   0.72746368  0.47157749  0.70856178
   0.75177203  0.58096775  0.76148643
   0.59225312  0.68634602  0.69461088
