   0.17766836  0.06414279  0.19528875
   0.28449098  0.43262962  0.50117500
   0.03971000  0.44194000  0.09637000
   0.31415129  0.18777663  0.29823844
   0.12824009  0.31121124  0.39943835
   0.51099490  0.06446270  0.19581557
   0.61885204  0.43204937  0.49892852
   0.37304000  0.44194000  0.09637000
   0.64784192  0.18862111  0.29922623
   0.46203770  0.31102511  0.40070645
   0.84435175  0.06443925  0.19552615
   0.95319783  0.43248133  0.50101604
   0.70637000  0.44194000  0.09637000
   0.98084807  0.18828798  0.29897179
   0.79256724  0.31159248  0.40231644
   0.17987776  0.56368181  0.19516761
   0.24976027  0.93818878  0.50462470
   0.03971000  0.94194000  0.09637000
   0.31476380  0.68802780  0.29858722
   0.10991256  0.81585581  0.39823611
   0.51339727  0.56387548  0.19513560
   0.58125440  0.93972945  0.50458448
   0.37304000  0.94194000  0.09637000
   0.64822307  0.68866254  0.29836345
   0.44230481  0.81647848  0.40004573
   0.84657592  0.56380086  0.19536296
   0.91429236  0.93836620  0.50532606
   0.70637000  0.94194000  0.09637000
   0.98159347  0.68835528  0.29839671
   0.77559369  0.81702915  0.39933082
   0.93033231  0.69365308  0.49511813
   0.03971000  0.19194000  0.09637000
   0.31894556  0.43774125  0.29802283
   0.11386757  0.06206577  0.40056169
   0.17905848  0.31502795  0.19627728
   0.26386855  0.19287841  0.49517835
   0.37304000  0.19194000  0.09637000
   0.65225779  0.43861464  0.29845556
   0.44826908  0.06235179  0.39944603
   0.51235748  0.31543750  0.19765949
   0.59397230  0.18902214  0.50122492
   0.70637000  0.19194000  0.09637000
   0.98571634  0.43758963  0.29854839
   0.78038318  0.06216324  0.39971968
   0.84510741  0.31546297  0.19754444
   0.92375676  0.19282664  0.49518712
   0.03971000  0.69194000  0.09637000
   0.31022388  0.93912789  0.29748927
   0.12709338  0.55914888  0.40008857
   0.17747741  0.81499073  0.19693086
   0.26024229  0.69319729  0.49629079
   0.37304000  0.69194000  0.09637000
   0.64333211  0.93948316  0.29806758
   0.46100219  0.55972780  0.40000467
   0.51115077  0.81542512  0.19713894
   0.59768784  0.69419057  0.49585140
   0.70637000  0.69194000  0.09637000
   0.97701798  0.94014003  0.29843368
   0.84464930  0.81577031  0.19729789
   0.79356484  0.56100574  0.39958808
   0.17310000  0.33301000  0.10976000
   0.25970231  0.20271440  0.41139866
   0.08314196  0.32103641  0.51035263
   0.31437501  0.45990438  0.21371091
   0.11389196  0.08346505  0.31585732
   0.23858000  0.04636000  0.07986000
   0.04418238  0.17064534  0.18007050
   0.32718148  0.41578294  0.38193090
   0.11834070  0.04734966  0.48829427
   0.18095184  0.29292407  0.27987741
   0.50750000  0.33753000  0.11288000
   0.59172621  0.20211981  0.41470791
   0.41477932  0.32635203  0.50568041
   0.64779050  0.46062773  0.21459680
   0.44787117  0.08283444  0.31449962
   0.57191000  0.04636000  0.07986000
   0.37747986  0.17072420  0.18027052
   0.65984792  0.41733337  0.38183359
   0.44680865  0.04326265  0.48391479
   0.51458500  0.29335789  0.28080438
   0.84083000  0.33753000  0.11288000
   0.92879634  0.20255958  0.41103274
   0.75485852  0.32738401  0.49953373
   0.98115620  0.46036535  0.21462417
   0.78073332  0.08301720  0.31553450
   0.90524000  0.04636000  0.07986000
   0.71072896  0.17071310  0.18010481
   0.99410762  0.41585028  0.38232658
   0.78706737  0.04634181  0.48580746
   0.84790673  0.29314088  0.28070693
   0.17417000  0.83753000  0.11288000
   0.24236012  0.70906510  0.41413895
   0.04454535  0.83024913  0.52036676
   0.31157276  0.96015408  0.21377524
   0.11608001  0.58375934  0.31667075
   0.23858000  0.54636000  0.07986000
   0.04563584  0.66961207  0.17978288
   0.30765986  0.91916002  0.38099660
   0.15288667  0.54224873  0.48844189
   0.18009904  0.79179284  0.27984012
   0.50750000  0.83753000  0.11288000
   0.57684606  0.71048642  0.41416270
   0.37967197  0.83110197  0.51459790
   0.64517426  0.96064056  0.21425040
   0.44982181  0.58411383  0.31640789
   0.57191000  0.54636000  0.07986000
   0.37913287  0.66991495  0.17993663
   0.64046362  0.91956149  0.38191666
   0.48571371  0.54361070  0.48669372
   0.51327556  0.79219516  0.28012657
   0.84083000  0.83753000  0.11288000
   0.71342613  0.83341534  0.51676396
   0.97850968  0.96092391  0.21447031
   0.78288677  0.58488841  0.31637885
   0.90524000  0.54636000  0.07986000
   0.71266547  0.67022934  0.18008661
   0.97503434  0.92007955  0.38274103
   0.82075865  0.54425610  0.48618270
   0.84703787  0.79311550  0.28043677
   0.90942336  0.71164503  0.41284058
   0.73976966  0.56914988  0.64715649
   0.59317260  0.16832180  0.59732127
   0.97147950  0.65172618  0.59764413
   0.68934252  0.53308506  0.69446035
   0.78773612  0.52954501  0.74638475
   0.75421063  0.44648912  0.76727067
   0.91641709  0.54848909  0.73573960
   0.76391141  0.58984324  0.77789290
   0.56082125  0.50266846  0.69986055
