   0.18181199  0.06521005  0.19538809
   0.24208192  0.44173956  0.50298926
   0.03971000  0.44194000  0.09637000
   0.31888103  0.19014677  0.29971954
   0.11409905  0.31768085  0.40091430
   0.51476441  0.06475907  0.19492392
   0.57461563  0.44894501  0.50076232
   0.37304000  0.44194000  0.09637000
   0.65158739  0.18970420  0.29863931
   0.44973544  0.31770562  0.40169046
   0.84817312  0.06471193  0.19469148
   0.91425630  0.44755209  0.50104044
   0.70637000  0.44194000  0.09637000
   0.98510073  0.18948696  0.29817927
   0.78124942  0.31647768  0.40105972
   0.17940932  0.56510149  0.19547821
   0.28519535  0.93495216  0.50352517
   0.03971000  0.94194000  0.09637000
   0.31631882  0.69059020  0.29816345
   0.12563813  0.81619130  0.39790342
   0.51286290  0.56460016  0.19505068
   0.61802303  0.93309561  0.50314208
   0.37304000  0.94194000  0.09637000
   0.64911231  0.68972862  0.29798255
   0.45852815  0.81622594  0.39802462
   0.84624685  0.56503663  0.19528794
   0.95026409  0.93336684  0.50159136
   0.70637000  0.94194000  0.09637000
   0.98250582  0.69033455  0.29857221
   0.79125838  0.81539713  0.39739705
   0.60523208  0.19215317  0.50366945
   0.03971000  0.19194000  0.09637000
   0.31381544  0.43995995  0.29798030
   0.12745769  0.06212941  0.40047764
   0.17996977  0.31609607  0.19715629
   0.26174058  0.19716865  0.49518928
   0.37304000  0.19194000  0.09637000
   0.64805132  0.44030902  0.29844885
   0.46355805  0.06449648  0.40359361
   0.51333184  0.31611275  0.19735010
   0.70637000  0.19194000  0.09637000
   0.98069937  0.44066730  0.29790878
   0.79607244  0.06162078  0.39895441
   0.84635824  0.31607518  0.19713919
   0.91641586  0.19191739  0.49930645
   0.03971000  0.69194000  0.09637000
   0.32031331  0.94266880  0.29968858
   0.11397293  0.56572651  0.39903984
   0.18054956  0.81719894  0.19792012
   0.25284356  0.69824710  0.49488482
   0.37304000  0.69194000  0.09637000
   0.65242250  0.93992095  0.29690210
   0.44536066  0.56567152  0.39856496
   0.51314851  0.81567884  0.19579445
   0.58401414  0.69995612  0.49436720
   0.70637000  0.69194000  0.09637000
   0.98608986  0.94010125  0.29766739
   0.84717526  0.81578931  0.19593630
   0.92136071  0.70190482  0.49464483
   0.78064609  0.56616745  0.39934595
   0.17417000  0.33753000  0.11288000
   0.24894084  0.21092283  0.41333348
   0.04037007  0.33749393  0.51198810
   0.31379383  0.46133910  0.21401143
   0.11951838  0.08503402  0.31614373
   0.23858000  0.04636000  0.07986000
   0.04724038  0.17094150  0.18019272
   0.31335591  0.42061731  0.38222090
   0.15168542  0.04417564  0.48724588
   0.18386872  0.29328508  0.28038899
   0.50750000  0.33753000  0.11288000
   0.58224394  0.21271212  0.42050704
   0.37667781  0.33786262  0.51485964
   0.64728530  0.46124549  0.21424093
   0.45433955  0.08733226  0.31893398
   0.57191000  0.04636000  0.07986000
   0.38092168  0.17103063  0.18012045
   0.64698872  0.42067602  0.38265691
   0.48564768  0.04209548  0.48890556
   0.51723495  0.29383199  0.28064481
   0.84083000  0.33753000  0.11288000
   0.91548989  0.21043357  0.41552106
   0.70775775  0.34758547  0.51202537
   0.98031552  0.46146258  0.21402251
   0.78644552  0.08525985  0.31517853
   0.90524000  0.04636000  0.07986000
   0.71385062  0.17075209  0.18004824
   0.97917314  0.42112407  0.38177584
   0.81755593  0.03736415  0.48264117
   0.85035375  0.29364629  0.28026470
   0.17417000  0.83753000  0.11288000
   0.25827862  0.70857323  0.41036231
   0.08323154  0.82546816  0.51245014
   0.31662932  0.96227744  0.21531306
   0.11630400  0.58532650  0.31482722
   0.23858000  0.54636000  0.07986000
   0.04616886  0.67215345  0.18067927
   0.32482471  0.92203524  0.38378084
   0.11456812  0.55468223  0.48610396
   0.18313929  0.79653488  0.28168600
   0.50619000  0.83294000  0.10916000
   0.59119938  0.70777794  0.40953034
   0.41529592  0.82218450  0.51265014
   0.64916549  0.96031403  0.21275839
   0.44877314  0.58452797  0.31432913
   0.57191000  0.54636000  0.07986000
   0.37880756  0.67126970  0.18002869
   0.65679200  0.91931980  0.38052760
   0.44296360  0.55594073  0.48589119
   0.51609442  0.79462816  0.27945680
   0.83992000  0.83287000  0.10930000
   0.74951454  0.82108923  0.51274690
   0.98237843  0.96080468  0.21332954
   0.78258168  0.58502069  0.31536457
   0.90524000  0.54636000  0.07986000
   0.71242360  0.67132069  0.18014984
   0.99060186  0.92000032  0.38192166
   0.78086639  0.55848775  0.48629368
   0.84926343  0.79492443  0.27983773
   0.92605421  0.70891946  0.40986017
   0.76419107  0.55335145  0.65496335
   0.74711253  0.16931507  0.59036006
   0.73633247  0.38855720  0.60619322
   0.76325337  0.58189621  0.70574040
   0.73356115  0.50479239  0.75509237
   0.64522818  0.52807221  0.78391855
   0.69622199  0.41767682  0.74092641
   0.84366131  0.51542697  0.78079844
   0.78739939  0.67234673  0.71477904
