   0.17921319  0.06456558  0.19539256
   0.26665617  0.43317517  0.50234520
   0.03971000  0.44194000  0.09637000
   0.31479117  0.18903307  0.29915652
   0.11889189  0.31242598  0.40272896
   0.51256590  0.06453801  0.19546581
   0.59967762  0.43383975  0.50301803
   0.37304000  0.44194000  0.09637000
   0.64790255  0.18869433  0.29940356
   0.44854319  0.31257964  0.40436343
   0.84570319  0.06458807  0.19541467
   0.93188719  0.43199760  0.50246335
   0.70637000  0.44194000  0.09637000
   0.98169032  0.18886494  0.29946990
   0.78392621  0.31330477  0.40083486
   0.17981912  0.56383726  0.19527867
   0.26378756  0.93656481  0.50999823
   0.03971000  0.94194000  0.09637000
   0.31639608  0.68764459  0.29860834
   0.12133802  0.81335020  0.39673576
   0.51316243  0.56391213  0.19523473
   0.59375509  0.93369248  0.50579029
   0.37304000  0.94194000  0.09637000
   0.64942739  0.68754503  0.29803645
   0.45412085  0.81386532  0.39961007
   0.84634494  0.56372658  0.19546202
   0.92456954  0.93345967  0.50520391
   0.70637000  0.94194000  0.09637000
   0.98287779  0.68732143  0.29816960
   0.78733867  0.81300678  0.39809631
   0.93364488  0.68461942  0.49354012
   0.03971000  0.19194000  0.09637000
   0.31583177  0.43825014  0.29879883
   0.11942503  0.05958802  0.40090297
   0.17939898  0.31526703  0.19649363
   0.25920083  0.18195350  0.50345809
   0.37304000  0.19194000  0.09637000
   0.64785384  0.43771329  0.29882079
   0.45172666  0.06011730  0.40025154
   0.51214243  0.31564220  0.19734156
   0.58598007  0.19046868  0.49716916
   0.70637000  0.19194000  0.09637000
   0.98295593  0.43806548  0.29895761
   0.78453704  0.06069449  0.40111680
   0.84569983  0.31556802  0.19747568
   0.92627816  0.19148141  0.49633576
   0.03971000  0.69194000  0.09637000
   0.31601164  0.93901988  0.29769006
   0.12312630  0.55957220  0.40068150
   0.17898319  0.81521405  0.19705077
   0.26547915  0.69127603  0.49603005
   0.37304000  0.69194000  0.09637000
   0.64893879  0.93923165  0.29853231
   0.45605870  0.56020663  0.40095154
   0.51256829  0.81574402  0.19729970
   0.59635467  0.69304257  0.49697694
   0.70637000  0.69194000  0.09637000
   0.98272506  0.93961775  0.29780097
   0.84569979  0.81555064  0.19717460
   0.78847074  0.55911618  0.39920795
   0.17310000  0.33301000  0.10976000
   0.24860795  0.20439820  0.41847731
   0.06355844  0.32731599  0.51146489
   0.31405857  0.46013181  0.21411665
   0.11587856  0.08483160  0.31675557
   0.23858000  0.04636000  0.07986000
   0.04512472  0.17086669  0.18024974
   0.31657636  0.41752411  0.38307484
   0.12324950  0.03200366  0.48395568
   0.18107736  0.29327065  0.28025782
   0.50750000  0.33753000  0.11288000
   0.58484584  0.20557056  0.41381932
   0.40134939  0.32900725  0.50730345
   0.64723429  0.46069467  0.21493132
   0.44826175  0.08413946  0.31623992
   0.57191000  0.04636000  0.07986000
   0.37851376  0.17057430  0.18011356
   0.64881523  0.41688734  0.38278918
   0.46449868  0.04058243  0.48512414
   0.51405451  0.29267452  0.28045729
   0.84083000  0.33753000  0.11288000
   0.91661009  0.20601816  0.41364905
   0.72978068  0.32462231  0.51336110
   0.98106241  0.46051663  0.21491176
   0.78168075  0.08417472  0.31701566
   0.90524000  0.04636000  0.07986000
   0.71185907  0.17069936  0.18013195
   0.98437762  0.41711439  0.38307192
   0.79588189  0.04347195  0.48785845
   0.84747639  0.29278339  0.28082294
   0.17417000  0.83753000  0.11288000
   0.25346615  0.70755225  0.41381498
   0.05228494  0.82086153  0.52571441
   0.31341456  0.96055947  0.21418249
   0.11717677  0.58337516  0.31684366
   0.23858000  0.54636000  0.07986000
   0.04575916  0.66999185  0.18003485
   0.31941329  0.91608657  0.38095065
   0.13427804  0.54564817  0.48789587
   0.18246375  0.79189448  0.28028637
   0.50750000  0.83753000  0.11288000
   0.58824997  0.70760744  0.41447033
   0.39230882  0.82640748  0.51742100
   0.64681428  0.96106665  0.21489141
   0.45028027  0.58349337  0.31693915
   0.57191000  0.54636000  0.07986000
   0.37936130  0.67038908  0.18018265
   0.65266465  0.91657657  0.38223231
   0.46885619  0.54650157  0.48806701
   0.51583186  0.79230744  0.28056230
   0.84083000  0.83753000  0.11288000
   0.72617607  0.82703466  0.52054015
   0.98008170  0.96102929  0.21428170
   0.78312421  0.58306581  0.31594947
   0.90524000  0.54636000  0.07986000
   0.71260962  0.67022696  0.18016052
   0.98535735  0.91573186  0.38082346
   0.80219681  0.54190033  0.48529256
   0.84930697  0.79223604  0.28031060
   0.92216245  0.70721867  0.41239259
   0.76920168  0.62267585  0.65165694
   0.27963790  0.12676749  0.59520390
   0.92814503  0.74728940  0.60043255
   0.71885061  0.55244378  0.68904392
   0.80262955  0.53531361  0.74300354
   0.76659859  0.44849291  0.75757100
   0.93148357  0.56104066  0.73873996
   0.76416286  0.58722455  0.77660287
   0.59910628  0.49889029  0.68239172
