   0.17933905  0.06440102  0.19538011
   0.26203775  0.43311447  0.50382738
   0.03971000  0.44194000  0.09637000
   0.31470261  0.18856304  0.29943142
   0.11522403  0.31341110  0.40172335
   0.51266266  0.06451666  0.19542434
   0.59663727  0.43386214  0.50135243
   0.37304000  0.44194000  0.09637000
   0.64824317  0.18892306  0.29965950
   0.44936243  0.31241797  0.40258684
   0.84592840  0.06436673  0.19537973
   0.93133907  0.43427484  0.50299871
   0.70637000  0.44194000  0.09637000
   0.98139627  0.18869657  0.29937940
   0.78003606  0.31328473  0.40464985
   0.17952123  0.56372690  0.19536802
   0.26540490  0.93182361  0.50688986
   0.03971000  0.94194000  0.09637000
   0.31631420  0.68733432  0.29868474
   0.12309023  0.81215261  0.39645815
   0.51295075  0.56376689  0.19520718
   0.59617633  0.93448231  0.50832399
   0.37304000  0.94194000  0.09637000
   0.64925086  0.68735372  0.29820240
   0.45565419  0.81349688  0.39972597
   0.84613914  0.56372782  0.19547220
   0.92822528  0.93527292  0.50472480
   0.70637000  0.94194000  0.09637000
   0.98286291  0.68692425  0.29809716
   0.78833152  0.81277347  0.39835451
   0.93300492  0.68717730  0.49331485
   0.03971000  0.19194000  0.09637000
   0.31501810  0.43821415  0.29886415
   0.11942512  0.05975731  0.40168871
   0.17927063  0.31515856  0.19647956
   0.25946754  0.19033815  0.49710513
   0.37304000  0.19194000  0.09637000
   0.64738117  0.43791567  0.29873480
   0.45292056  0.05997375  0.40097424
   0.51208705  0.31552761  0.19747515
   0.59238059  0.18393216  0.50327128
   0.70637000  0.19194000  0.09637000
   0.98115959  0.43768459  0.29902205
   0.78562126  0.06001984  0.40039154
   0.84536854  0.31544016  0.19741182
   0.91655367  0.19066015  0.49784816
   0.03971000  0.69194000  0.09637000
   0.31718780  0.93907931  0.29788186
   0.12155707  0.55894045  0.40050902
   0.17913084  0.81536813  0.19719270
   0.26727854  0.68840621  0.49566821
   0.37304000  0.69194000  0.09637000
   0.64941387  0.93868300  0.29804831
   0.45517506  0.56013825  0.40121336
   0.51253033  0.81528679  0.19713546
   0.59582021  0.69258853  0.49763028
   0.70637000  0.69194000  0.09637000
   0.98306644  0.93926636  0.29861679
   0.84605830  0.81562532  0.19739282
   0.78749160  0.55937725  0.39911992
   0.17310000  0.33301000  0.10976000
   0.24740742  0.20579869  0.41468613
   0.06046864  0.32491804  0.51370505
   0.31374884  0.46000999  0.21430883
   0.11509064  0.08429943  0.31745457
   0.23858000  0.04636000  0.07986000
   0.04546756  0.17058429  0.18013028
   0.31526155  0.41749457  0.38328484
   0.13254605  0.04001852  0.48907696
   0.18092869  0.29272371  0.28027009
   0.50750000  0.33753000  0.11288000
   0.57969989  0.20522429  0.41808307
   0.39380619  0.32785750  0.51206988
   0.64700806  0.46053194  0.21482688
   0.44901057  0.08450919  0.31674404
   0.57191000  0.04636000  0.07986000
   0.37865401  0.17064049  0.18019923
   0.64698219  0.41728753  0.38257527
   0.45935572  0.03522110  0.48425761
   0.51381553  0.29262789  0.28072633
   0.84083000  0.33753000  0.11288000
   0.91613440  0.20598107  0.41460378
   0.73208866  0.33106253  0.50594972
   0.98064146  0.46037050  0.21484892
   0.78187038  0.08396926  0.31656608
   0.90524000  0.04636000  0.07986000
   0.71207409  0.17046188  0.18003421
   0.98079921  0.41726287  0.38325410
   0.79852004  0.03964340  0.48504796
   0.84744599  0.29251086  0.28057122
   0.17417000  0.83753000  0.11288000
   0.25480502  0.70603250  0.41345806
   0.05546637  0.82399633  0.52382453
   0.31347381  0.96077750  0.21446986
   0.11682252  0.58264767  0.31668402
   0.23858000  0.54636000  0.07986000
   0.04573085  0.67013035  0.18014695
   0.32025880  0.91533518  0.38087941
   0.13283779  0.54450173  0.48795591
   0.18252360  0.79181576  0.28043568
   0.50750000  0.83753000  0.11288000
   0.58961468  0.70709084  0.41483841
   0.39470720  0.82266435  0.51708596
   0.64674473  0.96072865  0.21448632
   0.45012035  0.58325499  0.31714896
   0.57191000  0.54636000  0.07986000
   0.37907417  0.67009455  0.18010322
   0.65380387  0.91551016  0.38140132
   0.46519996  0.54634031  0.48859206
   0.51576339  0.79183074  0.28028147
   0.84083000  0.83753000  0.11288000
   0.73058604  0.82565742  0.52140084
   0.98027651  0.96103097  0.21495138
   0.78301734  0.58289820  0.31587374
   0.90524000  0.54636000  0.07986000
   0.71257832  0.67039222  0.18025241
   0.98775564  0.91608772  0.38256143
   0.79956186  0.54532466  0.48521120
   0.84963888  0.79232541  0.28075093
   0.92368051  0.70692210  0.41184792
   0.77259261  0.62889923  0.65252512
   0.62506927  0.13495862  0.59507711
   0.91837672  0.75711932  0.59886194
   0.72316262  0.55399875  0.68767855
   0.80552733  0.53481354  0.74168817
   0.77210108  0.44696590  0.75468556
   0.93420698  0.56332390  0.73819350
   0.76363685  0.58384040  0.77605234
   0.60657413  0.49777020  0.67897259
