   0.17876706  0.06529724  0.19553628
   0.27270074  0.43326549  0.50144054
   0.03971000  0.44194000  0.09637000
   0.31465134  0.18935558  0.30000640
   0.12143155  0.31363282  0.40157928
   0.51203324  0.06526299  0.19505051
   0.60685670  0.43462980  0.50027096
   0.37304000  0.44194000  0.09637000
   0.64869450  0.18955550  0.29979559
   0.45541209  0.31194808  0.40351850
   0.84524227  0.06483098  0.19512681
   0.94294692  0.43603050  0.50167080
   0.70637000  0.44194000  0.09637000
   0.98145191  0.18920248  0.29889731
   0.78610825  0.31318499  0.40389569
   0.18050209  0.56402818  0.19531452
   0.26027527  0.93212079  0.50962044
   0.03971000  0.94194000  0.09637000
   0.31568543  0.68886762  0.29829889
   0.11778279  0.81568264  0.39441672
   0.51352962  0.56357184  0.19502018
   0.59047546  0.93753817  0.50762969
   0.37304000  0.94194000  0.09637000
   0.64838411  0.68771178  0.29721777
   0.44970742  0.81686685  0.39876444
   0.84700838  0.56403925  0.19569322
   0.92210958  0.93528922  0.50817624
   0.70637000  0.94194000  0.09637000
   0.98181901  0.68799332  0.29750100
   0.78088893  0.81682187  0.39648244
   0.92313960  0.69374443  0.48819740
   0.03971000  0.19194000  0.09637000
   0.31682163  0.43837862  0.29845631
   0.11572078  0.05993194  0.40152437
   0.17951759  0.31531557  0.19655229
   0.26331073  0.18744619  0.49652930
   0.37304000  0.19194000  0.09637000
   0.64905837  0.43643860  0.29762404
   0.45158165  0.06279469  0.40157383
   0.51169049  0.31515432  0.19730421
   0.59311484  0.18508567  0.50558513
   0.70637000  0.19194000  0.09637000
   0.98383585  0.43861005  0.29913297
   0.78321806  0.06206513  0.40059531
   0.84564745  0.31591264  0.19768093
   0.92060137  0.19302222  0.49630615
   0.03971000  0.69194000  0.09637000
   0.31499776  0.94177100  0.29808946
   0.12476086  0.56069489  0.40070911
   0.17882534  0.81635473  0.19711611
   0.26565006  0.69271862  0.49637920
   0.37304000  0.69194000  0.09637000
   0.64643763  0.94035889  0.29756492
   0.45805482  0.56045083  0.39978652
   0.51208350  0.81556452  0.19701131
   0.59352910  0.69476345  0.49518145
   0.70637000  0.69194000  0.09637000
   0.98010768  0.94030156  0.29774368
   0.84543208  0.81563869  0.19685885
   0.78971300  0.55833794  0.39620504
   0.17310000  0.33301000  0.10976000
   0.25144821  0.20316602  0.41402948
   0.07152072  0.32516831  0.51057530
   0.31444448  0.45975710  0.21389886
   0.11468331  0.08429125  0.31662215
   0.23858000  0.04636000  0.07986000
   0.04479455  0.17125581  0.18042130
   0.32222705  0.41679113  0.38250219
   0.12736065  0.03702149  0.49017971
   0.18125654  0.29357780  0.28040309
   0.50750000  0.33753000  0.11288000
   0.58717930  0.20549065  0.41896507
   0.40414186  0.32640428  0.50730916
   0.64752670  0.45979675  0.21406177
   0.44957164  0.08575807  0.31701850
   0.57191000  0.04636000  0.07986000
   0.37785461  0.17104117  0.17998141
   0.65264712  0.41585149  0.38125123
   0.45236744  0.03796166  0.48481471
   0.51381658  0.29247171  0.28062472
   0.84083000  0.33753000  0.11288000
   0.92180618  0.20541332  0.41309955
   0.74366550  0.33205486  0.50710361
   0.98154046  0.46071726  0.21488241
   0.78179651  0.08434869  0.31595783
   0.90524000  0.04636000  0.07986000
   0.71178813  0.17128324  0.18005856
   0.98675942  0.41788916  0.38329845
   0.79637030  0.04320634  0.48611434
   0.84787512  0.29360588  0.28101491
   0.17417000  0.83753000  0.11288000
   0.24918580  0.71081096  0.41407350
   0.04860559  0.82092471  0.52855205
   0.31282712  0.96180555  0.21443782
   0.11688610  0.58455418  0.31697149
   0.23858000  0.54636000  0.07986000
   0.04642523  0.67064872  0.18028167
   0.31396260  0.91883602  0.38137142
   0.14270706  0.54386267  0.48720928
   0.18124329  0.79353326  0.28064802
   0.50750000  0.83753000  0.11288000
   0.58246831  0.70960933  0.41289283
   0.38880262  0.82476523  0.52055660
   0.64571795  0.96136833  0.21396413
   0.44904657  0.58409431  0.31615519
   0.57191000  0.54636000  0.07986000
   0.37979334  0.67012606  0.18014278
   0.64616771  0.91968117  0.38119696
   0.47449506  0.54568805  0.48669094
   0.51481853  0.79272794  0.28013602
   0.84083000  0.83753000  0.11288000
   0.72225690  0.82837947  0.51676044
   0.97962737  0.96115655  0.21410931
   0.78258681  0.58243440  0.31368616
   0.90524000  0.54636000  0.07986000
   0.71285164  0.66999236  0.18009027
   0.98089792  0.91895709  0.38172504
   0.80683273  0.54531877  0.48170604
   0.84791152  0.79300127  0.27996959
   0.91762190  0.71033301  0.40762276
   0.76899402  0.58249499  0.64493847
   0.59479024  0.13610587  0.59887747
   0.94680660  0.70758113  0.59862284
   0.71043107  0.53967952  0.68990975
   0.79709240  0.53057833  0.74449715
   0.75698199  0.44592199  0.76262255
   0.92497882  0.55107146  0.73861318
   0.76192761  0.58716851  0.77641863
   0.58055923  0.50525058  0.69118707
