   0.60803599  0.43158254  0.49271953
   0.17906858  0.06412021  0.18495126
   0.27794023  0.43294021  0.49189081
   0.03971000  0.44194000  0.08602000
   0.31508604  0.18809501  0.28874375
   0.12254121  0.31359566  0.38970738
   0.51242951  0.06419347  0.18495502
   0.37304000  0.44194000  0.08602000
   0.64862016  0.18835320  0.28881529
   0.45585494  0.31366524  0.38955160
   0.84572100  0.06403548  0.18495558
   0.94770150  0.43228374  0.49350380
   0.70637000  0.44194000  0.08602000
   0.98187196  0.18805984  0.28870641
   0.78937187  0.31378184  0.39033553
   0.18059853  0.56357795  0.18477311
   0.25913713  0.93741652  0.49413811
   0.03971000  0.94194000  0.08602000
   0.31650302  0.68803868  0.28835623
   0.11462690  0.81438537  0.39059035
   0.51401194  0.56376983  0.18493327
   0.59177575  0.93607936  0.49316691
   0.37304000  0.94194000  0.08602000
   0.64986523  0.68852270  0.28870946
   0.44880095  0.81511623  0.39012927
   0.84728599  0.56360563  0.18476577
   0.92566308  0.93851314  0.49390052
   0.70637000  0.94194000  0.08602000
   0.98335098  0.68817695  0.28838924
   0.78159271  0.81503052  0.39177816
   0.03971000  0.19194000  0.08602000
   0.31751892  0.43856373  0.28831510
   0.11797357  0.06093467  0.38992488
   0.17922195  0.31537060  0.18704181
   0.26072545  0.19303967  0.48466921
   0.37304000  0.19194000  0.08602000
   0.65102781  0.43931265  0.28904768
   0.45056844  0.06094751  0.38960589
   0.51270088  0.31581872  0.18734748
   0.59515370  0.19093356  0.48410946
   0.70637000  0.19194000  0.08602000
   0.98389318  0.43866343  0.28852546
   0.78440702  0.06123337  0.38971089
   0.84591483  0.31548100  0.18711406
   0.92825921  0.19222101  0.48452281
   0.03971000  0.69194000  0.08602000
   0.31341784  0.93877977  0.28797382
   0.12483971  0.56055223  0.39033656
   0.17924078  0.81529408  0.18676206
   0.26244844  0.69297175  0.48555998
   0.37304000  0.69194000  0.08602000
   0.64705799  0.93886714  0.28805306
   0.45775019  0.56048998  0.39046065
   0.51258519  0.81532890  0.18681661
   0.59572788  0.69156602  0.48746911
   0.70637000  0.69194000  0.08602000
   0.98017298  0.93848952  0.28827333
   0.84599966  0.81531327  0.18682690
   0.92876463  0.69645267  0.48901935
   0.79047526  0.56120985  0.39136969
   0.17417000  0.33753000  0.10253000
   0.25630776  0.20548778  0.40119556
   0.07834290  0.32301332  0.49857789
   0.31499008  0.46036820  0.20464059
   0.11516390  0.08281785  0.30594931
   0.23858000  0.04636000  0.06951000
   0.04534190  0.17040133  0.16988752
   0.32141834  0.41772057  0.37239575
   0.12702585  0.04798251  0.47718529
   0.18166312  0.29279962  0.27062467
   0.50750000  0.33753000  0.10253000
   0.58844069  0.20547965  0.40089412
   0.40903342  0.32357842  0.50067895
   0.64844469  0.46079752  0.20524256
   0.44862033  0.08312688  0.30562728
   0.57191000  0.04636000  0.06951000
   0.37888948  0.17081350  0.17007868
   0.65568423  0.41950588  0.37388172
   0.45993688  0.04625047  0.47687938
   0.51526429  0.29362940  0.27121751
   0.84083000  0.33753000  0.10253000
   0.92258758  0.20538587  0.40111769
   0.74362902  0.32337161  0.49719727
   0.98155488  0.46045456  0.20477411
   0.78201681  0.08317868  0.30572503
   0.90524000  0.04636000  0.06951000
   0.71210567  0.17052522  0.16992541
   0.98753135  0.41838993  0.37286222
   0.79256794  0.04766653  0.47706103
   0.84841729  0.29307535  0.27074352
   0.17417000  0.83753000  0.10253000
   0.24895927  0.70855602  0.40356675
   0.05873113  0.83260914  0.50472164
   0.31320061  0.96064988  0.20431745
   0.11725415  0.58398296  0.30660102
   0.23858000  0.54636000  0.06951000
   0.04674581  0.66981071  0.16974632
   0.31300759  0.91813261  0.37218776
   0.14530865  0.54292960  0.47690838
   0.18220291  0.79207605  0.27010039
   0.50750000  0.83753000  0.10253000
   0.58183621  0.70815001  0.40467952
   0.39070188  0.82929724  0.50409548
   0.64653332  0.96060286  0.20437057
   0.45095459  0.58403337  0.30662502
   0.57191000  0.54636000  0.06951000
   0.38010201  0.66987077  0.16975972
   0.64707835  0.91831654  0.37224889
   0.47749361  0.54200537  0.47676549
   0.51555129  0.79226355  0.27019940
   0.84083000  0.83753000  0.10253000
   0.72623956  0.83047617  0.50129856
   0.97989551  0.96057357  0.20453630
   0.78441066  0.58467282  0.30756246
   0.90524000  0.54636000  0.06951000
   0.71351275  0.66986549  0.16976789
   0.98020065  0.91744626  0.37264930
   0.81177496  0.54516179  0.48640446
   0.84900099  0.79199474  0.27018096
   0.91459467  0.70673917  0.40635355
   0.61612760  0.61754054  0.60549550
   0.85460507  0.39788993  0.67058967
   0.81102570  0.49684068  0.58901918
   0.51157113  0.60415481  0.64234806
   0.44771458  0.49939436  0.67420837
   0.31862384  0.47653232  0.66746297
   0.50369209  0.43063675  0.66190019
   0.46283869  0.51453213  0.72077382
   0.45582287  0.67570356  0.65268220
