   0.18221999  0.06441993  0.19400012
   0.24715028  0.44424044  0.49853000
   0.03971000  0.44194000  0.09637000
   0.31973002  0.19035991  0.29747012
   0.11833008  0.31690001  0.39869004
   0.51549003  0.06415996  0.19369012
   0.58081925  0.44847059  0.49895022
   0.37304000  0.44194000  0.09637000
   0.65289006  0.18974994  0.29617012
   0.44966983  0.31737005  0.40245008
   0.84892005  0.06416991  0.19403011
   0.91665118  0.44231113  0.50084947
   0.70637000  0.44194000  0.09637000
   0.98644002  0.18944992  0.29708011
   0.78267996  0.31584002  0.39781002
   0.18062998  0.56419996  0.19389011
   0.28387992  0.93196945  0.50114014
   0.03971000  0.94194000  0.09637000
   0.31734993  0.68961997  0.29619014
   0.12707002  0.81522984  0.39604022
   0.51398996  0.56435996  0.19403012
   0.61791051  0.93317932  0.49977022
   0.37304000  0.94194000  0.09637000
   0.65091994  0.68954001  0.29649016
   0.45979018  0.81522983  0.39555018
   0.84724996  0.56437997  0.19394014
   0.95147985  0.93406919  0.50119026
   0.70637000  0.94194000  0.09637000
   0.98411988  0.68960999  0.29634016
   0.79394009  0.81505987  0.39601022
   0.57680954  0.18869945  0.50163011
   0.03971000  0.19194000  0.09637000
   0.31639006  0.43957010  0.29599021
   0.13019015  0.06246997  0.40058020
   0.18100009  0.31517001  0.19530018
   0.27478007  0.19324996  0.49973005
   0.37304000  0.19194000  0.09637000
   0.64879008  0.43953013  0.29633021
   0.46498005  0.06308990  0.39844021
   0.51436006  0.31551002  0.19502023
   0.70637000  0.19194000  0.09637000
   0.98284008  0.43964012  0.29588017
   0.79500016  0.06182985  0.39829019
   0.84785010  0.31523006  0.19504019
   0.93245992  0.19450948  0.49273996
   0.03971000  0.69194000  0.09637000
   0.32068013  0.94115002  0.29643021
   0.11653009  0.56436025  0.39687018
   0.18095011  0.81593008  0.19549020
   0.25612012  0.69639062  0.49249031
   0.37304000  0.69194000  0.09637000
   0.65405010  0.93994005  0.29625023
   0.44996002  0.56545023  0.39672028
   0.51434006  0.81557009  0.19539022
   0.58673061  0.70245056  0.49223056
   0.70637000  0.69194000  0.09637000
   0.98804019  0.94094004  0.29720026
   0.84790007  0.81604006  0.19569024
   0.92381974  0.69735056  0.49237064
   0.78438008  0.56408025  0.39710028
   0.17333000  0.33321000  0.10959000
   0.24855004  0.21012014  0.41620989
   0.04589964  0.33556015  0.51177019
   0.31508999  0.45990003  0.21175983
   0.12143003  0.08612004  0.31592984
   0.23858000  0.04636000  0.07986000
   0.04772000  0.17053994  0.17990985
   0.31560984  0.42047998  0.37976985
   0.15123043  0.04147055  0.48639989
   0.18485007  0.29352001  0.27873983
   0.50648000  0.33297000  0.10887000
   0.58712011  0.21189015  0.41791997
   0.38411006  0.34500988  0.50299996
   0.64842002  0.46016006  0.21190985
   0.45493009  0.08689002  0.31494980
   0.57191000  0.04636000  0.07986000
   0.38131007  0.17072004  0.17976985
   0.64863995  0.41980991  0.38084991
   0.48299032  0.03526044  0.48093989
   0.51849998  0.29392999  0.27846983
   0.83998000  0.33294000  0.10911000
   0.91727995  0.21031019  0.41115996
   0.71074040  0.33726963  0.51840018
   0.98164996  0.46000003  0.21170981
   0.78694004  0.08525005  0.31422981
   0.90524000  0.04636000  0.07986000
   0.71460000  0.17051999  0.17984987
   0.98167992  0.41989997  0.37996994
   0.81892016  0.04346055  0.48488987
   0.85195999  0.29349003  0.27850986
   0.17323000  0.83311000  0.10949000
   0.25968003  0.70761987  0.40812975
   0.08163071  0.82212024  0.51117945
   0.31696003  0.96068999  0.21236981
   0.11741982  0.58435993  0.31269982
   0.23858000  0.54636000  0.07986000
   0.04663994  0.67115002  0.18011987
   0.32572014  0.91989004  0.37971982
   0.11548964  0.55322969  0.48412992
   0.18420994  0.79518005  0.27903986
   0.50655000  0.83318000  0.10951000
   0.59428994  0.70811988  0.40748982
   0.41691017  0.82033001  0.51038969
   0.65015009  0.96016009  0.21214983
   0.45091993  0.58430992  0.31252978
   0.57191000  0.54636000  0.07986000
   0.37986997  0.67101997  0.18005986
   0.65950006  0.91946013  0.38017975
   0.44956966  0.55866965  0.48384969
   0.51758010  0.79477008  0.27898982
   0.83988000  0.83312000  0.10940000
   0.75005011  0.82455042  0.51084927
   0.98382997  0.96061008  0.21287982
   0.78411000  0.58395001  0.31298982
   0.90524000  0.54636000  0.07986000
   0.71336000  0.67136999  0.18016986
   0.99282013  0.92004010  0.38117972
   0.78628956  0.55229941  0.48466968
   0.85110001  0.79523006  0.27945983
   0.92673023  0.70734988  0.40838988
   0.78075657  0.53905635  0.66780537
   0.42635002  0.16565994  0.58603997
   0.72195973  0.40193155  0.60308145
   0.79360243  0.54465241  0.72037415
   0.76553572  0.44791105  0.76006467
   0.69081625  0.46035146  0.79615197
   0.71263383  0.37010523  0.73635232
   0.87970357  0.44025000  0.77826096
   0.83207895  0.62920849  0.73978950
