   0.17769637  0.06419845  0.19539117
   0.28852065  0.42866822  0.50112928
   0.03971000  0.44194000  0.09637000
   0.31399811  0.18776670  0.29858408
   0.12926151  0.31059718  0.39869979
   0.51097518  0.06425546  0.19549045
   0.61904096  0.43156106  0.50165794
   0.37304000  0.44194000  0.09637000
   0.64739118  0.18776124  0.29874416
   0.46116078  0.31169450  0.39831055
   0.84418192  0.06417050  0.19542594
   0.95655226  0.43041178  0.50130455
   0.70637000  0.44194000  0.09637000
   0.98073945  0.18775533  0.29850707
   0.79748436  0.31175661  0.39782550
   0.17999485  0.56400078  0.19512778
   0.24574003  0.93898107  0.50325984
   0.03971000  0.94194000  0.09637000
   0.31509846  0.68875860  0.29899668
   0.10807070  0.81524921  0.40045219
   0.51336995  0.56393444  0.19516183
   0.58122946  0.94203563  0.50458185
   0.37304000  0.94194000  0.09637000
   0.64800982  0.68834651  0.29871110
   0.44018537  0.81697220  0.40335676
   0.84661329  0.56400494  0.19531004
   0.91073993  0.93765740  0.50535663
   0.70637000  0.94194000  0.09637000
   0.98143305  0.68851078  0.29882598
   0.77507011  0.81630734  0.39962332
   0.93059512  0.69098633  0.49830833
   0.03971000  0.19194000  0.09637000
   0.31907418  0.43767127  0.29778220
   0.11315127  0.06178585  0.40046052
   0.17910264  0.31495444  0.19622565
   0.26139845  0.19311973  0.49630657
   0.37304000  0.19194000  0.09637000
   0.65277594  0.43829038  0.29858013
   0.44382762  0.06044508  0.39937838
   0.51227255  0.31562101  0.19752727
   0.59146532  0.19243384  0.49249931
   0.70637000  0.19194000  0.09637000
   0.98641885  0.43824232  0.29819858
   0.78008517  0.06122705  0.40036445
   0.84528915  0.31553807  0.19739596
   0.92643852  0.18969489  0.49571333
   0.03971000  0.69194000  0.09637000
   0.31004651  0.93942086  0.29849368
   0.12801095  0.55946472  0.40025799
   0.17800587  0.81561198  0.19732748
   0.25720594  0.68893820  0.49879962
   0.37304000  0.69194000  0.09637000
   0.64258917  0.93927241  0.29869497
   0.46065166  0.55939758  0.39996843
   0.51130299  0.81554402  0.19730190
   0.59479880  0.69344644  0.49548371
   0.70637000  0.69194000  0.09637000
   0.97689654  0.93942765  0.29846833
   0.84453015  0.81560459  0.19733326
   0.79510630  0.56035291  0.40044038
   0.17310000  0.33301000  0.10976000
   0.26166103  0.20286155  0.41108493
   0.08556946  0.31757377  0.51116798
   0.31414465  0.45985051  0.21362457
   0.11377290  0.08311195  0.31573352
   0.23858000  0.04636000  0.07986000
   0.04402530  0.17066731  0.18008410
   0.32823317  0.41513325  0.38153091
   0.11445590  0.04932170  0.48819723
   0.18115109  0.29278049  0.27985775
   0.50750000  0.33753000  0.11288000
   0.59607406  0.20428262  0.40071679
   0.41530212  0.32542836  0.50928414
   0.64775084  0.46071637  0.21478856
   0.44683430  0.08274485  0.31547240
   0.57191000  0.04636000  0.07986000
   0.37749511  0.17087285  0.18025966
   0.66226383  0.41590777  0.38262560
   0.44226266  0.04561289  0.48412218
   0.51460097  0.29321153  0.28080096
   0.84083000  0.33753000  0.11288000
   0.92783591  0.20319474  0.41123149
   0.76253429  0.32953073  0.50771050
   0.98125341  0.46061504  0.21448771
   0.78053976  0.08282745  0.31573080
   0.90524000  0.04636000  0.07986000
   0.71074095  0.17074617  0.18013953
   0.99537766  0.41517482  0.38171711
   0.78476404  0.04744839  0.48687007
   0.84795167  0.29302344  0.28060867
   0.17417000  0.83753000  0.11288000
   0.24007969  0.70890346  0.41647339
   0.04424012  0.83327007  0.51800310
   0.31181064  0.96072020  0.21440430
   0.11636739  0.58456847  0.31687380
   0.23858000  0.54636000  0.07986000
   0.04586357  0.67018183  0.18001065
   0.30537825  0.91936338  0.38240803
   0.15505489  0.53629016  0.48594887
   0.18022656  0.79244419  0.28041171
   0.50750000  0.83753000  0.11288000
   0.57542370  0.70974755  0.41364660
   0.37846105  0.83184286  0.50896533
   0.64508425  0.96070634  0.21451683
   0.44897533  0.58379373  0.31631437
   0.57191000  0.54636000  0.07986000
   0.37920372  0.67003684  0.17995439
   0.63901984  0.91980390  0.38282536
   0.48825448  0.54085473  0.48604413
   0.51347954  0.79220368  0.28024581
   0.84083000  0.83753000  0.11288000
   0.70914136  0.83265059  0.51684246
   0.97847803  0.96074887  0.21440545
   0.78258341  0.58419876  0.31675512
   0.90524000  0.54636000  0.07986000
   0.71254924  0.67011023  0.18001098
   0.97425093  0.91966873  0.38252239
   0.82250175  0.53880863  0.48632566
   0.84681313  0.79239734  0.28035759
   0.90781370  0.71088212  0.41354061
   0.73460295  0.56658620  0.64732803
   0.60138843  0.19416106  0.58520871
   0.97611857  0.64324874  0.60640275
   0.68646358  0.53213688  0.69545955
   0.78742413  0.52883249  0.74661748
   0.75461141  0.44738220  0.76810813
   0.91366045  0.54804634  0.73491759
   0.76440433  0.59102554  0.77782956
   0.55647310  0.50329408  0.70057405
