   0.60701368  0.43148291  0.49263145
   0.17903082  0.06411361  0.18499022
   0.27749308  0.43285274  0.49207142
   0.03971000  0.44194000  0.08602000
   0.31505411  0.18808783  0.28878444
   0.12255319  0.31368670  0.38979347
   0.51241154  0.06417753  0.18497463
   0.37304000  0.44194000  0.08602000
   0.64859401  0.18826124  0.28881031
   0.45575622  0.31363520  0.38952669
   0.84571011  0.06400942  0.18497001
   0.94721224  0.43256314  0.49333539
   0.70637000  0.44194000  0.08602000
   0.98183927  0.18807172  0.28873473
   0.78942423  0.31369971  0.39030205
   0.18045470  0.56361730  0.18483134
   0.26014662  0.93727587  0.49404406
   0.03971000  0.94194000  0.08602000
   0.31675027  0.68812390  0.28844925
   0.11542253  0.81447286  0.39049309
   0.51386527  0.56381508  0.18497637
   0.59281735  0.93608023  0.49319507
   0.37304000  0.94194000  0.08602000
   0.65003391  0.68852717  0.28881810
   0.44962569  0.81503513  0.39036756
   0.84713316  0.56367427  0.18482245
   0.92669871  0.93850790  0.49389121
   0.70637000  0.94194000  0.08602000
   0.98342929  0.68813491  0.28848818
   0.78204503  0.81501406  0.39192550
   0.03971000  0.19194000  0.08602000
   0.31754625  0.43880273  0.28842413
   0.11837880  0.06087537  0.38999369
   0.17918273  0.31541433  0.18707737
   0.26144407  0.19273082  0.48478095
   0.37304000  0.19194000  0.08602000
   0.65094740  0.43936682  0.28907739
   0.45107460  0.06089254  0.38969499
   0.51258917  0.31585705  0.18736952
   0.59544474  0.19113307  0.48426765
   0.70637000  0.19194000  0.08602000
   0.98381917  0.43869722  0.28852109
   0.78485898  0.06096055  0.38975340
   0.84582642  0.31551239  0.18714568
   0.92868696  0.19188089  0.48439855
   0.03971000  0.69194000  0.08602000
   0.31371528  0.93871475  0.28801879
   0.12509696  0.56064258  0.39028775
   0.17919335  0.81525661  0.18681927
   0.26309690  0.69334650  0.48556293
   0.37304000  0.69194000  0.08602000
   0.64729728  0.93875089  0.28811715
   0.45822047  0.56075417  0.39072954
   0.51258212  0.81527898  0.18683021
   0.59583562  0.69193808  0.48829966
   0.70637000  0.69194000  0.08602000
   0.98031374  0.93842894  0.28833242
   0.84597553  0.81526175  0.18688141
   0.92922562  0.69634497  0.48859253
   0.79065551  0.56136970  0.39146451
   0.17417000  0.33753000  0.10253000
   0.25634552  0.20580776  0.40131853
   0.07836127  0.32368017  0.49851160
   0.31485865  0.46037694  0.20467364
   0.11522970  0.08292262  0.30596698
   0.23858000  0.04636000  0.06951000
   0.04531953  0.17040998  0.16993740
   0.32146218  0.41795496  0.37258690
   0.12805834  0.04806551  0.47726741
   0.18172981  0.29288097  0.27070781
   0.50750000  0.33753000  0.10253000
   0.58877426  0.20571178  0.40107168
   0.40875031  0.32367835  0.50128434
   0.64831226  0.46080797  0.20524787
   0.44874733  0.08323748  0.30570379
   0.57191000  0.04636000  0.06951000
   0.37889291  0.17082341  0.17011591
   0.65557240  0.41927854  0.37386772
   0.46089550  0.04661494  0.47688428
   0.51517297  0.29356887  0.27124686
   0.84083000  0.33753000  0.10253000
   0.92273743  0.20548487  0.40105418
   0.74316356  0.32409281  0.49750110
   0.98142515  0.46045291  0.20483027
   0.78207913  0.08318628  0.30572615
   0.90524000  0.04636000  0.06951000
   0.71208809  0.17051698  0.16996254
   0.98761511  0.41838124  0.37284966
   0.79381236  0.04782702  0.47691793
   0.84822562  0.29304645  0.27079245
   0.17417000  0.83753000  0.10253000
   0.24977058  0.70845713  0.40339233
   0.05979808  0.83221223  0.50459021
   0.31324415  0.96063002  0.20437302
   0.11758542  0.58387417  0.30656011
   0.23858000  0.54636000  0.06951000
   0.04671052  0.66979259  0.16976232
   0.31369912  0.91820656  0.37219687
   0.14489592  0.54276868  0.47703494
   0.18241210  0.79211793  0.27016023
   0.50750000  0.83753000  0.10253000
   0.58232036  0.70780124  0.40526729
   0.39116748  0.82881068  0.50394843
   0.64651100  0.96062111  0.20438028
   0.45120767  0.58417896  0.30688006
   0.57191000  0.54636000  0.06951000
   0.38007920  0.66992516  0.16976439
   0.64769763  0.91814779  0.37234701
   0.47616123  0.54154025  0.47679626
   0.51576612  0.79230633  0.27023928
   0.84083000  0.83753000  0.10253000
   0.72684889  0.83016854  0.50158746
   0.97995832  0.96063387  0.20457076
   0.78444063  0.58457677  0.30771346
   0.90524000  0.54636000  0.06951000
   0.71337387  0.66988963  0.16978126
   0.98084996  0.91767421  0.37264107
   0.81108869  0.54496612  0.48568229
   0.84908467  0.79193060  0.27022430
   0.91521744  0.70683056  0.40594453
   0.59941017  0.61354944  0.59990044
   0.86681601  0.40423749  0.66994000
   0.80607150  0.49765635  0.58888636
   0.50612772  0.60430524  0.64083144
   0.44944020  0.50126532  0.67417324
   0.31952663  0.47426037  0.66766301
   0.50697334  0.43448598  0.66124993
   0.46460397  0.51805712  0.72079442
   0.45637764  0.67730496  0.65389512
