   0.17904362  0.06464519  0.19530226
   0.26730196  0.43285409  0.50244091
   0.03971000  0.44194000  0.09637000
   0.31471106  0.18909373  0.29913809
   0.11956741  0.31255064  0.40259545
   0.51247377  0.06451077  0.19551535
   0.60003133  0.43360030  0.50295309
   0.37304000  0.44194000  0.09637000
   0.64799788  0.18876671  0.29941960
   0.44943343  0.31275188  0.40387458
   0.84558939  0.06467692  0.19541410
   0.93223639  0.43188301  0.50226124
   0.70637000  0.44194000  0.09637000
   0.98170458  0.18895601  0.29949674
   0.78468154  0.31320648  0.40055212
   0.18004473  0.56412292  0.19522538
   0.26314429  0.93685066  0.51023074
   0.03971000  0.94194000  0.09637000
   0.31628553  0.68790256  0.29863588
   0.12057691  0.81373686  0.39701521
   0.51329601  0.56398557  0.19505512
   0.59301090  0.93365480  0.50578287
   0.37304000  0.94194000  0.09637000
   0.64937107  0.68791119  0.29804813
   0.45324657  0.81419395  0.39966027
   0.84658700  0.56387227  0.19525924
   0.92420582  0.93320653  0.50533162
   0.70637000  0.94194000  0.09637000
   0.98278508  0.68779629  0.29805434
   0.78656131  0.81345272  0.39831574
   0.93308940  0.68440972  0.49341679
   0.03971000  0.19194000  0.09637000
   0.31608911  0.43829935  0.29848131
   0.11915278  0.05990641  0.40107780
   0.17920666  0.31530657  0.19635202
   0.25887674  0.18200644  0.50385727
   0.37304000  0.19194000  0.09637000
   0.64842487  0.43799698  0.29836258
   0.45140899  0.06050025  0.40031138
   0.51226245  0.31548384  0.19717076
   0.58594020  0.19085243  0.49696602
   0.70637000  0.19194000  0.09637000
   0.98333954  0.43814589  0.29874720
   0.78465807  0.06085999  0.40128182
   0.84559712  0.31554974  0.19751598
   0.92657372  0.19136425  0.49643587
   0.03971000  0.69194000  0.09637000
   0.31568735  0.93927404  0.29782162
   0.12305944  0.55970291  0.40046109
   0.17899037  0.81554032  0.19716435
   0.26555467  0.69150642  0.49596926
   0.37304000  0.69194000  0.09637000
   0.64879113  0.93929126  0.29861396
   0.45618686  0.56008756  0.40073869
   0.51257044  0.81577335  0.19737696
   0.59598564  0.69290458  0.49677459
   0.70637000  0.69194000  0.09637000
   0.98249018  0.94002726  0.29791747
   0.84565044  0.81578391  0.19716711
   0.78831713  0.55911514  0.39894473
   0.17310000  0.33301000  0.10976000
   0.24935458  0.20478785  0.41863736
   0.06417069  0.32712903  0.51140271
   0.31409773  0.46015809  0.21400442
   0.11591523  0.08487837  0.31676116
   0.23858000  0.04636000  0.07986000
   0.04505901  0.17094565  0.18014307
   0.31729309  0.41719340  0.38279391
   0.12314421  0.03238236  0.48402269
   0.18110585  0.29331685  0.28010438
   0.50750000  0.33753000  0.11288000
   0.58537828  0.20551552  0.41351745
   0.40200249  0.32854871  0.50763746
   0.64738863  0.46059234  0.21448897
   0.44821818  0.08421687  0.31632473
   0.57191000  0.04636000  0.07986000
   0.37859435  0.17055233  0.18008411
   0.64946466  0.41684390  0.38243002
   0.46416182  0.04076721  0.48520844
   0.51414478  0.29268494  0.28021813
   0.84083000  0.33753000  0.11288000
   0.91720613  0.20620170  0.41371757
   0.73043506  0.32470984  0.51297222
   0.98124153  0.46061315  0.21468020
   0.78185852  0.08399416  0.31710983
   0.90524000  0.04636000  0.07986000
   0.71178614  0.17074117  0.18019136
   0.98505724  0.41723966  0.38278060
   0.79535018  0.04333284  0.48800435
   0.84761030  0.29295619  0.28079831
   0.17417000  0.83753000  0.11288000
   0.25286478  0.70775753  0.41382494
   0.05167001  0.82072057  0.52601236
   0.31314461  0.96070322  0.21431871
   0.11700626  0.58355196  0.31670738
   0.23858000  0.54636000  0.07986000
   0.04603503  0.67027780  0.18013471
   0.31863072  0.91650772  0.38114074
   0.13492019  0.54541547  0.48774901
   0.18241602  0.79225972  0.28034902
   0.50750000  0.83753000  0.11288000
   0.58751653  0.70803067  0.41432516
   0.39181817  0.82659248  0.51762653
   0.64673178  0.96102216  0.21485277
   0.45034321  0.58365500  0.31673123
   0.57191000  0.54636000  0.07986000
   0.37945920  0.67058169  0.18019641
   0.65192985  0.91692476  0.38247896
   0.46938486  0.54620164  0.48776432
   0.51582552  0.79266196  0.28057141
   0.84083000  0.83753000  0.11288000
   0.72536344  0.82662155  0.52054636
   0.97995381  0.96114382  0.21435983
   0.78306895  0.58340979  0.31582056
   0.90524000  0.54636000  0.07986000
   0.71279356  0.67041466  0.18009091
   0.98477992  0.91604418  0.38097994
   0.80239493  0.54156710  0.48501396
   0.84892901  0.79253497  0.28029564
   0.92120708  0.70736349  0.41259687
   0.77266267  0.61683413  0.65030257
   0.27524984  0.12605686  0.59573175
   0.92975298  0.74539036  0.60034009
   0.71897321  0.55018950  0.68894343
   0.80163634  0.53438932  0.74320797
   0.76381439  0.44786141  0.75869742
   0.93081420  0.55859016  0.73920513
   0.76365309  0.58781948  0.77623111
   0.59738580  0.49968374  0.68321781
