   0.18174620  0.06517479  0.19551287
   0.25384435  0.43587386  0.50270454
   0.03971000  0.44194000  0.09637000
   0.31847915  0.19056723  0.30015058
   0.11782285  0.31497727  0.40140455
   0.51450432  0.06447126  0.19464557
   0.58544105  0.44417892  0.50090515
   0.37304000  0.44194000  0.09637000
   0.65101592  0.18916625  0.29788432
   0.45414209  0.31661600  0.40261541
   0.84818763  0.06471274  0.19453612
   0.92743795  0.44048381  0.50086655
   0.70637000  0.44194000  0.09637000
   0.98488181  0.18948646  0.29782816
   0.78549042  0.31323039  0.39985342
   0.18008141  0.56538936  0.19544031
   0.26866338  0.93608754  0.50377275
   0.03971000  0.94194000  0.09637000
   0.31692364  0.69076848  0.29855447
   0.12256778  0.81667210  0.39852342
   0.51310406  0.56432954  0.19467119
   0.60209365  0.93435738  0.50450938
   0.37304000  0.94194000  0.09637000
   0.64934572  0.68915953  0.29695654
   0.45519025  0.81740321  0.39924446
   0.84703431  0.56506138  0.19505825
   0.93329408  0.93164274  0.50106186
   0.70637000  0.94194000  0.09637000
   0.98360892  0.69026465  0.29782983
   0.78736680  0.81517532  0.39689510
   0.60512200  0.19299538  0.50897600
   0.03971000  0.19194000  0.09637000
   0.31644781  0.44018438  0.29856466
   0.12185699  0.06179679  0.39990472
   0.18028029  0.31660358  0.19742489
   0.25850141  0.19351301  0.49502528
   0.37304000  0.19194000  0.09637000
   0.64966217  0.43871339  0.29692592
   0.45968776  0.06788716  0.40577692
   0.51294379  0.31549036  0.19677165
   0.70637000  0.19194000  0.09637000
   0.98341587  0.44001831  0.29770900
   0.79028063  0.06059670  0.39752023
   0.84672872  0.31621385  0.19697884
   0.91326132  0.18482561  0.49925789
   0.03971000  0.69194000  0.09637000
   0.31993054  0.94380745  0.30079736
   0.12053901  0.56287383  0.39889081
   0.18090901  0.81785701  0.19813152
   0.25782200  0.69527667  0.49468548
   0.37304000  0.69194000  0.09637000
   0.65059696  0.93924952  0.29607978
   0.45126042  0.56399028  0.39941465
   0.51295481  0.81537933  0.19536766
   0.58897945  0.69659761  0.49472353
   0.70637000  0.69194000  0.09637000
   0.98483243  0.93974463  0.29705634
   0.84729426  0.81568384  0.19555341
   0.92602506  0.69605988  0.49189787
   0.78677181  0.56223528  0.39712757
   0.17417000  0.33753000  0.11288000
   0.25339965  0.20810121  0.41247107
   0.05184956  0.32918451  0.51029152
   0.31434937  0.46180761  0.21465572
   0.11876938  0.08474727  0.31542379
   0.23858000  0.04636000  0.07986000
   0.04738865  0.17128071  0.18021288
   0.31800239  0.41916294  0.38247621
   0.13508018  0.04512407  0.48679448
   0.18406138  0.29404813  0.28064280
   0.50750000  0.33753000  0.11288000
   0.58841830  0.21472823  0.42440816
   0.38840355  0.33176811  0.51288623
   0.64772872  0.46062072  0.21317117
   0.45428997  0.08891029  0.32060679
   0.57191000  0.04636000  0.07986000
   0.38045505  0.17046708  0.17981488
   0.65260107  0.41776130  0.38104268
   0.47010791  0.04629739  0.49116064
   0.51712160  0.29312224  0.27980135
   0.84083000  0.33753000  0.11288000
   0.91826287  0.20726319  0.41469312
   0.72015661  0.34863055  0.52398967
   0.98134288  0.46154172  0.21390102
   0.78524280  0.08466739  0.31360790
   0.90524000  0.04636000  0.07986000
   0.71369574  0.17083325  0.17998733
   0.98381439  0.41882998  0.38153662
   0.80108661  0.03457499  0.47978002
   0.85033577  0.29388490  0.28007660
   0.17417000  0.83753000  0.11288000
   0.25520962  0.70908000  0.41137543
   0.06839009  0.82567884  0.51071251
   0.31708180  0.96286521  0.21617344
   0.11733893  0.58535804  0.31510044
   0.23858000  0.54636000  0.07986000
   0.04661173  0.67239941  0.18073497
   0.32193846  0.92345491  0.38491505
   0.12737612  0.54804982  0.48558354
   0.18400581  0.79684648  0.28184663
   0.50619000  0.83294000  0.10916000
   0.58782480  0.70913503  0.41144975
   0.39922019  0.82612937  0.51373038
   0.64876835  0.95998813  0.21202192
   0.45007393  0.58535364  0.31573217
   0.57191000  0.54636000  0.07986000
   0.37926675  0.67092579  0.17982897
   0.65269833  0.91809966  0.37916587
   0.45483522  0.55043456  0.48597346
   0.51589165  0.79357801  0.27872397
   0.83992000  0.83287000  0.10930000
   0.73271794  0.82408369  0.51459544
   0.98262354  0.96057618  0.21281633
   0.78316106  0.58403263  0.31333934
   0.90524000  0.54636000  0.07986000
   0.71257008  0.67106139  0.18004078
   0.98676012  0.91903952  0.38084840
   0.79386807  0.55033449  0.48367979
   0.84918367  0.79415613  0.27912020
   0.92184233  0.70793400  0.40853329
   0.78049367  0.59136961  0.65862840
   0.75477401  0.15076311  0.58772197
   0.75535270  0.44412246  0.60236875
   0.76172403  0.60454357  0.71079320
   0.73508097  0.51397346  0.75391137
   0.65230823  0.52749732  0.78761355
   0.69379145  0.43173802  0.73300781
   0.84859909  0.51439941  0.77542560
   0.76748548  0.69083406  0.72619613
