   0.17945623  0.06429513  0.19485341
   0.28901311  0.43067609  0.50121565
   0.03971000  0.44194000  0.09637000
   0.31712130  0.18915878  0.29749618
   0.13097444  0.31305003  0.39696640
   0.51301253  0.06416136  0.19448804
   0.61796831  0.43307332  0.49699713
   0.37304000  0.44194000  0.09637000
   0.65056129  0.18862334  0.29690636
   0.46383339  0.31266601  0.39692104
   0.84624564  0.06421376  0.19468076
   0.95925576  0.43120759  0.49807828
   0.70637000  0.44194000  0.09637000
   0.98379300  0.18864211  0.29711334
   0.79754958  0.31187239  0.39514231
   0.18173373  0.56460923  0.19433984
   0.24232782  0.94290497  0.50080532
   0.03971000  0.94194000  0.09637000
   0.31731881  0.69095133  0.29774048
   0.10962655  0.81817581  0.39954547
   0.51474839  0.56408613  0.19400787
   0.57845736  0.94381920  0.50360210
   0.37304000  0.94194000  0.09637000
   0.65009532  0.68994256  0.29696420
   0.44098844  0.81926524  0.40371270
   0.84841268  0.56427505  0.19419396
   0.90662243  0.93765745  0.50334765
   0.70637000  0.94194000  0.09637000
   0.98383941  0.69004620  0.29744995
   0.77327318  0.81756201  0.40037106
   0.57411757  0.69120483  0.49986892
   0.03971000  0.19194000  0.09637000
   0.32131920  0.43918220  0.29606304
   0.11445772  0.06378751  0.39914233
   0.18057486  0.31520149  0.19541227
   0.26283294  0.19331132  0.49499007
   0.37304000  0.19194000  0.09637000
   0.65421681  0.43816805  0.29575902
   0.44956634  0.06669439  0.40062707
   0.51395435  0.31477687  0.19516804
   0.58947246  0.20019425  0.49933013
   0.70637000  0.19194000  0.09637000
   0.98875377  0.43951462  0.29655425
   0.78020777  0.06388296  0.39959367
   0.84756698  0.31527474  0.19561734
   0.93693635  0.18906479  0.49418772
   0.03971000  0.69194000  0.09637000
   0.31330858  0.94172996  0.29820119
   0.12998033  0.56184857  0.39868686
   0.18004062  0.81623062  0.19619050
   0.26794996  0.69106104  0.49875415
   0.37304000  0.69194000  0.09637000
   0.64520622  0.94049885  0.29787762
   0.46263995  0.56196726  0.39740812
   0.51345871  0.81589619  0.19586506
   0.70637000  0.69194000  0.09637000
   0.97894130  0.94041316  0.29775315
   0.84637454  0.81580442  0.19625015
   0.92694392  0.69419699  0.49187891
   0.79494283  0.56087328  0.39671071
   0.17316122  0.33275444  0.10921749
   0.26315857  0.20539412  0.41035660
   0.08638317  0.31995732  0.51095877
   0.31603045  0.46006989  0.21206086
   0.11713905  0.08427184  0.31470319
   0.23858000  0.04636000  0.07986000
   0.04560012  0.17083882  0.18010193
   0.32998669  0.41587026  0.37897302
   0.11085560  0.05399698  0.48740584
   0.18387111  0.29372932  0.27886865
   0.50633000  0.33253000  0.10912000
   0.59977902  0.20818293  0.41354200
   0.42294087  0.31880597  0.51254808
   0.64932158  0.45947361  0.21173059
   0.45140346  0.08552790  0.31583738
   0.57191000  0.04636000  0.07986000
   0.37900314  0.17068506  0.17998649
   0.66369293  0.41577540  0.37971295
   0.44736249  0.05945292  0.48857465
   0.51757014  0.29345951  0.27871933
   0.84000589  0.33289659  0.10933907
   0.92868487  0.20573660  0.41098048
   0.75236472  0.32940965  0.52267222
   0.98299206  0.46020706  0.21237938
   0.78352573  0.08438649  0.31495838
   0.90524000  0.04636000  0.07986000
   0.71242289  0.17096529  0.18017826
   0.99630815  0.41665686  0.38017427
   0.78232297  0.05256082  0.48758881
   0.85099620  0.29408698  0.27933205
   0.17298008  0.83274754  0.10954922
   0.23928577  0.71141011  0.41539973
   0.04166831  0.83415363  0.51179122
   0.31422081  0.96084671  0.21340195
   0.11858114  0.58585666  0.31470361
   0.23858000  0.54636000  0.07986000
   0.04735786  0.67102790  0.18020391
   0.30771846  0.92451750  0.38220788
   0.15472934  0.53685947  0.48249993
   0.18237167  0.79509977  0.27986164
   0.50638507  0.83267086  0.10936991
   0.57568547  0.71150422  0.41561889
   0.37778562  0.84364686  0.50344053
   0.64730690  0.96060251  0.21311729
   0.45137885  0.58588924  0.31402740
   0.57191000  0.54636000  0.07986000
   0.38068710  0.67082057  0.18002243
   0.64012420  0.92236086  0.38202721
   0.48620210  0.53435690  0.47924460
   0.51571780  0.79440428  0.27922952
   0.83918826  0.83240194  0.10985604
   0.70612890  0.83489354  0.51392492
   0.98053022  0.96051854  0.21330623
   0.78409159  0.58424800  0.31327957
   0.90524000  0.54636000  0.07986000
   0.71389813  0.67062664  0.18015015
   0.97371062  0.92221447  0.38188033
   0.82302419  0.53940268  0.48268655
   0.84881237  0.79401232  0.27960706
   0.90844725  0.71075092  0.41037245
   0.80476521  0.61476008  0.63084867
   0.39361373  0.65221323  0.58325433
   0.78308504  0.44413031  0.59619630
   0.80614496  0.66083253  0.67826959
   0.79759710  0.60234302  0.73436379
   0.71175299  0.62860348  0.76301891
   0.76862563  0.51137565  0.72821311
   0.91392299  0.62733802  0.75558401
   0.81736497  0.75257869  0.67873478
