   0.17771388  0.06414844  0.19535704
   0.28479910  0.43260071  0.50110910
   0.03971000  0.44194000  0.09637000
   0.31394815  0.18765333  0.29809263
   0.12831564  0.31118815  0.39951227
   0.51099550  0.06447789  0.19590099
   0.61953297  0.43256859  0.49906949
   0.37304000  0.44194000  0.09637000
   0.64782061  0.18850946  0.29944362
   0.46256735  0.31082597  0.40016039
   0.84430590  0.06436853  0.19558409
   0.95399711  0.43232998  0.50087850
   0.70637000  0.44194000  0.09637000
   0.98074513  0.18820440  0.29884601
   0.79299825  0.31183872  0.40182060
   0.17997753  0.56380492  0.19516453
   0.25001858  0.93883393  0.50399285
   0.03971000  0.94194000  0.09637000
   0.31490672  0.68823186  0.29871914
   0.10939758  0.81574206  0.39853287
   0.51337594  0.56388468  0.19517289
   0.58094834  0.93995495  0.50422630
   0.37304000  0.94194000  0.09637000
   0.64827325  0.68861949  0.29840077
   0.44199610  0.81650491  0.40036185
   0.84670733  0.56395766  0.19541362
   0.91336205  0.93799589  0.50513982
   0.70637000  0.94194000  0.09637000
   0.98154928  0.68851643  0.29857454
   0.77536963  0.81697243  0.39940314
   0.93086374  0.69308036  0.49546212
   0.03971000  0.19194000  0.09637000
   0.31887656  0.43786431  0.29798079
   0.11367721  0.06208291  0.40065838
   0.17912744  0.31501787  0.19626479
   0.26377556  0.19304632  0.49528140
   0.37304000  0.19194000  0.09637000
   0.65234557  0.43863635  0.29843077
   0.44863619  0.06269117  0.39890211
   0.51232767  0.31546744  0.19766688
   0.59438753  0.18894607  0.50177349
   0.70637000  0.19194000  0.09637000
   0.98598803  0.43764312  0.29849098
   0.78043253  0.06205982  0.39970581
   0.84509227  0.31545459  0.19760164
   0.92376498  0.19277710  0.49522499
   0.03971000  0.69194000  0.09637000
   0.30951797  0.93855743  0.29746483
   0.12710994  0.55889175  0.40005642
   0.17742075  0.81499161  0.19691407
   0.25952046  0.69280024  0.49636507
   0.37304000  0.69194000  0.09637000
   0.64325833  0.93927003  0.29811864
   0.46114468  0.55969953  0.39996479
   0.51120561  0.81544362  0.19717106
   0.59799077  0.69406775  0.49588578
   0.70637000  0.69194000  0.09637000
   0.97685475  0.93996635  0.29844823
   0.84463526  0.81569674  0.19731127
   0.79369896  0.56107528  0.39974271
   0.17310000  0.33301000  0.10976000
   0.26014460  0.20267142  0.41143589
   0.08315275  0.32074681  0.51042682
   0.31431147  0.45981872  0.21368739
   0.11376849  0.08333305  0.31591618
   0.23858000  0.04636000  0.07986000
   0.04414942  0.17062630  0.18006032
   0.32731558  0.41582283  0.38179415
   0.11861663  0.04729805  0.48840910
   0.18094872  0.29303333  0.27987943
   0.50750000  0.33753000  0.11288000
   0.59227794  0.20226627  0.41429457
   0.41596738  0.32605174  0.50566418
   0.64778654  0.46063710  0.21459496
   0.44730954  0.08235719  0.31390606
   0.57191000  0.04636000  0.07986000
   0.37747643  0.17079203  0.18014903
   0.66005586  0.41765833  0.38159658
   0.44710418  0.04377840  0.48357877
   0.51466332  0.29315549  0.28094076
   0.84083000  0.33753000  0.11288000
   0.92888550  0.20246108  0.41113672
   0.75460007  0.32713855  0.49856869
   0.98114549  0.46037264  0.21458514
   0.78064661  0.08286881  0.31545063
   0.90524000  0.04636000  0.07986000
   0.71078575  0.17071605  0.18001889
   0.99458721  0.41570420  0.38209887
   0.78653988  0.04649367  0.48584300
   0.84781979  0.29310359  0.28079962
   0.17417000  0.83753000  0.11288000
   0.24213356  0.70885103  0.41398628
   0.04482380  0.83118331  0.52000897
   0.31136921  0.96001324  0.21382929
   0.11607191  0.58395794  0.31656084
   0.23858000  0.54636000  0.07986000
   0.04563309  0.66978844  0.17980945
   0.30677959  0.91872328  0.38101423
   0.15264777  0.54164172  0.48846378
   0.17960486  0.79144372  0.27979526
   0.50750000  0.83753000  0.11288000
   0.57655182  0.71027880  0.41423116
   0.37890435  0.83202894  0.51436715
   0.64515827  0.96062232  0.21432058
   0.44972845  0.58405895  0.31638036
   0.57191000  0.54636000  0.07986000
   0.37924782  0.66999777  0.17993630
   0.64032975  0.91928636  0.38195786
   0.48673979  0.54383185  0.48668677
   0.51333144  0.79211559  0.28015624
   0.84083000  0.83753000  0.11288000
   0.71210487  0.83354901  0.51683608
   0.97853908  0.96087496  0.21447579
   0.78326679  0.58511388  0.31644166
   0.90524000  0.54636000  0.07986000
   0.71262619  0.67023018  0.18003929
   0.97465088  0.92009656  0.38274148
   0.82110455  0.54385205  0.48646282
   0.84706017  0.79302141  0.28044859
   0.90897618  0.71184440  0.41360712
   0.73870513  0.56879772  0.64698102
   0.59332685  0.17024838  0.59762880
   0.97271609  0.65040098  0.59807611
   0.68935692  0.53308302  0.69477135
   0.78894241  0.52895168  0.74650463
   0.75420452  0.44697310  0.76729760
   0.91471385  0.54825922  0.73565001
   0.76382716  0.59023017  0.77801879
   0.55894145  0.50226825  0.70022667
