   0.17870235  0.06529338  0.19456661
   0.27738845  0.43394669  0.50279387
   0.03971000  0.44194000  0.09637000
   0.31428266  0.18920405  0.30003468
   0.12460562  0.31245446  0.40254882
   0.51169889  0.06502678  0.19517211
   0.60909882  0.43463979  0.50145512
   0.37304000  0.44194000  0.09637000
   0.64875104  0.18849331  0.29867279
   0.45380616  0.31194140  0.40380833
   0.84559569  0.06554906  0.19556410
   0.94303476  0.43566523  0.49924649
   0.70637000  0.44194000  0.09637000
   0.98218784  0.19005201  0.30054688
   0.78946537  0.31345476  0.40024771
   0.18006446  0.56357035  0.19531997
   0.25944305  0.93760894  0.51254262
   0.03971000  0.94194000  0.09637000
   0.31574142  0.68777852  0.29803505
   0.11521927  0.81629921  0.39518909
   0.51397866  0.56427160  0.19517219
   0.58863932  0.93634683  0.50435405
   0.37304000  0.94194000  0.09637000
   0.64782720  0.68774347  0.29773795
   0.44801115  0.81718533  0.39880116
   0.84681458  0.56371141  0.19551566
   0.92153669  0.93326601  0.50822704
   0.70637000  0.94194000  0.09637000
   0.98156502  0.68821293  0.29804252
   0.77997470  0.81519719  0.39605272
   0.92589049  0.68944310  0.48999170
   0.03971000  0.19194000  0.09637000
   0.31747577  0.43771436  0.29892199
   0.11653322  0.06025640  0.40174025
   0.17907810  0.31586437  0.19642575
   0.26232279  0.18219501  0.50554084
   0.37304000  0.19194000  0.09637000
   0.64814301  0.43695287  0.29780269
   0.44856867  0.06195599  0.39985348
   0.51206368  0.31536480  0.19716710
   0.58960070  0.19292491  0.49635007
   0.70637000  0.19194000  0.09637000
   0.98609315  0.43868035  0.29885909
   0.78328588  0.06197676  0.40081492
   0.84586075  0.31536751  0.19774988
   0.92737267  0.19396699  0.49563951
   0.03971000  0.69194000  0.09637000
   0.31382699  0.94004251  0.29703925
   0.12568058  0.56164967  0.40012311
   0.17828135  0.81552206  0.19709448
   0.26122562  0.69500436  0.49563999
   0.37304000  0.69194000  0.09637000
   0.64626631  0.94018288  0.29744832
   0.45902562  0.56044514  0.39999437
   0.51180855  0.81546732  0.19678412
   0.59271054  0.69591580  0.49478074
   0.70637000  0.69194000  0.09637000
   0.97893268  0.94051130  0.29787002
   0.84595664  0.81644281  0.19733690
   0.79008972  0.55900654  0.39617152
   0.17310000  0.33301000  0.10976000
   0.25454045  0.20344952  0.42044784
   0.07225096  0.32919596  0.50728390
   0.31473950  0.46046568  0.21449609
   0.11499594  0.08533783  0.31719089
   0.23858000  0.04636000  0.07986000
   0.04475497  0.17160295  0.17940299
   0.32204705  0.41706362  0.38303472
   0.12055288  0.02899019  0.48512073
   0.18150672  0.29344434  0.28041260
   0.50750000  0.33753000  0.11288000
   0.59032614  0.20429940  0.41307657
   0.41149781  0.32870777  0.50754764
   0.64747768  0.46030054  0.21431066
   0.44848921  0.08423146  0.31526753
   0.57191000  0.04636000  0.07986000
   0.37808326  0.17103193  0.17963922
   0.65322956  0.41591992  0.38135962
   0.45914368  0.04451733  0.48602175
   0.51388353  0.29231149  0.28050601
   0.84083000  0.33753000  0.11288000
   0.92123590  0.20522692  0.41231359
   0.74130947  0.32573085  0.51036729
   0.98190359  0.46008939  0.21486379
   0.78210642  0.08394966  0.31563685
   0.90524000  0.04636000  0.07986000
   0.71122187  0.17114463  0.18008875
   0.98956100  0.41817846  0.38304539
   0.79568574  0.04525544  0.48890737
   0.84864734  0.29395501  0.28159832
   0.17417000  0.83753000  0.11288000
   0.24881925  0.71157052  0.41326003
   0.04741185  0.81603254  0.53047017
   0.31243202  0.96122750  0.21389830
   0.11687034  0.58496635  0.31652223
   0.23858000  0.54636000  0.07986000
   0.04627529  0.66975200  0.18011872
   0.31312210  0.91937312  0.38037853
   0.14615432  0.54648098  0.48726104
   0.18155829  0.79267158  0.28039632
   0.50750000  0.83753000  0.11288000
   0.58162751  0.70993659  0.41255113
   0.38639325  0.82859977  0.51874910
   0.64607105  0.96113574  0.21397983
   0.44929555  0.58321850  0.31647760
   0.57191000  0.54636000  0.07986000
   0.37908278  0.66995674  0.18003111
   0.64563348  0.92024624  0.38168919
   0.47748340  0.54586318  0.48623987
   0.51448782  0.79235358  0.28002591
   0.84083000  0.83753000  0.11288000
   0.71909801  0.82939538  0.51812907
   0.97998335  0.96228650  0.21481370
   0.78125891  0.58289228  0.31360900
   0.90524000  0.54636000  0.07986000
   0.71349934  0.67077404  0.18028695
   0.97836120  0.91918200  0.38060381
   0.80686365  0.54309557  0.48115415
   0.84773835  0.79285160  0.28039845
   0.91634625  0.70901168  0.40864038
   0.76592458  0.57970012  0.64497644
   0.25648172  0.13228390  0.59928764
   0.94826393  0.70264463  0.59881636
   0.70714276  0.53878141  0.69131203
   0.79468055  0.53069807  0.74489860
   0.75587315  0.44689897  0.76379525
   0.92407055  0.55081165  0.73868043
   0.76222644  0.58890302  0.77697022
   0.57780192  0.50659524  0.69241790
