   0.17958134  0.06430072  0.19472331
   0.28859118  0.43058085  0.50101909
   0.03971000  0.44194000  0.09637000
   0.31706197  0.18911953  0.29742404
   0.13094348  0.31294431  0.39693356
   0.51299151  0.06420374  0.19443134
   0.61748590  0.43306734  0.49689974
   0.37304000  0.44194000  0.09637000
   0.65045874  0.18864767  0.29685201
   0.46386273  0.31261261  0.39687456
   0.84626777  0.06422895  0.19455648
   0.95907639  0.43135831  0.49839693
   0.70637000  0.44194000  0.09637000
   0.98373450  0.18866453  0.29703021
   0.79746807  0.31185081  0.39510572
   0.18169812  0.56456690  0.19426561
   0.24258450  0.94328647  0.50076119
   0.03971000  0.94194000  0.09637000
   0.31723687  0.69092739  0.29768422
   0.10968239  0.81841164  0.39967580
   0.51481841  0.56415900  0.19396040
   0.57897292  0.94407845  0.50347312
   0.37304000  0.94194000  0.09637000
   0.65010515  0.69009962  0.29687475
   0.44101583  0.81941379  0.40365669
   0.84836055  0.56431877  0.19419093
   0.90726142  0.93816683  0.50339958
   0.70637000  0.94194000  0.09637000
   0.98388294  0.69014225  0.29733832
   0.77335144  0.81789712  0.40058416
   0.57460377  0.69109418  0.49981774
   0.03971000  0.19194000  0.09637000
   0.32127323  0.43918415  0.29593340
   0.11453394  0.06375193  0.39905440
   0.18063227  0.31517212  0.19531325
   0.26306332  0.19294429  0.49478246
   0.37304000  0.19194000  0.09637000
   0.65425043  0.43833405  0.29573706
   0.44975055  0.06678029  0.40059871
   0.51394005  0.31483646  0.19516546
   0.58962935  0.20034066  0.49943808
   0.70637000  0.19194000  0.09637000
   0.98875344  0.43952802  0.29647522
   0.78024578  0.06388779  0.39954857
   0.84758338  0.31534759  0.19552557
   0.93693927  0.18874634  0.49403218
   0.03971000  0.69194000  0.09637000
   0.31326530  0.94162537  0.29814105
   0.12975543  0.56185949  0.39870873
   0.18010098  0.81608731  0.19609105
   0.26856161  0.69120904  0.49873650
   0.37304000  0.69194000  0.09637000
   0.64516540  0.94042640  0.29775388
   0.46246269  0.56192118  0.39722064
   0.51339609  0.81579816  0.19573543
   0.70637000  0.69194000  0.09637000
   0.97879759  0.94028018  0.29757320
   0.84654776  0.81562073  0.19585256
   0.92636048  0.69457383  0.49215078
   0.79477571  0.56094497  0.39682106
   0.17316916  0.33263364  0.10917030
   0.26316113  0.20539035  0.41019362
   0.08627680  0.32028291  0.51088255
   0.31603585  0.45999229  0.21206514
   0.11689263  0.08411409  0.31453867
   0.23858000  0.04636000  0.07986000
   0.04560458  0.17079933  0.18008390
   0.33000572  0.41603754  0.37892234
   0.11117254  0.05416029  0.48738722
   0.18377181  0.29362714  0.27884876
   0.50633000  0.33253000  0.10912000
   0.59994157  0.20846104  0.41365249
   0.42290577  0.31897445  0.51226920
   0.64929929  0.45953106  0.21182216
   0.45141031  0.08555082  0.31579076
   0.57191000  0.04636000  0.07986000
   0.37896685  0.17065681  0.18002468
   0.66391450  0.41611525  0.37976850
   0.44756668  0.05965534  0.48860204
   0.51745971  0.29343281  0.27880558
   0.83985533  0.33263675  0.10931496
   0.92873931  0.20584913  0.41091640
   0.75172016  0.32910468  0.52292779
   0.98295793  0.46013573  0.21243126
   0.78352514  0.08434732  0.31488173
   0.90524000  0.04636000  0.07986000
   0.71246989  0.17099097  0.18017242
   0.99639352  0.41679136  0.38018329
   0.78273053  0.05275024  0.48755780
   0.85091791  0.29402458  0.27934213
   0.17311339  0.83284985  0.10956060
   0.23923259  0.71124300  0.41549908
   0.04173835  0.83387403  0.51185895
   0.31430700  0.96082824  0.21338291
   0.11849008  0.58583266  0.31481270
   0.23858000  0.54636000  0.07986000
   0.04736888  0.67103663  0.18022919
   0.30755949  0.92434989  0.38224900
   0.15456294  0.53708858  0.48265288
   0.18243734  0.79510356  0.27984417
   0.50646129  0.83280905  0.10934242
   0.57576620  0.71154991  0.41565964
   0.37804051  0.84325759  0.50329405
   0.64738222  0.96056175  0.21304023
   0.45146438  0.58594233  0.31402117
   0.57191000  0.54636000  0.07986000
   0.38069730  0.67083372  0.18001590
   0.63998914  0.92222455  0.38201684
   0.48596744  0.53432498  0.47917475
   0.51569293  0.79449987  0.27922482
   0.83985298  0.83289840  0.10951003
   0.70645592  0.83450819  0.51369454
   0.98058244  0.96035765  0.21304859
   0.78415162  0.58447748  0.31342283
   0.90524000  0.54636000  0.07986000
   0.71390855  0.67065278  0.18011693
   0.97351108  0.92193155  0.38183062
   0.82274087  0.53987467  0.48285450
   0.84887054  0.79406663  0.27940737
   0.90834547  0.71081302  0.41069224
   0.80613937  0.61318499  0.63088445
   0.39564962  0.65269239  0.58318684
   0.78068026  0.44373171  0.59623700
   0.80649754  0.65957583  0.67805202
   0.79751010  0.60192951  0.73434512
   0.71141260  0.62878951  0.76278555
   0.76876846  0.51103239  0.72873999
   0.91365541  0.62743429  0.75568335
   0.81689267  0.75127555  0.67805285
