   0.17783297  0.06426432  0.19530843
   0.28674428  0.43006849  0.50090460
   0.03971000  0.44194000  0.09637000
   0.31419090  0.18819744  0.29845822
   0.12860701  0.31084141  0.39804282
   0.51093953  0.06413287  0.19534099
   0.62022415  0.43211767  0.50226326
   0.37304000  0.44194000  0.09637000
   0.64764488  0.18785177  0.29852719
   0.46211767  0.31151535  0.39875185
   0.84429849  0.06400826  0.19530668
   0.95402513  0.42932735  0.50090535
   0.70637000  0.44194000  0.09637000
   0.98088892  0.18760925  0.29808160
   0.79583081  0.31149363  0.39826635
   0.18001787  0.56391605  0.19519079
   0.24773511  0.93909727  0.50165341
   0.03971000  0.94194000  0.09637000
   0.31534878  0.68896345  0.29834809
   0.11046573  0.81509703  0.39942392
   0.51349362  0.56410303  0.19515733
   0.58149998  0.94073058  0.50323322
   0.37304000  0.94194000  0.09637000
   0.64804948  0.68887692  0.29901240
   0.44115803  0.81677442  0.40339227
   0.84644581  0.56371804  0.19490662
   0.91293819  0.93864800  0.50448094
   0.70637000  0.94194000  0.09637000
   0.98156417  0.68805747  0.29776045
   0.77630346  0.81678357  0.39994990
   0.92939516  0.69435904  0.49524210
   0.03971000  0.19194000  0.09637000
   0.31907850  0.43794797  0.29762540
   0.11414760  0.06226857  0.40023888
   0.17919681  0.31491371  0.19605826
   0.26057260  0.19330397  0.49557207
   0.37304000  0.19194000  0.09637000
   0.65242036  0.43884825  0.29870291
   0.44715547  0.06305372  0.40000414
   0.51218288  0.31586628  0.19751506
   0.59342681  0.19548895  0.49531808
   0.70637000  0.19194000  0.09637000
   0.98574069  0.43726940  0.29677513
   0.78029625  0.06243919  0.40018310
   0.84456234  0.31473583  0.19680090
   0.92864713  0.19192785  0.49516504
   0.03971000  0.69194000  0.09637000
   0.31072017  0.93992548  0.29823731
   0.12813313  0.55838484  0.39834235
   0.17809123  0.81563568  0.19725408
   0.25541811  0.68815319  0.49838665
   0.37304000  0.69194000  0.09637000
   0.64348455  0.93926055  0.29861886
   0.46067482  0.55965535  0.39982673
   0.51143053  0.81555933  0.19729342
   0.59285390  0.69359880  0.49529945
   0.70637000  0.69194000  0.09637000
   0.97732015  0.93953577  0.29843173
   0.84454626  0.81569682  0.19728843
   0.79439343  0.56022520  0.40036894
   0.17310000  0.33301000  0.10976000
   0.26174752  0.20358152  0.41102729
   0.08633308  0.31860653  0.51108400
   0.31441538  0.45972742  0.21347561
   0.11428805  0.08334452  0.31570032
   0.23858000  0.04636000  0.07986000
   0.04401354  0.17054720  0.18005194
   0.32803820  0.41539468  0.38145642
   0.11592683  0.05069350  0.48798994
   0.18123608  0.29288271  0.27970423
   0.50750000  0.33753000  0.11288000
   0.59568012  0.20434788  0.41098316
   0.42023407  0.32073417  0.51131545
   0.64772178  0.46090460  0.21490157
   0.44771306  0.08362650  0.31553069
   0.57191000  0.04636000  0.07986000
   0.37762169  0.17098654  0.18030771
   0.66175427  0.41657500  0.38262717
   0.45063110  0.05308884  0.48756432
   0.51476519  0.29363636  0.28091918
   0.84083000  0.33753000  0.11288000
   0.92790571  0.20357393  0.41112791
   0.75185432  0.32219913  0.51185568
   0.98095091  0.45968579  0.21322609
   0.78103056  0.08284799  0.31570881
   0.90524000  0.04636000  0.07986000
   0.71036013  0.17004943  0.17983043
   0.99421503  0.41424046  0.38003878
   0.78464131  0.05039603  0.48805743
   0.84752605  0.29220401  0.27982570
   0.17417000  0.83753000  0.11288000
   0.24068239  0.70761671  0.41500838
   0.04476062  0.83366309  0.51531959
   0.31201660  0.96078783  0.21426077
   0.11658580  0.58366774  0.31450406
   0.23858000  0.54636000  0.07986000
   0.04581607  0.67016746  0.18015433
   0.30742152  0.92030600  0.38203028
   0.15089690  0.53413846  0.48217591
   0.18023332  0.79289195  0.28040898
   0.50750000  0.83753000  0.11288000
   0.57753752  0.70951072  0.41350497
   0.38317995  0.83503961  0.50391053
   0.64530641  0.96067069  0.21449741
   0.44909434  0.58411724  0.31619384
   0.57191000  0.54636000  0.07986000
   0.37917182  0.67014279  0.18010569
   0.64089362  0.92010452  0.38289121
   0.48692682  0.54029984  0.48582877
   0.51383398  0.79266994  0.28035566
   0.84083000  0.83753000  0.11288000
   0.71178783  0.83221496  0.51530378
   0.97869748  0.96082806  0.21446678
   0.78282701  0.58471081  0.31680022
   0.90524000  0.54636000  0.07986000
   0.71264815  0.67022125  0.18002695
   0.97545058  0.91966953  0.38252721
   0.82120681  0.54155479  0.48762868
   0.84690975  0.79258611  0.28044240
   0.90948888  0.71002746  0.41364885
   0.72140900  0.57099460  0.64743817
   0.23653996  0.66135632  0.60043276
   0.96118109  0.63306016  0.61162662
   0.68029732  0.53344269  0.69569846
   0.78622452  0.52990650  0.74547746
   0.75485545  0.44811328  0.76647112
   0.91165290  0.54997233  0.73300224
   0.76427463  0.59059019  0.77758109
   0.55142887  0.49986775  0.70289760
