   0.17926602  0.06454150  0.19551924
   0.26241283  0.43290054  0.50368616
   0.03971000  0.44194000  0.09637000
   0.31462246  0.18855165  0.29935965
   0.11571506  0.31336399  0.40162719
   0.51263462  0.06455883  0.19558361
   0.59663397  0.43356368  0.50140984
   0.37304000  0.44194000  0.09637000
   0.64816002  0.18892458  0.29970033
   0.44984500  0.31229328  0.40235623
   0.84587234  0.06436626  0.19543232
   0.93115820  0.43404116  0.50296821
   0.70637000  0.44194000  0.09637000
   0.98137154  0.18869624  0.29936477
   0.78045763  0.31314216  0.40443938
   0.17951900  0.56380107  0.19526808
   0.26514287  0.93203583  0.50687393
   0.03971000  0.94194000  0.09637000
   0.31625788  0.68752993  0.29865526
   0.12256946  0.81212982  0.39664980
   0.51308271  0.56394826  0.19522446
   0.59555460  0.93413100  0.50817770
   0.37304000  0.94194000  0.09637000
   0.64921102  0.68764479  0.29825089
   0.45519506  0.81361736  0.39977072
   0.84630915  0.56390271  0.19545068
   0.92768899  0.93509216  0.50492092
   0.70637000  0.94194000  0.09637000
   0.98274127  0.68722464  0.29817715
   0.78793909  0.81266685  0.39846915
   0.93291040  0.68658243  0.49373276
   0.03971000  0.19194000  0.09637000
   0.31518240  0.43814674  0.29867405
   0.11918110  0.05991547  0.40179644
   0.17933617  0.31504858  0.19637620
   0.25968567  0.19023367  0.49717238
   0.37304000  0.19194000  0.09637000
   0.64770465  0.43811593  0.29864526
   0.45286296  0.06005120  0.40092120
   0.51213647  0.31558981  0.19744540
   0.59204840  0.18391811  0.50332989
   0.70637000  0.19194000  0.09637000
   0.98123983  0.43770577  0.29889601
   0.78546462  0.06009569  0.40048113
   0.84532296  0.31545536  0.19737592
   0.91682022  0.19052854  0.49774071
   0.03971000  0.69194000  0.09637000
   0.31693138  0.93912679  0.29783869
   0.12151120  0.55892542  0.40031570
   0.17891612  0.81547066  0.19718583
   0.26721604  0.68848282  0.49564367
   0.37304000  0.69194000  0.09637000
   0.64920988  0.93878643  0.29819667
   0.45521207  0.56016092  0.40103780
   0.51261265  0.81533391  0.19716697
   0.59597427  0.69250547  0.49757560
   0.70637000  0.69194000  0.09637000
   0.98298905  0.93941866  0.29874816
   0.84607747  0.81574451  0.19745885
   0.78753099  0.55959060  0.39923885
   0.17310000  0.33301000  0.10976000
   0.24790794  0.20586333  0.41477652
   0.06074500  0.32507743  0.51361443
   0.31378287  0.46006371  0.21413981
   0.11502469  0.08438271  0.31756197
   0.23858000  0.04636000  0.07986000
   0.04526324  0.17056338  0.18010248
   0.31571303  0.41728918  0.38304218
   0.13201948  0.04016062  0.48923908
   0.18091933  0.29271605  0.28010797
   0.50750000  0.33753000  0.11288000
   0.58025732  0.20524528  0.41805001
   0.39395350  0.32770790  0.51221537
   0.64724198  0.46067662  0.21473011
   0.44894591  0.08451600  0.31661909
   0.57191000  0.04636000  0.07986000
   0.37861665  0.17073997  0.18028790
   0.64739524  0.41733128  0.38251512
   0.45947871  0.03539646  0.48411562
   0.51396974  0.29277947  0.28071048
   0.84083000  0.33753000  0.11288000
   0.91672150  0.20591481  0.41454516
   0.73211847  0.33084021  0.50598902
   0.98070292  0.46050793  0.21480980
   0.78176416  0.08404165  0.31665691
   0.90524000  0.04636000  0.07986000
   0.71201632  0.17041046  0.18006562
   0.98125872  0.41712700  0.38305713
   0.79832444  0.03963390  0.48521243
   0.84738216  0.29246967  0.28050864
   0.17417000  0.83753000  0.11288000
   0.25448829  0.70607330  0.41339436
   0.05482367  0.82357643  0.52410351
   0.31344342  0.96080877  0.21438391
   0.11663844  0.58285083  0.31652075
   0.23858000  0.54636000  0.07986000
   0.04574940  0.67019136  0.18013441
   0.31981323  0.91544442  0.38085086
   0.13293740  0.54414352  0.48779526
   0.18234144  0.79193759  0.28047186
   0.50750000  0.83753000  0.11288000
   0.58922119  0.70722222  0.41482880
   0.39379104  0.82252868  0.51715383
   0.64684946  0.96073807  0.21452525
   0.45008491  0.58336139  0.31702859
   0.57191000  0.54636000  0.07986000
   0.37911541  0.67008629  0.18011052
   0.65336736  0.91554724  0.38154626
   0.46511273  0.54599874  0.48840718
   0.51559465  0.79199519  0.28032436
   0.84083000  0.83753000  0.11288000
   0.72985854  0.82557376  0.52137715
   0.98030229  0.96108403  0.21503131
   0.78302082  0.58322193  0.31590287
   0.90524000  0.54636000  0.07986000
   0.71270641  0.67052177  0.18025775
   0.98736165  0.91611538  0.38272419
   0.79981447  0.54522894  0.48532628
   0.84943031  0.79257021  0.28087227
   0.92329581  0.70689046  0.41227494
   0.77543480  0.62595738  0.65176248
   0.62167435  0.13482749  0.59556563
   0.92077765  0.75647995  0.59916429
   0.72410783  0.55316629  0.68748044
   0.80490367  0.53426238  0.74186456
   0.76972060  0.44686948  0.75535070
   0.93398061  0.56152098  0.73856393
   0.76370394  0.58474069  0.77574879
   0.60605558  0.49809653  0.67902154
