   0.17875952  0.06468450  0.19554711
   0.27092229  0.43244100  0.50209927
   0.03971000  0.44194000  0.09637000
   0.31474045  0.18880435  0.29887722
   0.12135410  0.31246392  0.40339438
   0.51223155  0.06436035  0.19493581
   0.60272168  0.43338173  0.50121523
   0.37304000  0.44194000  0.09637000
   0.64752715  0.18843356  0.29895605
   0.45074251  0.31196583  0.40295666
   0.84543524  0.06513350  0.19555128
   0.93615367  0.43206926  0.50052635
   0.70637000  0.44194000  0.09637000
   0.98164167  0.18937294  0.29974309
   0.78594714  0.31318065  0.39959980
   0.18033223  0.56399678  0.19521835
   0.26259975  0.93649345  0.51079006
   0.03971000  0.94194000  0.09637000
   0.31606542  0.68858311  0.29824223
   0.11836900  0.81538244  0.39708795
   0.51310091  0.56334624  0.19466933
   0.59291644  0.93540749  0.50616908
   0.37304000  0.94194000  0.09637000
   0.64890846  0.68770142  0.29691585
   0.45072707  0.81528603  0.39920430
   0.84669843  0.56417392  0.19528416
   0.92266044  0.93322317  0.50627483
   0.70637000  0.94194000  0.09637000
   0.98301376  0.68896997  0.29714622
   0.78383666  0.81421006  0.39848603
   0.92969326  0.68379386  0.49359227
   0.03971000  0.19194000  0.09637000
   0.31622322  0.43812200  0.29862476
   0.12048343  0.05990326  0.40169485
   0.17914254  0.31521942  0.19668983
   0.25963801  0.18167640  0.50449890
   0.37304000  0.19194000  0.09637000
   0.64910812  0.43665658  0.29688953
   0.45201285  0.06118725  0.40088416
   0.51110358  0.31483275  0.19647333
   0.58618771  0.19253834  0.49685292
   0.70637000  0.19194000  0.09637000
   0.98333608  0.43869492  0.29866465
   0.78569007  0.06101580  0.40121654
   0.84570343  0.31614663  0.19725641
   0.92777609  0.19247574  0.49638153
   0.03971000  0.69194000  0.09637000
   0.31533522  0.94045207  0.29775128
   0.12430534  0.56042535  0.40014165
   0.17921011  0.81587456  0.19684927
   0.26328669  0.69291127  0.49595730
   0.37304000  0.69194000  0.09637000
   0.64787574  0.94005830  0.29840322
   0.45607116  0.56014080  0.40027839
   0.51270024  0.81584564  0.19707982
   0.59357019  0.69258182  0.49579324
   0.70637000  0.69194000  0.09637000
   0.98117274  0.94132883  0.29810862
   0.84492560  0.81628915  0.19723777
   0.79039053  0.55955968  0.39701331
   0.17310000  0.33301000  0.10976000
   0.25124163  0.20396796  0.41931149
   0.06687527  0.32785153  0.51101481
   0.31403989  0.45992926  0.21386584
   0.11616372  0.08558597  0.31750867
   0.23858000  0.04636000  0.07986000
   0.04472011  0.17121695  0.18064226
   0.31905595  0.41687292  0.38265492
   0.12157311  0.03042057  0.48491062
   0.18073764  0.29319029  0.28026214
   0.50750000  0.33753000  0.11288000
   0.58665558  0.20583425  0.41344706
   0.40541322  0.32760450  0.50950090
   0.64771953  0.45975876  0.21308963
   0.44876313  0.08446449  0.31653580
   0.57191000  0.04636000  0.07986000
   0.37766780  0.16995567  0.17995318
   0.65176536  0.41676598  0.38048989
   0.46368362  0.04253685  0.48633744
   0.51330082  0.29210812  0.27923957
   0.84083000  0.33753000  0.11288000
   0.91832179  0.20585963  0.41359830
   0.73417407  0.32515903  0.51125801
   0.98150119  0.46111696  0.21470587
   0.78203786  0.08446514  0.31704379
   0.90524000  0.04636000  0.07986000
   0.71147973  0.17119246  0.18025911
   0.98701686  0.41691237  0.38264165
   0.79591377  0.04449999  0.48801705
   0.84719301  0.29332409  0.28060008
   0.17417000  0.83753000  0.11288000
   0.25031825  0.71019643  0.41371105
   0.04737776  0.81932040  0.52839989
   0.31352084  0.96097905  0.21406036
   0.11680882  0.58486792  0.31644635
   0.23858000  0.54636000  0.07986000
   0.04634568  0.67045444  0.18014008
   0.31646330  0.91838696  0.38137506
   0.13776524  0.54640350  0.48675677
   0.18249196  0.79361298  0.28014682
   0.50750000  0.83753000  0.11288000
   0.58390358  0.70815703  0.41378031
   0.39053642  0.82727192  0.51811844
   0.64680924  0.96127353  0.21464701
   0.44932047  0.58416209  0.31646661
   0.57191000  0.54636000  0.07986000
   0.37982985  0.67020477  0.18017503
   0.64992108  0.91793836  0.38226377
   0.47155942  0.54537823  0.48706590
   0.51512921  0.79296340  0.28040122
   0.84083000  0.83753000  0.11288000
   0.72387231  0.82801927  0.51929749
   0.97975703  0.96164049  0.21451111
   0.78403725  0.58339696  0.31356439
   0.90524000  0.54636000  0.07986000
   0.71248701  0.67031551  0.18021188
   0.98224680  0.91807978  0.38132260
   0.80407033  0.53991774  0.48225032
   0.84881633  0.79434052  0.28035603
   0.91890425  0.70912957  0.41218852
   0.77688029  0.59575443  0.64625185
   0.26455785  0.12626574  0.59693581
   0.93563892  0.73554325  0.60259101
   0.71585901  0.54407630  0.68893014
   0.79958427  0.53232891  0.74431252
   0.75863363  0.44761890  0.76113172
   0.92806777  0.55374518  0.73962744
   0.76261584  0.58833666  0.77579366
   0.58870537  0.50436748  0.68729858
