   0.17924417  0.06448694  0.19526840
   0.26649597  0.43329157  0.50239708
   0.03971000  0.44194000  0.09637000
   0.31471647  0.18897304  0.29924922
   0.11866295  0.31243665  0.40270408
   0.51251483  0.06452556  0.19541781
   0.59964685  0.43392247  0.50303923
   0.37304000  0.44194000  0.09637000
   0.64784958  0.18862390  0.29938638
   0.44842702  0.31276299  0.40443154
   0.84581433  0.06457534  0.19537547
   0.93164021  0.43198615  0.50253129
   0.70637000  0.44194000  0.09637000
   0.98169474  0.18885933  0.29952976
   0.78377368  0.31329786  0.40088188
   0.17977080  0.56379827  0.19528429
   0.26386598  0.93651300  0.51001468
   0.03971000  0.94194000  0.09637000
   0.31654352  0.68757958  0.29861307
   0.12164516  0.81327041  0.39677273
   0.51305830  0.56384667  0.19520076
   0.59375425  0.93365687  0.50570398
   0.37304000  0.94194000  0.09637000
   0.64941944  0.68745029  0.29810748
   0.45421099  0.81376074  0.39962333
   0.84625993  0.56369531  0.19545830
   0.92487695  0.93322843  0.50513413
   0.70637000  0.94194000  0.09637000
   0.98293429  0.68728698  0.29807762
   0.78756567  0.81302388  0.39821622
   0.93355846  0.68450798  0.49373505
   0.03971000  0.19194000  0.09637000
   0.31558792  0.43826109  0.29883804
   0.11961525  0.05970252  0.40086946
   0.17927738  0.31531291  0.19647930
   0.25920488  0.18204363  0.50343216
   0.37304000  0.19194000  0.09637000
   0.64766692  0.43775873  0.29872063
   0.45183931  0.06012684  0.40025073
   0.51215851  0.31553753  0.19737647
   0.58567943  0.19043057  0.49719083
   0.70637000  0.19194000  0.09637000
   0.98302218  0.43804603  0.29897559
   0.78475066  0.06061312  0.40111783
   0.84545778  0.31554543  0.19753758
   0.92617490  0.19140643  0.49630166
   0.03971000  0.69194000  0.09637000
   0.31631281  0.93897088  0.29772977
   0.12289693  0.55961023  0.40068629
   0.17913899  0.81522630  0.19710218
   0.26582868  0.69125292  0.49603251
   0.37304000  0.69194000  0.09637000
   0.64917298  0.93911394  0.29849027
   0.45608800  0.56010661  0.40100403
   0.51248991  0.81565160  0.19731871
   0.59615027  0.69310213  0.49704728
   0.70637000  0.69194000  0.09637000
   0.98282853  0.93955597  0.29779907
   0.84578041  0.81553537  0.19711718
   0.78822898  0.55900967  0.39923024
   0.17310000  0.33301000  0.10976000
   0.24815221  0.20451096  0.41846374
   0.06327796  0.32739090  0.51147949
   0.31395303  0.46015866  0.21423370
   0.11573363  0.08477020  0.31665168
   0.23858000  0.04636000  0.07986000
   0.04538490  0.17085049  0.18011714
   0.31614696  0.41754949  0.38309694
   0.12360389  0.03206603  0.48383970
   0.18098827  0.29324846  0.28020963
   0.50750000  0.33753000  0.11288000
   0.58492045  0.20561757  0.41384857
   0.40122759  0.32925124  0.50715069
   0.64716512  0.46055575  0.21478300
   0.44820354  0.08408443  0.31628312
   0.57191000  0.04636000  0.07986000
   0.37861314  0.17066990  0.18014291
   0.64861074  0.41690832  0.38268511
   0.46456206  0.04052253  0.48508162
   0.51410021  0.29260284  0.28047926
   0.84083000  0.33753000  0.11288000
   0.91642604  0.20596813  0.41359980
   0.72970181  0.32476567  0.51344936
   0.98094403  0.46043130  0.21487923
   0.78174058  0.08402328  0.31692539
   0.90524000  0.04636000  0.07986000
   0.71198197  0.17069619  0.18013764
   0.98427607  0.41721640  0.38307734
   0.79635531  0.04333823  0.48804021
   0.84765718  0.29292840  0.28086486
   0.17417000  0.83753000  0.11288000
   0.25370116  0.70736697  0.41374500
   0.05245967  0.82069791  0.52571677
   0.31332877  0.96067025  0.21425835
   0.11718868  0.58331576  0.31681796
   0.23858000  0.54636000  0.07986000
   0.04582529  0.66999097  0.18009166
   0.31963490  0.91597564  0.38094592
   0.13415679  0.54557833  0.48796928
   0.18255932  0.79189219  0.28031976
   0.50750000  0.83753000  0.11288000
   0.58858878  0.70767455  0.41449613
   0.39230053  0.82623182  0.51745494
   0.64674809  0.96104744  0.21478798
   0.45044051  0.58343905  0.31699209
   0.57191000  0.54636000  0.07986000
   0.37924229  0.67032041  0.18016547
   0.65291740  0.91654370  0.38230173
   0.46900610  0.54664660  0.48799996
   0.51604868  0.79225568  0.28053426
   0.84083000  0.83753000  0.11288000
   0.72633329  0.82692726  0.52059170
   0.98003295  0.96102052  0.21440584
   0.78327882  0.58299638  0.31601731
   0.90524000  0.54636000  0.07986000
   0.71254081  0.67019307  0.18011587
   0.98543316  0.91556930  0.38080083
   0.80200478  0.54172682  0.48533779
   0.84916572  0.79202852  0.28021724
   0.92232122  0.70713350  0.41260934
   0.76845899  0.62385357  0.65187881
   0.28108940  0.12690067  0.59515685
   0.92744538  0.74851841  0.60044106
   0.71881666  0.55314922  0.68899055
   0.80321086  0.53580359  0.74289205
   0.76771031  0.44857281  0.75718429
   0.93173253  0.56199139  0.73853767
   0.76416852  0.58697253  0.77667281
   0.59921450  0.49907689  0.68229815
