   0.17769756  0.06422299  0.19532937
   0.28810801  0.42897946  0.50132491
   0.03971000  0.44194000  0.09637000
   0.31398377  0.18783732  0.29853890
   0.12917797  0.31062834  0.39859669
   0.51098765  0.06426526  0.19542069
   0.62118804  0.43111427  0.50144947
   0.37304000  0.44194000  0.09637000
   0.64748116  0.18787260  0.29878204
   0.46234445  0.31072423  0.39855169
   0.84417115  0.06419336  0.19536894
   0.95530323  0.42838544  0.50140894
   0.70637000  0.44194000  0.09637000
   0.98075822  0.18785316  0.29848300
   0.79605202  0.31092371  0.39852951
   0.17997283  0.56401580  0.19508754
   0.24592778  0.93888785  0.50333993
   0.03971000  0.94194000  0.09637000
   0.31495842  0.68871352  0.29895745
   0.10886521  0.81541950  0.40040885
   0.51335169  0.56394610  0.19511765
   0.58017690  0.94101760  0.50425888
   0.37304000  0.94194000  0.09637000
   0.64788990  0.68833871  0.29863145
   0.43962595  0.81696460  0.40358265
   0.84663545  0.56399013  0.19524089
   0.91097298  0.93785624  0.50540729
   0.70637000  0.94194000  0.09637000
   0.98160226  0.68843691  0.29865253
   0.77468881  0.81655217  0.39953362
   0.92874460  0.69259776  0.49604022
   0.03971000  0.19194000  0.09637000
   0.31903784  0.43761893  0.29774396
   0.11305555  0.06192420  0.40032638
   0.17905750  0.31495189  0.19614488
   0.25936702  0.19279860  0.49591054
   0.37304000  0.19194000  0.09637000
   0.65275945  0.43824492  0.29857067
   0.44580361  0.06261154  0.40010331
   0.51226398  0.31562217  0.19743596
   0.59042252  0.19360818  0.48381560
   0.70637000  0.19194000  0.09637000
   0.98645541  0.43821709  0.29821102
   0.77934897  0.06193985  0.40026707
   0.84529105  0.31554084  0.19732319
   0.92749690  0.19077343  0.49527397
   0.03971000  0.69194000  0.09637000
   0.30994584  0.93943140  0.29843257
   0.12828129  0.55915431  0.40038942
   0.17795767  0.81559352  0.19724622
   0.25906998  0.68813315  0.50043845
   0.37304000  0.69194000  0.09637000
   0.64247175  0.93924985  0.29859829
   0.46058214  0.55920103  0.39988957
   0.51125832  0.81550654  0.19722552
   0.59384616  0.69360379  0.49513323
   0.70637000  0.69194000  0.09637000
   0.97682655  0.93945253  0.29835347
   0.84446989  0.81557482  0.19723953
   0.79484570  0.55978694  0.40031964
   0.17310000  0.33301000  0.10976000
   0.26179385  0.20281852  0.41113836
   0.08718202  0.31694385  0.51131050
   0.31412279  0.45983332  0.21367924
   0.11378038  0.08309622  0.31578183
   0.23858000  0.04636000  0.07986000
   0.04402037  0.17066066  0.18014142
   0.32853823  0.41491061  0.38163310
   0.11433129  0.04934345  0.48829959
   0.18115858  0.29274429  0.27989205
   0.50750000  0.33753000  0.11288000
   0.59577732  0.20339601  0.41039589
   0.41978229  0.32083831  0.51113511
   0.64774890  0.46071942  0.21486828
   0.44719390  0.08297388  0.31565523
   0.57191000  0.04636000  0.07986000
   0.37751719  0.17087020  0.18032011
   0.66207836  0.41588974  0.38255008
   0.44722345  0.05175266  0.48741094
   0.51463974  0.29314601  0.28087911
   0.84083000  0.33753000  0.11288000
   0.92827516  0.20288311  0.41115525
   0.75556613  0.32317829  0.51061629
   0.98121557  0.46060162  0.21453143
   0.78049794  0.08281984  0.31575072
   0.90524000  0.04636000  0.07986000
   0.71073061  0.17074157  0.18020046
   0.99498856  0.41481415  0.38162359
   0.78310300  0.04901014  0.48799408
   0.84788445  0.29294752  0.28061638
   0.17417000  0.83753000  0.11288000
   0.23981369  0.70892538  0.41738038
   0.04287713  0.83193015  0.51803112
   0.31179328  0.96071292  0.21446795
   0.11628900  0.58468270  0.31686983
   0.23858000  0.54636000  0.07986000
   0.04585084  0.67021551  0.18007051
   0.30565368  0.91998936  0.38253070
   0.15309284  0.53432166  0.48428105
   0.18016341  0.79249959  0.28048647
   0.50750000  0.83753000  0.11288000
   0.57569578  0.70974865  0.41369759
   0.38116804  0.83549305  0.50762691
   0.64507146  0.96068452  0.21457802
   0.44899612  0.58382450  0.31637039
   0.57191000  0.54636000  0.07986000
   0.37923650  0.67007396  0.18001918
   0.63915947  0.91984837  0.38290274
   0.48856333  0.53994847  0.48611321
   0.51348691  0.79221248  0.28031696
   0.84083000  0.83753000  0.11288000
   0.70945511  0.83194618  0.51711667
   0.97843671  0.96070852  0.21446640
   0.78272557  0.58440078  0.31692444
   0.90524000  0.54636000  0.07986000
   0.71253965  0.67014414  0.18007902
   0.97395470  0.91944011  0.38261502
   0.82263492  0.53972347  0.48681791
   0.84680281  0.79236715  0.28048877
   0.90784332  0.71058883  0.41424173
   0.73623923  0.56669103  0.64753336
   0.60106754  0.19958054  0.57291264
   0.97353432  0.64112988  0.60931047
   0.68666020  0.53230573  0.69526231
   0.78736643  0.52871929  0.74655819
   0.75466344  0.44756349  0.76819450
   0.91354883  0.54811262  0.73474501
   0.76435699  0.59096065  0.77766444
   0.55652005  0.50365418  0.70037828
