   0.18174864  0.06470724  0.19548512
   0.24337578  0.44343294  0.50198655
   0.03971000  0.44194000  0.09637000
   0.31869146  0.19036512  0.30007494
   0.11470225  0.31746861  0.40188013
   0.51441298  0.06498242  0.19490533
   0.57499666  0.44831402  0.50037582
   0.37304000  0.44194000  0.09637000
   0.65154201  0.19002824  0.29902010
   0.45066052  0.31826955  0.40269723
   0.84786988  0.06399629  0.19432830
   0.91560273  0.44798518  0.50052495
   0.70637000  0.44194000  0.09637000
   0.98492152  0.18935530  0.29796147
   0.78222722  0.31571995  0.40194102
   0.17893993  0.56420858  0.19495880
   0.28487350  0.93449279  0.50407049
   0.03971000  0.94194000  0.09637000
   0.31594003  0.68952853  0.29740322
   0.12430698  0.81635563  0.39916701
   0.51261767  0.56447539  0.19564382
   0.61839732  0.93200413  0.50307552
   0.37304000  0.94194000  0.09637000
   0.64953413  0.68954594  0.29757716
   0.45742951  0.81622823  0.39743075
   0.84607967  0.56480367  0.19581150
   0.95243382  0.93519640  0.50144144
   0.70637000  0.94194000  0.09637000
   0.98308717  0.68997379  0.29882165
   0.79051528  0.81543702  0.39703947
   0.60742892  0.19053847  0.50479362
   0.03971000  0.19194000  0.09637000
   0.31440248  0.43915885  0.29766831
   0.12859338  0.06226922  0.40033785
   0.17988407  0.31514929  0.19690886
   0.26198306  0.19779536  0.49551986
   0.37304000  0.19194000  0.09637000
   0.64819871  0.44059492  0.29958819
   0.46363640  0.06460495  0.40409536
   0.51300637  0.31670897  0.19786811
   0.70637000  0.19194000  0.09637000
   0.98081938  0.43982163  0.29829832
   0.79606097  0.06063705  0.39862881
   0.84600432  0.31610542  0.19721622
   0.91562150  0.19140608  0.49956655
   0.03971000  0.69194000  0.09637000
   0.31985787  0.94255285  0.30011841
   0.11511860  0.56539326  0.39887166
   0.18015904  0.81716170  0.19790408
   0.25210034  0.69943592  0.49415133
   0.37304000  0.69194000  0.09637000
   0.65170813  0.93984832  0.29632194
   0.44679812  0.56566069  0.39816314
   0.51304033  0.81518876  0.19537029
   0.58293865  0.69927363  0.49386350
   0.70637000  0.69194000  0.09637000
   0.98605297  0.93994512  0.29764594
   0.84755049  0.81519811  0.19599266
   0.91192877  0.70527942  0.49638846
   0.78272014  0.56675076  0.40032838
   0.17417000  0.33753000  0.11288000
   0.25017067  0.21083908  0.41355432
   0.04226665  0.33766383  0.51006232
   0.31340646  0.46041634  0.21377140
   0.11953988  0.08502785  0.31614226
   0.23858000  0.04636000  0.07986000
   0.04708929  0.16995998  0.17984082
   0.31443257  0.42016809  0.38173143
   0.15324612  0.04525274  0.48755954
   0.18354456  0.29275439  0.27997208
   0.50750000  0.33753000  0.11288000
   0.58295366  0.21308595  0.42219973
   0.37728495  0.33890914  0.51346527
   0.64713514  0.46160933  0.21545936
   0.45425002  0.08795780  0.31967391
   0.57191000  0.04636000  0.07986000
   0.38051905  0.17139535  0.18031753
   0.64927465  0.42075917  0.38402595
   0.48529872  0.04061236  0.48937048
   0.51709765  0.29430389  0.28144884
   0.84083000  0.33753000  0.11288000
   0.91593607  0.20913593  0.41572145
   0.70993503  0.34656267  0.51497517
   0.98013910  0.46113747  0.21436107
   0.78596150  0.08519757  0.31475334
   0.90524000  0.04636000  0.07986000
   0.71385827  0.17073259  0.17999462
   0.97963560  0.42013884  0.38234941
   0.81636626  0.03641573  0.48231626
   0.85008646  0.29347417  0.28034760
   0.17417000  0.83753000  0.11288000
   0.25779977  0.70899905  0.40998092
   0.08277241  0.82552944  0.51269385
   0.31676365  0.96247394  0.21582742
   0.11621579  0.58452923  0.31491331
   0.23858000  0.54636000  0.07986000
   0.04576527  0.67156898  0.18050006
   0.32376806  0.92222993  0.38412187
   0.11554961  0.55497393  0.48542925
   0.18334348  0.79596938  0.28136917
   0.50619000  0.83294000  0.10916000
   0.59017052  0.70856526  0.40919110
   0.41558312  0.82183815  0.51293486
   0.64843594  0.96016201  0.21218989
   0.44930817  0.58422656  0.31391473
   0.57191000  0.54636000  0.07986000
   0.37858782  0.67050391  0.17991040
   0.65604685  0.91918926  0.37982673
   0.44406204  0.55588504  0.48521689
   0.51591624  0.79393589  0.27879468
   0.83992000  0.83287000  0.10930000
   0.75072271  0.82023237  0.51161376
   0.98248158  0.96005905  0.21326857
   0.78291716  0.58523030  0.31610709
   0.90524000  0.54636000  0.07986000
   0.71216553  0.67097215  0.18029267
   0.99028973  0.92046138  0.38189810
   0.77972888  0.55828091  0.48707978
   0.84987854  0.79446787  0.27987465
   0.92485464  0.70955132  0.41094974
   0.76212848  0.55733149  0.65466166
   0.75032499  0.16233379  0.58979118
   0.73226589  0.39833328  0.60447779
   0.76291005  0.58446845  0.70563058
   0.73329400  0.50560097  0.75490172
   0.64545966  0.52755892  0.78425655
   0.69629734  0.41971586  0.74002044
   0.84376516  0.51553006  0.78000057
   0.78937487  0.67564934  0.71579364
