   0.17933260  0.06441797  0.19540183
   0.26221132  0.43302728  0.50381036
   0.03971000  0.44194000  0.09637000
   0.31469361  0.18855986  0.29942266
   0.11534717  0.31339992  0.40171698
   0.51269406  0.06453541  0.19544879
   0.59668009  0.43384270  0.50135179
   0.37304000  0.44194000  0.09637000
   0.64824814  0.18891586  0.29966981
   0.44941602  0.31237282  0.40259157
   0.84590734  0.06434567  0.19537694
   0.93129937  0.43428665  0.50299016
   0.70637000  0.44194000  0.09637000
   0.98138559  0.18870074  0.29936829
   0.78010520  0.31328359  0.40465337
   0.17950453  0.56372402  0.19536332
   0.26535180  0.93186389  0.50691839
   0.03971000  0.94194000  0.09637000
   0.31626518  0.68737397  0.29868968
   0.12305734  0.81213069  0.39645856
   0.51298435  0.56376974  0.19521129
   0.59620183  0.93439951  0.50829708
   0.37304000  0.94194000  0.09637000
   0.64918511  0.68738154  0.29820458
   0.45554454  0.81347993  0.39974166
   0.84617030  0.56374514  0.19548474
   0.92814699  0.93519250  0.50477061
   0.70637000  0.94194000  0.09637000
   0.98289109  0.68695670  0.29811169
   0.78823654  0.81273730  0.39834513
   0.93301324  0.68719208  0.49333968
   0.03971000  0.19194000  0.09637000
   0.31500596  0.43817606  0.29885359
   0.11938500  0.05979021  0.40171491
   0.17929855  0.31515366  0.19647243
   0.25946233  0.19031449  0.49714109
   0.37304000  0.19194000  0.09637000
   0.64739166  0.43791310  0.29875861
   0.45291954  0.05997209  0.40093735
   0.51210736  0.31555745  0.19749606
   0.59230003  0.18394457  0.50332090
   0.70637000  0.19194000  0.09637000
   0.98116445  0.43766194  0.29901277
   0.78562089  0.06001351  0.40042154
   0.84535695  0.31542280  0.19741963
   0.91657618  0.19066809  0.49783823
   0.03971000  0.69194000  0.09637000
   0.31713209  0.93905876  0.29788698
   0.12159986  0.55893672  0.40050301
   0.17907890  0.81537330  0.19720387
   0.26716904  0.68836400  0.49565988
   0.37304000  0.69194000  0.09637000
   0.64937682  0.93870047  0.29803983
   0.45516810  0.56011557  0.40122001
   0.51255544  0.81530466  0.19713242
   0.59581314  0.69256574  0.49762701
   0.70637000  0.69194000  0.09637000
   0.98305498  0.93930096  0.29864469
   0.84608031  0.81563405  0.19740175
   0.78752336  0.55941443  0.39915126
   0.17310000  0.33301000  0.10976000
   0.24746642  0.20575599  0.41468711
   0.06056143  0.32490310  0.51370201
   0.31377522  0.46002354  0.21428800
   0.11509765  0.08431848  0.31747665
   0.23858000  0.04636000  0.07986000
   0.04545437  0.17059484  0.18014170
   0.31533559  0.41750775  0.38325052
   0.13251271  0.04001087  0.48910408
   0.18097122  0.29274012  0.28024948
   0.50750000  0.33753000  0.11288000
   0.57977742  0.20520862  0.41807204
   0.39371048  0.32790360  0.51206678
   0.64703095  0.46055920  0.21484394
   0.44901823  0.08453743  0.31672520
   0.57191000  0.04636000  0.07986000
   0.37865125  0.17066018  0.18022648
   0.64698135  0.41721299  0.38255008
   0.45926594  0.03525592  0.48422216
   0.51384377  0.29269173  0.28074583
   0.84083000  0.33753000  0.11288000
   0.91615538  0.20594323  0.41458543
   0.73210201  0.33098976  0.50593671
   0.98063010  0.46035913  0.21483396
   0.78181659  0.08397068  0.31658336
   0.90524000  0.04636000  0.07986000
   0.71207979  0.17048071  0.18004962
   0.98091436  0.41725847  0.38321146
   0.79850173  0.03967944  0.48505042
   0.84745265  0.29254109  0.28055667
   0.17417000  0.83753000  0.11288000
   0.25473971  0.70604775  0.41346609
   0.05540224  0.82399339  0.52378695
   0.31346060  0.96078531  0.21445889
   0.11680154  0.58264554  0.31667839
   0.23858000  0.54636000  0.07986000
   0.04572434  0.67013342  0.18014036
   0.32021733  0.91537091  0.38086245
   0.13293221  0.54447827  0.48791493
   0.18246144  0.79182979  0.28042216
   0.50750000  0.83753000  0.11288000
   0.58954819  0.70714186  0.41482185
   0.39459750  0.82265392  0.51710101
   0.64670785  0.96071499  0.21450122
   0.45010378  0.58329549  0.31712644
   0.57191000  0.54636000  0.07986000
   0.37910803  0.67011618  0.18010923
   0.65375682  0.91557306  0.38139629
   0.46511663  0.54627862  0.48858927
   0.51571535  0.79182580  0.28028048
   0.84083000  0.83753000  0.11288000
   0.73053390  0.82567664  0.52136255
   0.98029410  0.96102903  0.21495462
   0.78298592  0.58295598  0.31587430
   0.90524000  0.54636000  0.07986000
   0.71256209  0.67040811  0.18027383
   0.98775059  0.91610695  0.38257376
   0.79962869  0.54542529  0.48520301
   0.84958620  0.79232421  0.28076954
   0.92363227  0.70689697  0.41186856
   0.77306637  0.62843547  0.65242439
   0.62453669  0.13491129  0.59514847
   0.91865456  0.75690660  0.59896089
   0.72337831  0.55384863  0.68772343
   0.80538649  0.53473556  0.74169232
   0.77169327  0.44704076  0.75478853
   0.93414741  0.56302016  0.73824820
   0.76365932  0.58394433  0.77600261
   0.60651959  0.49780817  0.67894206
