   0.18205987  0.06423757  0.19394318
   0.24663104  0.44424180  0.49992859
   0.03971000  0.44194000  0.09637000
   0.31831037  0.19035916  0.29697318
   0.11119752  0.31718115  0.40123198
   0.51526024  0.06411526  0.19384190
   0.57382350  0.44362439  0.50080759
   0.37304000  0.44194000  0.09637000
   0.65156217  0.18938958  0.29664121
   0.44373932  0.31786262  0.40122281
   0.84850869  0.06375907  0.19351333
   0.91540374  0.44684213  0.49824651
   0.70637000  0.44194000  0.09637000
   0.98481892  0.18960762  0.29663298
   0.78009462  0.31618254  0.39763194
   0.18061645  0.56423653  0.19399161
   0.28435670  0.93161371  0.49927334
   0.03971000  0.94194000  0.09637000
   0.31676848  0.68953814  0.29645247
   0.12697171  0.81394581  0.39505624
   0.51362876  0.56391872  0.19392238
   0.61956264  0.93319050  0.50083579
   0.37304000  0.94194000  0.09637000
   0.64962014  0.68886841  0.29608289
   0.46104460  0.81454001  0.39588528
   0.84712709  0.56393792  0.19384176
   0.95205972  0.93151315  0.50029790
   0.70637000  0.94194000  0.09637000
   0.98308627  0.68897743  0.29599344
   0.79396973  0.81391714  0.39515676
   0.93991157  0.19114353  0.49844875
   0.03971000  0.19194000  0.09637000
   0.31349277  0.43950454  0.29626512
   0.12974877  0.06062762  0.39658600
   0.18060147  0.31520096  0.19501431
   0.24346582  0.18953493  0.49838938
   0.37304000  0.19194000  0.09637000
   0.64711768  0.43927114  0.29625543
   0.46151939  0.06365529  0.39977553
   0.51395146  0.31518101  0.19508517
   0.58693776  0.19402469  0.49780177
   0.70637000  0.19194000  0.09637000
   0.98090090  0.43958149  0.29565507
   0.79539933  0.06192814  0.39952512
   0.84724144  0.31497262  0.19490551
   0.03971000  0.69194000  0.09637000
   0.32116181  0.94076340  0.29704443
   0.11545933  0.56476492  0.39646526
   0.18108119  0.81590052  0.19563571
   0.25313153  0.70074178  0.49218759
   0.37304000  0.69194000  0.09637000
   0.65402522  0.94029119  0.29672500
   0.44748179  0.56461204  0.39710544
   0.51414131  0.81567107  0.19552503
   0.58765240  0.69852069  0.49236225
   0.70637000  0.69194000  0.09637000
   0.98694168  0.93924111  0.29517590
   0.84730072  0.81496165  0.19481608
   0.92031792  0.69677146  0.49236468
   0.78089607  0.56385622  0.39694616
   0.17325000  0.33256000  0.10893000
   0.24608121  0.20975301  0.41423041
   0.04465086  0.34438967  0.50274422
   0.31476103  0.45977111  0.21173742
   0.11965192  0.08518390  0.31303832
   0.23858000  0.04636000  0.07986000
   0.04750972  0.17043898  0.17979591
   0.31016962  0.42092800  0.38049608
   0.15103129  0.03356916  0.47901712
   0.18334711  0.29377834  0.27838605
   0.50654000  0.33260000  0.10901000
   0.58089927  0.21331142  0.41622924
   0.37813051  0.33560061  0.50963950
   0.64809018  0.45963176  0.21182732
   0.45317559  0.08673321  0.31602546
   0.57191000  0.04636000  0.07986000
   0.38104947  0.17053684  0.17986693
   0.64437492  0.42007669  0.38101615
   0.48507675  0.04306086  0.48636939
   0.51722886  0.29350868  0.27860548
   0.83980000  0.33255000  0.10889000
   0.90966899  0.21052470  0.41522090
   0.70727600  0.33640173  0.52158988
   0.98148790  0.45960076  0.21139611
   0.78607290  0.08582283  0.31503816
   0.90524000  0.04636000  0.07986000
   0.71431055  0.17028020  0.17978676
   0.97693554  0.42097688  0.37954707
   0.81777178  0.03922318  0.48442817
   0.84988929  0.29343943  0.27842695
   0.17338000  0.83273000  0.10943000
   0.26097684  0.70726570  0.40717518
   0.08401789  0.81872696  0.51041870
   0.31697972  0.96059027  0.21282668
   0.11667569  0.58385166  0.31218752
   0.23858000  0.54636000  0.07986000
   0.04662539  0.67111127  0.18019662
   0.32750131  0.91991209  0.38091347
   0.11505479  0.55760013  0.48351841
   0.18371055  0.79531015  0.27939560
   0.50662000  0.83273000  0.10932000
   0.59394736  0.70657824  0.40817512
   0.41811725  0.82335461  0.50960525
   0.64981288  0.96027105  0.21242741
   0.44962223  0.58376155  0.31280556
   0.57191000  0.54636000  0.07986000
   0.37996775  0.67102051  0.18009816
   0.65990457  0.91896206  0.38054250
   0.44825037  0.55444952  0.48454467
   0.51713851  0.79482370  0.27922570
   0.83987000  0.83253000  0.10888000
   0.74988459  0.82096128  0.51145416
   0.98311859  0.95953114  0.21131563
   0.78271856  0.58345883  0.31266916
   0.90524000  0.54636000  0.07986000
   0.71290986  0.67049089  0.17988657
   0.99264175  0.91733243  0.37828472
   0.77897435  0.55212337  0.48513474
   0.84965084  0.79382970  0.27825702
   0.92603605  0.70594946  0.40791532
   0.78570316  0.54117878  0.67075195
   0.07833128  0.15960544  0.58181622
   0.73912986  0.40946795  0.60313454
   0.79298045  0.54271468  0.72371985
   0.76458456  0.44261765  0.76105763
   0.68518130  0.45067760  0.79663314
   0.71726907  0.36660183  0.73552450
   0.87792677  0.43592840  0.78052096
   0.82603442  0.62572506  0.74498467
