   0.29057991  0.43176102  0.49198895
   0.17893902  0.06422987  0.18483478
   0.03971000  0.44194000  0.08602000
   0.31570256  0.18812842  0.28855839
   0.12967797  0.31188317  0.38943904
   0.51225688  0.06424705  0.18477486
   0.62136129  0.43049673  0.49132326
   0.37304000  0.44194000  0.08602000
   0.64915181  0.18811112  0.28836893
   0.46298401  0.31194123  0.38852807
   0.84556411  0.06417915  0.18483911
   0.96036567  0.42915416  0.49235148
   0.70637000  0.44194000  0.08602000
   0.98243491  0.18809482  0.28853840
   0.79639215  0.31202378  0.38894718
   0.18121718  0.56354890  0.18467397
   0.25085263  0.93971278  0.49367660
   0.03971000  0.94194000  0.08602000
   0.31640527  0.68831404  0.28800606
   0.11008996  0.81682666  0.39007873
   0.51459212  0.56362098  0.18476279
   0.58297695  0.93823107  0.49360753
   0.37304000  0.94194000  0.08602000
   0.64965706  0.68852111  0.28817021
   0.44336473  0.81692911  0.38970972
   0.84796013  0.56361772  0.18466743
   0.91659699  0.93944408  0.49359187
   0.70637000  0.94194000  0.08602000
   0.98333548  0.68857773  0.28807984
   0.77678082  0.81675365  0.38990948
   0.03971000  0.19194000  0.08602000
   0.32017398  0.43792848  0.28798181
   0.11541945  0.06244252  0.38948314
   0.17962036  0.31534032  0.18694263
   0.26157979  0.19448959  0.48456127
   0.37304000  0.19194000  0.08602000
   0.65382416  0.43858293  0.28840766
   0.44793217  0.06270502  0.38946581
   0.51307250  0.31563762  0.18712962
   0.59616925  0.19271634  0.48421468
   0.70637000  0.19194000  0.08602000
   0.98691567  0.43821144  0.28815599
   0.78090141  0.06195875  0.38914973
   0.84637243  0.31550810  0.18703642
   0.93017312  0.19079262  0.48354391
   0.03971000  0.69194000  0.08602000
   0.31142099  0.93965241  0.28772842
   0.12967889  0.55971504  0.38959951
   0.17902107  0.81543371  0.18670198
   0.26362251  0.69244602  0.48510169
   0.37304000  0.69194000  0.08602000
   0.64458562  0.93936329  0.28757119
   0.46208645  0.55959795  0.38968490
   0.51225937  0.81530064  0.18665717
   0.59721749  0.69337619  0.48503681
   0.70637000  0.69194000  0.08602000
   0.97812211  0.93949217  0.28780060
   0.84565249  0.81539070  0.18673465
   0.93165002  0.69554806  0.48654002
   0.79519020  0.56066789  0.39018973
   0.17417000  0.33753000  0.10253000
   0.26353722  0.20322022  0.39970596
   0.09178464  0.31786917  0.49463641
   0.31573968  0.46025793  0.20432323
   0.11557581  0.08273082  0.30510423
   0.23858000  0.04636000  0.06951000
   0.04526484  0.17049223  0.16975550
   0.32884241  0.41617649  0.37188845
   0.11903476  0.05103050  0.47720085
   0.18260043  0.29291133  0.27032490
   0.50750000  0.33753000  0.10253000
   0.59560208  0.20384460  0.40005952
   0.42232713  0.32110820  0.49959452
   0.64921004  0.46049918  0.20469011
   0.44909439  0.08294476  0.30503724
   0.57191000  0.04636000  0.06951000
   0.37874183  0.17079824  0.16985835
   0.66279588  0.41757696  0.37277843
   0.45288226  0.04986564  0.47717917
   0.51618989  0.29345424  0.27074124
   0.84083000  0.33753000  0.10253000
   0.92798916  0.20277332  0.39947478
   0.75521032  0.32114930  0.49798317
   0.98236412  0.46040277  0.20446029
   0.78205360  0.08265939  0.30480160
   0.90524000  0.04636000  0.06951000
   0.71201600  0.17068059  0.16983158
   0.99499751  0.41649976  0.37209113
   0.78479623  0.04933432  0.47698895
   0.84932302  0.29314386  0.27051138
   0.17417000  0.83753000  0.10253000
   0.24383019  0.71051597  0.40352467
   0.05037775  0.83445142  0.50367701
   0.31304582  0.96068017  0.20394892
   0.11769154  0.58441087  0.30619330
   0.23858000  0.54636000  0.06951000
   0.04725151  0.66979314  0.16963962
   0.30824418  0.92034332  0.37204843
   0.15712475  0.54002795  0.47499149
   0.18183273  0.79249002  0.26994043
   0.50750000  0.83753000  0.10253000
   0.57715537  0.71002247  0.40327434
   0.38208116  0.83203846  0.50350936
   0.64623720  0.96053453  0.20384790
   0.45105233  0.58408162  0.30611937
   0.57191000  0.54636000  0.06951000
   0.38052790  0.66969575  0.16961254
   0.64164204  0.91985446  0.37183037
   0.49015439  0.54104048  0.47613006
   0.51495441  0.79225097  0.26986096
   0.84083000  0.83753000  0.10253000
   0.71625921  0.83232566  0.50340880
   0.97967271  0.96059211  0.20402247
   0.78466691  0.58478814  0.30669314
   0.90524000  0.54636000  0.06951000
   0.71391645  0.66976580  0.16966111
   0.97509636  0.91994879  0.37216415
   0.82264766  0.54237158  0.47993763
   0.84840126  0.79238776  0.27001265
   0.91008407  0.70979594  0.40469435
   0.70789785  0.62741707  0.63310836
   0.05378742  0.45242744  0.63476672
   0.86549284  0.52898447  0.58556657
   0.65669757  0.62195876  0.68266870
   0.67527554  0.53764396  0.72682831
   0.55990426  0.50287790  0.74708747
   0.72840169  0.47149766  0.70895272
   0.75181187  0.58077463  0.76153270
   0.59168264  0.68631009  0.69563335
