   0.17774802  0.06420444  0.19539179
   0.28580013  0.43230400  0.50105887
   0.03971000  0.44194000  0.09637000
   0.31369260  0.18765999  0.29805941
   0.12844228  0.31108561  0.39952985
   0.51105615  0.06452101  0.19591136
   0.61917991  0.43305113  0.49925522
   0.37304000  0.44194000  0.09637000
   0.64777970  0.18840009  0.29958173
   0.46247470  0.31075021  0.39981606
   0.84427907  0.06437854  0.19560053
   0.95361449  0.43186428  0.50078892
   0.70637000  0.44194000  0.09637000
   0.98077102  0.18820887  0.29876878
   0.79345007  0.31195409  0.40144933
   0.18002237  0.56387468  0.19515522
   0.25011559  0.93915276  0.50365726
   0.03971000  0.94194000  0.09637000
   0.31506396  0.68835003  0.29878014
   0.10887465  0.81551896  0.39874704
   0.51341046  0.56390024  0.19518601
   0.58073150  0.94021497  0.50406864
   0.37304000  0.94194000  0.09637000
   0.64828413  0.68858375  0.29843538
   0.44180967  0.81645336  0.40060220
   0.84674680  0.56403700  0.19543088
   0.91277117  0.93788102  0.50502729
   0.70637000  0.94194000  0.09637000
   0.98151546  0.68862631  0.29868773
   0.77533179  0.81680448  0.39945404
   0.93133428  0.69299549  0.49574797
   0.03971000  0.19194000  0.09637000
   0.31879581  0.43785176  0.29797998
   0.11370196  0.06223043  0.40072653
   0.17912254  0.31495826  0.19625922
   0.26370225  0.19310403  0.49536490
   0.37304000  0.19194000  0.09637000
   0.65236342  0.43862849  0.29836331
   0.44837606  0.06251603  0.39857074
   0.51228055  0.31549053  0.19756164
   0.59428920  0.18867381  0.50199994
   0.70637000  0.19194000  0.09637000
   0.98613838  0.43766663  0.29843743
   0.78049027  0.06195880  0.39975382
   0.84506837  0.31541697  0.19758009
   0.92360736  0.19251467  0.49526031
   0.03971000  0.69194000  0.09637000
   0.30908531  0.93818187  0.29747621
   0.12707503  0.55874084  0.40001088
   0.17745675  0.81505488  0.19688259
   0.25931924  0.69275971  0.49645157
   0.37304000  0.69194000  0.09637000
   0.64319959  0.93915869  0.29816357
   0.46116736  0.55964728  0.40000166
   0.51125625  0.81548418  0.19716743
   0.59812050  0.69400816  0.49591638
   0.70637000  0.69194000  0.09637000
   0.97683744  0.93991823  0.29844510
   0.84462093  0.81567160  0.19728075
   0.79389417  0.56125483  0.39982381
   0.17310000  0.33301000  0.10976000
   0.26041115  0.20274630  0.41143747
   0.08312009  0.32075079  0.51048966
   0.31428107  0.45979734  0.21367316
   0.11373855  0.08322784  0.31591122
   0.23858000  0.04636000  0.07986000
   0.04414715  0.17063035  0.18004299
   0.32737846  0.41586387  0.38171695
   0.11859234  0.04710370  0.48850838
   0.18103633  0.29305673  0.27989143
   0.50750000  0.33753000  0.11288000
   0.59297978  0.20257430  0.41387239
   0.41638290  0.32625329  0.50566845
   0.64780947  0.46066133  0.21463426
   0.44708840  0.08221518  0.31357066
   0.57191000  0.04636000  0.07986000
   0.37747182  0.17083517  0.18009194
   0.66018724  0.41772278  0.38155438
   0.44748358  0.04417924  0.48329198
   0.51467281  0.29300689  0.28102513
   0.84083000  0.33753000  0.11288000
   0.92881891  0.20253138  0.41122007
   0.75577486  0.32767194  0.49812027
   0.98119431  0.46043555  0.21456778
   0.78055941  0.08280114  0.31536779
   0.90524000  0.04636000  0.07986000
   0.71082283  0.17072670  0.17998183
   0.99477496  0.41561695  0.38204297
   0.78630237  0.04652180  0.48583774
   0.84770423  0.29300033  0.28086731
   0.17417000  0.83753000  0.11288000
   0.24201364  0.70888636  0.41386217
   0.04487546  0.83150018  0.51980073
   0.31128172  0.95995080  0.21387584
   0.11614831  0.58423339  0.31649667
   0.23858000  0.54636000  0.07986000
   0.04567258  0.66989077  0.17984414
   0.30624473  0.91840316  0.38106616
   0.15242080  0.54130949  0.48848484
   0.17928763  0.79121180  0.27984410
   0.50750000  0.83753000  0.11288000
   0.57643577  0.71032679  0.41420761
   0.37833270  0.83224253  0.51420299
   0.64512870  0.96058667  0.21437270
   0.44964534  0.58410119  0.31632419
   0.57191000  0.54636000  0.07986000
   0.37927274  0.67002084  0.17993700
   0.64026260  0.91915464  0.38198230
   0.48727703  0.54368472  0.48668119
   0.51335554  0.79206802  0.28020139
   0.84083000  0.83753000  0.11288000
   0.71143122  0.83358087  0.51685657
   0.97854884  0.96081223  0.21448767
   0.78348738  0.58523545  0.31643563
   0.90524000  0.54636000  0.07986000
   0.71259539  0.67021613  0.18001530
   0.97440163  0.92002424  0.38272373
   0.82135741  0.54331344  0.48658309
   0.84707953  0.79288273  0.28046961
   0.90892786  0.71202718  0.41397506
   0.73762981  0.56824594  0.64738826
   0.59349757  0.17138724  0.59789377
   0.97342203  0.64978103  0.59833391
   0.68953154  0.53328579  0.69452467
   0.78874949  0.52886563  0.74647813
   0.75422996  0.44707235  0.76736382
   0.91438502  0.54819503  0.73558385
   0.76389097  0.59034646  0.77804875
   0.55844471  0.50219632  0.70039557
