   0.57753624  0.18898686  0.50552343
   0.03971000  0.19194000  0.09637000
   0.31794015  0.43732304  0.29795389
   0.11642862  0.06109076  0.40336008
   0.18011900  0.31485939  0.19636238
   0.27189353  0.19024976  0.50231152
   0.37304000  0.19194000  0.09637000
   0.65110848  0.43691102  0.29804854
   0.45306695  0.06319108  0.40100062
   0.51403788  0.31466604  0.19590361
   0.70637000  0.19194000  0.09637000
   0.98537584  0.43733607  0.29843990
   0.78251022  0.06252448  0.40129514
   0.84754478  0.31481466  0.19647548
   0.93001178  0.19143716  0.49675308
   0.03971000  0.69194000  0.09637000
   0.31413559  0.94219072  0.29799322
   0.12123282  0.56052219  0.40046812
   0.18003364  0.81503534  0.19652481
   0.25990481  0.69224602  0.49575977
   0.37304000  0.69194000  0.09637000
   0.64634555  0.94088800  0.29814634
   0.45590865  0.56209991  0.39903660
   0.51362864  0.81521372  0.19653408
   0.59279810  0.69917489  0.49505754
   0.70637000  0.69194000  0.09637000
   0.98115078  0.94131618  0.29850324
   0.84699749  0.81521006  0.19664223
   0.93053259  0.69345924  0.49455119
   0.79122784  0.55967919  0.39924981
   0.17928510  0.06455080  0.19500386
   0.26876918  0.43629486  0.49895057
   0.03971000  0.44194000  0.09637000
   0.31647399  0.18975794  0.29956672
   0.12538099  0.31226604  0.40243446
   0.51274986  0.06428543  0.19500684
   0.60247846  0.44230935  0.50103820
   0.37304000  0.44194000  0.09637000
   0.64922985  0.18900738  0.29818970
   0.45825537  0.31313420  0.40664031
   0.84611792  0.06432269  0.19497419
   0.93883172  0.43476654  0.50371226
   0.70637000  0.44194000  0.09637000
   0.98283298  0.18883098  0.29959792
   0.79024023  0.31173080  0.40235710
   0.18066580  0.56411631  0.19504593
   0.25788991  0.93505420  0.50659607
   0.03971000  0.94194000  0.09637000
   0.31534983  0.68861584  0.29822731
   0.11307415  0.81717663  0.39846669
   0.51385506  0.56366369  0.19460045
   0.59271474  0.93690446  0.50559052
   0.37304000  0.94194000  0.09637000
   0.64900775  0.68824330  0.29793939
   0.44554629  0.81704528  0.39894631
   0.84731155  0.56367508  0.19472061
   0.92463464  0.93721753  0.50705409
   0.70637000  0.94194000  0.09637000
   0.98209099  0.68784788  0.29818074
   0.77992672  0.81662507  0.39829792
   0.17280522  0.33303606  0.11017549
   0.25246581  0.20299848  0.41730265
   0.06932902  0.32563161  0.51120271
   0.31486200  0.46027417  0.21360353
   0.11715683  0.08538037  0.31808765
   0.23858000  0.04636000  0.07986000
   0.04505593  0.17077142  0.18010547
   0.32363138  0.41625837  0.38183375
   0.12471024  0.04299685  0.49092802
   0.18156755  0.29263183  0.27975084
   0.50628119  0.33312322  0.10988365
   0.59546537  0.20565108  0.42024197
   0.40633693  0.33703340  0.49977465
   0.64864285  0.46004927  0.21361729
   0.45108813  0.08662537  0.31790759
   0.57191000  0.04636000  0.07986000
   0.37862485  0.17053114  0.18002366
   0.65762556  0.41488601  0.38263356
   0.45963033  0.03668139  0.48326480
   0.51569434  0.29287144  0.27904571
   0.83972836  0.33309088  0.11010812
   0.92335501  0.20518395  0.41434040
   0.73469734  0.33479520  0.52129295
   0.98183395  0.46060011  0.21405822
   0.78209220  0.08497136  0.31687520
   0.90524000  0.04636000  0.07986000
   0.71184025  0.17072769  0.18009504
   0.99019788  0.41537297  0.38279278
   0.79495385  0.04730757  0.48874973
   0.84944785  0.29262502  0.27980460
   0.17283652  0.83302827  0.11012611
   0.24606654  0.71028943  0.41336454
   0.05628052  0.82846082  0.51460675
   0.31356724  0.96100979  0.21376778
   0.11610548  0.58362805  0.31671187
   0.23858000  0.54636000  0.07986000
   0.04582265  0.67016662  0.18016774
   0.31011526  0.92079507  0.38139753
   0.13679397  0.54339898  0.48717735
   0.18191369  0.79362624  0.28013147
   0.50635217  0.83315484  0.11015362
   0.58139532  0.71153854  0.41263590
   0.38981549  0.82682211  0.51602173
   0.64679174  0.96096479  0.21413230
   0.44950386  0.58390892  0.31539649
   0.57191000  0.54636000  0.07986000
   0.37945245  0.67034256  0.18008184
   0.64404242  0.91990189  0.38201700
   0.47035969  0.55105608  0.48518619
   0.51555173  0.79312783  0.28014497
   0.83959116  0.83315711  0.11012440
   0.72490495  0.83118490  0.51720372
   0.98037592  0.96104425  0.21426120
   0.78204749  0.58307875  0.31576767
   0.90524000  0.54636000  0.07986000
   0.71292863  0.67010664  0.18004607
   0.97733090  0.92034525  0.38238435
   0.80757073  0.54703954  0.48591291
   0.84880230  0.79329340  0.28040769
   0.91281270  0.70989270  0.41266904
   0.41567358  0.16095364  0.58672171
   0.76506783  0.45896730  0.60135466
