   0.58573196  0.94360421  0.49611458
   0.03971000  0.19194000  0.08602000
   0.31982951  0.44007456  0.28907176
   0.11585861  0.06114210  0.39060069
   0.17989357  0.31643644  0.18737256
   0.26224884  0.18952775  0.48596155
   0.37304000  0.19194000  0.08602000
   0.65166615  0.43788987  0.28652380
   0.45107294  0.06517140  0.39333979
   0.51251168  0.31520087  0.18664546
   0.59265449  0.19406150  0.49141337
   0.70637000  0.19194000  0.08602000
   0.98673855  0.43874099  0.28806792
   0.78217153  0.06247008  0.39169955
   0.84654193  0.31570371  0.18697289
   0.93047269  0.19199485  0.48652271
   0.03971000  0.69194000  0.08602000
   0.31356790  0.94088411  0.29018939
   0.12490260  0.56026527  0.39061211
   0.18005029  0.81659463  0.18753165
   0.25163540  0.68802691  0.48772809
   0.37304000  0.69194000  0.08602000
   0.64615670  0.93982181  0.28935400
   0.45802971  0.56211052  0.39209211
   0.51277555  0.81625510  0.18726892
   0.60377625  0.68879912  0.49027922
   0.70637000  0.69194000  0.08602000
   0.97868252  0.93918349  0.28886817
   0.84619389  0.81593811  0.18694768
   0.91568351  0.68803991  0.48701222
   0.79357566  0.55911615  0.38633163
   0.17934028  0.06470409  0.18567246
   0.27826821  0.42971990  0.49385533
   0.03971000  0.44194000  0.08602000
   0.31569895  0.18871104  0.28937465
   0.12753835  0.31226470  0.38908749
   0.51255289  0.06441126  0.18540851
   0.60612057  0.42616929  0.48873333
   0.37304000  0.44194000  0.08602000
   0.64863083  0.18816357  0.28867029
   0.46038299  0.31267015  0.38938957
   0.84603600  0.06460122  0.18531429
   0.94670451  0.42829922  0.49205122
   0.70637000  0.44194000  0.08602000
   0.98226236  0.18824619  0.28882504
   0.79332153  0.31172814  0.38765982
   0.18137022  0.56496466  0.18537902
   0.24438465  0.94102773  0.49609665
   0.03971000  0.94194000  0.08602000
   0.31700314  0.69010933  0.29002817
   0.11102402  0.81649344  0.39300451
   0.51434298  0.56446568  0.18475434
   0.37304000  0.94194000  0.08602000
   0.64995851  0.68950078  0.28872805
   0.44588102  0.81761226  0.39310645
   0.84786542  0.56451579  0.18485981
   0.91809096  0.93870044  0.49466506
   0.70637000  0.94194000  0.08602000
   0.98379978  0.68959151  0.28855257
   0.77706938  0.81535960  0.39365006
   0.17417000  0.33753000  0.10253000
   0.25947458  0.20477356  0.40247718
   0.07809734  0.32227464  0.50384044
   0.31559328  0.46177289  0.20551428
   0.11526829  0.08346337  0.30666069
   0.23858000  0.04636000  0.06951000
   0.04587739  0.17122810  0.17017187
   0.32665421  0.41715336  0.37292937
   0.11794585  0.04786346  0.47800025
   0.18258937  0.29380172  0.27113046
   0.50750000  0.33753000  0.10253000
   0.59581564  0.20884083  0.40677442
   0.40910123  0.32018317  0.50361359
   0.64828944  0.46051062  0.20362611
   0.44960945  0.08523688  0.30848036
   0.57191000  0.04636000  0.06951000
   0.37870631  0.17022824  0.16980412
   0.65988406  0.41446233  0.36954410
   0.45195245  0.05463543  0.47644701
   0.51538726  0.29242205  0.27000955
   0.84083000  0.33753000  0.10253000
   0.92657021  0.20593705  0.40337969
   0.74224479  0.32645805  0.51361237
   0.98225617  0.46102417  0.20464855
   0.78210671  0.08416322  0.30729662
   0.90524000  0.04636000  0.06951000
   0.71229687  0.17070935  0.16998179
   0.99347646  0.41612037  0.37214910
   0.78791915  0.05028078  0.47878938
   0.84934619  0.29306354  0.27062519
   0.17417000  0.83753000  0.10253000
   0.24593350  0.71028797  0.40490432
   0.04262343  0.82600880  0.50132011
   0.31384630  0.96181936  0.20600563
   0.11755795  0.58499995  0.30725729
   0.23858000  0.54636000  0.06951000
   0.04756250  0.67107049  0.17011209
   0.31043457  0.92069583  0.37513084
   0.14668630  0.54060393  0.47707690
   0.18305001  0.79401818  0.27126526
   0.50750000  0.83753000  0.10253000
   0.57691677  0.71009868  0.40980546
   0.38080069  0.82757296  0.49968688
   0.64692727  0.96145086  0.20539547
   0.45162918  0.58654319  0.30874102
   0.57191000  0.54636000  0.06951000
   0.38069147  0.67083886  0.16994475
   0.64359969  0.91916338  0.37395585
   0.48056336  0.53898274  0.47777908
   0.51558997  0.79350209  0.27091796
   0.84083000  0.83753000  0.10253000
   0.71702293  0.83101813  0.50247026
   0.98014374  0.96131187  0.20497588
   0.78402239  0.58456758  0.30405157
   0.90524000  0.54636000  0.06951000
   0.71389129  0.67052409  0.16973777
   0.97525879  0.91886030  0.37334881
   0.81065830  0.53339009  0.47183165
   0.84892907  0.79312866  0.27034023
   0.90981597  0.70750281  0.40540082
   0.41450202  0.93936866  0.59296872
   0.76128841  0.49005635  0.58315970
