   0.57908513  0.18805025  0.49952167
   0.03971000  0.19194000  0.09637000
   0.31413141  0.44011369  0.29642033
   0.12999169  0.06273099  0.40057322
   0.18066179  0.31533149  0.19533168
   0.27330225  0.19313096  0.49962611
   0.37304000  0.19194000  0.09637000
   0.64682485  0.44023486  0.29676582
   0.46435258  0.06216479  0.39766831
   0.51390161  0.31565827  0.19540286
   0.70637000  0.19194000  0.09637000
   0.98080894  0.43995361  0.29622370
   0.79556091  0.06161406  0.39861892
   0.84722817  0.31543465  0.19522848
   0.92989894  0.19556228  0.49373128
   0.03971000  0.69194000  0.09637000
   0.32055035  0.94011088  0.29621139
   0.11432663  0.56444370  0.39750331
   0.18049515  0.81570660  0.19539566
   0.25347082  0.69721592  0.49334366
   0.37304000  0.69194000  0.09637000
   0.65420486  0.93992095  0.29644918
   0.44785660  0.56563570  0.39753451
   0.51416155  0.81573775  0.19540052
   0.58374807  0.70253694  0.49349938
   0.70637000  0.69194000  0.09637000
   0.98797611  0.94079456  0.29751012
   0.84740949  0.81618821  0.19597588
   0.91998035  0.69824765  0.49363795
   0.78195391  0.56433273  0.39802733
   0.18162161  0.06427645  0.19423427
   0.24509548  0.44490442  0.49997054
   0.03971000  0.44194000  0.09637000
   0.31851950  0.19031380  0.29725056
   0.11372559  0.31800418  0.39924680
   0.51488554  0.06428870  0.19399154
   0.57984608  0.44774632  0.50163819
   0.37304000  0.44194000  0.09637000
   0.65186407  0.19007755  0.29648304
   0.44539746  0.31878078  0.40243506
   0.84841558  0.06443884  0.19422663
   0.91353135  0.44305672  0.50285473
   0.70637000  0.44194000  0.09637000
   0.98532279  0.18983195  0.29730476
   0.77843004  0.31725671  0.39885544
   0.18040592  0.56444867  0.19415434
   0.28625829  0.93224927  0.50122278
   0.03971000  0.94194000  0.09637000
   0.31600234  0.68962099  0.29645181
   0.12756104  0.81462401  0.39689713
   0.51370471  0.56455137  0.19433019
   0.61985957  0.93288272  0.49976203
   0.37304000  0.94194000  0.09637000
   0.64964388  0.68994693  0.29696161
   0.46057918  0.81413802  0.39614450
   0.84702727  0.56469747  0.19440766
   0.95356163  0.93447170  0.50111428
   0.70637000  0.94194000  0.09637000
   0.98283866  0.68976019  0.29676985
   0.79454717  0.81424916  0.39695546
   0.17301663  0.33288302  0.10905249
   0.24470073  0.21173752  0.41645538
   0.04439888  0.33685778  0.51325128
   0.31446578  0.46006782  0.21191891
   0.12030976  0.08641211  0.31602497
   0.23858000  0.04636000  0.07986000
   0.04727666  0.17064411  0.17978179
   0.31106459  0.42187736  0.38034829
   0.15350583  0.04162091  0.48609414
   0.18360644  0.29374857  0.27876143
   0.50640276  0.33300316  0.10922022
   0.58128483  0.21230771  0.41650152
   0.38130337  0.34469234  0.50501737
   0.64798881  0.46043444  0.21216716
   0.45355290  0.08637252  0.31422523
   0.57191000  0.04636000  0.07986000
   0.38049792  0.17069714  0.17987871
   0.64448106  0.42109592  0.38101882
   0.48532903  0.03497111  0.48019517
   0.51719813  0.29415904  0.27862286
   0.83973980  0.33295114  0.10908465
   0.91319348  0.21150644  0.41210678
   0.70936153  0.33737948  0.51661469
   0.98121950  0.46017518  0.21184881
   0.78601342  0.08568650  0.31454935
   0.90524000  0.04636000  0.07986000
   0.71381181  0.17070978  0.17981702
   0.97746728  0.42091972  0.38040965
   0.82015900  0.04348178  0.48512162
   0.85075719  0.29369632  0.27853202
   0.17316616  0.83300859  0.10908575
   0.25982823  0.70641580  0.40856568
   0.08392376  0.82205599  0.50956866
   0.31639543  0.96017492  0.21207606
   0.11590297  0.58434807  0.31293832
   0.23858000  0.54636000  0.07986000
   0.04641511  0.67113013  0.17987818
   0.32679980  0.91849883  0.37932658
   0.11335011  0.55316294  0.48514516
   0.18276636  0.79481382  0.27880009
   0.50658335  0.83296135  0.10913205
   0.59449014  0.70693788  0.40828500
   0.41885656  0.81986583  0.50960412
   0.64976236  0.96038074  0.21218382
   0.44954086  0.58463432  0.31284452
   0.57191000  0.54636000  0.07986000
   0.37990387  0.67110390  0.17991108
   0.66082729  0.91864065  0.38014369
   0.44698291  0.55753087  0.48496408
   0.51625250  0.79501097  0.27890978
   0.83990295  0.83313881  0.10959043
   0.75210329  0.82400522  0.50941052
   0.98321938  0.96083853  0.21299252
   0.78290966  0.58451040  0.31342797
   0.90524000  0.54636000  0.07986000
   0.71317639  0.67144119  0.18013238
   0.99358323  0.91959635  0.38132047
   0.78330348  0.55192788  0.48584095
   0.84999679  0.79546731  0.27961737
   0.92711392  0.70622555  0.40926403
   0.41789275  0.15552027  0.58679561
   0.69099956  0.29998198  0.61165573
