   0.27454391  0.43520684  0.49285542
   0.03971000  0.19194000  0.08602000
   0.31712645  0.43994751  0.28940846
   0.12121384  0.06052713  0.39073726
   0.17899113  0.31628260  0.18770599
   0.26355875  0.19538603  0.48517274
   0.37304000  0.19194000  0.08602000
   0.64940516  0.43791686  0.28651327
   0.45441363  0.06223735  0.39108405
   0.51151748  0.31392714  0.18674080
   0.59813929  0.19408128  0.48566981
   0.70637000  0.19194000  0.08602000
   0.98306055  0.43952738  0.28869679
   0.78720696  0.06149993  0.39024473
   0.84555885  0.31545693  0.18727426
   0.93133971  0.19299064  0.48442065
   0.03971000  0.69194000  0.08602000
   0.31413274  0.93934773  0.28939744
   0.12041749  0.56119421  0.39129821
   0.17908583  0.81585033  0.18737759
   0.26495831  0.69191556  0.48669098
   0.37304000  0.69194000  0.08602000
   0.64850660  0.93860577  0.28875210
   0.46012793  0.56158539  0.39169747
   0.51139451  0.81575659  0.18725412
   0.59921787  0.69399332  0.48735292
   0.70637000  0.69194000  0.08602000
   0.98136558  0.93924150  0.28896781
   0.84521223  0.81619201  0.18712575
   0.93131028  0.69440204  0.49256959
   0.78811592  0.56398459  0.38532356
   0.17927755  0.06456144  0.18559982
   0.03971000  0.44194000  0.08602000
   0.31586919  0.18862830  0.29001318
   0.12263925  0.31432894  0.39012457
   0.51230582  0.06381948  0.18537263
   0.61051709  0.43631358  0.49981780
   0.37304000  0.44194000  0.08602000
   0.64911324  0.18793066  0.28880472
   0.45748894  0.31709760  0.39165278
   0.84607975  0.06468480  0.18548409
   0.94277696  0.43363858  0.49987964
   0.70637000  0.44194000  0.08602000
   0.98265495  0.18860108  0.28933469
   0.78948097  0.31654959  0.39022093
   0.17964243  0.56457472  0.18598074
   0.26652010  0.93849862  0.49419975
   0.03971000  0.94194000  0.08602000
   0.31540719  0.68930849  0.29002783
   0.11455206  0.81358025  0.39331563
   0.51244833  0.56370370  0.18472964
   0.59895540  0.93683386  0.49437642
   0.37304000  0.94194000  0.08602000
   0.64818321  0.68895193  0.28719100
   0.44982038  0.81633516  0.39159713
   0.84573081  0.56441961  0.18620899
   0.93219607  0.93872185  0.49373313
   0.70637000  0.94194000  0.08602000
   0.98268978  0.68946374  0.28734262
   0.78351144  0.81364306  0.39184656
   0.17417000  0.33753000  0.10253000
   0.25657742  0.20666508  0.40190517
   0.07521300  0.32472230  0.50229360
   0.31366794  0.46121076  0.20510384
   0.11599888  0.08357091  0.30674444
   0.23858000  0.04636000  0.06951000
   0.04569962  0.17111605  0.16975613
   0.32151435  0.41971061  0.37345822
   0.13332491  0.04820935  0.47776860
   0.18270723  0.29337993  0.27121088
   0.50750000  0.33753000  0.10253000
   0.58976252  0.20829297  0.40294138
   0.40971580  0.32779855  0.49913255
   0.64548366  0.45879558  0.20262585
   0.44969603  0.08385381  0.30686954
   0.57191000  0.04636000  0.06951000
   0.37850692  0.16944449  0.16929275
   0.65653399  0.42009791  0.37082393
   0.46802292  0.04702778  0.47829438
   0.51509298  0.29178713  0.27003500
   0.84083000  0.33753000  0.10253000
   0.92159196  0.20722765  0.40179918
   0.74060017  0.32616701  0.50287057
   0.98054440  0.46050037  0.20456133
   0.78311679  0.08338224  0.30611899
   0.90524000  0.04636000  0.06951000
   0.71160986  0.17028070  0.16953961
   0.98862558  0.41807770  0.37250007
   0.79878022  0.04724103  0.47758725
   0.84884400  0.29279000  0.27054099
   0.17417000  0.83753000  0.10253000
   0.25021611  0.70784498  0.40422365
   0.06660336  0.83340760  0.50049270
   0.31349712  0.96082154  0.20500910
   0.11548477  0.58510760  0.30682206
   0.23858000  0.54636000  0.06951000
   0.04598622  0.67054602  0.16977855
   0.31420636  0.91939033  0.37370419
   0.13968846  0.54348931  0.47773010
   0.18188144  0.79351437  0.27069206
   0.50750000  0.83753000  0.10253000
   0.58261773  0.70961558  0.40493231
   0.39747778  0.82971159  0.50229997
   0.64712662  0.96079242  0.20452931
   0.45007750  0.58525721  0.30733712
   0.57191000  0.54636000  0.06951000
   0.37902065  0.67037384  0.16962066
   0.64947572  0.91880817  0.37290063
   0.47945985  0.54440927  0.47904907
   0.51356880  0.79355055  0.27050358
   0.84083000  0.83753000  0.10253000
   0.73175547  0.83055498  0.50374315
   0.98019911  0.96139573  0.20473054
   0.78348833  0.58421551  0.29778519
   0.90524000  0.54636000  0.06951000
   0.71197430  0.67049788  0.16946149
   0.98160847  0.91708236  0.37316459
   0.81204629  0.54855974  0.50916015
   0.84772010  0.79465157  0.27037005
   0.91220176  0.70340304  0.40918863
   0.05029300  0.57066425  0.67687878
   0.91113361  0.56434296  0.59381487
