   0.60837759  0.43499141  0.49799922
   0.03971000  0.19194000  0.08602000
   0.31612306  0.43933446  0.28903373
   0.11970237  0.05999385  0.39015270
   0.17836863  0.31583649  0.18750794
   0.26547210  0.19404833  0.48397103
   0.37304000  0.19194000  0.08602000
   0.64971672  0.43767810  0.28633350
   0.45211003  0.06200258  0.39067023
   0.51102676  0.31403231  0.18677296
   0.59774447  0.19330303  0.48513868
   0.70637000  0.19194000  0.08602000
   0.98237486  0.43948282  0.28906764
   0.78592584  0.06187589  0.39028262
   0.84548933  0.31550604  0.18742866
   0.93016274  0.19387068  0.48489479
   0.03971000  0.69194000  0.08602000
   0.31260216  0.93889129  0.28916649
   0.11941886  0.56142156  0.39166922
   0.17890128  0.81568558  0.18730467
   0.26412300  0.69306851  0.48619373
   0.37304000  0.69194000  0.08602000
   0.64708383  0.93885585  0.28874198
   0.45917880  0.56087820  0.39093879
   0.51066738  0.81571965  0.18732080
   0.59833732  0.69264804  0.48639739
   0.70637000  0.69194000  0.08602000
   0.97990843  0.93852857  0.28866286
   0.84464773  0.81580536  0.18692102
   0.92732466  0.69406275  0.49355694
   0.78644281  0.56347251  0.38536258
   0.17884763  0.06409199  0.18541858
   0.27448435  0.43512514  0.49336745
   0.03971000  0.44194000  0.08602000
   0.31427432  0.18796940  0.28940070
   0.12276198  0.31445640  0.39014458
   0.51233044  0.06400808  0.18551338
   0.37304000  0.44194000  0.08602000
   0.64771459  0.18820421  0.28922838
   0.45730577  0.31602782  0.38991734
   0.84572946  0.06440466  0.18538093
   0.94551122  0.43510490  0.50109697
   0.70637000  0.44194000  0.08602000
   0.98141165  0.18843968  0.28914692
   0.78969396  0.31660046  0.39110362
   0.17860811  0.56425389  0.18553811
   0.26409024  0.93827974  0.49387029
   0.03971000  0.94194000  0.08602000
   0.31422510  0.68884925  0.28976989
   0.11167933  0.81266075  0.39327689
   0.51173346  0.56334240  0.18457630
   0.59678522  0.93688173  0.49375385
   0.37304000  0.94194000  0.08602000
   0.64713860  0.68863021  0.28706550
   0.44776659  0.81668989  0.39140412
   0.84521727  0.56428168  0.18641487
   0.92991666  0.93807171  0.49356984
   0.70637000  0.94194000  0.08602000
   0.98182495  0.68928284  0.28701352
   0.78085687  0.81361363  0.39236201
   0.17417000  0.33753000  0.10253000
   0.25682182  0.20606973  0.40097408
   0.07491831  0.32581470  0.50065033
   0.31270555  0.46110560  0.20507745
   0.11440203  0.08272597  0.30624175
   0.23858000  0.04636000  0.06951000
   0.04552145  0.17058761  0.16970574
   0.32126613  0.41902575  0.37299896
   0.13142264  0.04839556  0.47713436
   0.18108030  0.29279653  0.27086742
   0.50750000  0.33753000  0.10253000
   0.58920781  0.20772064  0.40222883
   0.40659180  0.32689914  0.50145124
   0.64529565  0.45873083  0.20272375
   0.44810864  0.08311784  0.30655602
   0.57191000  0.04636000  0.06951000
   0.37812398  0.16962332  0.16944531
   0.65598950  0.41956132  0.37032103
   0.46505020  0.04739027  0.47775169
   0.51352948  0.29162933  0.26998119
   0.84083000  0.33753000  0.10253000
   0.92216646  0.20691314  0.40214389
   0.74200038  0.32619826  0.49966353
   0.98021690  0.46068131  0.20507281
   0.78189778  0.08378574  0.30602425
   0.90524000  0.04636000  0.06951000
   0.71175341  0.17025399  0.16963420
   0.98835883  0.41815102  0.37272248
   0.79704526  0.04735926  0.47754621
   0.84746196  0.29305523  0.27067292
   0.17417000  0.83753000  0.10253000
   0.24863257  0.70808376  0.40409868
   0.06397719  0.83234032  0.50179476
   0.31332244  0.96075280  0.20485290
   0.11423149  0.58535142  0.30726110
   0.23858000  0.54636000  0.06951000
   0.04503965  0.67052448  0.16976481
   0.31102000  0.91907244  0.37348690
   0.14144145  0.54471674  0.47876741
   0.18071623  0.79332239  0.27048920
   0.50750000  0.83753000  0.10253000
   0.58027345  0.70957451  0.40418989
   0.39568043  0.83016033  0.50191932
   0.64677525  0.96055874  0.20461546
   0.44894062  0.58476786  0.30693062
   0.57191000  0.54636000  0.06951000
   0.37826334  0.67028754  0.16953564
   0.64787067  0.91926702  0.37295088
   0.47744394  0.54436000  0.47787994
   0.51296787  0.79319862  0.27050177
   0.84083000  0.83753000  0.10253000
   0.72977058  0.83008664  0.50269731
   0.98001841  0.96091985  0.20435123
   0.78265696  0.58446615  0.29795236
   0.90524000  0.54636000  0.06951000
   0.71142041  0.67011175  0.16943499
   0.97932445  0.91596140  0.37308665
   0.81245590  0.54743891  0.51044221
   0.84715588  0.79416107  0.26994717
   0.90918447  0.70272405  0.41015711
   0.78721042  0.48627389  0.69758879
   0.80134118  0.52268341  0.60159717
