   0.93580974  0.93624139  0.50153527
   0.03971000  0.19194000  0.08602000
   0.31554539  0.43844402  0.28824187
   0.11942087  0.06104711  0.38805634
   0.17864170  0.31459975  0.18719131
   0.26190650  0.19044325  0.48450039
   0.37304000  0.19194000  0.08602000
   0.64827389  0.43643921  0.28793330
   0.45246363  0.06097564  0.39366879
   0.51133236  0.31436311  0.18724655
   0.59887284  0.19103357  0.49039312
   0.70637000  0.19194000  0.08602000
   0.98161661  0.43812966  0.28889142
   0.78533966  0.05882130  0.39271485
   0.84522856  0.31502462  0.18736730
   0.93918798  0.18437015  0.48642593
   0.03971000  0.69194000  0.08602000
   0.31393872  0.93902681  0.28967592
   0.12119807  0.56214318  0.39012460
   0.17844876  0.81547708  0.18756893
   0.25400981  0.69786799  0.48610663
   0.37304000  0.69194000  0.08602000
   0.64632733  0.93860584  0.28914408
   0.45125737  0.56350190  0.38982105
   0.51190519  0.81564495  0.18710929
   0.59138302  0.69611755  0.48481545
   0.70637000  0.69194000  0.08602000
   0.97919709  0.93772062  0.28827787
   0.84590464  0.81445204  0.18713231
   0.91972826  0.69446910  0.48273952
   0.78497047  0.55907014  0.38946022
   0.17821293  0.06331729  0.18549642
   0.26640235  0.43586022  0.49212389
   0.03971000  0.44194000  0.08602000
   0.31529615  0.18727031  0.28966677
   0.12001828  0.31431512  0.39080585
   0.51194426  0.06416610  0.18556444
   0.59605332  0.43835550  0.49334162
   0.37304000  0.44194000  0.08602000
   0.64775341  0.18655154  0.28944620
   0.45353418  0.31552236  0.39198274
   0.84512023  0.06382930  0.18535037
   0.93734496  0.43551761  0.49047022
   0.70637000  0.44194000  0.08602000
   0.98094834  0.18710856  0.28885133
   0.78642356  0.31119752  0.38974877
   0.17987259  0.56335735  0.18524297
   0.26257585  0.94234698  0.50354688
   0.03971000  0.94194000  0.08602000
   0.31464624  0.68881150  0.28903839
   0.11546483  0.81782749  0.39355133
   0.51318483  0.56333741  0.18533760
   0.59551800  0.93423107  0.49777893
   0.37304000  0.94194000  0.08602000
   0.64770111  0.68734750  0.28830315
   0.44743949  0.81660977  0.39065350
   0.84646841  0.56334980  0.18613800
   0.70637000  0.94194000  0.08602000
   0.98103481  0.68781426  0.28930192
   0.78184228  0.81536036  0.38865935
   0.17417000  0.33753000  0.10253000
   0.25495375  0.20853065  0.40058849
   0.06612847  0.32713318  0.49948945
   0.31399681  0.45963014  0.20424191
   0.11484116  0.08278640  0.30432295
   0.23858000  0.04636000  0.06951000
   0.04504047  0.16968764  0.16925603
   0.31830745  0.41947978  0.37220562
   0.12952889  0.04896071  0.46997603
   0.18134777  0.29197989  0.27023142
   0.50750000  0.33753000  0.10253000
   0.58788263  0.20747521  0.40776327
   0.39896854  0.32869360  0.49957676
   0.64649745  0.45922492  0.20433203
   0.44965430  0.08357755  0.30862343
   0.57191000  0.04636000  0.06951000
   0.37783331  0.16978074  0.16935192
   0.65361808  0.41468448  0.37178760
   0.46655808  0.04722032  0.48095115
   0.51462587  0.29068374  0.27037678
   0.84083000  0.33753000  0.10253000
   0.91875823  0.20567682  0.40417435
   0.73120605  0.33166939  0.51041511
   0.98062680  0.45965180  0.20497462
   0.78117402  0.08320834  0.30749135
   0.90524000  0.04636000  0.06951000
   0.71170315  0.17033981  0.16951487
   0.98423746  0.41779180  0.37305083
   0.79775621  0.04291914  0.48002854
   0.84729323  0.29176523  0.27064578
   0.17417000  0.83753000  0.10253000
   0.24936193  0.70886064  0.40290584
   0.06727761  0.82444250  0.49099745
   0.31327124  0.96087458  0.20534254
   0.11532249  0.58332915  0.30624750
   0.23858000  0.54636000  0.06951000
   0.04616146  0.66970243  0.16960061
   0.31423185  0.91980835  0.37330700
   0.13540177  0.54590574  0.47619071
   0.18056540  0.79236519  0.27040944
   0.50750000  0.83753000  0.10253000
   0.58116963  0.70928701  0.40219227
   0.39282770  0.82939326  0.50638468
   0.64621196  0.96102476  0.20480599
   0.44808984  0.58389445  0.30556906
   0.57191000  0.54636000  0.06951000
   0.38009731  0.66955178  0.16929492
   0.64664159  0.91896866  0.37321519
   0.46617984  0.54715359  0.47628699
   0.51427172  0.79241973  0.26985632
   0.84083000  0.83753000  0.10253000
   0.72769424  0.82521375  0.50842120
   0.97880317  0.96001189  0.20453523
   0.78073583  0.58145663  0.30499556
   0.90524000  0.54636000  0.06951000
   0.71326043  0.66916435  0.16950185
   0.97995805  0.91818858  0.37122519
   0.79909100  0.54437433  0.47740195
   0.84655949  0.79120355  0.27007899
   0.91002352  0.70594062  0.40028590
   0.11160197  0.00429601  0.59220294
   0.78842370  0.44226860  0.59131427
