   0.27730688  0.43375195  0.49722891
   0.03971000  0.19194000  0.08602000
   0.31994400  0.44015400  0.28937405
   0.11598623  0.06154831  0.39080508
   0.17989866  0.31644061  0.18759821
   0.25959647  0.19065174  0.48620688
   0.37304000  0.19194000  0.08602000
   0.65181740  0.43782314  0.28645962
   0.45032087  0.06482643  0.39319165
   0.51241759  0.31511361  0.18678203
   0.59166746  0.19465538  0.49050309
   0.70637000  0.19194000  0.08602000
   0.98663841  0.43881639  0.28847268
   0.78205707  0.06236488  0.39126392
   0.84660968  0.31576695  0.18719321
   0.92432974  0.18578645  0.48565027
   0.03971000  0.69194000  0.08602000
   0.31342590  0.94088453  0.29039007
   0.12631177  0.56104383  0.38918404
   0.18013139  0.81664272  0.18775304
   0.25791946  0.69303935  0.48678068
   0.37304000  0.69194000  0.08602000
   0.64618922  0.93978347  0.28961419
   0.45792790  0.56119342  0.39225345
   0.51282535  0.81624902  0.18754458
   0.59294192  0.69063369  0.48794686
   0.70637000  0.69194000  0.08602000
   0.97889562  0.93940788  0.28915159
   0.84628495  0.81602022  0.18722352
   0.92465407  0.68843050  0.48522314
   0.79285454  0.55910045  0.38794658
   0.17918608  0.06455384  0.18573721
   0.03971000  0.44194000  0.08602000
   0.31538343  0.18849883  0.28952170
   0.12711156  0.31190647  0.38998521
   0.51253715  0.06427600  0.18546493
   0.60802854  0.42750685  0.49038396
   0.37304000  0.44194000  0.08602000
   0.64887427  0.18803479  0.28871216
   0.45960753  0.31246508  0.39000078
   0.84597019  0.06443923  0.18539689
   0.95054145  0.42899854  0.49432500
   0.70637000  0.44194000  0.08602000
   0.98228490  0.18811202  0.28900692
   0.79405599  0.31112364  0.38806936
   0.18122173  0.56482334  0.18549764
   0.24697036  0.93668634  0.49541273
   0.03971000  0.94194000  0.08602000
   0.31679222  0.69000238  0.29006694
   0.11082446  0.81646160  0.39229173
   0.51417240  0.56437019  0.18480706
   0.58330162  0.93668645  0.49566978
   0.37304000  0.94194000  0.08602000
   0.64972000  0.68948959  0.28852118
   0.44572269  0.81792021  0.39349964
   0.84793197  0.56443239  0.18507870
   0.91549789  0.93573056  0.49452242
   0.70637000  0.94194000  0.08602000
   0.98385028  0.68943229  0.28830641
   0.77709528  0.81621165  0.39277964
   0.17417000  0.33753000  0.10253000
   0.26053055  0.20380292  0.40152438
   0.08217852  0.31536884  0.49283715
   0.31561228  0.46176724  0.20530013
   0.11525520  0.08337874  0.30634270
   0.23858000  0.04636000  0.06951000
   0.04577691  0.17119064  0.17003242
   0.32692839  0.41724317  0.37242631
   0.11912732  0.04613110  0.47826449
   0.18265429  0.29371266  0.27084951
   0.50750000  0.33753000  0.10253000
   0.59488591  0.20741556  0.40683559
   0.41097877  0.32101055  0.50194773
   0.64803061  0.46034132  0.20331282
   0.44993175  0.08517763  0.30843209
   0.57191000  0.04636000  0.06951000
   0.37868381  0.17027481  0.16965588
   0.66069271  0.41471499  0.36925638
   0.45270838  0.05184425  0.48081030
   0.51532432  0.29222015  0.26971455
   0.84083000  0.33753000  0.10253000
   0.92366167  0.20349716  0.40237609
   0.74150981  0.32560434  0.51062703
   0.98224225  0.46097638  0.20444347
   0.78179879  0.08399986  0.30696596
   0.90524000  0.04636000  0.06951000
   0.71218935  0.17063622  0.16982012
   0.99196274  0.41592263  0.37141754
   0.78188573  0.04525026  0.47914208
   0.84919164  0.29293720  0.27031126
   0.17417000  0.83753000  0.10253000
   0.24674301  0.71164406  0.40450409
   0.04605047  0.82886594  0.50275596
   0.31390579  0.96182652  0.20579997
   0.11717632  0.58517371  0.30682046
   0.23858000  0.54636000  0.06951000
   0.04741833  0.67107272  0.16994858
   0.31052959  0.92200328  0.37471719
   0.14428915  0.54059644  0.47216022
   0.18275880  0.79410327  0.27114231
   0.50750000  0.83753000  0.10253000
   0.57673540  0.71015283  0.40704513
   0.38015173  0.83233881  0.50515097
   0.64678545  0.96143414  0.20514215
   0.45133166  0.58649207  0.30852157
   0.57191000  0.54636000  0.06951000
   0.38066638  0.67081991  0.16981704
   0.64384626  0.91961388  0.37390729
   0.48311632  0.53924330  0.47763940
   0.51552401  0.79349847  0.27078723
   0.84083000  0.83753000  0.10253000
   0.71646620  0.83079314  0.50476318
   0.98010267  0.96129228  0.20473847
   0.78387244  0.58411225  0.30335887
   0.90524000  0.54636000  0.06951000
   0.71377861  0.67053403  0.16960482
   0.97594555  0.91918166  0.37324135
   0.80889946  0.53924027  0.47523194
   0.84892138  0.79329261  0.27024749
   0.90809080  0.70838474  0.40390735
   0.10377365  0.44506611  0.60152085
   0.77638258  0.48795011  0.58608603
