   0.94138582  0.93424314  0.49273251
   0.03971000  0.19194000  0.08602000
   0.31276884  0.43899193  0.28678506
   0.12460149  0.06249136  0.39050005
   0.17982426  0.31477026  0.18510669
   0.26136799  0.19519809  0.48648287
   0.37304000  0.19194000  0.08602000
   0.64773309  0.43948315  0.28719928
   0.45813980  0.06195412  0.38922556
   0.51283230  0.31540222  0.18656645
   0.58941509  0.19304096  0.48671251
   0.70637000  0.19194000  0.08602000
   0.98089309  0.43953589  0.28809882
   0.79137675  0.06295787  0.39184902
   0.84625738  0.31563771  0.18684731
   0.92791663  0.18667168  0.49367519
   0.03971000  0.69194000  0.08602000
   0.31760493  0.93876651  0.28714589
   0.11494068  0.56300841  0.38961404
   0.17967542  0.81491320  0.18564713
   0.25157257  0.69770939  0.48475531
   0.37304000  0.69194000  0.08602000
   0.65197593  0.94111616  0.28870560
   0.44587992  0.56350471  0.38839156
   0.51321055  0.81640980  0.18714475
   0.58768614  0.69628501  0.48318767
   0.70637000  0.69194000  0.08602000
   0.98478064  0.94035917  0.28829509
   0.84632873  0.81589835  0.18712346
   0.91819355  0.69781592  0.48511313
   0.78078376  0.56438008  0.38920527
   0.18057169  0.06352618  0.18425529
   0.24561300  0.44112521  0.49414643
   0.03971000  0.44194000  0.08602000
   0.31669370  0.18870516  0.28748636
   0.11227222  0.31681601  0.39268673
   0.51433785  0.06430618  0.18477708
   0.57364082  0.44516375  0.49350335
   0.37304000  0.44194000  0.08602000
   0.65023473  0.18966862  0.28917090
   0.44725883  0.31725444  0.38855284
   0.84741634  0.06396481  0.18452128
   0.91349326  0.44457442  0.49211890
   0.70637000  0.44194000  0.08602000
   0.98399115  0.18961692  0.28820401
   0.78114033  0.31565637  0.39023406
   0.17958780  0.56408196  0.18440288
   0.27595920  0.93471877  0.49212700
   0.03971000  0.94194000  0.08602000
   0.31548368  0.68881864  0.28774289
   0.12288952  0.81479211  0.38843032
   0.51310022  0.56434464  0.18440201
   0.60636077  0.93297466  0.49286550
   0.37304000  0.94194000  0.08602000
   0.64888581  0.68919720  0.28795438
   0.45589096  0.81481923  0.38820602
   0.84629866  0.56420564  0.18486350
   0.70637000  0.94194000  0.08602000
   0.98239557  0.68895882  0.28796868
   0.78941996  0.81528207  0.38818609
   0.17319540  0.33239848  0.09885373
   0.24815296  0.21108684  0.40441914
   0.04312690  0.33823861  0.50254702
   0.31363428  0.45997546  0.20256458
   0.11799111  0.08573795  0.30653059
   0.23858000  0.04636000  0.06951000
   0.04687167  0.16985457  0.16953799
   0.31060788  0.41984497  0.37108466
   0.14404151  0.04360763  0.47646506
   0.18255898  0.29266333  0.26863549
   0.50750000  0.33753000  0.10253000
   0.58086905  0.21088965  0.40048350
   0.37711365  0.33577586  0.50527374
   0.64709329  0.46077002  0.20373769
   0.45051889  0.08382746  0.30505688
   0.57191000  0.04636000  0.06951000
   0.38013028  0.17005532  0.16985346
   0.64766435  0.42046689  0.37105929
   0.47552580  0.04211860  0.47483885
   0.51576805  0.29318460  0.26972659
   0.84083000  0.33753000  0.10253000
   0.91363966  0.21035806  0.41006234
   0.70671153  0.34267178  0.50628095
   0.98090924  0.46081294  0.20416656
   0.78578017  0.08663770  0.30804938
   0.90524000  0.04636000  0.06951000
   0.71375573  0.17037681  0.16983499
   0.97845694  0.41938447  0.37234810
   0.80644524  0.03799432  0.47542890
   0.84940716  0.29333314  0.27016884
   0.17316579  0.83246009  0.09924087
   0.25585506  0.70708260  0.40124167
   0.07387304  0.82540133  0.50086182
   0.31501397  0.95967048  0.20305517
   0.11566995  0.58411743  0.30559874
   0.23858000  0.54636000  0.06951000
   0.04582254  0.67037261  0.16987551
   0.32177536  0.91850234  0.37121301
   0.11640784  0.55158399  0.47684239
   0.18225168  0.79326879  0.26950131
   0.50750000  0.83753000  0.10253000
   0.58892179  0.70693132  0.39993498
   0.40565669  0.82471744  0.50172439
   0.64894942  0.96154234  0.20507723
   0.44854973  0.58368381  0.30427004
   0.57191000  0.54636000  0.06951000
   0.37963433  0.67110966  0.17020418
   0.65513466  0.91939865  0.37209792
   0.44643978  0.55288359  0.47571143
   0.51585084  0.79468375  0.27062450
   0.84083000  0.83753000  0.10253000
   0.73987354  0.82322000  0.50313867
   0.98193641  0.96083875  0.20446926
   0.78242323  0.58416825  0.30461012
   0.90524000  0.54636000  0.06951000
   0.71286481  0.67090346  0.17004078
   0.98883046  0.91944068  0.37203428
   0.78072213  0.55263455  0.47698004
   0.84914912  0.79435407  0.27069248
   0.92141909  0.70786176  0.40137845
   0.93061958  0.13580641  0.59648283
   0.75846758  0.25998866  0.58322454
