   0.94041023  0.18639673  0.49792763
   0.03971000  0.19194000  0.09637000
   0.31069658  0.44098972  0.29869118
   0.13015386  0.06150160  0.40070384
   0.17869068  0.31642716  0.19728937
   0.25807835  0.19502303  0.49811621
   0.37304000  0.19194000  0.09637000
   0.64451720  0.44115086  0.29885567
   0.46345999  0.06317161  0.40154789
   0.51194278  0.31662395  0.19735198
   0.59252338  0.19428963  0.49882577
   0.70637000  0.19194000  0.09637000
   0.97762348  0.44116696  0.29795533
   0.79651940  0.06092583  0.39973349
   0.84533718  0.31628486  0.19710363
   0.03971000  0.69194000  0.09637000
   0.32009850  0.94110775  0.29918545
   0.11241900  0.56581043  0.39940666
   0.17887834  0.81703956  0.19767466
   0.25481811  0.70109881  0.49512020
   0.37304000  0.69194000  0.09637000
   0.65332654  0.93984057  0.29801215
   0.44525842  0.56549891  0.40023182
   0.51197894  0.81638648  0.19729021
   0.58862496  0.69777802  0.49577127
   0.70637000  0.69194000  0.09637000
   0.98679580  0.94011035  0.29863665
   0.84544141  0.81662206  0.19746184
   0.92046776  0.69783085  0.49643144
   0.77823603  0.56510458  0.40074622
   0.18054666  0.06515887  0.19549967
   0.24387414  0.44546442  0.50360185
   0.03971000  0.44194000  0.09637000
   0.31656967  0.19072784  0.29929842
   0.10867286  0.31933963  0.40253452
   0.51371838  0.06484016  0.19510248
   0.57091090  0.44562591  0.50782533
   0.37304000  0.44194000  0.09637000
   0.64984249  0.19018573  0.29846417
   0.44298742  0.31952107  0.40200187
   0.84719246  0.06492716  0.19527669
   0.90996850  0.44669439  0.50136311
   0.70637000  0.44194000  0.09637000
   0.98326641  0.19039372  0.29897926
   0.77784596  0.31788857  0.40041394
   0.17819917  0.56530079  0.19538892
   0.29066168  0.93350015  0.50265761
   0.03971000  0.94194000  0.09637000
   0.31417914  0.69010093  0.29879339
   0.12914062  0.81372472  0.39875844
   0.51148024  0.56520399  0.19554495
   0.62465466  0.93210382  0.50203823
   0.37304000  0.94194000  0.09637000
   0.64741415  0.68981794  0.29895140
   0.46283027  0.81421357  0.39830133
   0.84485655  0.56532421  0.19535601
   0.95747397  0.93176994  0.50264689
   0.70637000  0.94194000  0.09637000
   0.98069361  0.69001663  0.29887942
   0.79591803  0.81330778  0.39872990
   0.17417000  0.33753000  0.11288000
   0.24394067  0.21250625  0.41624145
   0.04328771  0.34157208  0.50701320
   0.31240515  0.46172228  0.21471010
   0.11805705  0.08638645  0.31739320
   0.23858000  0.04636000  0.07986000
   0.04631196  0.17105484  0.18023965
   0.30790817  0.42208120  0.38317034
   0.15775163  0.04083970  0.48604235
   0.18171531  0.29401253  0.28071167
   0.50750000  0.33753000  0.11288000
   0.57784158  0.21419419  0.41752619
   0.37230281  0.33752557  0.51621530
   0.64586645  0.46186594  0.21484819
   0.45172617  0.08739177  0.31815615
   0.57191000  0.04636000  0.07986000
   0.37973266  0.17112978  0.18030331
   0.64197943  0.42145445  0.38356676
   0.49138900  0.04242490  0.48781030
   0.51514647  0.29430383  0.28085107
   0.84083000  0.33753000  0.11288000
   0.90914691  0.21106016  0.41641277
   0.69903788  0.33821942  0.52342547
   0.97901201  0.46169150  0.21419904
   0.78434022  0.08622024  0.31642100
   0.90524000  0.04636000  0.07986000
   0.71287329  0.17090042  0.18019493
   0.97423491  0.42190501  0.38181440
   0.82312895  0.03619507  0.48338403
   0.84821288  0.29393628  0.28045600
   0.17417000  0.83753000  0.11288000
   0.26303162  0.70663945  0.41003046
   0.08954703  0.82072605  0.51140080
   0.31512854  0.96214278  0.21537344
   0.11402889  0.58512397  0.31519502
   0.23858000  0.54636000  0.07986000
   0.04460651  0.67192718  0.18051678
   0.32884998  0.91976861  0.38322043
   0.11608830  0.55673478  0.48635129
   0.18140913  0.79577653  0.28138519
   0.50750000  0.83753000  0.11288000
   0.59490850  0.70579654  0.41121658
   0.42255227  0.82351733  0.51146724
   0.64819416  0.96143432  0.21447262
   0.44731846  0.58484429  0.31590421
   0.57191000  0.54636000  0.07986000
   0.37772081  0.67149910  0.18037677
   0.66194147  0.91747132  0.38154465
   0.44562610  0.55455727  0.48843410
   0.51450426  0.79480399  0.28079190
   0.84083000  0.83753000  0.11288000
   0.75564499  0.82009921  0.51156879
   0.98170286  0.96170712  0.21495104
   0.78052474  0.58499765  0.31630348
   0.90524000  0.54636000  0.07986000
   0.71108944  0.67164140  0.18043237
   0.99534026  0.91784647  0.38237899
   0.77480267  0.55395314  0.48904242
   0.84783225  0.79502538  0.28108719
   0.92843995  0.70524415  0.41163400
  -0.00037848  0.14644324  0.59917433
   0.81905093  0.26749164  0.59000668
