   0.60817476  0.43528724  0.49775467
   0.03971000  0.19194000  0.08602000
   0.31622893  0.43950255  0.28889529
   0.11951146  0.06010957  0.39031953
   0.17839628  0.31582227  0.18749785
   0.26545727  0.19416693  0.48423933
   0.37304000  0.19194000  0.08602000
   0.64934991  0.43788322  0.28641203
   0.45262199  0.06180847  0.39063139
   0.51097958  0.31422173  0.18679975
   0.59796774  0.19346183  0.48513644
   0.70637000  0.19194000  0.08602000
   0.98255828  0.43935808  0.28892327
   0.78590588  0.06160098  0.39043477
   0.84531034  0.31569212  0.18732701
   0.93041708  0.19348895  0.48483505
   0.03971000  0.69194000  0.08602000
   0.31288961  0.93913636  0.28905955
   0.11881443  0.56134015  0.39162873
   0.17862045  0.81580810  0.18726889
   0.26357051  0.69306798  0.48634901
   0.37304000  0.69194000  0.08602000
   0.64700899  0.93912187  0.28883059
   0.45921138  0.56100616  0.39093565
   0.51116801  0.81579226  0.18729948
   0.59889949  0.69267364  0.48652925
   0.70637000  0.69194000  0.08602000
   0.97964055  0.93891884  0.28885184
   0.84475663  0.81598805  0.18709668
   0.92736466  0.69458427  0.49367576
   0.78686002  0.56366066  0.38525484
   0.17887453  0.06409696  0.18545746
   0.27442864  0.43499066  0.49313409
   0.03971000  0.44194000  0.08602000
   0.31444237  0.18811856  0.28940315
   0.12274471  0.31454538  0.39031622
   0.51237361  0.06391599  0.18547042
   0.37304000  0.44194000  0.08602000
   0.64832574  0.18839392  0.28928754
   0.45698853  0.31577852  0.38986860
   0.84576320  0.06435110  0.18548235
   0.94533006  0.43502424  0.50083612
   0.70637000  0.44194000  0.08602000
   0.98143016  0.18860352  0.28922014
   0.78955261  0.31656012  0.39121745
   0.17899351  0.56439645  0.18560246
   0.26436112  0.93815354  0.49379404
   0.03971000  0.94194000  0.08602000
   0.31441784  0.68900823  0.28968955
   0.11183773  0.81269091  0.39301110
   0.51202692  0.56379865  0.18483255
   0.59691258  0.93695646  0.49395266
   0.37304000  0.94194000  0.08602000
   0.64740459  0.68891273  0.28699939
   0.44767928  0.81623624  0.39127889
   0.84539547  0.56447803  0.18617010
   0.93060970  0.93814388  0.49362322
   0.70637000  0.94194000  0.08602000
   0.98207730  0.68943878  0.28722807
   0.78145038  0.81350196  0.39245535
   0.17417000  0.33753000  0.10253000
   0.25650752  0.20622525  0.40135799
   0.07510758  0.32563960  0.50066343
   0.31313817  0.46098327  0.20493789
   0.11429789  0.08314531  0.30647812
   0.23858000  0.04636000  0.06951000
   0.04548208  0.17057751  0.16971349
   0.32148862  0.41871300  0.37276334
   0.13209070  0.04830329  0.47726513
   0.18138871  0.29292528  0.27079755
   0.50750000  0.33753000  0.10253000
   0.58917463  0.20749525  0.40222737
   0.40660367  0.32698300  0.50180576
   0.64512630  0.45886999  0.20266999
   0.44836805  0.08339639  0.30657436
   0.57191000  0.04636000  0.06951000
   0.37834901  0.16953061  0.16940239
   0.65594651  0.41966364  0.37056128
   0.46540976  0.04732779  0.47765218
   0.51393348  0.29189459  0.27009224
   0.84083000  0.33753000  0.10253000
   0.92192777  0.20672535  0.40220682
   0.74162861  0.32633201  0.49973683
   0.98030324  0.46078523  0.20481486
   0.78198133  0.08373420  0.30631073
   0.90524000  0.04636000  0.06951000
   0.71190668  0.17036303  0.16964339
   0.98813378  0.41801410  0.37273155
   0.79799365  0.04735284  0.47760040
   0.84783709  0.29305733  0.27053679
   0.17417000  0.83753000  0.10253000
   0.24788018  0.70814001  0.40421366
   0.06411513  0.83229783  0.50213868
   0.31323596  0.96085671  0.20485040
   0.11477512  0.58504297  0.30710112
   0.23858000  0.54636000  0.06951000
   0.04530300  0.67051289  0.16973806
   0.31154106  0.91908943  0.37334633
   0.14093589  0.54434398  0.47856992
   0.18087148  0.79329931  0.27052546
   0.50750000  0.83753000  0.10253000
   0.58053734  0.70949714  0.40435865
   0.39559345  0.83012529  0.50245943
   0.64663100  0.96071710  0.20468330
   0.44929349  0.58489189  0.30676787
   0.57191000  0.54636000  0.06951000
   0.37852814  0.67032262  0.16962299
   0.64782183  0.91882676  0.37294887
   0.47686461  0.54456524  0.47790196
   0.51272147  0.79349338  0.27057700
   0.84083000  0.83753000  0.10253000
   0.73002220  0.83036988  0.50295573
   0.97987907  0.96101392  0.20460762
   0.78292959  0.58433793  0.29769058
   0.90524000  0.54636000  0.06951000
   0.71149881  0.67046587  0.16946639
   0.97982909  0.91604228  0.37308507
   0.81226571  0.54755313  0.50994084
   0.84693221  0.79424443  0.27027284
   0.90981933  0.70261311  0.41030536
   0.78801600  0.48863000  0.69699187
   0.80230336  0.52605517  0.60105592
