   0.60369494  0.68628155  0.50382456
   0.03971000  0.19194000  0.09637000
   0.31987358  0.44028903  0.29962373
   0.11585441  0.06106342  0.40103367
   0.17991431  0.31651247  0.19783830
   0.26180908  0.19010713  0.49639336
   0.37304000  0.19194000  0.09637000
   0.65182492  0.43813858  0.29712222
   0.45069949  0.06472346  0.40341677
   0.51253726  0.31523476  0.19706166
   0.59306236  0.19536758  0.50179675
   0.70637000  0.19194000  0.09637000
   0.98698740  0.43885361  0.29856186
   0.78225540  0.06235616  0.40194571
   0.84662339  0.31575133  0.19741598
   0.93136818  0.19141646  0.49687273
   0.03971000  0.69194000  0.09637000
   0.31352419  0.94078266  0.30066316
   0.12524335  0.56053859  0.40147716
   0.18007131  0.81662935  0.19800711
   0.25837774  0.69196285  0.49840510
   0.37304000  0.69194000  0.09637000
   0.64618110  0.93973110  0.29990597
   0.45830272  0.56251504  0.40292700
   0.51284474  0.81627754  0.19776156
   0.70637000  0.69194000  0.09637000
   0.97876336  0.93914533  0.29937329
   0.84625585  0.81596492  0.19741157
   0.91076404  0.68741848  0.49845974
   0.79382124  0.55916122  0.39672372
   0.17932206  0.06467706  0.19610242
   0.27846734  0.43076314  0.50421764
   0.03971000  0.44194000  0.09637000
   0.31554749  0.18882144  0.29983860
   0.12767971  0.31239400  0.39959320
   0.51263729  0.06435780  0.19580782
   0.60521448  0.42669329  0.49881489
   0.37304000  0.44194000  0.09637000
   0.64876093  0.18823081  0.29907588
   0.46045059  0.31271746  0.39969633
   0.84610957  0.06460967  0.19573595
   0.94789467  0.42864636  0.50218460
   0.70637000  0.44194000  0.09637000
   0.98225430  0.18828681  0.29926959
   0.79371405  0.31165835  0.39802208
   0.18138316  0.56492336  0.19585724
   0.24829164  0.93786105  0.50576767
   0.03971000  0.94194000  0.09637000
   0.31707899  0.68999144  0.30059314
   0.11089302  0.81639318  0.40370155
   0.51429291  0.56447488  0.19521427
   0.58189201  0.94050622  0.50569864
   0.37304000  0.94194000  0.09637000
   0.64969414  0.68956845  0.29930582
   0.44576022  0.81707468  0.40425699
   0.84794851  0.56449050  0.19523888
   0.91661308  0.93893110  0.50502138
   0.70637000  0.94194000  0.09637000
   0.98411846  0.68963764  0.29903447
   0.77639952  0.81502279  0.40425023
   0.17292690  0.33543473  0.11238326
   0.25954683  0.20441853  0.41260333
   0.07787886  0.32185490  0.51425997
   0.31560970  0.46174772  0.21574076
   0.11526535  0.08351439  0.31692942
   0.23858000  0.04636000  0.07986000
   0.04592267  0.17124465  0.18043690
   0.32672674  0.41674121  0.38302516
   0.11890890  0.04825972  0.48878165
   0.18259632  0.29375023  0.28138075
   0.50608664  0.33532260  0.11223048
   0.59509088  0.20826472  0.41706725
   0.40974274  0.31920418  0.51408396
   0.64830902  0.46053444  0.21393288
   0.44975153  0.08538301  0.31891354
   0.57191000  0.04636000  0.07986000
   0.37879697  0.17033704  0.18009552
   0.65982706  0.41471186  0.38018558
   0.45163126  0.05197568  0.49127973
   0.51546551  0.29239194  0.28029022
   0.84083000  0.33753000  0.11288000
   0.92606707  0.20565768  0.41367898
   0.74233031  0.32649683  0.52484227
   0.98212761  0.46103212  0.21486612
   0.78206179  0.08429970  0.31760269
   0.90524000  0.04636000  0.07986000
   0.71226678  0.17078926  0.18028140
   0.99312923  0.41579726  0.38229025
   0.78603826  0.05151810  0.48944815
   0.84920034  0.29302788  0.28091286
   0.17292223  0.83546099  0.11240390
   0.24473861  0.70998919  0.41495174
   0.04553396  0.82783780  0.51155238
   0.31384380  0.96188680  0.21626595
   0.11743759  0.58492334  0.31741946
   0.23858000  0.54636000  0.07986000
   0.04754709  0.67108188  0.18038951
   0.31096207  0.92160769  0.38529966
   0.14527622  0.54000626  0.48726762
   0.18304908  0.79408420  0.28151054
   0.50620393  0.83544743  0.11235915
   0.57757895  0.71021534  0.42022112
   0.37953962  0.83807395  0.51412320
   0.64701493  0.96154343  0.21565660
   0.45158151  0.58632605  0.31884003
   0.57191000  0.54636000  0.07986000
   0.38068256  0.67086363  0.18019868
   0.64365827  0.91985260  0.38414741
   0.47957872  0.53594760  0.48637340
   0.51557370  0.79352648  0.28111835
   0.84083000  0.83753000  0.11288000
   0.71785294  0.83668737  0.51198194
   0.98011646  0.96133270  0.21523967
   0.78418501  0.58458636  0.31485228
   0.90524000  0.54636000  0.07986000
   0.71389186  0.67052463  0.18003319
   0.97528539  0.91881854  0.38362936
   0.81039978  0.53051342  0.47969107
   0.84885114  0.79298338  0.28056980
   0.91131662  0.70691721  0.41572882
   0.43399530  0.69121880  0.58412667
   0.75982120  0.48947614  0.59309364
