   0.57219633  0.18730180  0.50297351
   0.03971000  0.19194000  0.09637000
   0.31536646  0.43905336  0.29612747
   0.12738169  0.06305542  0.40069821
   0.18034021  0.31436123  0.19530123
   0.26912947  0.19236886  0.50110948
   0.37304000  0.19194000  0.09637000
   0.64875118  0.44000420  0.29777302
   0.46127323  0.06268475  0.39900656
   0.51347253  0.31531586  0.19599400
   0.70637000  0.19194000  0.09637000
   0.98267548  0.43893550  0.29613217
   0.79244978  0.06164309  0.39884005
   0.84610090  0.31475293  0.19540006
   0.92501814  0.19462092  0.49372155
   0.03971000  0.69194000  0.09637000
   0.31861144  0.94092356  0.29637826
   0.11682800  0.56330493  0.39723518
   0.17990468  0.81522699  0.19537298
   0.26051992  0.69449984  0.49260494
   0.37304000  0.69194000  0.09637000
   0.65186795  0.94013470  0.29645592
   0.45156373  0.56410246  0.39708137
   0.51380094  0.81539518  0.19525879
   0.59168406  0.69837917  0.49291675
   0.70637000  0.69194000  0.09637000
   0.98593392  0.94114993  0.29749116
   0.84681106  0.81608398  0.19614520
   0.92738576  0.69506641  0.49545206
   0.78556457  0.56405771  0.39950224
   0.18044554  0.06427472  0.19466517
   0.25102664  0.44316978  0.49915994
   0.03971000  0.44194000  0.09637000
   0.31760195  0.19018507  0.29778220
   0.11758762  0.31708622  0.39952785
   0.51379220  0.06422993  0.19415909
   0.58381272  0.44421650  0.50312892
   0.37304000  0.44194000  0.09637000
   0.65040294  0.18968318  0.29691336
   0.45014889  0.31816050  0.40424513
   0.84695184  0.06413414  0.19429270
   0.91847396  0.44077962  0.50323966
   0.70637000  0.44194000  0.09637000
   0.98431240  0.18948397  0.29770945
   0.78234562  0.31572647  0.39936769
   0.18102807  0.56330771  0.19376206
   0.27696315  0.93303164  0.50314479
   0.03971000  0.94194000  0.09637000
   0.31555065  0.68954135  0.29620115
   0.12313792  0.81648871  0.39775768
   0.51499339  0.56416201  0.19436551
   0.60975454  0.93207457  0.50136768
   0.37304000  0.94194000  0.09637000
   0.64970775  0.69046835  0.29749839
   0.45563773  0.81519782  0.39675651
   0.84774549  0.56389616  0.19434934
   0.94525401  0.93565234  0.50268860
   0.70637000  0.94194000  0.09637000
   0.98312195  0.69031927  0.29679175
   0.79111424  0.81558064  0.39828402
   0.17271491  0.33262183  0.10938369
   0.24746656  0.21000539  0.41639715
   0.04867626  0.33411349  0.51162520
   0.31529580  0.45947686  0.21195496
   0.11947114  0.08604171  0.31622016
   0.23858000  0.04636000  0.07986000
   0.04520186  0.17008428  0.17982909
   0.31518622  0.42021084  0.38008523
   0.14484323  0.04199220  0.48676313
   0.18214078  0.29315493  0.27870485
   0.50628704  0.33293636  0.10992118
   0.58537616  0.21142791  0.41918558
   0.38611161  0.34168522  0.50305318
   0.64898412  0.46047965  0.21317067
   0.45277675  0.08649881  0.31510348
   0.57191000  0.04636000  0.07986000
   0.37865385  0.17033866  0.18020576
   0.65001999  0.42018138  0.38197852
   0.47625815  0.03419242  0.48199963
   0.51584833  0.29437093  0.27930182
   0.83947080  0.33287408  0.10934336
   0.91694726  0.21018163  0.41172938
   0.71264599  0.33253306  0.51970307
   0.98182272  0.45938146  0.21210755
   0.78462485  0.08544655  0.31478614
   0.90524000  0.04636000  0.07986000
   0.71211432  0.17024783  0.17988867
   0.98032013  0.41933020  0.37988353
   0.81162632  0.04309033  0.48561015
   0.84937032  0.29323924  0.27871319
   0.17293351  0.83280873  0.10899263
   0.25563300  0.70820110  0.40913560
   0.07509625  0.82550525  0.51334009
   0.31543972  0.96019877  0.21218586
   0.11549798  0.58444229  0.31265312
   0.23858000  0.54636000  0.07986000
   0.04688487  0.67033749  0.17971400
   0.32162786  0.91966305  0.37974076
   0.11748379  0.55258007  0.48427932
   0.18253508  0.79541222  0.27870183
   0.50639965  0.83286203  0.10905507
   0.58991181  0.70860889  0.40892416
   0.41052685  0.82230667  0.51088701
   0.64852525  0.96049128  0.21227673
   0.44963640  0.58431874  0.31271655
   0.57191000  0.54636000  0.07986000
   0.38040914  0.67028439  0.17981425
   0.65588856  0.91915719  0.38023477
   0.45284567  0.55562363  0.48460777
   0.51532207  0.79508764  0.27875148
   0.83981999  0.83305494  0.10948986
   0.74306214  0.82695598  0.51069968
   0.98185898  0.96102260  0.21315657
   0.78347550  0.58553805  0.31500721
   0.90524000  0.54636000  0.07986000
   0.71376719  0.67125407  0.18013094
   0.98834528  0.92072502  0.38140431
   0.78818327  0.54993580  0.48732486
   0.84955029  0.79570842  0.27988779
   0.92397599  0.70830208  0.41209045
   0.40789393  0.16028089  0.58583078
   0.73219354  0.35184281  0.61369402
