   0.27460322  0.43251989  0.49413204
   0.03971000  0.19194000  0.08602000
   0.31990866  0.44017772  0.28917188
   0.11594754  0.06126392  0.39058841
   0.17993113  0.31650137  0.18743304
   0.25989342  0.18862309  0.48657687
   0.37304000  0.19194000  0.08602000
   0.65174153  0.43802894  0.28666813
   0.45061569  0.06483614  0.39301821
   0.51256945  0.31527869  0.18669781
   0.59515594  0.19583879  0.49114810
   0.70637000  0.19194000  0.08602000
   0.98678498  0.43879768  0.28818160
   0.78260334  0.06268848  0.39145467
   0.84658192  0.31575641  0.18702420
   0.93218834  0.19241726  0.48629993
   0.03971000  0.69194000  0.08602000
   0.31344054  0.94077608  0.29015345
   0.12499808  0.56006702  0.39101702
   0.18003508  0.81656266  0.18756112
   0.25686195  0.69261883  0.48668377
   0.37304000  0.69194000  0.08602000
   0.64615271  0.93976061  0.28932586
   0.45807042  0.56186595  0.39260681
   0.51277211  0.81622232  0.18730273
   0.60208487  0.68784208  0.49025272
   0.70637000  0.69194000  0.08602000
   0.97866574  0.93913959  0.28882446
   0.84617943  0.81589384  0.18696948
   0.91529621  0.68789881  0.48680531
   0.79329388  0.55861125  0.38633907
   0.17934946  0.06473574  0.18569134
   0.03971000  0.44194000  0.08602000
   0.31560829  0.18893419  0.28940982
   0.12757541  0.31246021  0.38923746
   0.51256551  0.06442755  0.18540110
   0.61108880  0.42788948  0.48825270
   0.37304000  0.44194000  0.08602000
   0.64879717  0.18836795  0.28860975
   0.46029056  0.31305380  0.38904334
   0.84605029  0.06463464  0.18532892
   0.94573129  0.42804791  0.49235638
   0.70637000  0.44194000  0.08602000
   0.98231792  0.18840207  0.28885135
   0.79380019  0.31213884  0.38775976
   0.18136998  0.56492056  0.18543966
   0.24926236  0.93848445  0.49541093
   0.03971000  0.94194000  0.08602000
   0.31703883  0.68991229  0.29011924
   0.11148313  0.81642197  0.39308204
   0.51434120  0.56442611  0.18482264
   0.58040516  0.94108207  0.49524023
   0.37304000  0.94194000  0.08602000
   0.64986492  0.68924183  0.28879680
   0.44530679  0.81766334  0.39382566
   0.84781253  0.56447044  0.18490604
   0.91782455  0.93990360  0.49447651
   0.70637000  0.94194000  0.08602000
   0.98368144  0.68936500  0.28857422
   0.77684494  0.81521059  0.39354311
   0.17417000  0.33753000  0.10253000
   0.26034689  0.20480978  0.40203506
   0.07743848  0.32151345  0.50388721
   0.31556659  0.46176115  0.20545058
   0.11523559  0.08338700  0.30666565
   0.23858000  0.04636000  0.06951000
   0.04587435  0.17119663  0.17013306
   0.32660174  0.41665729  0.37285924
   0.11786591  0.04689692  0.47836187
   0.18255124  0.29370390  0.27106115
   0.50750000  0.33753000  0.10253000
   0.59456472  0.20790047  0.40715359
   0.40718507  0.30985176  0.49766843
   0.64830150  0.46051663  0.20357574
   0.44976897  0.08525754  0.30866646
   0.57191000  0.04636000  0.06951000
   0.37869844  0.17018152  0.16978308
   0.65964926  0.41397939  0.36945747
   0.45178961  0.05148040  0.48098614
   0.51537323  0.29226193  0.27000435
   0.84083000  0.33753000  0.10253000
   0.92595496  0.20515844  0.40326804
   0.74206622  0.32468477  0.51286265
   0.98224047  0.46101392  0.20458236
   0.78201605  0.08415749  0.30731061
   0.90524000  0.04636000  0.06951000
   0.71228169  0.17068742  0.16995675
   0.99341578  0.41588036  0.37195845
   0.78579135  0.05040414  0.47928267
   0.84925012  0.29294873  0.27058645
   0.17122632  0.83265291  0.10150912
   0.24547258  0.71015205  0.40486886
   0.04253446  0.82596441  0.50149420
   0.31388256  0.96185403  0.20601912
   0.11754448  0.58511132  0.30716913
   0.23858000  0.54636000  0.06951000
   0.04760343  0.67112738  0.17006504
   0.31050863  0.92123853  0.37504432
   0.14550790  0.54119168  0.47697301
   0.18311613  0.79415368  0.27126149
   0.50443573  0.83263774  0.10141389
   0.57827619  0.71044011  0.41056367
   0.38030603  0.83335474  0.50525092
   0.64695507  0.96147372  0.20540325
   0.45162244  0.58668121  0.30854820
   0.57191000  0.54636000  0.06951000
   0.38069557  0.67088758  0.16988753
   0.64362486  0.91929890  0.37399930
   0.48271753  0.54140649  0.47371253
   0.51563418  0.79364237  0.27089399
   0.83772069  0.83256310  0.10126803
   0.71631357  0.83099633  0.50281013
   0.98014810  0.96131593  0.20497895
   0.78412848  0.58482268  0.30397736
   0.90524000  0.54636000  0.06951000
   0.71393196  0.67056584  0.16968888
   0.97512626  0.91878818  0.37344187
   0.81037920  0.53327607  0.47111828
   0.84902043  0.79321414  0.27035264
   0.91023430  0.70800171  0.40611039
   0.44747880  0.43727680  0.59334763
   0.75688396  0.48982583  0.58384795
