   0.93876238  0.18884902  0.50206317
   0.03971000  0.19194000  0.09637000
   0.31647360  0.43709230  0.29936965
   0.12025683  0.05986886  0.39872566
   0.17914776  0.31583107  0.19715707
   0.24556998  0.18472708  0.50103789
   0.37304000  0.19194000  0.09637000
   0.65046890  0.43756591  0.30031017
   0.45305744  0.06431525  0.40269101
   0.51353019  0.31599858  0.19779390
   0.58218341  0.20083963  0.50085350
   0.70637000  0.19194000  0.09637000
   0.98447681  0.43807224  0.29960346
   0.78410433  0.06148920  0.40443944
   0.84580509  0.31608162  0.19775326
   0.03971000  0.69194000  0.09637000
   0.31414622  0.94154941  0.29880400
   0.12234572  0.56264063  0.39985248
   0.17879879  0.81581457  0.19788295
   0.26227103  0.69816826  0.49444840
   0.37304000  0.69194000  0.09637000
   0.64831667  0.94203365  0.29983047
   0.45482251  0.56184940  0.39978634
   0.51318653  0.81637536  0.19844736
   0.59684990  0.69544311  0.49421154
   0.70637000  0.69194000  0.09637000
   0.97959898  0.94043345  0.29696412
   0.84512514  0.81490760  0.19730515
   0.92809436  0.69443199  0.49573462
   0.78811655  0.56180711  0.40051417
   0.17994291  0.06532809  0.19537547
   0.26865043  0.43885032  0.50182504
   0.03971000  0.44194000  0.09637000
   0.31676589  0.18977864  0.29985374
   0.12105840  0.31257976  0.40502912
   0.51320130  0.06534020  0.19593656
   0.59601722  0.44025781  0.50278360
   0.37304000  0.44194000  0.09637000
   0.65050961  0.18983926  0.30077065
   0.45453523  0.31358978  0.40420175
   0.84620105  0.06494362  0.19524552
   0.93770377  0.44135855  0.49878008
   0.70637000  0.44194000  0.09637000
   0.98223932  0.19001082  0.30080123
   0.79061144  0.31300207  0.40161685
   0.18018135  0.56426610  0.19583084
   0.26166800  0.93341597  0.50401852
   0.03971000  0.94194000  0.09637000
   0.31578277  0.68851821  0.29869026
   0.11406860  0.81636401  0.39797084
   0.51303031  0.56374032  0.19616273
   0.59708464  0.93648632  0.50766694
   0.37304000  0.94194000  0.09637000
   0.64882761  0.68773461  0.29856118
   0.44870634  0.81693903  0.39899559
   0.84649938  0.56367716  0.19580853
   0.93204370  0.93434696  0.50670968
   0.70637000  0.94194000  0.09637000
   0.98160718  0.68750697  0.29872559
   0.78150290  0.81582509  0.39823303
   0.17417000  0.33753000  0.11288000
   0.25577984  0.20414274  0.41695526
   0.06583980  0.33752073  0.50296785
   0.31401345  0.46051670  0.21494647
   0.11621148  0.08553082  0.31527296
   0.23858000  0.04636000  0.07986000
   0.04546740  0.17052513  0.17983587
   0.32239063  0.41640925  0.38367436
   0.12911157  0.03355845  0.48088438
   0.18165363  0.29240926  0.28014144
   0.50750000  0.33753000  0.11288000
   0.59164254  0.20832136  0.41677653
   0.39887523  0.32737710  0.51137862
   0.64796265  0.46087325  0.21613373
   0.45137496  0.08576221  0.31778639
   0.57191000  0.04636000  0.07986000
   0.37922929  0.17095668  0.18005113
   0.65437244  0.41755851  0.38486439
   0.46293986  0.04817779  0.49078728
   0.51619904  0.29285259  0.28113842
   0.84083000  0.33753000  0.11288000
   0.91805968  0.20493858  0.41840641
   0.72952411  0.33610959  0.52038220
   0.98112052  0.46075024  0.21533734
   0.78389371  0.08608228  0.31941975
   0.90524000  0.04636000  0.07986000
   0.71218531  0.17098478  0.17998667
   0.98733923  0.41762265  0.38373274
   0.79770435  0.04077117  0.49033878
   0.84905137  0.29344918  0.28134189
   0.17417000  0.83753000  0.11288000
   0.24956652  0.71111720  0.41168507
   0.06396878  0.82533242  0.51679543
   0.31370788  0.96167811  0.21496200
   0.11557809  0.58367502  0.31644940
   0.23858000  0.54636000  0.07986000
   0.04607740  0.67080002  0.18027065
   0.31536251  0.92128804  0.38230685
   0.13860502  0.55169182  0.48573372
   0.18160098  0.79335818  0.28119271
   0.50750000  0.83753000  0.11288000
   0.58238172  0.70968234  0.41168276
   0.39552327  0.83023968  0.51615059
   0.64744149  0.96242120  0.21614615
   0.44875760  0.58318593  0.31573418
   0.57191000  0.54636000  0.07986000
   0.38015728  0.67114468  0.18062727
   0.64633330  0.92045706  0.38303964
   0.46920086  0.54927751  0.48670886
   0.51641269  0.79393737  0.28163312
   0.84083000  0.83753000  0.11288000
   0.72911478  0.82797155  0.51745929
   0.98030244  0.96094677  0.21392779
   0.78221333  0.58335241  0.31765904
   0.90524000  0.54636000  0.07986000
   0.71246120  0.66966592  0.18006265
   0.97841150  0.91832683  0.37932374
   0.80060357  0.54849511  0.48733693
   0.84808475  0.79168174  0.28013943
   0.91560192  0.70940759  0.41267178
   0.07761809  0.15500178  0.58482434
   0.77718594  0.44789690  0.60211889
