   0.60231378  0.93427969  0.49571290
   0.03971000  0.19194000  0.08602000
   0.31264752  0.43930468  0.28791859
   0.12099966  0.06074623  0.39107022
   0.17798583  0.31482813  0.18724040
   0.25642264  0.19132284  0.48638595
   0.37304000  0.19194000  0.08602000
   0.64500453  0.43749034  0.28670180
   0.45526982  0.06057163  0.39246696
   0.51080036  0.31454240  0.18642426
   0.58713837  0.18776066  0.49419391
   0.70637000  0.19194000  0.08602000
   0.97842455  0.43945735  0.28855701
   0.78815748  0.06234391  0.39250668
   0.84474045  0.31522413  0.18716867
   0.91604635  0.19285903  0.48991509
   0.03971000  0.69194000  0.08602000
   0.31606193  0.94007632  0.28838347
   0.11555520  0.56251266  0.39053614
   0.17853588  0.81583022  0.18708430
   0.26063421  0.69363884  0.48580977
   0.37304000  0.69194000  0.08602000
   0.64969241  0.94026209  0.28949078
   0.44657096  0.56168424  0.38981349
   0.51246715  0.81595997  0.18788917
   0.58572946  0.69493723  0.48456409
   0.70637000  0.69194000  0.08602000
   0.98299278  0.93889266  0.28882143
   0.84497597  0.81581887  0.18754337
   0.91976800  0.69552281  0.48359029
   0.78004089  0.56086077  0.38894231
   0.17901284  0.06363991  0.18519053
   0.24628639  0.43771716  0.49613416
   0.03971000  0.44194000  0.08602000
   0.31494600  0.18914178  0.28988393
   0.11188093  0.31606913  0.38993044
   0.51288347  0.06399336  0.18538866
   0.57984504  0.43858345  0.49308926
   0.37304000  0.44194000  0.08602000
   0.64790640  0.18898954  0.28999840
   0.44611122  0.31501654  0.39255673
   0.84565373  0.06419355  0.18594404
   0.91537115  0.44368537  0.49378850
   0.70637000  0.44194000  0.08602000
   0.98126710  0.18861402  0.28925438
   0.77704355  0.31562277  0.39234634
   0.17804400  0.56440464  0.18540060
   0.26848707  0.93314683  0.49623130
   0.03971000  0.94194000  0.08602000
   0.31437899  0.68930786  0.28882636
   0.12320620  0.81414590  0.39031934
   0.51123408  0.56455435  0.18501453
   0.37304000  0.94194000  0.08602000
   0.64808885  0.68811374  0.28906525
   0.45588156  0.81428483  0.38907835
   0.84484961  0.56478396  0.18590206
   0.93814673  0.93414932  0.49241653
   0.70637000  0.94194000  0.08602000
   0.98162241  0.68853090  0.28922386
   0.78822164  0.81410373  0.38960837
   0.17417000  0.33753000  0.10253000
   0.24352742  0.20939835  0.40453915
   0.03676043  0.33187863  0.51647169
   0.31211630  0.46019388  0.20390110
   0.11566289  0.08465211  0.30713599
   0.23858000  0.04636000  0.06951000
   0.04513772  0.16980813  0.16954455
   0.31089096  0.41826204  0.37198067
   0.13729174  0.04319454  0.47817455
   0.18028145  0.29242819  0.27053506
   0.50750000  0.33753000  0.10253000
   0.57954723  0.20859102  0.40947569
   0.37666126  0.33200770  0.50256232
   0.64498669  0.46001108  0.20295689
   0.44901164  0.08557322  0.30825044
   0.57191000  0.04636000  0.06951000
   0.37840664  0.16938187  0.16893954
   0.64353546  0.41739050  0.37075337
   0.46502900  0.03906026  0.47729056
   0.51347014  0.29147119  0.26922943
   0.84083000  0.33753000  0.10253000
   0.91400075  0.21176350  0.40779171
   0.71656137  0.33683307  0.50290902
   0.97908026  0.46050427  0.20451148
   0.78287656  0.08594289  0.30850196
   0.90524000  0.04636000  0.06951000
   0.71192725  0.17007778  0.16942479
   0.97676251  0.41966448  0.37324191
   0.80446168  0.04282610  0.47829453
   0.84691970  0.29266025  0.27048167
   0.17417000  0.83753000  0.10253000
   0.25647794  0.70637018  0.40287490
   0.06869597  0.82505518  0.50048969
   0.31415090  0.96080760  0.20449978
   0.11542385  0.58362363  0.30638568
   0.23858000  0.54636000  0.06951000
   0.04426152  0.67096007  0.16969231
   0.32095699  0.91708203  0.37180916
   0.11970529  0.54831127  0.47787356
   0.18057356  0.79367659  0.27023613
   0.50750000  0.83753000  0.10253000
   0.58707725  0.70561657  0.40124195
   0.40205654  0.82388506  0.50740662
   0.64705816  0.96125069  0.20561645
   0.44730255  0.58381307  0.30547447
   0.57191000  0.54636000  0.06951000
   0.37784051  0.67134363  0.16995513
   0.65444715  0.91880642  0.37293612
   0.45018757  0.54815038  0.47715709
   0.51475283  0.79368627  0.27142774
   0.84083000  0.83753000  0.10253000
   0.73671589  0.82490208  0.49896982
   0.98004091  0.96088180  0.20508913
   0.78163074  0.58154052  0.30425776
   0.90524000  0.54636000  0.06951000
   0.71111405  0.67111028  0.16972811
   0.98798363  0.91768571  0.37253628
   0.78447352  0.55016795  0.47658080
   0.84765996  0.79276068  0.27089588
   0.92074350  0.70539883  0.40034115
   0.59180718  0.15576189  0.59483826
   0.84941872  0.29495348  0.59059145
