   0.60331721  0.19047823  0.50564326
   0.03971000  0.19194000  0.09637000
   0.31706817  0.43679850  0.29920362
   0.11731730  0.06205232  0.40071653
   0.17966292  0.31584528  0.19741719
   0.25332663  0.19551594  0.49693785
   0.37304000  0.19194000  0.09637000
   0.65129846  0.43736389  0.29985243
   0.45394135  0.06420111  0.40586021
   0.51298629  0.31593715  0.19782418
   0.70637000  0.19194000  0.09637000
   0.98389440  0.43759135  0.30006765
   0.78525655  0.06019593  0.39918385
   0.84629805  0.31639208  0.19768914
   0.91438519  0.18394056  0.50141458
   0.03971000  0.69194000  0.09637000
   0.31625275  0.94373544  0.30061446
   0.12289492  0.56119834  0.40079895
   0.18010402  0.81680095  0.19849965
   0.26343446  0.69365996  0.49498996
   0.37304000  0.69194000  0.09637000
   0.64652128  0.94046283  0.29649340
   0.45349075  0.56186791  0.39960156
   0.51288703  0.81468215  0.19584555
   0.59553514  0.69397917  0.49515615
   0.70637000  0.69194000  0.09637000
   0.98014903  0.94051835  0.29724977
   0.84675577  0.81468400  0.19621951
   0.92810622  0.70004492  0.49464569
   0.79010373  0.56315022  0.39979167
   0.18013629  0.06506027  0.19560394
   0.26646815  0.43605754  0.50331023
   0.03971000  0.44194000  0.09637000
   0.31690231  0.18968152  0.30111971
   0.12255342  0.31250212  0.40421604
   0.51280665  0.06469079  0.19490706
   0.59583498  0.44190068  0.49920944
   0.37304000  0.44194000  0.09637000
   0.65000693  0.18969984  0.30003164
   0.45746980  0.31427615  0.40449858
   0.84642526  0.06472121  0.19464405
   0.93986201  0.43878060  0.50091041
   0.70637000  0.44194000  0.09637000
   0.98302954  0.18918104  0.29891331
   0.78995538  0.31267845  0.40556639
   0.17964476  0.56394992  0.19576623
   0.26116459  0.93642589  0.50667783
   0.03971000  0.94194000  0.09637000
   0.31566543  0.68850909  0.29830724
   0.11485643  0.81774049  0.39840603
   0.51292303  0.56320720  0.19557622
   0.59487930  0.93438390  0.50760693
   0.37304000  0.94194000  0.09637000
   0.64828026  0.68750191  0.29739235
   0.44737982  0.81720256  0.39919684
   0.84688913  0.56388345  0.19574657
   0.92743738  0.93543061  0.50434089
   0.70637000  0.94194000  0.09637000
   0.98260425  0.68844920  0.29904462
   0.77922495  0.81621984  0.39647441
   0.17417000  0.33753000  0.11288000
   0.25693399  0.20451653  0.41337832
   0.06529663  0.32585181  0.51121004
   0.31412556  0.46037620  0.21505865
   0.11657046  0.08440281  0.31610831
   0.23858000  0.04636000  0.07986000
   0.04575510  0.17105127  0.18004338
   0.32199979  0.41612428  0.38321377
   0.12828015  0.04612030  0.48863277
   0.18236993  0.29225868  0.28025527
   0.50750000  0.33753000  0.11288000
   0.58883218  0.20823453  0.42148376
   0.39870698  0.32957062  0.51060045
   0.64771187  0.46073952  0.21564653
   0.45254989  0.08744988  0.32053197
   0.57191000  0.04636000  0.07986000
   0.37941316  0.17117218  0.18002578
   0.65717359  0.41687054  0.38438565
   0.46349768  0.04348190  0.49162432
   0.51615404  0.29313783  0.28099161
   0.84083000  0.33753000  0.11288000
   0.92192256  0.20411081  0.41723268
   0.73213483  0.34315269  0.51184443
   0.98117770  0.46120585  0.21558465
   0.78358126  0.08523850  0.31585113
   0.90524000  0.04636000  0.07986000
   0.71248614  0.17128138  0.18016473
   0.98892711  0.41572732  0.38442602
   0.79473285  0.03358042  0.48128231
   0.84884490  0.29359888  0.28071916
   0.17417000  0.83753000  0.11288000
   0.24821260  0.71058188  0.41304696
   0.06089692  0.83200758  0.51592284
   0.31474868  0.96236781  0.21615616
   0.11584335  0.58374200  0.31717816
   0.23858000  0.54636000  0.07986000
   0.04671507  0.67115138  0.18058561
   0.31330870  0.92251942  0.38424464
   0.13843961  0.54581476  0.48693873
   0.18287785  0.79464037  0.28214777
   0.50616247  0.83327630  0.10960807
   0.58055654  0.71002016  0.41226473
   0.39177564  0.82825717  0.51584418
   0.64711683  0.96042749  0.21263188
   0.44848818  0.58337822  0.31600771
   0.57191000  0.54636000  0.07986000
   0.37928903  0.66961659  0.17990527
   0.64363176  0.91838831  0.37905378
   0.46608948  0.54850221  0.48572719
   0.51516560  0.79215948  0.27891303
   0.83971800  0.83324126  0.10990034
   0.72766394  0.82589699  0.51681454
   0.98023300  0.96032723  0.21331609
   0.78234707  0.58355059  0.31665339
   0.90524000  0.54636000  0.07986000
   0.71282785  0.66974296  0.18005799
   0.97892199  0.92075410  0.38069823
   0.80447661  0.55325747  0.48599562
   0.84866978  0.79210100  0.27971008
   0.91609473  0.71244410  0.41118907
   0.74888489  0.15370809  0.58514126
   0.77307649  0.45068181  0.59776656
