   0.27853845  0.43033672  0.49367203
   0.03971000  0.19194000  0.08602000
   0.31978006  0.44026977  0.28920972
   0.11576005  0.06095035  0.39075941
   0.17987008  0.31650994  0.18743981
   0.26178295  0.18984089  0.48603981
   0.37304000  0.19194000  0.08602000
   0.65181978  0.43812967  0.28668978
   0.45065030  0.06466028  0.39314955
   0.51248016  0.31518018  0.18663001
   0.59293271  0.19493295  0.49140953
   0.70637000  0.19194000  0.08602000
   0.98701967  0.43882014  0.28815986
   0.78224019  0.06229036  0.39162952
   0.84666976  0.31573003  0.18701987
   0.93124298  0.19114493  0.48657092
   0.03971000  0.69194000  0.08602000
   0.31350975  0.94081979  0.29033949
   0.12516068  0.56063940  0.39104089
   0.18008983  0.81666972  0.18761976
   0.25684860  0.69412496  0.48683990
   0.37304000  0.69194000  0.08602000
   0.64622979  0.93975990  0.28956935
   0.45821867  0.56272828  0.39255923
   0.51286974  0.81631975  0.18737969
   0.61030367  0.68535707  0.49352326
   0.70637000  0.69194000  0.08602000
   0.97876970  0.93916983  0.28905936
   0.84630968  0.81600972  0.18704970
   0.90685958  0.68637365  0.48935409
   0.79426846  0.55926892  0.38659917
   0.17926023  0.06467017  0.18573980
   0.03971000  0.44194000  0.08602000
   0.31546049  0.18873043  0.28949960
   0.12757013  0.31226063  0.38922883
   0.51264982  0.06435021  0.18542985
   0.60578288  0.42686767  0.48852077
   0.37304000  0.44194000  0.08602000
   0.64878005  0.18814057  0.28871971
   0.46022063  0.31251147  0.38941001
   0.84613980  0.06462007  0.18535985
   0.94729140  0.42857570  0.49175078
   0.70637000  0.44194000  0.08602000
   0.98221013  0.18824037  0.28891973
   0.79380963  0.31151131  0.38770990
   0.18137995  0.56496000  0.18546989
   0.24724464  0.93709244  0.49551981
   0.03971000  0.94194000  0.08602000
   0.31710939  0.69007971  0.29022976
   0.11054247  0.81646965  0.39348906
   0.51430013  0.56455976  0.18479994
   0.58163675  0.94026131  0.49540958
   0.37304000  0.94194000  0.08602000
   0.64978038  0.68973913  0.28890969
   0.44581827  0.81720084  0.39398964
   0.84805952  0.56456984  0.18482010
   0.91733107  0.93861279  0.49479933
   0.70637000  0.94194000  0.08602000
   0.98424908  0.68979901  0.28868971
   0.77683006  0.81486068  0.39394906
   0.17417000  0.33753000  0.10253000
   0.25961943  0.20458969  0.40223056
   0.07802822  0.32206039  0.50393789
   0.31567981  0.46176995  0.20548007
   0.11529003  0.08357969  0.30654043
   0.23858000  0.04636000  0.06951000
   0.04601970  0.17127983  0.17011017
   0.32701905  0.41684978  0.37271036
   0.11902856  0.04868713  0.47832027
   0.18267977  0.29382968  0.27106022
   0.50750000  0.33753000  0.10253000
   0.59509936  0.20844843  0.40667089
   0.40980872  0.31936859  0.50380843
   0.64830997  0.46051001  0.20370982
   0.44977984  0.08549955  0.30857032
   0.57191000  0.04636000  0.06951000
   0.37881972  0.17034963  0.16978012
   0.66009914  0.41510788  0.36979935
   0.45212929  0.05266744  0.48092020
   0.51558944  0.29257930  0.26999014
   0.84083000  0.33753000  0.10253000
   0.92614167  0.20577043  0.40328982
   0.74261474  0.32663724  0.51483667
   0.98208031  0.46103987  0.20457013
   0.78201017  0.08432968  0.30724027
   0.90524000  0.04636000  0.06951000
   0.71226005  0.17079974  0.16996010
   0.99319024  0.41580907  0.37195037
   0.78606957  0.05183736  0.47904029
   0.84916022  0.29309965  0.27058011
   0.17417000  0.83753000  0.10253000
   0.24513145  0.70951220  0.40472016
   0.04720897  0.82947180  0.50102122
   0.31384011  0.96188993  0.20593030
   0.11747992  0.58486048  0.30710979
   0.23858000  0.54636000  0.06951000
   0.04756008  0.67103020  0.17007007
   0.31103884  0.92160937  0.37484051
   0.14632008  0.54050647  0.47731118
   0.18306017  0.79401038  0.27118023
   0.50750000  0.83753000  0.10253000
   0.57608438  0.71040950  0.41010041
   0.38018080  0.83270232  0.50514025
   0.64698992  0.96153985  0.20535023
   0.45165018  0.58623076  0.30860031
   0.57191000  0.54636000  0.06951000
   0.38071998  0.67081015  0.16989010
   0.64368021  0.91994887  0.37379053
   0.47761063  0.53676461  0.47657131
   0.51553031  0.79343042  0.27076038
   0.84083000  0.83753000  0.10253000
   0.71548124  0.83813393  0.50154270
   0.98010012  0.96132998  0.20492024
   0.78391032  0.58430102  0.30466873
   0.90524000  0.54636000  0.06951000
   0.71389007  0.67044025  0.16972004
   0.97523974  0.91895975  0.37322059
   0.81042903  0.52861030  0.46779783
   0.84879045  0.79292065  0.27019044
   0.91189554  0.70655314  0.40511212
   0.11279607  0.43031184  0.58319048
   0.75946957  0.48953965  0.58247198
