   0.94182088  0.93334183  0.49040674
   0.03971000  0.19194000  0.08602000
   0.31436270  0.44051467  0.28790223
   0.12559485  0.06161747  0.38968086
   0.18064953  0.31708133  0.18565956
   0.25338080  0.19714348  0.48596990
   0.37304000  0.19194000  0.08602000
   0.64925241  0.44058318  0.28754565
   0.45899066  0.06308678  0.39115644
   0.51437724  0.31701220  0.18667090
   0.58825684  0.19448923  0.48843006
   0.70637000  0.19194000  0.08602000
   0.98206716  0.44113258  0.28746654
   0.79160461  0.05950378  0.38734302
   0.84677153  0.31732761  0.18685677
   0.92198657  0.18544931  0.48891400
   0.03971000  0.69194000  0.08602000
   0.31856647  0.94138480  0.28782068
   0.11680254  0.56404363  0.38922290
   0.18095222  0.81725244  0.18569362
   0.25835805  0.69891873  0.48447668
   0.37304000  0.69194000  0.08602000
   0.65231387  0.93954872  0.28574700
   0.44924108  0.56533034  0.38939617
   0.51370989  0.81630652  0.18619094
   0.59422036  0.69792142  0.48430549
   0.70637000  0.69194000  0.08602000
   0.98660040  0.94060614  0.28674282
   0.84679447  0.81682309  0.18669177
   0.92227359  0.69607818  0.48531905
   0.78329025  0.56294456  0.39006149
   0.18139371  0.06568740  0.18407977
   0.25180241  0.44197998  0.49250937
   0.03971000  0.44194000  0.08602000
   0.31791704  0.19091022  0.28819634
   0.11426034  0.31728002  0.39233307
   0.51470412  0.06525646  0.18389501
   0.57894885  0.44536977  0.49493327
   0.37304000  0.44194000  0.08602000
   0.65071254  0.18996427  0.28756516
   0.44963513  0.31867842  0.39112674
   0.84789798  0.06542115  0.18387439
   0.91757006  0.44113539  0.49212652
   0.70637000  0.44194000  0.08602000
   0.98450941  0.19085138  0.28788836
   0.78406205  0.31527999  0.38933383
   0.18007017  0.56578942  0.18467873
   0.27733027  0.93581851  0.49216532
   0.03971000  0.94194000  0.08602000
   0.31598694  0.69018476  0.28726919
   0.12496460  0.81453766  0.38896878
   0.51337767  0.56499382  0.18441952
   0.60843167  0.93291341  0.49325593
   0.37304000  0.94194000  0.08602000
   0.64886177  0.68937160  0.28717396
   0.45885399  0.81527680  0.38747099
   0.84673781  0.56564364  0.18467317
   0.70637000  0.94194000  0.08602000
   0.98315445  0.69014161  0.28773273
   0.79123505  0.81324434  0.38595945
   0.17354412  0.33300587  0.09895941
   0.25055627  0.21018889  0.40309835
   0.05042742  0.33373718  0.49597104
   0.31381345  0.46131301  0.20329918
   0.11852236  0.08633963  0.30580420
   0.23858000  0.04636000  0.06951000
   0.04709371  0.17228176  0.16974977
   0.31409631  0.42084429  0.37267562
   0.14308347  0.04474480  0.47616102
   0.18345426  0.29468230  0.26942672
   0.50750000  0.33753000  0.10253000
   0.58302613  0.21201761  0.40614298
   0.37995903  0.33396759  0.50515611
   0.64827663  0.46197907  0.20411945
   0.45203034  0.08677393  0.30693886
   0.57191000  0.04636000  0.06951000
   0.38138120  0.17208700  0.16983404
   0.64946040  0.41888383  0.37156277
   0.47697985  0.04475668  0.47758836
   0.51719611  0.29415516  0.26995325
   0.84083000  0.33753000  0.10253000
   0.91423167  0.20778447  0.40456107
   0.70534173  0.33867545  0.51013896
   0.98134074  0.46226173  0.20378352
   0.78522925  0.08546583  0.30399037
   0.90524000  0.04636000  0.06951000
   0.71378120  0.17185614  0.16954675
   0.98025262  0.41959270  0.37115082
   0.80424933  0.03558632  0.47072731
   0.85030146  0.29469005  0.26995908
   0.17389605  0.83294873  0.09901591
   0.25938883  0.70811659  0.40081980
   0.07709632  0.82584286  0.49793162
   0.31607353  0.96236210  0.20340454
   0.11627142  0.58563476  0.30516760
   0.23858000  0.54636000  0.06951000
   0.04652023  0.67240761  0.16995801
   0.32381170  0.92027929  0.37201230
   0.12334905  0.55229465  0.47586069
   0.18331974  0.79572307  0.26928316
   0.50750000  0.83753000  0.10253000
   0.59138624  0.70779840  0.40077961
   0.40680116  0.82776851  0.50293877
   0.64932704  0.96187297  0.20275667
   0.44872243  0.58466013  0.30497436
   0.57191000  0.54636000  0.06951000
   0.37988324  0.67121092  0.16962658
   0.65725561  0.91695980  0.36875874
   0.45335723  0.55358339  0.47725485
   0.51620452  0.79386254  0.26886040
   0.84083000  0.83753000  0.10253000
   0.74247491  0.82473008  0.50588887
   0.98314985  0.96226372  0.20323322
   0.78255398  0.58482687  0.30523628
   0.90524000  0.54636000  0.06951000
   0.71273343  0.67179929  0.17001074
   0.99097509  0.91845612  0.37039443
   0.78498236  0.55000969  0.47865415
   0.84998963  0.79500063  0.26973182
   0.92271499  0.70586105  0.40144463
   0.87564400  0.13772119  0.58981895
   0.70988065  0.27195861  0.59768983
