   0.59291991  0.19492384  0.50176568
   0.03971000  0.19194000  0.09637000
   0.31978004  0.44026943  0.29955977
   0.11576096  0.06095069  0.40111009
   0.17987008  0.31650983  0.19779006
   0.26178190  0.18983257  0.49639494
   0.37304000  0.19194000  0.09637000
   0.65182001  0.43812975  0.29704014
   0.45065094  0.06465985  0.40350149
   0.51248022  0.31518014  0.19698027
   0.70637000  0.19194000  0.09637000
   0.98701947  0.43881973  0.29851996
   0.78224005  0.06229081  0.40197994
   0.84666965  0.31572997  0.19737007
   0.93124998  0.19115085  0.49691996
   0.03971000  0.69194000  0.09637000
   0.31351033  0.94082034  0.30069988
   0.12515916  0.56063902  0.40138943
   0.18008991  0.81666986  0.19796995
   0.25685027  0.69412871  0.49718957
   0.37304000  0.69194000  0.09637000
   0.64622985  0.93976020  0.29991970
   0.45821923  0.56272851  0.40290836
   0.51286983  0.81631983  0.19772986
   0.61030594  0.68535761  0.50387353
   0.70637000  0.69194000  0.09637000
   0.97877012  0.93917018  0.29940964
   0.84630970  0.81600982  0.19739983
   0.90685765  0.68637382  0.49970464
   0.79426828  0.55926941  0.39694882
   0.17926042  0.06467010  0.19608999
   0.27852535  0.43032980  0.50402008
   0.03971000  0.44194000  0.09637000
   0.31546070  0.18873007  0.29984995
   0.12756979  0.31225952  0.39957997
   0.51264987  0.06435014  0.19578011
   0.60578516  0.42686877  0.49887004
   0.37304000  0.44194000  0.09637000
   0.64877941  0.18814025  0.29907015
   0.46022227  0.31250928  0.39975888
   0.84613989  0.06462004  0.19571004
   0.94729774  0.42856782  0.50210072
   0.70637000  0.44194000  0.09637000
   0.98221022  0.18824008  0.29926999
   0.79380823  0.31150988  0.39806006
   0.18137995  0.56495990  0.19582001
   0.24724821  0.93709694  0.50587018
   0.03971000  0.94194000  0.09637000
   0.31710960  0.69008006  0.30057966
   0.11054113  0.81647077  0.40383925
   0.51430013  0.56455961  0.19515012
   0.58163519  0.94026490  0.50575939
   0.37304000  0.94194000  0.09637000
   0.64978048  0.68973942  0.29925977
   0.44581877  0.81720195  0.40433962
   0.84805945  0.56456965  0.19517022
   0.91733182  0.93861431  0.50514918
   0.70637000  0.94194000  0.09637000
   0.98424911  0.68979947  0.29903987
   0.77683060  0.81486161  0.40429912
   0.17416344  0.33751888  0.11287751
   0.25961858  0.20459113  0.41258041
   0.07803201  0.32208208  0.51429954
   0.31567976  0.46177003  0.21582982
   0.11528956  0.08357951  0.31689016
   0.23858000  0.04636000  0.07986000
   0.04601951  0.17127985  0.18046000
   0.32701995  0.41685095  0.38306074
   0.11902427  0.04868413  0.48866878
   0.18267975  0.29383004  0.28141001
   0.50749253  0.33751828  0.11287669
   0.59510287  0.20845081  0.41702027
   0.40980831  0.31940059  0.51415097
   0.64830998  0.46051021  0.21405951
   0.44977962  0.08549943  0.31891950
   0.57191000  0.04636000  0.07986000
   0.37881988  0.17034997  0.18012991
   0.66009786  0.41510882  0.38015047
   0.45212977  0.05265303  0.49126123
   0.51558938  0.29257940  0.28033985
   0.84082309  0.33751842  0.11287708
   0.92613989  0.20576948  0.41364021
   0.74262840  0.32664925  0.52518678
   0.98208038  0.46104005  0.21491992
   0.78201029  0.08432959  0.31759012
   0.90524000  0.04636000  0.07986000
   0.71226009  0.17079995  0.18030996
   0.99319088  0.41581093  0.38230019
   0.78607148  0.05183595  0.48939004
   0.84916048  0.29309989  0.28093002
   0.17416338  0.83751889  0.11287761
   0.24513032  0.70951032  0.41507029
   0.04720878  0.82947073  0.51137103
   0.31383992  0.96188978  0.21628000
   0.11748046  0.58486048  0.31746026
   0.23858000  0.54636000  0.07986000
   0.04755995  0.67103021  0.18042003
   0.31103848  0.92160802  0.38519002
   0.14632138  0.54050159  0.48767030
   0.18305995  0.79400992  0.28153011
   0.50749312  0.83751882  0.11287739
   0.57608315  0.71040833  0.42045027
   0.38017936  0.83269929  0.51549010
   0.64699008  0.96153983  0.21569994
   0.45165004  0.58623069  0.31895027
   0.57191000  0.54636000  0.07986000
   0.38071983  0.67081022  0.18024001
   0.64368013  0.91994779  0.38414019
   0.47760541  0.53676282  0.48692246
   0.51553018  0.79343007  0.28111038
   0.84082300  0.83751866  0.11287706
   0.71548200  0.83813326  0.51189274
   0.98010002  0.96132988  0.21526997
   0.78391108  0.58430153  0.31501924
   0.90524000  0.54636000  0.07986000
   0.71388994  0.67044039  0.18007000
   0.97523926  0.91895851  0.38357042
   0.81043003  0.52861026  0.47814761
   0.84878998  0.79292010  0.28054032
   0.91189718  0.70655263  0.41546052
   0.42729893  0.18979016  0.58576964
   0.75946245  0.48953828  0.59282104
