   0.27856378  0.43035690  0.49367810
   0.03971000  0.19194000  0.08602000
   0.31978025  0.44026908  0.28920889
   0.11576021  0.06095138  0.39075762
   0.17987032  0.31650977  0.18743925
   0.26179179  0.18984355  0.48603923
   0.37304000  0.19194000  0.08602000
   0.65181913  0.43812869  0.28668914
   0.45065122  0.06466113  0.39314821
   0.51248065  0.31518074  0.18663003
   0.59294086  0.19494181  0.49140811
   0.70637000  0.19194000  0.08602000
   0.98701868  0.43882055  0.28815944
   0.78224077  0.06229143  0.39162809
   0.84666904  0.31573013  0.18701948
   0.93122193  0.19112973  0.48657369
   0.03971000  0.69194000  0.08602000
   0.31350902  0.94081917  0.29033795
   0.12516272  0.56063762  0.39104355
   0.18008932  0.81666888  0.18761904
   0.25684441  0.69410982  0.48683958
   0.37304000  0.69194000  0.08602000
   0.64622915  0.93975961  0.28956738
   0.45821468  0.56272313  0.39255694
   0.51286894  0.81631901  0.18737877
   0.61025468  0.68537829  0.49350304
   0.70637000  0.69194000  0.08602000
   0.97876878  0.93916931  0.28905744
   0.84630872  0.81600886  0.18704879
   0.90691832  0.68638459  0.48933635
   0.79426384  0.55926566  0.38659667
   0.17926092  0.06467067  0.18573921
   0.03971000  0.44194000  0.08602000
   0.31546195  0.18873173  0.28949838
   0.12757052  0.31226252  0.38922532
   0.51264929  0.06435083  0.18542941
   0.60579151  0.42686069  0.48852308
   0.37304000  0.44194000  0.08602000
   0.64878020  0.18814226  0.28871886
   0.46022252  0.31251590  0.38941005
   0.84613921  0.06462027  0.18535939
   0.94726560  0.42859282  0.49175311
   0.70637000  0.44194000  0.08602000
   0.98221053  0.18824150  0.28891893
   0.79380852  0.31151522  0.38770962
   0.18137979  0.56495999  0.18546956
   0.24725857  0.93709977  0.49551925
   0.03971000  0.94194000  0.08602000
   0.31710755  0.69007884  0.29022905
   0.11054987  0.81646858  0.39348625
   0.51430051  0.56455902  0.18479974
   0.58162702  0.94026523  0.49540832
   0.37304000  0.94194000  0.08602000
   0.64978153  0.68973653  0.28890875
   0.44581308  0.81720337  0.39398855
   0.84805808  0.56456934  0.18482040
   0.91733428  0.93862117  0.49479734
   0.70637000  0.94194000  0.08602000
   0.98424630  0.68979605  0.28868882
   0.77683026  0.81486270  0.39394623
   0.17417000  0.33753000  0.10253000
   0.25961772  0.20458874  0.40223223
   0.07802287  0.32200156  0.50390154
   0.31567923  0.46176980  0.20548027
   0.11529011  0.08357876  0.30654171
   0.23858000  0.04636000  0.06951000
   0.04601880  0.17127931  0.17011067
   0.32701622  0.41684911  0.37271143
   0.11902426  0.04867853  0.47832107
   0.18267907  0.29382872  0.27106087
   0.50750000  0.33753000  0.10253000
   0.59509745  0.20844372  0.40667355
   0.40980487  0.31936438  0.50380373
   0.64830990  0.46051005  0.20370930
   0.44977937  0.08549820  0.30857128
   0.57191000  0.04636000  0.06951000
   0.37881889  0.17034850  0.16978047
   0.66009656  0.41510152  0.36979740
   0.45212716  0.05265976  0.48092082
   0.51558775  0.29257718  0.26999055
   0.84083000  0.33753000  0.10253000
   0.92614669  0.20577173  0.40328930
   0.74259897  0.32662897  0.51482666
   0.98208123  0.46103949  0.20457051
   0.78201068  0.08432871  0.30724110
   0.90524000  0.04636000  0.06951000
   0.71226021  0.17079895  0.16996038
   0.99319098  0.41580629  0.37195148
   0.78606827  0.05182943  0.47904117
   0.84916090  0.29309859  0.27058045
   0.17417000  0.83753000  0.10253000
   0.24513579  0.70951882  0.40472062
   0.04717587  0.82944720  0.50102487
   0.31384045  0.96188973  0.20593119
   0.11747966  0.58486192  0.30710915
   0.23858000  0.54636000  0.06951000
   0.04756030  0.67103078  0.17007027
   0.31103534  0.92160748  0.37484202
   0.14632030  0.54052587  0.47728471
   0.18306068  0.79401154  0.27118093
   0.50750000  0.83753000  0.10253000
   0.57609752  0.71040802  0.41010163
   0.38018318  0.83270930  0.50514099
   0.64698967  0.96153940  0.20535090
   0.45165070  0.58623304  0.30860124
   0.57191000  0.54636000  0.06951000
   0.38071993  0.67081058  0.16989039
   0.64368083  0.91994548  0.37379211
   0.47764250  0.53677843  0.47657522
   0.51553122  0.79343166  0.27076151
   0.84083000  0.83753000  0.10253000
   0.71548494  0.83808574  0.50155080
   0.98010049  0.96132991  0.20492096
   0.78391129  0.58430408  0.30466491
   0.90524000  0.54636000  0.06951000
   0.71389028  0.67044099  0.16972016
   0.97523896  0.91895900  0.37322234
   0.81042611  0.52864118  0.46782132
   0.84879178  0.79292260  0.27019176
   0.91188218  0.70656255  0.40511849
   0.11278428  0.43034738  0.58325194
   0.75949827  0.48953859  0.58247791
