   0.93126207  0.19111902  0.49694124
   0.03971000  0.19194000  0.09637000
   0.31977982  0.44026748  0.29955986
   0.11576413  0.06095063  0.40111502
   0.17987038  0.31650934  0.19779045
   0.26173233  0.18981664  0.49641432
   0.37304000  0.19194000  0.09637000
   0.65182002  0.43812887  0.29704087
   0.45064996  0.06466268  0.40350006
   0.51248092  0.31518060  0.19698118
   0.59292806  0.19493376  0.50176070
   0.70637000  0.19194000  0.09637000
   0.98701773  0.43881849  0.29851924
   0.78224372  0.06229369  0.40198164
   0.84666856  0.31572988  0.19737041
   0.03971000  0.69194000  0.09637000
   0.31351034  0.94082089  0.30069928
   0.12515688  0.56063626  0.40138691
   0.18008951  0.81666943  0.19796985
   0.25685200  0.69412864  0.49718878
   0.37304000  0.69194000  0.09637000
   0.64622999  0.93976100  0.29991873
   0.45821658  0.56272255  0.40290444
   0.51286937  0.81631931  0.19772948
   0.61026036  0.68538099  0.50385093
   0.70637000  0.69194000  0.09637000
   0.97877102  0.93917135  0.29940922
   0.84630896  0.81600939  0.19739949
   0.90691325  0.68638607  0.49968962
   0.79426330  0.55926780  0.39694509
   0.17926122  0.06467042  0.19609020
   0.27853877  0.43032570  0.50402071
   0.03971000  0.44194000  0.09637000
   0.31546043  0.18873065  0.29985042
   0.12757285  0.31225497  0.39957734
   0.51264965  0.06435055  0.19578032
   0.60576934  0.42685323  0.49887145
   0.37304000  0.44194000  0.09637000
   0.64877927  0.18814129  0.29907019
   0.46022211  0.31250910  0.39975990
   0.84613984  0.06462007  0.19571032
   0.94729262  0.42857599  0.50210087
   0.70637000  0.44194000  0.09637000
   0.98221146  0.18823950  0.29927033
   0.79380608  0.31150891  0.39805924
   0.18137998  0.56495948  0.19582006
   0.24724904  0.93711445  0.50586833
   0.03971000  0.94194000  0.09637000
   0.31710880  0.69007998  0.30057855
   0.11054160  0.81647448  0.40383765
   0.51430041  0.56455835  0.19515056
   0.58163598  0.94027491  0.50575788
   0.37304000  0.94194000  0.09637000
   0.64978203  0.68973750  0.29925893
   0.44581541  0.81720732  0.40433801
   0.84805761  0.56456860  0.19517092
   0.91734739  0.93863795  0.50514933
   0.70637000  0.94194000  0.09637000
   0.98424587  0.68979814  0.29903955
   0.77683583  0.81486787  0.40429640
   0.17417000  0.33753000  0.11288000
   0.25962751  0.20459278  0.41257990
   0.07803989  0.32218815  0.51427101
   0.31567906  0.46177017  0.21582909
   0.11528811  0.08357849  0.31688907
   0.23858000  0.04636000  0.07986000
   0.04601799  0.17127945  0.18045981
   0.32701638  0.41685500  0.38306128
   0.11902754  0.04862938  0.48864017
   0.18267900  0.29383056  0.28140980
   0.50750000  0.33753000  0.11288000
   0.59510101  0.20844704  0.41702109
   0.40984397  0.31940751  0.51415220
   0.64830994  0.46051087  0.21405795
   0.44978021  0.08549695  0.31891965
   0.57191000  0.04636000  0.07986000
   0.37881968  0.17034983  0.18012959
   0.66009427  0.41510523  0.38015126
   0.45213442  0.05265648  0.49126850
   0.51558806  0.29257716  0.28033925
   0.84083000  0.33753000  0.11288000
   0.92613511  0.20577623  0.41364032
   0.74262069  0.32664728  0.52518132
   0.98208151  0.46104031  0.21491967
   0.78200948  0.08432819  0.31759006
   0.90524000  0.04636000  0.07986000
   0.71226019  0.17079981  0.18030977
   0.99319445  0.41581420  0.38230268
   0.78604862  0.05181457  0.48938454
   0.84916152  0.29310004  0.28092994
   0.17417000  0.83753000  0.11288000
   0.24513202  0.70951097  0.41507155
   0.04717670  0.82943883  0.51137369
   0.31384009  0.96188923  0.21628009
   0.11748151  0.58486176  0.31746128
   0.23858000  0.54636000  0.07986000
   0.04755988  0.67103087  0.18042005
   0.31103975  0.92160370  0.38519090
   0.14631576  0.54049453  0.48767063
   0.18306031  0.79400982  0.28153050
   0.50750000  0.83753000  0.11288000
   0.57609397  0.71040414  0.42045312
   0.38017977  0.83269790  0.51549045
   0.64699003  0.96153930  0.21569971
   0.45165069  0.58623360  0.31895089
   0.57191000  0.54636000  0.07986000
   0.38071927  0.67081099  0.18023998
   0.64367642  0.91994080  0.38414091
   0.47763078  0.53678500  0.48693052
   0.51553053  0.79343039  0.28111155
   0.84083000  0.83753000  0.11288000
   0.71548041  0.83807845  0.51190056
   0.98009991  0.96132937  0.21526955
   0.78391445  0.58430628  0.31501693
   0.90524000  0.54636000  0.07986000
   0.71388973  0.67044154  0.18006990
   0.97523467  0.91895102  0.38357039
   0.81043241  0.52863750  0.47817152
   0.84878958  0.79292000  0.28054104
   0.91188834  0.70656048  0.41546145
   0.09599363  0.18976247  0.58578605
   0.75947086  0.48953841  0.59282472
