   0.94240219  0.93358850  0.49257267
   0.03971000  0.19194000  0.08602000
   0.31282459  0.43930244  0.28715782
   0.12472138  0.06224327  0.39028474
   0.17994276  0.31519129  0.18521981
   0.25962295  0.19498406  0.48664788
   0.37304000  0.19194000  0.08602000
   0.64707858  0.43954794  0.28737997
   0.45842568  0.06190631  0.38945942
   0.51287822  0.31560477  0.18660549
   0.58839383  0.19343972  0.48717792
   0.70637000  0.19194000  0.08602000
   0.98021326  0.43977349  0.28802329
   0.79150347  0.06191399  0.39100634
   0.84625725  0.31589877  0.18680258
   0.92952385  0.18562733  0.49169028
   0.03971000  0.69194000  0.08602000
   0.31739270  0.93908926  0.28716235
   0.11375383  0.56348288  0.38961570
   0.17969799  0.81517612  0.18547933
   0.25098881  0.69817666  0.48479890
   0.37304000  0.69194000  0.08602000
   0.65149830  0.94064448  0.28820213
   0.44501392  0.56371552  0.38890967
   0.51308593  0.81632607  0.18697350
   0.58703998  0.69712034  0.48388353
   0.70637000  0.69194000  0.08602000
   0.98438452  0.94031258  0.28803720
   0.84604555  0.81613790  0.18693433
   0.91737081  0.69782228  0.48527176
   0.77956870  0.56417783  0.38961376
   0.18094725  0.06395436  0.18427786
   0.24431308  0.44172272  0.49395569
   0.03971000  0.44194000  0.08602000
   0.31636104  0.18902805  0.28774567
   0.11184899  0.31695655  0.39239274
   0.51454800  0.06437608  0.18461478
   0.57197526  0.44500458  0.49469911
   0.37304000  0.44194000  0.08602000
   0.64989202  0.18949365  0.28889309
   0.44684105  0.31706173  0.38913277
   0.84779450  0.06442946  0.18459203
   0.91166639  0.44428144  0.49207215
   0.70637000  0.44194000  0.08602000
   0.98382220  0.18975447  0.28812137
   0.78060253  0.31526524  0.38995256
   0.17959051  0.56427686  0.18442976
   0.27732465  0.93445247  0.49195788
   0.03971000  0.94194000  0.08602000
   0.31454758  0.68900877  0.28749975
   0.12226107  0.81446208  0.38851332
   0.51298855  0.56447628  0.18445978
   0.60807733  0.93309356  0.49290077
   0.37304000  0.94194000  0.08602000
   0.64790367  0.68909853  0.28790432
   0.45539691  0.81479165  0.38803952
   0.84634527  0.56440609  0.18471174
   0.70637000  0.94194000  0.08602000
   0.98142450  0.68923657  0.28780556
   0.78900956  0.81467938  0.38792619
   0.17325224  0.33245935  0.09885426
   0.24762946  0.21098060  0.40417027
   0.04213467  0.33825039  0.50086164
   0.31340202  0.46018114  0.20273643
   0.11778755  0.08570450  0.30645667
   0.23858000  0.04636000  0.06951000
   0.04707513  0.17030485  0.16943994
   0.31037479  0.41996534  0.37143147
   0.14510871  0.04284404  0.47604678
   0.18249466  0.29295592  0.26879307
   0.50750000  0.33753000  0.10253000
   0.58078391  0.21108567  0.40165371
   0.37526451  0.33601685  0.50547827
   0.64711404  0.46099488  0.20379417
   0.45030432  0.08432571  0.30535610
   0.57191000  0.04636000  0.06951000
   0.38025293  0.17028510  0.16969397
   0.64691792  0.42011226  0.37132833
   0.47665848  0.04183266  0.47525555
   0.51552859  0.29316727  0.26978682
   0.84083000  0.33753000  0.10253000
   0.91313845  0.20954692  0.40909613
   0.70525943  0.34242693  0.50805842
   0.98066262  0.46087539  0.20401944
   0.78537767  0.08628669  0.30718599
   0.90524000  0.04636000  0.06951000
   0.71381628  0.17069732  0.16976196
   0.97777315  0.41960117  0.37217341
   0.80738608  0.03719171  0.47478949
   0.84874644  0.29340352  0.27013493
   0.17324302  0.83245608  0.09904123
   0.25540921  0.70698185  0.40111369
   0.07533610  0.82463160  0.50022821
   0.31499373  0.95988628  0.20286427
   0.11482365  0.58453180  0.30549392
   0.23858000  0.54636000  0.06951000
   0.04574873  0.67065287  0.16962626
   0.32095091  0.91853765  0.37120829
   0.11464661  0.55168832  0.47683266
   0.18144915  0.79369444  0.26923629
   0.50750000  0.83753000  0.10253000
   0.58823984  0.70686651  0.40049678
   0.40736226  0.82440893  0.50181720
   0.64887531  0.96136551  0.20463924
   0.44780379  0.58413847  0.30465335
   0.57191000  0.54636000  0.06951000
   0.37951530  0.67123094  0.16999807
   0.65491107  0.91885597  0.37160622
   0.44528237  0.55355349  0.47626413
   0.51486812  0.79431013  0.27029898
   0.84083000  0.83753000  0.10253000
   0.74107186  0.82296391  0.50382941
   0.98221442  0.96096956  0.20412235
   0.78144432  0.58441792  0.30493519
   0.90524000  0.54636000  0.06951000
   0.71273372  0.67088636  0.16983411
   0.98885304  0.91905497  0.37174217
   0.77889173  0.55273723  0.47751950
   0.84807097  0.79425695  0.27039659
   0.92064680  0.70733370  0.40169310
   0.94285860  0.13475568  0.59568593
   0.77144191  0.25752578  0.58152341
