   0.93114032  0.68511314  0.50295369
   0.03971000  0.19194000  0.09637000
   0.31898024  0.43914663  0.29724714
   0.11895496  0.06266527  0.39998784
   0.17986612  0.31552050  0.19580108
   0.24864103  0.19982920  0.49564961
   0.37304000  0.19194000  0.09637000
   0.65256248  0.44073468  0.29804135
   0.45178064  0.06585475  0.40182000
   0.51269712  0.31632240  0.19723982
   0.58061872  0.19530559  0.50092027
   0.70637000  0.19194000  0.09637000
   0.98589048  0.44001028  0.29762126
   0.78446076  0.06364228  0.40019014
   0.84571268  0.31623616  0.19713207
   0.92120521  0.19623085  0.49544629
   0.03971000  0.69194000  0.09637000
   0.31357447  0.94218054  0.29934551
   0.12921594  0.56277349  0.39853101
   0.17910953  0.81700469  0.19763382
   0.26840393  0.69447591  0.49345143
   0.37304000  0.69194000  0.09637000
   0.64758825  0.94110724  0.29850788
   0.46009462  0.56117134  0.39914243
   0.51215208  0.81649629  0.19743502
   0.60180863  0.69324059  0.49402534
   0.70637000  0.69194000  0.09637000
   0.97989768  0.94047820  0.29852813
   0.84551100  0.81640345  0.19731445
   0.79515686  0.56260165  0.40010819
   0.17925008  0.06507961  0.19566482
   0.28511310  0.43522482  0.50151793
   0.03971000  0.44194000  0.09637000
   0.31606397  0.19012100  0.29916749
   0.12743298  0.31350253  0.39847729
   0.51251099  0.06509488  0.19547690
   0.61197286  0.43190084  0.50140337
   0.37304000  0.44194000  0.09637000
   0.64944524  0.19007586  0.29847761
   0.46124734  0.31396717  0.39940411
   0.84584050  0.06479316  0.19521254
   0.95558778  0.43156646  0.49666932
   0.70637000  0.44194000  0.09637000
   0.98281494  0.18953104  0.29818172
   0.79365082  0.31442100  0.39825155
   0.18033623  0.56491625  0.19505682
   0.25447892  0.93999338  0.50434330
   0.03971000  0.94194000  0.09637000
   0.31606625  0.69060027  0.29848281
   0.11187592  0.81825900  0.40320503
   0.51380588  0.56484184  0.19501291
   0.58793472  0.93926568  0.50348627
   0.37304000  0.94194000  0.09637000
   0.64959011  0.69041318  0.29887839
   0.44753388  0.81927405  0.39928826
   0.84716592  0.56506291  0.19517725
   0.92247389  0.93911064  0.50277816
   0.70637000  0.94194000  0.09637000
   0.98308473  0.69089169  0.29866887
   0.78164243  0.81699312  0.40197274
   0.17308316  0.33271294  0.10918008
   0.26130147  0.20565611  0.41085740
   0.08647897  0.31985525  0.50952972
   0.31452939  0.46043632  0.21312368
   0.11609005  0.08468154  0.31565159
   0.23858000  0.04636000  0.07986000
   0.04526941  0.17112745  0.17997678
   0.32674659  0.41715910  0.38108371
   0.12231793  0.05025505  0.48758721
   0.18232501  0.29400296  0.27952746
   0.50750000  0.33753000  0.11288000
   0.59530632  0.20898963  0.41636924
   0.41257344  0.32393288  0.51258695
   0.64836318  0.46151595  0.21418113
   0.45091766  0.08664523  0.31738769
   0.57191000  0.04636000  0.07986000
   0.37859435  0.17137405  0.18024125
   0.65960526  0.41784771  0.38142629
   0.45526830  0.04876223  0.48912115
   0.51596649  0.29476202  0.28053432
   0.84083000  0.33753000  0.11288000
   0.92520673  0.20718009  0.41186895
   0.73944178  0.31876659  0.52359071
   0.98142862  0.46132427  0.21390488
   0.78294264  0.08555369  0.31590029
   0.90524000  0.04636000  0.07986000
   0.71195309  0.17116632  0.18005989
   0.99385860  0.41799194  0.38116434
   0.78941989  0.04902196  0.48787382
   0.84929783  0.29444143  0.28038975
   0.17417000  0.83753000  0.11288000
   0.24910967  0.71267768  0.41175622
   0.05606105  0.83480376  0.51094839
   0.31394886  0.96224949  0.21516133
   0.11708307  0.58597733  0.31508656
   0.23858000  0.54636000  0.07986000
   0.04655415  0.67140613  0.18020838
   0.31145836  0.92366658  0.38344838
   0.15895507  0.54455269  0.48269534
   0.18189538  0.79546548  0.28094424
   0.50750000  0.83753000  0.11288000
   0.57944225  0.71057922  0.41249420
   0.38767276  0.83345554  0.51378570
   0.64685355  0.96163113  0.21454003
   0.45011963  0.58512891  0.31543500
   0.57191000  0.54636000  0.07986000
   0.37975593  0.67112283  0.18020324
   0.64702352  0.92134918  0.38254603
   0.48494903  0.54300463  0.48539419
   0.51519377  0.79475736  0.28081926
   0.84083000  0.83753000  0.11288000
   0.72057006  0.83363455  0.51149266
   0.98010878  0.96148181  0.21442649
   0.78457242  0.58680604  0.31648423
   0.90524000  0.54636000  0.07986000
   0.71297680  0.67108949  0.18006187
   0.97795021  0.92109138  0.38262645
   0.81084832  0.53488502  0.48248502
   0.84799653  0.79461051  0.28062003
   0.91360709  0.71046507  0.41914107
  -0.06886526  0.63744483  0.60286148
   0.81419789  0.44145978  0.59530586
