   0.94085063  0.93451820  0.49182908
   0.03971000  0.19194000  0.08602000
   0.31312624  0.43936635  0.28649166
   0.12506280  0.06280123  0.39048182
   0.18021644  0.31461102  0.18513289
   0.25933474  0.19657348  0.48643245
   0.37304000  0.19194000  0.08602000
   0.64852779  0.43987813  0.28773121
   0.45797764  0.06184015  0.38940256
   0.51243536  0.31590351  0.18688832
   0.58943026  0.19360503  0.48604545
   0.70637000  0.19194000  0.08602000
   0.98072101  0.43986911  0.28809341
   0.79169680  0.06321095  0.39166202
   0.84604741  0.31563286  0.18689224
   0.92414401  0.18652940  0.49451786
   0.03971000  0.69194000  0.08602000
   0.31771077  0.93908717  0.28717579
   0.11657055  0.56297679  0.38967489
   0.17939965  0.81512198  0.18574181
   0.25352857  0.69744396  0.48451250
   0.37304000  0.69194000  0.08602000
   0.65240220  0.94105676  0.28841506
   0.44711828  0.56339474  0.38818701
   0.51313783  0.81615210  0.18706316
   0.58923188  0.69528789  0.48294927
   0.70637000  0.69194000  0.08602000
   0.98530449  0.93998265  0.28831575
   0.84622699  0.81569289  0.18722256
   0.91999366  0.69789967  0.48523184
   0.78236756  0.56471430  0.38954152
   0.18059742  0.06358552  0.18458695
   0.24723166  0.44039355  0.49378886
   0.03971000  0.44194000  0.08602000
   0.31667049  0.18845180  0.28726378
   0.11286935  0.31660498  0.39213365
   0.51431663  0.06412971  0.18478576
   0.57571466  0.44521509  0.49284593
   0.37304000  0.44194000  0.08602000
   0.65058141  0.18975087  0.28883806
   0.44819567  0.31712799  0.38841879
   0.84726028  0.06343840  0.18433322
   0.91701971  0.44426427  0.49238072
   0.70637000  0.44194000  0.08602000
   0.98421705  0.18931279  0.28756365
   0.78174244  0.31544346  0.38996200
   0.17952197  0.56370927  0.18447102
   0.27578284  0.93486381  0.49227444
   0.03971000  0.94194000  0.08602000
   0.31565592  0.68881630  0.28758541
   0.12394774  0.81530264  0.38884035
   0.51317428  0.56390544  0.18470884
   0.60611841  0.93244960  0.49307056
   0.37304000  0.94194000  0.08602000
   0.64926692  0.68867561  0.28768263
   0.45679955  0.81517533  0.38810790
   0.84605498  0.56389225  0.18509369
   0.70637000  0.94194000  0.08602000
   0.98270942  0.68905521  0.28804273
   0.79000023  0.81505954  0.38801992
   0.17292932  0.33252483  0.09918645
   0.24873232  0.21170052  0.40426236
   0.04550880  0.33744373  0.50271212
   0.31366468  0.45968781  0.20231061
   0.11792475  0.08572148  0.30643235
   0.23858000  0.04636000  0.06951000
   0.04660522  0.16965442  0.16983350
   0.31168443  0.41985528  0.37057948
   0.14418072  0.04440738  0.47650221
   0.18297116  0.29278332  0.26847697
   0.50750000  0.33753000  0.10253000
   0.58162960  0.21055321  0.40161650
   0.37937954  0.33561372  0.50537646
   0.64717734  0.46053740  0.20421469
   0.45103073  0.08413815  0.30511562
   0.57191000  0.04636000  0.06951000
   0.37981844  0.17036685  0.17047446
   0.64856932  0.42045280  0.37143970
   0.47537704  0.04262750  0.47548072
   0.51588734  0.29367975  0.27014973
   0.84083000  0.33753000  0.10253000
   0.91396721  0.21038867  0.41031125
   0.70750693  0.34230163  0.50595762
   0.98054011  0.46064554  0.20399814
   0.78585730  0.08714817  0.30822402
   0.90524000  0.04636000  0.06951000
   0.71366250  0.17014361  0.17044966
   0.97923537  0.41925215  0.37221817
   0.80488435  0.03816877  0.47474634
   0.84984948  0.29333367  0.27015558
   0.17304894  0.83245857  0.09952138
   0.25655527  0.70737759  0.40102674
   0.07410370  0.82593557  0.50066820
   0.31495346  0.95983152  0.20295991
   0.11587623  0.58409794  0.30577590
   0.23858000  0.54636000  0.06951000
   0.04579066  0.67016836  0.17024088
   0.32240208  0.91875426  0.37126665
   0.11942812  0.55117442  0.47685290
   0.18254183  0.79346997  0.26948716
   0.50750000  0.83753000  0.10253000
   0.58900134  0.70739342  0.39985787
   0.40528467  0.82484640  0.50187236
   0.64871278  0.96125094  0.20495043
   0.44873912  0.58397485  0.30419978
   0.57191000  0.54636000  0.06951000
   0.37948404  0.67065963  0.17076781
   0.65633412  0.91944889  0.37128587
   0.44840004  0.55191045  0.47527425
   0.51654155  0.79449432  0.27029394
   0.84083000  0.83753000  0.10253000
   0.73969650  0.82293799  0.50278227
   0.98164490  0.96053627  0.20440938
   0.78327722  0.58432298  0.30516481
   0.90524000  0.54636000  0.06951000
   0.71251112  0.67051256  0.17066527
   0.98959844  0.91962397  0.37194899
   0.78254495  0.55297654  0.47685196
   0.84920354  0.79401106  0.27069168
   0.92241864  0.70845898  0.40148989
   0.91322840  0.13877694  0.59619622
   0.74207686  0.26480203  0.58677134
