   0.60314900  0.93360685  0.49469875
   0.03971000  0.19194000  0.08602000
   0.31304866  0.43924906  0.28790932
   0.12238698  0.06101488  0.39079647
   0.17827839  0.31510255  0.18710813
   0.25810455  0.19340807  0.48653589
   0.37304000  0.19194000  0.08602000
   0.64577839  0.43825644  0.28719861
   0.45658898  0.06115097  0.39224100
   0.51121597  0.31481678  0.18662280
   0.58596907  0.18651313  0.49380742
   0.70637000  0.19194000  0.08602000
   0.97869179  0.43954579  0.28872506
   0.78908036  0.06161111  0.39135295
   0.84510719  0.31567054  0.18718794
   0.92003762  0.19343128  0.48827453
   0.03971000  0.69194000  0.08602000
   0.31653409  0.94043558  0.28877218
   0.11583593  0.56242041  0.39062278
   0.17866136  0.81632212  0.18744034
   0.26126844  0.69262751  0.48551193
   0.37304000  0.69194000  0.08602000
   0.64988293  0.93965220  0.28862542
   0.44705750  0.56242663  0.38959266
   0.51217264  0.81585736  0.18759308
   0.58706971  0.69533837  0.48460999
   0.70637000  0.69194000  0.08602000
   0.98319598  0.93927744  0.28863972
   0.84510987  0.81593465  0.18740528
   0.92125881  0.69655944  0.48400725
   0.78140903  0.56229220  0.38930117
   0.17972053  0.06419017  0.18556261
   0.24660777  0.43769160  0.49541874
   0.03971000  0.44194000  0.08602000
   0.31601088  0.18939470  0.28978786
   0.11372210  0.31668385  0.38974297
   0.51291501  0.06447580  0.18556129
   0.58161696  0.43941797  0.49318016
   0.37304000  0.44194000  0.08602000
   0.64851138  0.18910982  0.28949905
   0.44771286  0.31625771  0.39285000
   0.84605142  0.06444740  0.18568794
   0.91746296  0.44243996  0.49379301
   0.70637000  0.44194000  0.08602000
   0.98185901  0.18869218  0.28896995
   0.77837579  0.31549793  0.39235864
   0.17820255  0.56469861  0.18560812
   0.27015165  0.93267142  0.49526327
   0.03971000  0.94194000  0.08602000
   0.31390531  0.68921627  0.28894012
   0.12360019  0.81444675  0.38967881
   0.51160501  0.56435857  0.18525498
   0.37304000  0.94194000  0.08602000
   0.64800186  0.68827834  0.28902260
   0.45564958  0.81446011  0.38927167
   0.84544983  0.56493393  0.18612070
   0.93949822  0.93449568  0.49269771
   0.70637000  0.94194000  0.08602000
   0.98182949  0.68894390  0.28928421
   0.78889234  0.81446261  0.38934312
   0.17417000  0.33753000  0.10253000
   0.24550640  0.20919433  0.40445199
   0.04008103  0.33083768  0.51216508
   0.31256419  0.46050482  0.20407046
   0.11625352  0.08440784  0.30714416
   0.23858000  0.04636000  0.06951000
   0.04543986  0.17007172  0.16956605
   0.31265213  0.41938931  0.37233203
   0.13922631  0.04394300  0.47764981
   0.18071727  0.29284301  0.27053393
   0.50750000  0.33753000  0.10253000
   0.58076483  0.20890414  0.41010123
   0.37894921  0.33208517  0.50282941
   0.64543514  0.46055561  0.20364841
   0.44976685  0.08561170  0.30825064
   0.57191000  0.04636000  0.06951000
   0.37874024  0.16975538  0.16920898
   0.64543045  0.41836284  0.37145371
   0.46625368  0.03749801  0.47566126
   0.51434834  0.29246541  0.26957837
   0.84083000  0.33753000  0.10253000
   0.91414747  0.21029624  0.40614126
   0.71674243  0.33639269  0.50410367
   0.97919513  0.46071746  0.20466855
   0.78302268  0.08522461  0.30763553
   0.90524000  0.04636000  0.06951000
   0.71230766  0.17049361  0.16943060
   0.97770360  0.41951350  0.37325992
   0.80675231  0.04287813  0.47722035
   0.84760081  0.29315050  0.27054616
   0.17417000  0.83753000  0.10253000
   0.25561304  0.70635789  0.40237914
   0.07048254  0.82603431  0.50144842
   0.31422052  0.96100462  0.20481540
   0.11479494  0.58359293  0.30663650
   0.23858000  0.54636000  0.06951000
   0.04469366  0.67156875  0.16971892
   0.32131400  0.91797080  0.37193703
   0.12001665  0.54906007  0.47766889
   0.18032806  0.79405196  0.27056181
   0.50750000  0.83753000  0.10253000
   0.58777159  0.70597915  0.40132712
   0.40391652  0.82388720  0.50600255
   0.64706092  0.96069500  0.20515501
   0.44724821  0.58415327  0.30549948
   0.57191000  0.54636000  0.06951000
   0.37840108  0.67120933  0.16973191
   0.65446909  0.91882859  0.37233473
   0.45137312  0.54971920  0.47710006
   0.51425849  0.79379870  0.27105890
   0.84083000  0.83753000  0.10253000
   0.73948009  0.82542243  0.49954565
   0.98018049  0.96077964  0.20497718
   0.78129181  0.58227419  0.30481210
   0.90524000  0.54636000  0.06951000
   0.71134644  0.67100413  0.16959446
   0.98862432  0.91851145  0.37248111
   0.78589138  0.55083315  0.47714796
   0.84766522  0.79352718  0.27074381
   0.92162638  0.70598344  0.40122694
   0.57849683  0.14555536  0.59373318
   0.80788134  0.30394740  0.59457580
