   0.93138490  0.68591680  0.50362347
   0.03971000  0.19194000  0.09637000
   0.31810865  0.43871512  0.29723591
   0.11860965  0.06325986  0.39989104
   0.17955682  0.31522855  0.19576183
   0.25032885  0.19983610  0.49556976
   0.37304000  0.19194000  0.09637000
   0.65208859  0.44056024  0.29854775
   0.45185728  0.06599412  0.40102220
   0.51275850  0.31647020  0.19746792
   0.58245505  0.19409249  0.50037183
   0.70637000  0.19194000  0.09637000
   0.98514074  0.43984258  0.29774431
   0.78430563  0.06387330  0.39994243
   0.84539948  0.31605981  0.19718957
   0.92145986  0.19755118  0.49517673
   0.03971000  0.69194000  0.09637000
   0.31264108  0.94134625  0.29902761
   0.12851150  0.56269080  0.39877429
   0.17881154  0.81637801  0.19735844
   0.26886070  0.69600415  0.49367597
   0.37304000  0.69194000  0.09637000
   0.64701002  0.94043171  0.29831858
   0.45946249  0.56117222  0.39903944
   0.51184628  0.81604406  0.19726363
   0.60097932  0.69398285  0.49351198
   0.70637000  0.69194000  0.09637000
   0.97958869  0.94020497  0.29871908
   0.84533947  0.81613154  0.19740022
   0.79323128  0.56284518  0.40062202
   0.17893049  0.06468060  0.19564324
   0.28549250  0.43566550  0.50149745
   0.03971000  0.44194000  0.09637000
   0.31573908  0.18972213  0.29893525
   0.12688488  0.31403813  0.39854978
   0.51214993  0.06473686  0.19545728
   0.61249981  0.43235899  0.50276045
   0.37304000  0.44194000  0.09637000
   0.64883739  0.18959347  0.29822370
   0.46048329  0.31417439  0.39943746
   0.84543126  0.06439723  0.19529141
   0.95656845  0.43246753  0.49633939
   0.70637000  0.44194000  0.09637000
   0.98229781  0.18928709  0.29807769
   0.79277142  0.31456828  0.39774133
   0.18005043  0.56444967  0.19491935
   0.25503337  0.94101130  0.50414121
   0.03971000  0.94194000  0.09637000
   0.31537642  0.68988494  0.29832852
   0.11148447  0.81814651  0.40335508
   0.51363299  0.56473538  0.19524032
   0.58877284  0.94055174  0.50280886
   0.37304000  0.94194000  0.09637000
   0.64916656  0.68997878  0.29929634
   0.44680579  0.81923373  0.39890384
   0.84694803  0.56489544  0.19545570
   0.92286121  0.94032238  0.50254522
   0.70637000  0.94194000  0.09637000
   0.98277388  0.69057442  0.29911649
   0.78113644  0.81696319  0.40184508
   0.17310755  0.33260815  0.10911229
   0.26069897  0.20612705  0.41052129
   0.08786317  0.31985668  0.50952004
   0.31422298  0.46000732  0.21301646
   0.11552192  0.08452203  0.31565943
   0.23858000  0.04636000  0.07986000
   0.04497395  0.17073500  0.17996638
   0.32560771  0.41760347  0.38127134
   0.12387261  0.05094653  0.48717453
   0.18189372  0.29350081  0.27948128
   0.50750000  0.33753000  0.11288000
   0.59523055  0.20889669  0.41572201
   0.41255753  0.32459988  0.51219738
   0.64814314  0.46181637  0.21485586
   0.45024925  0.08574087  0.31661069
   0.57191000  0.04636000  0.07986000
   0.37860654  0.17117084  0.18027085
   0.65814036  0.41813461  0.38180887
   0.45574886  0.04927038  0.48824509
   0.51551699  0.29455372  0.28082220
   0.84083000  0.33753000  0.11288000
   0.92504055  0.20750604  0.41156480
   0.73910404  0.31769634  0.52416847
   0.98131461  0.46098369  0.21392362
   0.78236741  0.08500647  0.31567227
   0.90524000  0.04636000  0.07986000
   0.71176373  0.17084561  0.18017252
   0.99274391  0.41823422  0.38144117
   0.79006810  0.05038738  0.48743301
   0.84864308  0.29411861  0.28055835
   0.17417000  0.83753000  0.11288000
   0.24839313  0.71271700  0.41205845
   0.05598125  0.83598398  0.51066868
   0.31347930  0.96148853  0.21482587
   0.11640927  0.58564678  0.31538975
   0.23858000  0.54636000  0.07986000
   0.04629295  0.67104543  0.18008942
   0.31127415  0.92359597  0.38327728
   0.15932245  0.54538263  0.48303702
   0.18167125  0.79476491  0.28058623
   0.50750000  0.83753000  0.11288000
   0.57876511  0.71064531  0.41188384
   0.38837255  0.83480851  0.51319718
   0.64624600  0.96110829  0.21441159
   0.44926954  0.58464058  0.31519994
   0.57191000  0.54636000  0.07986000
   0.37939520  0.67080174  0.18003989
   0.64673420  0.92153632  0.38226527
   0.48514263  0.54378644  0.48564134
   0.51467494  0.79398054  0.28056315
   0.84083000  0.83753000  0.11288000
   0.72038216  0.83468462  0.51061445
   0.97981869  0.96118044  0.21463032
   0.78416404  0.58663800  0.31694841
   0.90524000  0.54636000  0.07986000
   0.71281692  0.67099685  0.18006872
   0.97763900  0.92122098  0.38285480
   0.81118534  0.53534272  0.48316247
   0.84786180  0.79426161  0.28076793
   0.91312785  0.71044396  0.41915445
  -0.06304598  0.63710801  0.60376735
   0.82091622  0.43882575  0.59689933
