   0.28203052  0.43207286  0.49004123
   0.03971000  0.19194000  0.08602000
   0.31666459  0.43878822  0.28821144
   0.11739682  0.05807461  0.38851589
   0.17873792  0.31531520  0.18725949
   0.26093457  0.19265704  0.48224117
   0.37304000  0.19194000  0.08602000
   0.64972352  0.43708633  0.28597273
   0.45108176  0.06010344  0.38812790
   0.51120690  0.31388603  0.18662682
   0.59730718  0.19223105  0.48235449
   0.70637000  0.19194000  0.08602000
   0.98331250  0.43901359  0.28836293
   0.78414161  0.06059185  0.38832413
   0.84578387  0.31526795  0.18700303
   0.93223330  0.19401941  0.48232923
   0.03971000  0.69194000  0.08602000
   0.31254348  0.93779781  0.28663415
   0.12087664  0.55942360  0.39121659
   0.17918937  0.81484528  0.18517848
   0.26680325  0.69094092  0.48576378
   0.37304000  0.69194000  0.08602000
   0.64627224  0.93729781  0.28673798
   0.46246635  0.56000130  0.38961861
   0.51228446  0.81428072  0.18533395
   0.60024092  0.69048969  0.48666076
   0.70637000  0.69194000  0.08602000
   0.97928908  0.93734905  0.28690552
   0.84595250  0.81479846  0.18503588
   0.93198877  0.69370725  0.49297661
   0.78751458  0.56240786  0.38498405
   0.18017443  0.06334660  0.18433949
   0.03971000  0.44194000  0.08602000
   0.31470683  0.18671621  0.28827951
   0.12303374  0.31278430  0.38750829
   0.51388529  0.06319416  0.18420539
   0.61753571  0.43151955  0.49468369
   0.37304000  0.44194000  0.08602000
   0.64835920  0.18734776  0.28811549
   0.45643900  0.31409587  0.38885074
   0.84673983  0.06359028  0.18434622
   0.94996347  0.43383709  0.50273891
   0.70637000  0.44194000  0.08602000
   0.98125030  0.18716052  0.28789818
   0.79035340  0.31478382  0.38892578
   0.17916248  0.56370192  0.18500315
   0.26013870  0.93726051  0.49223929
   0.03971000  0.94194000  0.08602000
   0.31527668  0.68784312  0.28808010
   0.11001616  0.81098997  0.39096854
   0.51219359  0.56281927  0.18432600
   0.59254399  0.93669313  0.49190880
   0.37304000  0.94194000  0.08602000
   0.64829412  0.68777107  0.28543826
   0.44574669  0.81492316  0.38947878
   0.84546035  0.56386541  0.18583173
   0.92626731  0.93837631  0.49266813
   0.70637000  0.94194000  0.08602000
   0.98296565  0.68850711  0.28585031
   0.77961681  0.81229238  0.39121664
   0.17417000  0.33753000  0.10253000
   0.25446285  0.20357048  0.39873665
   0.08081434  0.32329978  0.50154652
   0.31306849  0.46036323  0.20440447
   0.11378227  0.08103995  0.30442491
   0.23858000  0.04636000  0.06951000
   0.04681127  0.17023618  0.16952703
   0.32171209  0.41849375  0.37175621
   0.12750053  0.04669137  0.47569682
   0.18149773  0.29196829  0.27040928
   0.50750000  0.33753000  0.10253000
   0.59008477  0.20510412  0.39922210
   0.41566215  0.32212543  0.49313485
   0.64542689  0.45849445  0.20237838
   0.44849156  0.08145057  0.30413361
   0.57191000  0.04636000  0.06951000
   0.37951632  0.16926751  0.16937777
   0.65686279  0.41862136  0.36997294
   0.46156767  0.04657966  0.47483589
   0.51400237  0.29123306  0.26979989
   0.84083000  0.33753000  0.10253000
   0.92301454  0.20520059  0.39940503
   0.74840067  0.32320464  0.49799620
   0.98053836  0.46034097  0.20444269
   0.78152563  0.08168532  0.30407143
   0.90524000  0.04636000  0.06951000
   0.71321240  0.16990380  0.16930993
   0.98900861  0.41702424  0.37189895
   0.79501810  0.04821831  0.47552199
   0.84819260  0.29246273  0.26998644
   0.17346349  0.83304352  0.09900911
   0.24663418  0.70715791  0.40390984
   0.06015355  0.83340331  0.50300147
   0.31410555  0.95909889  0.20217238
   0.11568740  0.58487909  0.30655611
   0.23858000  0.54636000  0.06951000
   0.04520349  0.67002742  0.16937939
   0.30918765  0.91690811  0.37075026
   0.14529353  0.54213057  0.47840070
   0.18166650  0.79215103  0.26848222
   0.50662940  0.83308723  0.09927301
   0.57901852  0.70936147  0.40423778
   0.39177950  0.83003393  0.50202533
   0.64742305  0.95885045  0.20220407
   0.45052096  0.58414245  0.30563738
   0.57191000  0.54636000  0.06951000
   0.37854851  0.66923883  0.16919101
   0.64612282  0.91737107  0.37093582
   0.48611065  0.54000905  0.47509043
   0.51327092  0.79196277  0.26869017
   0.84033207  0.83305724  0.09895287
   0.72604130  0.83122472  0.50185531
   0.98065965  0.95948329  0.20231643
   0.78390531  0.58364479  0.29737324
   0.90524000  0.54636000  0.06951000
   0.71136486  0.66990299  0.16923230
   0.97727796  0.91440590  0.37136353
   0.82101173  0.54753104  0.51197890
   0.84764999  0.79314701  0.26835357
   0.90894559  0.70180805  0.41001301
   0.50464984  0.51789328  0.66341628
   0.68302724  0.55313274  0.58995438
