   0.93955186  0.18722049  0.49683085
   0.03971000  0.19194000  0.09637000
   0.30957090  0.44137524  0.29842210
   0.13078502  0.06204542  0.40105397
   0.17839433  0.31593637  0.19733035
   0.25717517  0.19547156  0.49858537
   0.37304000  0.19194000  0.09637000
   0.64346819  0.44140445  0.29880304
   0.46331656  0.06345782  0.40183886
   0.51164042  0.31641580  0.19736303
   0.59068190  0.19418429  0.49935209
   0.70637000  0.19194000  0.09637000
   0.97596856  0.44184383  0.29796658
   0.79730331  0.06094412  0.39910694
   0.84585715  0.31597463  0.19723980
   0.03971000  0.69194000  0.09637000
   0.32024923  0.94142536  0.29935456
   0.11124797  0.56640275  0.39943585
   0.17885194  0.81722082  0.19767432
   0.25661073  0.70138041  0.49534117
   0.37304000  0.69194000  0.09637000
   0.65328643  0.93956796  0.29783991
   0.44512579  0.56589762  0.40012194
   0.51186876  0.81641396  0.19718740
   0.59044255  0.69767563  0.49602621
   0.70637000  0.69194000  0.09637000
   0.98704537  0.94016933  0.29872696
   0.84527048  0.81668071  0.19743909
   0.92316613  0.69650597  0.49709458
   0.77734226  0.56564330  0.40093836
   0.18031000  0.06474292  0.19549537
   0.24285313  0.44612981  0.50325431
   0.03971000  0.44194000  0.09637000
   0.31613398  0.19066225  0.29918639
   0.10688835  0.32016470  0.40214099
   0.51362881  0.06450601  0.19504524
   0.56936113  0.44598502  0.50896401
   0.37304000  0.44194000  0.09637000
   0.64945497  0.18987741  0.29793713
   0.44090299  0.32025904  0.40238503
   0.84700406  0.06474238  0.19553787
   0.90650046  0.44590189  0.50124500
   0.70637000  0.44194000  0.09637000
   0.98297788  0.19036088  0.29858705
   0.77553263  0.31823139  0.40032473
   0.17768614  0.56506638  0.19512566
   0.29286745  0.93321893  0.50310948
   0.03971000  0.94194000  0.09637000
   0.31373104  0.69025437  0.29844930
   0.12974246  0.81389175  0.39875168
   0.51099792  0.56495428  0.19529112
   0.62724395  0.93229076  0.50175798
   0.37304000  0.94194000  0.09637000
   0.64729511  0.69013815  0.29898731
   0.46364266  0.81468124  0.39832473
   0.84455401  0.56520957  0.19531391
   0.95940369  0.93122836  0.50250050
   0.70637000  0.94194000  0.09637000
   0.98040653  0.69044868  0.29879437
   0.79642677  0.81333662  0.39883394
   0.17417000  0.33753000  0.11288000
   0.24233581  0.21347244  0.41651190
   0.04106749  0.34240786  0.50522284
   0.31158235  0.46151929  0.21468482
   0.11759046  0.08645620  0.31755473
   0.23858000  0.04636000  0.07986000
   0.04596753  0.17080745  0.18022140
   0.30639518  0.42331429  0.38297636
   0.16047780  0.04059411  0.48612720
   0.18167619  0.29405843  0.28079056
   0.50750000  0.33753000  0.11288000
   0.57549331  0.21450261  0.41818502
   0.37094578  0.33809193  0.51658348
   0.64562717  0.46175425  0.21474651
   0.45111953  0.08753948  0.31835058
   0.57191000  0.04636000  0.07986000
   0.37948057  0.17088313  0.18029884
   0.64055289  0.42204150  0.38367537
   0.49340937  0.04205526  0.48772791
   0.51517823  0.29431869  0.28086184
   0.84083000  0.33753000  0.11288000
   0.90674864  0.21154768  0.41531830
   0.69607373  0.33747151  0.52486532
   0.97866400  0.46149949  0.21433655
   0.78381569  0.08597019  0.31571022
   0.90524000  0.04636000  0.07986000
   0.71280637  0.17076026  0.18020405
   0.97241483  0.42286612  0.38157569
   0.82611225  0.03612407  0.48278343
   0.84794097  0.29409741  0.28048028
   0.17417000  0.83753000  0.11288000
   0.26405150  0.70678799  0.41023801
   0.09126678  0.82047131  0.51222380
   0.31518278  0.96208473  0.21548582
   0.11392784  0.58560570  0.31498476
   0.23858000  0.54636000  0.07986000
   0.04438693  0.67188495  0.18048292
   0.32927815  0.91987822  0.38354477
   0.11502666  0.55787555  0.48629601
   0.18104351  0.79619702  0.28141853
   0.50750000  0.83753000  0.11288000
   0.59527412  0.70588257  0.41134219
   0.42561931  0.82346326  0.51151076
   0.64838867  0.96102271  0.21432283
   0.44741178  0.58482410  0.31568696
   0.57191000  0.54636000  0.07986000
   0.37736469  0.67135979  0.18031784
   0.66262785  0.91716965  0.38144963
   0.44593886  0.55485828  0.48839308
   0.51395220  0.79454108  0.28071868
   0.84083000  0.83753000  0.11288000
   0.75721513  0.82053995  0.51157147
   0.98178068  0.96135469  0.21503078
   0.78040633  0.58527624  0.31634252
   0.90524000  0.54636000  0.07986000
   0.71096076  0.67156217  0.18044292
   0.99602305  0.91769959  0.38254054
   0.77426617  0.55417530  0.48953118
   0.84728303  0.79507394  0.28120911
   0.92896056  0.70543669  0.41211132
   0.00653209  0.14693799  0.59871207
   0.82361506  0.26713351  0.58870746
