   0.92579145  0.69037543  0.49424386
   0.03971000  0.19194000  0.09637000
   0.31888976  0.43919994  0.29907354
   0.11497574  0.06047666  0.40138412
   0.17969564  0.31620571  0.19787267
   0.25963046  0.18900489  0.49631040
   0.37304000  0.19194000  0.09637000
   0.65199105  0.43779249  0.29741026
   0.45067955  0.06422860  0.40314591
   0.51239778  0.31499426  0.19712794
   0.59298042  0.19386378  0.50076253
   0.70637000  0.19194000  0.09637000
   0.98624348  0.43899622  0.29866623
   0.78277322  0.06157589  0.40236323
   0.84637764  0.31565081  0.19749112
   0.92921423  0.18905043  0.49695296
   0.03971000  0.69194000  0.09637000
   0.31370024  0.94081850  0.30043051
   0.12581647  0.56043197  0.40094575
   0.17987064  0.81652186  0.19799472
   0.25563478  0.69530955  0.49702395
   0.37304000  0.69194000  0.09637000
   0.64628109  0.93996714  0.29956309
   0.45578021  0.55925861  0.40112548
   0.51262524  0.81610912  0.19770852
   0.58718476  0.69052042  0.49598389
   0.70637000  0.69194000  0.09637000
   0.97933804  0.93949717  0.29897489
   0.84600575  0.81589559  0.19737404
   0.78945178  0.55879242  0.39866162
   0.17926730  0.06470457  0.19611330
   0.27608705  0.43016812  0.50434816
   0.03971000  0.44194000  0.09637000
   0.31553975  0.18863088  0.29982359
   0.12606978  0.31197891  0.40028019
   0.51258894  0.06444539  0.19591400
   0.60556010  0.43022689  0.50215303
   0.37304000  0.44194000  0.09637000
   0.64904143  0.18805486  0.29916959
   0.45989180  0.31209560  0.40012686
   0.84610954  0.06465095  0.19582269
   0.94703699  0.43128813  0.50404053
   0.70637000  0.44194000  0.09637000
   0.98245967  0.18816216  0.29942693
   0.79346734  0.31147103  0.39888341
   0.18110847  0.56494933  0.19586049
   0.25428056  0.93935909  0.50505922
   0.03971000  0.94194000  0.09637000
   0.31670005  0.68997353  0.30022411
   0.11062338  0.81759416  0.40381038
   0.51399404  0.56447945  0.19528868
   0.58550156  0.93922247  0.50526024
   0.37304000  0.94194000  0.09637000
   0.64967960  0.68913896  0.29937253
   0.44460906  0.81709616  0.40220630
   0.84775370  0.56467388  0.19549507
   0.92004853  0.93510608  0.51274002
   0.70637000  0.94194000  0.09637000
   0.98356037  0.68963046  0.29947321
   0.77712088  0.81685280  0.40344605
   0.17417000  0.33753000  0.11288000
   0.25909732  0.20410737  0.41269826
   0.07621480  0.32234118  0.51326388
   0.31531476  0.46146903  0.21544763
   0.11591184  0.08375535  0.31670499
   0.23858000  0.04636000  0.07986000
   0.04567192  0.17111391  0.18028907
   0.32515598  0.41534393  0.38276456
   0.11871977  0.04867357  0.48939478
   0.18265548  0.29369428  0.28134726
   0.50750000  0.33753000  0.11288000
   0.59421477  0.20723990  0.41637194
   0.40922724  0.32023972  0.51314558
   0.64824975  0.46026482  0.21385263
   0.44991954  0.08519869  0.31860394
   0.57191000  0.04636000  0.07986000
   0.37866077  0.17028603  0.17997480
   0.65882223  0.41521739  0.38172196
   0.45394944  0.05192827  0.49143427
   0.51595700  0.29269839  0.28046592
   0.84083000  0.33753000  0.11288000
   0.92516188  0.20525200  0.41367944
   0.74249387  0.32630463  0.52014553
   0.98201848  0.46095238  0.21487908
   0.78223294  0.08425945  0.31746147
   0.90524000  0.04636000  0.07986000
   0.71212830  0.17074974  0.18016352
   0.99199233  0.41662596  0.38276894
   0.78722764  0.04839214  0.49022665
   0.84935429  0.29320593  0.28102723
   0.17417000  0.83753000  0.11288000
   0.24523387  0.70926218  0.41460687
   0.05880050  0.82835983  0.50102763
   0.31394229  0.96180068  0.21604818
   0.11756984  0.58478027  0.31728201
   0.23858000  0.54636000  0.07986000
   0.04714015  0.67101182  0.18027341
   0.31115062  0.92194966  0.38495375
   0.14463132  0.54121401  0.48773614
   0.18271977  0.79381909  0.28143855
   0.50750000  0.83753000  0.11288000
   0.57504649  0.70767866  0.41390941
   0.38420204  0.83147872  0.51520411
   0.64704968  0.96140614  0.21544122
   0.45034670  0.58458575  0.31743856
   0.57191000  0.54636000  0.07986000
   0.38024980  0.67080075  0.18009489
   0.64248761  0.92068528  0.38371735
   0.47559303  0.53936285  0.48732343
   0.51539147  0.79314422  0.28105084
   0.84083000  0.83753000  0.11288000
   0.71407117  0.82938963  0.50572128
   0.98025307  0.96123918  0.21497677
   0.78359197  0.58313865  0.31521652
   0.90524000  0.54636000  0.07986000
   0.71339501  0.67051298  0.17998905
   0.97536093  0.91941632  0.38258804
   0.81116503  0.53901056  0.48795491
   0.84826998  0.79256239  0.28040967
   0.90821496  0.70554116  0.41212599
   0.89011377  0.86432695  0.61887178
   0.76913510  0.48994916  0.59792055
