   0.27906278  0.43366806  0.49614507
   0.03971000  0.19194000  0.08602000
   0.31981914  0.44014027  0.28926516
   0.11579048  0.06140709  0.39071187
   0.17988227  0.31642408  0.18747773
   0.26059899  0.18969880  0.48602245
   0.37304000  0.19194000  0.08602000
   0.65167548  0.43781405  0.28646413
   0.45050214  0.06475356  0.39306355
   0.51244845  0.31514079  0.18671156
   0.59252248  0.19494029  0.49073533
   0.70637000  0.19194000  0.08602000
   0.98692393  0.43893298  0.28840119
   0.78277464  0.06290623  0.39144630
   0.84657369  0.31574019  0.18708848
   0.92428229  0.18571056  0.48625936
   0.03971000  0.69194000  0.08602000
   0.31340044  0.94080260  0.29030665
   0.12582179  0.56080352  0.38993821
   0.18010625  0.81661793  0.18765999
   0.25809917  0.69352696  0.48701195
   0.37304000  0.69194000  0.08602000
   0.64624597  0.93982117  0.28950927
   0.45785116  0.56175354  0.39227228
   0.51281153  0.81625793  0.18741148
   0.59628212  0.68952314  0.48868067
   0.70637000  0.69194000  0.08602000
   0.97883178  0.93932587  0.28906731
   0.84626230  0.81599389  0.18709440
   0.92088027  0.68795958  0.48561827
   0.79348050  0.55920270  0.38720815
   0.17921683  0.06456025  0.18569607
   0.03971000  0.44194000  0.08602000
   0.31537568  0.18850989  0.28943581
   0.12725695  0.31176969  0.38926412
   0.51255246  0.06426705  0.18541776
   0.60712499  0.42615703  0.48962696
   0.37304000  0.44194000  0.08602000
   0.64893793  0.18800316  0.28868387
   0.45954999  0.31241518  0.38974412
   0.84600736  0.06445636  0.18534899
   0.94761483  0.42986445  0.49335165
   0.70637000  0.44194000  0.08602000
   0.98226331  0.18804455  0.28895440
   0.79430957  0.31111779  0.38791925
   0.18128034  0.56492686  0.18544405
   0.24755592  0.93731602  0.49540932
   0.03971000  0.94194000  0.08602000
   0.31673062  0.69005709  0.29006998
   0.11108127  0.81644541  0.39266269
   0.51421920  0.56444269  0.18476047
   0.58264616  0.93842895  0.49542385
   0.37304000  0.94194000  0.08602000
   0.64976836  0.68965380  0.28858439
   0.44557006  0.81767893  0.39374844
   0.84799475  0.56448614  0.18494356
   0.91616595  0.93751505  0.49447837
   0.70637000  0.94194000  0.08602000
   0.98419233  0.68953790  0.28838093
   0.77713465  0.81591248  0.39315628
   0.17417000  0.33753000  0.10253000
   0.26027514  0.20436954  0.40197624
   0.08132690  0.31501149  0.49510238
   0.31563938  0.46175264  0.20540318
   0.11533593  0.08347717  0.30647127
   0.23858000  0.04636000  0.06951000
   0.04583913  0.17124278  0.17013048
   0.32699051  0.41729393  0.37261081
   0.11936676  0.04660945  0.47838949
   0.18269343  0.29384067  0.27096722
   0.50750000  0.33753000  0.10253000
   0.59486246  0.20765331  0.40705702
   0.41118556  0.32055902  0.50246587
   0.64815425  0.46040831  0.20352145
   0.44982021  0.08528329  0.30856568
   0.57191000  0.04636000  0.06951000
   0.37874675  0.17031918  0.16975989
   0.66020633  0.41461749  0.36921129
   0.45262559  0.05239169  0.48089126
   0.51538998  0.29242448  0.26984876
   0.84083000  0.33753000  0.10253000
   0.92502430  0.20486157  0.40271130
   0.74053588  0.32577938  0.51186612
   0.98218252  0.46096510  0.20452123
   0.78186021  0.08415617  0.30713692
   0.90524000  0.04636000  0.06951000
   0.71223598  0.17069552  0.16992595
   0.99257391  0.41598726  0.37174916
   0.78338045  0.04761734  0.47923274
   0.84920148  0.29307582  0.27043031
   0.17417000  0.83753000  0.10253000
   0.24660613  0.71127172  0.40461140
   0.04409352  0.82760950  0.50229443
   0.31393774  0.96189101  0.20589502
   0.11714199  0.58493583  0.30709275
   0.23858000  0.54636000  0.06951000
   0.04743133  0.67103519  0.17003566
   0.31052728  0.92173189  0.37485905
   0.14465768  0.54126264  0.47231367
   0.18282252  0.79405786  0.27121308
   0.50750000  0.83753000  0.10253000
   0.57734984  0.70996295  0.40864881
   0.37962313  0.83255012  0.50513494
   0.64683992  0.96149589  0.20524705
   0.45159162  0.58648144  0.30869075
   0.57191000  0.54636000  0.06951000
   0.38069463  0.67080420  0.16989396
   0.64361270  0.91924845  0.37397180
   0.48409146  0.53928900  0.47747444
   0.51561768  0.79341858  0.27088072
   0.84083000  0.83753000  0.10253000
   0.71706044  0.83103784  0.50396313
   0.98012916  0.96134840  0.20482750
   0.78383387  0.58431335  0.30361893
   0.90524000  0.54636000  0.06951000
   0.71380594  0.67051390  0.16968824
   0.97553290  0.91885043  0.37335461
   0.80900574  0.53734699  0.47358176
   0.84885149  0.79312640  0.27032116
   0.90835445  0.70799641  0.40494446
   0.10765735  0.44076848  0.59797193
   0.77001490  0.48873482  0.58480207
