   0.60533280  0.43163422  0.49285842
   0.03971000  0.19194000  0.08602000
   0.31812381  0.43862367  0.28906833
   0.11538547  0.06182196  0.39081034
   0.17937646  0.31637743  0.18753708
   0.26097801  0.19198792  0.48552738
   0.37304000  0.19194000  0.08602000
   0.65176676  0.43691100  0.28668207
   0.44955877  0.06204568  0.39237607
   0.51186174  0.31443851  0.18667767
   0.59287836  0.19111875  0.48764038
   0.70637000  0.19194000  0.08602000
   0.98463996  0.43886704  0.28868489
   0.78221217  0.06175625  0.39143291
   0.84642304  0.31569994  0.18713825
   0.92713552  0.19021422  0.48635031
   0.03971000  0.69194000  0.08602000
   0.31318814  0.94082953  0.28984393
   0.12208151  0.56014169  0.39099951
   0.17963897  0.81633194  0.18781368
   0.25908957  0.69168870  0.48640572
   0.37304000  0.69194000  0.08602000
   0.64581407  0.94007721  0.28923684
   0.45958653  0.55984344  0.39058769
   0.51253014  0.81607674  0.18751943
   0.59219658  0.69271238  0.48664643
   0.70637000  0.69194000  0.08602000
   0.97919607  0.94008322  0.28869464
   0.84582906  0.81601329  0.18718906
   0.92582245  0.69349824  0.48848812
   0.78788935  0.56012981  0.38739958
   0.17919074  0.06471828  0.18574222
   0.27535751  0.43178506  0.49400098
   0.03971000  0.44194000  0.08602000
   0.31601178  0.18868254  0.28951512
   0.12633915  0.31208464  0.39080520
   0.51252551  0.06427985  0.18562694
   0.37304000  0.44194000  0.08602000
   0.64911361  0.18820659  0.28916361
   0.46040580  0.31233095  0.39004346
   0.84592813  0.06470590  0.18545615
   0.94832741  0.43121469  0.49640201
   0.70637000  0.44194000  0.08602000
   0.98252268  0.18868030  0.28914042
   0.79265013  0.31279439  0.39098990
   0.18088715  0.56480035  0.18571199
   0.25261951  0.93761876  0.49520061
   0.03971000  0.94194000  0.08602000
   0.31620652  0.68931547  0.28993942
   0.10915645  0.81528020  0.39094993
   0.51385779  0.56405636  0.18486777
   0.58500569  0.93657431  0.49647210
   0.37304000  0.94194000  0.08602000
   0.64906568  0.68784868  0.28763614
   0.44352689  0.81669007  0.39142251
   0.84740452  0.56485586  0.18660495
   0.91803102  0.93611811  0.49504500
   0.70637000  0.94194000  0.08602000
   0.98304033  0.68896882  0.28825339
   0.77720276  0.81458173  0.39012939
   0.17417000  0.33753000  0.10253000
   0.25984463  0.20408404  0.40241149
   0.07653101  0.32140673  0.50098182
   0.31484198  0.46138399  0.20514229
   0.11587221  0.08390005  0.30639854
   0.23858000  0.04636000  0.06951000
   0.04576570  0.17114138  0.16989702
   0.32599522  0.41571667  0.37261335
   0.12068064  0.04827260  0.47816017
   0.18254859  0.29302387  0.27079209
   0.50750000  0.33753000  0.10253000
   0.59187581  0.20447735  0.40427762
   0.40656716  0.32318956  0.50320181
   0.64704290  0.45899450  0.20268233
   0.44950703  0.08462425  0.30789139
   0.57191000  0.04636000  0.06951000
   0.37854733  0.16976310  0.16952527
   0.65908468  0.41598631  0.37111884
   0.45436829  0.04726774  0.48029568
   0.51552396  0.29181971  0.26995957
   0.84083000  0.33753000  0.10253000
   0.92523118  0.20411127  0.40321830
   0.74184660  0.32319790  0.50000185
   0.98209702  0.46074665  0.20467290
   0.78271738  0.08413569  0.30690210
   0.90524000  0.04636000  0.06951000
   0.71206257  0.17048466  0.16970489
   0.99211934  0.41570569  0.37243234
   0.78728919  0.04644633  0.47899535
   0.84909661  0.29280329  0.27033866
   0.17417000  0.83753000  0.10253000
   0.24317375  0.70970235  0.40445933
   0.05325217  0.83160388  0.50327468
   0.31354073  0.96151349  0.20566313
   0.11695554  0.58463600  0.30702548
   0.23858000  0.54636000  0.06951000
   0.04722346  0.67101341  0.17006229
   0.30867080  0.92068964  0.37403225
   0.14411439  0.54149101  0.47750866
   0.18212764  0.79392309  0.27148622
   0.50750000  0.83753000  0.10253000
   0.57760304  0.71048247  0.40451775
   0.38399717  0.82935175  0.50446986
   0.64681437  0.96126407  0.20514505
   0.45035236  0.58434771  0.30703860
   0.57191000  0.54636000  0.06951000
   0.38050845  0.67078228  0.16977895
   0.64203604  0.92008070  0.37336907
   0.47390320  0.54212432  0.47657042
   0.51483181  0.79320354  0.27094762
   0.84083000  0.83753000  0.10253000
   0.71593364  0.83074407  0.50583776
   0.98010586  0.96128504  0.20457668
   0.78417294  0.58284475  0.29936244
   0.90524000  0.54636000  0.06951000
   0.71354705  0.67060011  0.16966812
   0.97517883  0.91870841  0.37283204
   0.81341663  0.54247990  0.49898389
   0.84803144  0.79382936  0.27060794
   0.90813495  0.70528400  0.40598300
   0.77289944  0.44384843  0.68259982
   0.78809143  0.48867288  0.58802538
