   0.92286474  0.69629726  0.49547208
   0.03971000  0.19194000  0.09637000
   0.31114634  0.44052850  0.29881341
   0.13369242  0.06063165  0.40029641
   0.17973012  0.31627527  0.19747070
   0.25707458  0.19454311  0.49737385
   0.37304000  0.19194000  0.09637000
   0.64440343  0.44094232  0.29874042
   0.46646579  0.06159044  0.40086070
   0.51280131  0.31614280  0.19726031
   0.59445898  0.19313462  0.49783813
   0.70637000  0.19194000  0.09637000
   0.97811185  0.44054423  0.29786136
   0.79905365  0.05989457  0.40068922
   0.84617545  0.31574829  0.19710929
   0.93362814  0.19058173  0.49926813
   0.03971000  0.69194000  0.09637000
   0.32233528  0.93961381  0.29869497
   0.11150517  0.56612138  0.39921763
   0.17855946  0.81644270  0.19739761
   0.25747239  0.70238171  0.49507725
   0.37304000  0.69194000  0.09637000
   0.65574873  0.93980544  0.29800867
   0.44377629  0.56501685  0.40021203
   0.51162302  0.81646761  0.19710221
   0.59079548  0.69646776  0.49511017
   0.70637000  0.69194000  0.09637000
   0.98907090  0.93969372  0.29854237
   0.84520458  0.81683431  0.19743623
   0.77709339  0.56432862  0.40016578
   0.18140913  0.06522396  0.19566324
   0.24294057  0.44800229  0.50346801
   0.03971000  0.44194000  0.09637000
   0.31949301  0.19012721  0.29925366
   0.10854926  0.31968957  0.40394369
   0.51447659  0.06476750  0.19514134
   0.56869174  0.44396137  0.50640084
   0.37304000  0.44194000  0.09637000
   0.65282895  0.18947037  0.29855295
   0.44317924  0.31920382  0.40248227
   0.84805641  0.06525735  0.19570956
   0.90919825  0.44788771  0.50062265
   0.70637000  0.44194000  0.09637000
   0.98634649  0.18966815  0.29938792
   0.77814075  0.31724701  0.40077250
   0.17776533  0.56554213  0.19579762
   0.29666507  0.93339384  0.50154348
   0.03971000  0.94194000  0.09637000
   0.31389109  0.69002857  0.29899950
   0.13274327  0.81203625  0.39889049
   0.51050995  0.56560633  0.19608350
   0.62994761  0.93094608  0.50194172
   0.37304000  0.94194000  0.09637000
   0.64648049  0.68973535  0.29904333
   0.46756661  0.81350243  0.39763434
   0.84411777  0.56559620  0.19557850
   0.96194796  0.93029533  0.49934920
   0.70637000  0.94194000  0.09637000
   0.98039141  0.69000234  0.29912298
   0.79947012  0.81126343  0.39778830
   0.17417000  0.33753000  0.11288000
   0.24441583  0.21200759  0.41571291
   0.04304989  0.34474038  0.50441447
   0.31159557  0.46181338  0.21517887
   0.12140932  0.08569150  0.31731131
   0.23858000  0.04636000  0.07986000
   0.04758404  0.17103667  0.18022431
   0.30748272  0.42171807  0.38346869
   0.16168230  0.03989694  0.48603400
   0.18444091  0.29330588  0.28105421
   0.50750000  0.33753000  0.11288000
   0.57784731  0.21299904  0.41688389
   0.36867106  0.33719997  0.51601305
   0.64467981  0.46208388  0.21487652
   0.45426051  0.08636100  0.31808144
   0.57191000  0.04636000  0.07986000
   0.38034564  0.17099858  0.18033107
   0.64251005  0.42026488  0.38393647
   0.49519393  0.04210949  0.48767088
   0.51786213  0.29360094  0.28086557
   0.84083000  0.33753000  0.11288000
   0.90727219  0.21046832  0.41760459
   0.69925984  0.33781085  0.52173719
   0.97809422  0.46147052  0.21410043
   0.78780282  0.08572467  0.31734077
   0.90524000  0.04636000  0.07986000
   0.71322537  0.17085588  0.18025452
   0.97422932  0.42154426  0.38190631
   0.82664567  0.03575125  0.48458223
   0.85106458  0.29294412  0.28067509
   0.17417000  0.83753000  0.11288000
   0.26755060  0.70526181  0.40895079
   0.09618825  0.81930487  0.50745900
   0.31585289  0.96166040  0.21499921
   0.11376683  0.58449030  0.31482186
   0.23858000  0.54636000  0.07986000
   0.04387648  0.67169210  0.18037729
   0.33236451  0.91836458  0.38312053
   0.11288024  0.55953185  0.48683046
   0.18045548  0.79548209  0.28107990
   0.50750000  0.83753000  0.11288000
   0.59782856  0.70359939  0.41026533
   0.42862592  0.82349267  0.51168670
   0.64895261  0.96122766  0.21470712
   0.44677074  0.58412209  0.31575459
   0.57191000  0.54636000  0.07986000
   0.37704427  0.67182897  0.18052681
   0.66641131  0.91683847  0.38174728
   0.44384332  0.55544337  0.48847632
   0.51431034  0.79496765  0.28088159
   0.84083000  0.83753000  0.11288000
   0.76165347  0.81732158  0.50975747
   0.98225153  0.96199682  0.21528897
   0.77937679  0.58499338  0.31605106
   0.90524000  0.54636000  0.07986000
   0.71036906  0.67187251  0.18055977
   0.99966721  0.91661661  0.38247807
   0.77249856  0.55412823  0.48915758
   0.84752213  0.79514690  0.28128975
   0.93128247  0.70244505  0.41056525
   0.97849476  0.16542960  0.60045719
   0.78474299  0.27483665  0.59907859
