   0.93964021  0.93150715  0.48969892
   0.03971000  0.19194000  0.08602000
   0.31480103  0.44266688  0.28873571
   0.12669620  0.06194664  0.38916629
   0.18043264  0.31774875  0.18593429
   0.25484237  0.19601424  0.48549375
   0.37304000  0.19194000  0.08602000
   0.64920724  0.44044822  0.28657490
   0.45956752  0.06514575  0.39138424
   0.51291215  0.31666568  0.18633059
   0.59180030  0.19337273  0.48918930
   0.70637000  0.19194000  0.08602000
   0.98237106  0.44188343  0.28694972
   0.79158188  0.05933629  0.38540371
   0.84693751  0.31734039  0.18624800
   0.92057543  0.18457125  0.48571994
   0.03971000  0.69194000  0.08602000
   0.31990895  0.94256593  0.28821837
   0.11689366  0.56372359  0.38898079
   0.18020352  0.81857891  0.18598442
   0.25773202  0.69845267  0.48454368
   0.37304000  0.69194000  0.08602000
   0.65248096  0.93947727  0.28455304
   0.45067948  0.56665647  0.39090740
   0.51238817  0.81542212  0.18569213
   0.59282694  0.69871192  0.48605613
   0.70637000  0.69194000  0.08602000
   0.98770030  0.94137731  0.28657814
   0.84656726  0.81703378  0.18630311
   0.92264069  0.69361606  0.48446359
   0.78264175  0.56261133  0.38926976
   0.18168740  0.06696987  0.18452383
   0.25156588  0.44268164  0.49172501
   0.03971000  0.44194000  0.08602000
   0.31852642  0.19201272  0.28815160
   0.11468798  0.31791022  0.39175170
   0.51452991  0.06534318  0.18340974
   0.57990973  0.44482421  0.49645865
   0.37304000  0.44194000  0.08602000
   0.65087753  0.18992586  0.28657685
   0.45046111  0.31983694  0.39129932
   0.84860139  0.06562955  0.18344814
   0.91857377  0.43982941  0.49201263
   0.70637000  0.44194000  0.08602000
   0.98536704  0.19150014  0.28744758
   0.78446784  0.31530572  0.38743536
   0.18040578  0.56635335  0.18474124
   0.27565805  0.93481752  0.49279610
   0.03971000  0.94194000  0.08602000
   0.31617251  0.69148633  0.28825897
   0.12635669  0.81444409  0.38895467
   0.51330403  0.56463469  0.18399825
   0.60834651  0.93429860  0.49346115
   0.37304000  0.94194000  0.08602000
   0.64886687  0.68912897  0.28656726
   0.45983152  0.81567958  0.38817437
   0.84759871  0.56676121  0.18463473
   0.70637000  0.94194000  0.08602000
   0.98311599  0.69123347  0.28770706
   0.79201435  0.81280366  0.38519377
   0.17339389  0.33268831  0.09917329
   0.25198119  0.21116224  0.40365417
   0.05156178  0.33326284  0.49333364
   0.31431544  0.46231912  0.20457103
   0.12023461  0.08710009  0.30559449
   0.23858000  0.04636000  0.06951000
   0.04739091  0.17306452  0.16990769
   0.31489122  0.42292937  0.37359270
   0.14279637  0.04269604  0.47534607
   0.18407718  0.29606851  0.26989087
   0.50750000  0.33753000  0.10253000
   0.58455009  0.21403475  0.40820335
   0.38029068  0.33490741  0.50463782
   0.64832130  0.46190956  0.20316152
   0.45283167  0.08858621  0.30784936
   0.57191000  0.04636000  0.06951000
   0.38050951  0.17188442  0.16974869
   0.64974816  0.41956566  0.37068421
   0.47720892  0.04490457  0.47790450
   0.51738316  0.29458607  0.26952646
   0.84083000  0.33753000  0.10253000
   0.91506408  0.20797923  0.40238954
   0.70668619  0.33772042  0.51331005
   0.98159119  0.46292749  0.20341048
   0.78532216  0.08569202  0.30287339
   0.90524000  0.04636000  0.06951000
   0.71395450  0.17190825  0.16983055
   0.98078530  0.42085493  0.37055502
   0.80462247  0.03445233  0.46751251
   0.84968617  0.29525921  0.26944688
   0.17334508  0.83277724  0.09893572
   0.25995006  0.70714958  0.40100419
   0.07421758  0.82366977  0.49848503
   0.31578013  0.96340510  0.20411309
   0.11627469  0.58673690  0.30543693
   0.23858000  0.54636000  0.06951000
   0.04700401  0.67360302  0.17025383
   0.32554230  0.92056363  0.37238614
   0.12262232  0.55210673  0.47586752
   0.18368369  0.79695479  0.27009736
   0.50750000  0.83753000  0.10253000
   0.59280797  0.70870758  0.40319532
   0.40748057  0.82716880  0.50274849
   0.64911068  0.96116336  0.20143692
   0.44960790  0.58695794  0.30684939
   0.57191000  0.54636000  0.06951000
   0.37951864  0.67047101  0.16934166
   0.65760203  0.91521185  0.36720166
   0.45408511  0.55404531  0.47899209
   0.51613972  0.79372071  0.26843561
   0.84083000  0.83753000  0.10253000
   0.74058184  0.82530853  0.50649568
   0.98383447  0.96245159  0.20290064
   0.78284011  0.58508380  0.30477886
   0.90524000  0.54636000  0.06951000
   0.71268528  0.67181693  0.16976198
   0.99287006  0.91742313  0.37010690
   0.78414702  0.54847290  0.47730063
   0.84941388  0.79574054  0.26975265
   0.92319057  0.70599467  0.40152148
   0.86662481  0.13594581  0.58384740
   0.70168868  0.27337437  0.60230935
