   0.90684000  0.68637000  0.49971000
   0.03971000  0.19194000  0.09637000
   0.31978000  0.44027000  0.29956000
   0.11576000  0.06095000  0.40111000
   0.17987000  0.31651000  0.19779000
   0.26178000  0.18984000  0.49639000
   0.37304000  0.19194000  0.09637000
   0.65182000  0.43813000  0.29704000
   0.45065000  0.06466000  0.40350000
   0.51248000  0.31518000  0.19698000
   0.59293000  0.19493000  0.50176000
   0.70637000  0.19194000  0.09637000
   0.98702000  0.43882000  0.29852000
   0.78224000  0.06229000  0.40198000
   0.84667000  0.31573000  0.19737000
   0.93125000  0.19115000  0.49692000
   0.03971000  0.69194000  0.09637000
   0.31351000  0.94082000  0.30070000
   0.12516000  0.56064000  0.40139000
   0.18009000  0.81667000  0.19797000
   0.25685000  0.69413000  0.49719000
   0.37304000  0.69194000  0.09637000
   0.64623000  0.93976000  0.29992000
   0.45822000  0.56273000  0.40291000
   0.51287000  0.81632000  0.19773000
   0.61032000  0.68535000  0.50388000
   0.70637000  0.69194000  0.09637000
   0.97877000  0.93917000  0.29941000
   0.84631000  0.81601000  0.19740000
   0.79427000  0.55927000  0.39695000
   0.17926000  0.06467000  0.19609000
   0.27853000  0.43033000  0.50402000
   0.03971000  0.44194000  0.09637000
   0.31546000  0.18873000  0.29985000
   0.12757000  0.31226000  0.39958000
   0.51265000  0.06435000  0.19578000
   0.60578000  0.42687000  0.49887000
   0.37304000  0.44194000  0.09637000
   0.64878000  0.18814000  0.29907000
   0.46022000  0.31251000  0.39976000
   0.84614000  0.06462000  0.19571000
   0.94730000  0.42857000  0.50210000
   0.70637000  0.44194000  0.09637000
   0.98221000  0.18824000  0.29927000
   0.79381000  0.31151000  0.39806000
   0.18138000  0.56496000  0.19582000
   0.24724000  0.93709000  0.50587000
   0.03971000  0.94194000  0.09637000
   0.31711000  0.69008000  0.30058000
   0.11054000  0.81647000  0.40384000
   0.51430000  0.56456000  0.19515000
   0.58164000  0.94026000  0.50576000
   0.37304000  0.94194000  0.09637000
   0.64978000  0.68974000  0.29926000
   0.44582000  0.81720000  0.40434000
   0.84806000  0.56457000  0.19517000
   0.91733000  0.93861000  0.50515000
   0.70637000  0.94194000  0.09637000
   0.98425000  0.68980000  0.29904000
   0.77683000  0.81486000  0.40430000
   0.17417000  0.33753000  0.11288000
   0.25962000  0.20459000  0.41258000
   0.07803000  0.32208000  0.51430000
   0.31568000  0.46177000  0.21583000
   0.11529000  0.08358000  0.31689000
   0.23858000  0.04636000  0.07986000
   0.04602000  0.17128000  0.18046000
   0.32702000  0.41685000  0.38306000
   0.11903000  0.04869000  0.48867000
   0.18268000  0.29383000  0.28141000
   0.50750000  0.33753000  0.11288000
   0.59510000  0.20845000  0.41702000
   0.40981000  0.31937000  0.51416000
   0.64831000  0.46051000  0.21406000
   0.44978000  0.08550000  0.31892000
   0.57191000  0.04636000  0.07986000
   0.37882000  0.17035000  0.18013000
   0.66010000  0.41511000  0.38015000
   0.45213000  0.05267000  0.49127000
   0.51559000  0.29258000  0.28034000
   0.84083000  0.33753000  0.11288000
   0.92614000  0.20577000  0.41364000
   0.74262000  0.32664000  0.52519000
   0.98208000  0.46104000  0.21492000
   0.78201000  0.08433000  0.31759000
   0.90524000  0.04636000  0.07986000
   0.71226000  0.17080000  0.18031000
   0.99319000  0.41581000  0.38230000
   0.78607000  0.05184000  0.48939000
   0.84916000  0.29310000  0.28093000
   0.17417000  0.83753000  0.11288000
   0.24513000  0.70951000  0.41507000
   0.04722000  0.82948000  0.51137000
   0.31384000  0.96189000  0.21628000
   0.11748000  0.58486000  0.31746000
   0.23858000  0.54636000  0.07986000
   0.04756000  0.67103000  0.18042000
   0.31104000  0.92161000  0.38519000
   0.14632000  0.54050000  0.48767000
   0.18306000  0.79401000  0.28153000
   0.50750000  0.83753000  0.11288000
   0.57608000  0.71041000  0.42045000
   0.38018000  0.83270000  0.51549000
   0.64699000  0.96154000  0.21570000
   0.45165000  0.58623000  0.31895000
   0.57191000  0.54636000  0.07986000
   0.38072000  0.67081000  0.18024000
   0.64368000  0.91995000  0.38414000
   0.47760000  0.53676000  0.48692000
   0.51553000  0.79343000  0.28111000
   0.84083000  0.83753000  0.11288000
   0.71548000  0.83815000  0.51189000
   0.98010000  0.96133000  0.21527000
   0.78391000  0.58430000  0.31502000
   0.90524000  0.54636000  0.07986000
   0.71389000  0.67044000  0.18007000
   0.97524000  0.91896000  0.38357000
   0.81043000  0.52860000  0.47814000
   0.84879000  0.79292000  0.28054000
   0.91190000  0.70655000  0.41546000
   0.88867000  0.85895000  0.60211000
   0.75946000  0.48954000  0.59282000
