   0.92045383  0.69840889  0.49591744
   0.03971000  0.19194000  0.09637000
   0.31179072  0.44052484  0.29843564
   0.13137053  0.06129039  0.40064397
   0.17977125  0.31600909  0.19715178
   0.25993404  0.19559647  0.49736951
   0.37304000  0.19194000  0.09637000
   0.64589390  0.44055881  0.29844119
   0.46480310  0.06226848  0.40096576
   0.51307638  0.31609274  0.19717739
   0.59253920  0.19421236  0.49782876
   0.70637000  0.19194000  0.09637000
   0.97903726  0.44046520  0.29791129
   0.79838284  0.06121528  0.40062726
   0.84640458  0.31590275  0.19704061
   0.93924698  0.18696641  0.50001302
   0.03971000  0.69194000  0.09637000
   0.32153753  0.94023341  0.29882404
   0.11278307  0.56547649  0.39929949
   0.17933763  0.81659127  0.19752840
   0.25517818  0.70092086  0.49496501
   0.37304000  0.69194000  0.09637000
   0.65505992  0.94002950  0.29845294
   0.44536785  0.56549177  0.39992113
   0.51271783  0.81640956  0.19742602
   0.58876309  0.69793325  0.49553495
   0.70637000  0.69194000  0.09637000
   0.98819040  0.93977287  0.29861551
   0.84606024  0.81640991  0.19746897
   0.77861496  0.56497934  0.40023357
   0.18142784  0.06463839  0.19531081
   0.24268850  0.44556872  0.50403416
   0.03971000  0.44194000  0.09637000
   0.31877316  0.18982975  0.29886549
   0.10982096  0.31883607  0.40265123
   0.51470225  0.06451885  0.19513391
   0.56973930  0.44633690  0.50665329
   0.37304000  0.44194000  0.09637000
   0.65225741  0.18958933  0.29856814
   0.44428288  0.31909607  0.40096574
   0.84811961  0.06462483  0.19525415
   0.90982696  0.44720408  0.50160086
   0.70637000  0.44194000  0.09637000
   0.98565439  0.18974221  0.29893244
   0.77924191  0.31755718  0.40063453
   0.17851873  0.56513800  0.19538449
   0.29160852  0.93360544  0.50233586
   0.03971000  0.94194000  0.09637000
   0.31490044  0.68976561  0.29873894
   0.13030136  0.81337260  0.39855680
   0.51175564  0.56503274  0.19544105
   0.62567494  0.93191382  0.50224173
   0.37304000  0.94194000  0.09637000
   0.64812050  0.68958826  0.29878657
   0.46403688  0.81385690  0.39823039
   0.84508300  0.56503924  0.19526229
   0.95851287  0.93193145  0.50266537
   0.70637000  0.94194000  0.09637000
   0.98141754  0.68958168  0.29872546
   0.79714055  0.81311446  0.39851439
   0.17417000  0.33753000  0.11288000
   0.24536737  0.21229848  0.41567898
   0.04225280  0.34187890  0.50941464
   0.31277853  0.46151264  0.21455370
   0.12035551  0.08578092  0.31722121
   0.23858000  0.04636000  0.07986000
   0.04723547  0.17072680  0.18015408
   0.30884400  0.42170206  0.38284736
   0.15867188  0.04156102  0.48635869
   0.18408298  0.29327679  0.28047960
   0.50750000  0.33753000  0.11288000
   0.57858874  0.21345763  0.41649547
   0.37173428  0.33789028  0.51626614
   0.64616383  0.46150583  0.21457490
   0.45377680  0.08633560  0.31759553
   0.57191000  0.04636000  0.07986000
   0.38060364  0.17076074  0.18020847
   0.64348123  0.42096450  0.38304988
   0.49209737  0.04209745  0.48733394
   0.51749031  0.29342474  0.28060417
   0.84083000  0.33753000  0.11288000
   0.91085308  0.21133720  0.41793483
   0.69840432  0.33973646  0.52114582
   0.97937565  0.46143814  0.21416093
   0.78711944  0.08617408  0.31719250
   0.90524000  0.04636000  0.07986000
   0.71381295  0.17066408  0.18013823
   0.97557471  0.42127084  0.38191283
   0.82399266  0.03628612  0.48430746
   0.85075853  0.29318890  0.28035158
   0.17417000  0.83753000  0.11288000
   0.26402030  0.70607267  0.40982403
   0.09078409  0.82088465  0.51080522
   0.31617580  0.96149965  0.21508939
   0.11473363  0.58452605  0.31504195
   0.23858000  0.54636000  0.07986000
   0.04476253  0.67169375  0.18048491
   0.32997489  0.91910771  0.38287528
   0.11538080  0.55681626  0.48635081
   0.18197033  0.79530630  0.28121918
   0.50750000  0.83753000  0.11288000
   0.59621191  0.70548186  0.41085635
   0.42351821  0.82313894  0.51105009
   0.64938151  0.96142050  0.21481853
   0.44800354  0.58454220  0.31562237
   0.57191000  0.54636000  0.07986000
   0.37812411  0.67154510  0.18044791
   0.66328541  0.91769435  0.38205922
   0.44419610  0.55515093  0.48816028
   0.51538214  0.79491798  0.28101674
   0.84083000  0.83753000  0.11288000
   0.75692081  0.81939820  0.51154473
   0.98272726  0.96138774  0.21494436
   0.78112555  0.58458698  0.31579717
   0.90524000  0.54636000  0.07986000
   0.71133024  0.67154484  0.18045054
   0.99663700  0.91776229  0.38243799
   0.77438972  0.55453894  0.48842293
   0.84858018  0.79481299  0.28110168
   0.92957166  0.70490491  0.41095717
   0.97905011  0.14505103  0.60314052
   0.80344033  0.26679365  0.59040903
