   0.57619768  0.68903964  0.50252749
   0.03971000  0.19194000  0.09637000
   0.31895883  0.43942188  0.29881771
   0.11576153  0.06130502  0.40083080
   0.17979840  0.31573652  0.19687792
   0.25782004  0.19200394  0.49653394
   0.37304000  0.19194000  0.09637000
   0.65190270  0.43775928  0.29702763
   0.45121095  0.06456026  0.40291106
   0.51283086  0.31479471  0.19590205
   0.58980464  0.19766315  0.50112700
   0.70637000  0.19194000  0.09637000
   0.98673380  0.43916370  0.29877408
   0.78192222  0.06206979  0.40174000
   0.84639401  0.31562173  0.19746013
   0.92844497  0.19162357  0.49691527
   0.03971000  0.69194000  0.09637000
   0.31353584  0.94064884  0.30011340
   0.12705254  0.56151603  0.40230793
   0.18004373  0.81601070  0.19715451
   0.27395731  0.69055203  0.50277843
   0.37304000  0.69194000  0.09637000
   0.64575020  0.93951765  0.29963004
   0.45956583  0.56062175  0.40079154
   0.51299368  0.81575678  0.19687308
   0.70637000  0.69194000  0.09637000
   0.97916904  0.93907463  0.29937306
   0.84600297  0.81582106  0.19748901
   0.92882488  0.69179586  0.49471698
   0.79021594  0.55947845  0.39884211
   0.17914360  0.06443475  0.19610423
   0.27879243  0.43052149  0.50408379
   0.03971000  0.44194000  0.09637000
   0.31566565  0.18891643  0.29964868
   0.12687743  0.31252235  0.39993179
   0.51242337  0.06420342  0.19582997
   0.60680528  0.42875377  0.49998511
   0.37304000  0.44194000  0.09637000
   0.64890992  0.18836548  0.29905296
   0.46015533  0.31234818  0.39970690
   0.84570203  0.06428334  0.19573985
   0.94962464  0.43119044  0.50364744
   0.70637000  0.44194000  0.09637000
   0.98247989  0.18835653  0.29923607
   0.79381649  0.31159255  0.39832470
   0.18099853  0.56474824  0.19596635
   0.24820117  0.94243351  0.50323193
   0.03971000  0.94194000  0.09637000
   0.31690114  0.69037149  0.30033221
   0.11265266  0.81570461  0.40259587
   0.51384929  0.56432138  0.19533257
   0.58499325  0.94251331  0.50510168
   0.37304000  0.94194000  0.09637000
   0.64975319  0.68960186  0.29934408
   0.44410322  0.81659889  0.40507870
   0.84746073  0.56431442  0.19543094
   0.91396740  0.93740371  0.50504457
   0.70637000  0.94194000  0.09637000
   0.98355720  0.68941975  0.29912402
   0.77609136  0.81605071  0.40386256
   0.17356145  0.33312464  0.10995247
   0.25948494  0.20428092  0.41250574
   0.07767667  0.32154481  0.51390460
   0.31493246  0.46044217  0.21460333
   0.11550166  0.08356504  0.31659857
   0.23858000  0.04636000  0.07986000
   0.04551902  0.17113912  0.18044427
   0.32563595  0.41535445  0.38192762
   0.11506731  0.05004161  0.48902827
   0.18236693  0.29343487  0.28076969
   0.50688369  0.33280887  0.10930239
   0.59535362  0.20779787  0.41613211
   0.41092634  0.31857117  0.51382066
   0.64760736  0.45946882  0.21300328
   0.44986199  0.08524572  0.31833631
   0.57191000  0.04636000  0.07986000
   0.37862672  0.17050990  0.18021022
   0.65989133  0.41518733  0.38112376
   0.45319764  0.05426850  0.49079866
   0.51568651  0.29257351  0.27977840
   0.84083000  0.33753000  0.11288000
   0.92568942  0.20529784  0.41355262
   0.74384313  0.32649727  0.52129072
   0.98205035  0.46075607  0.21474974
   0.78208093  0.08407983  0.31727146
   0.90524000  0.04636000  0.07986000
   0.71202765  0.17063901  0.18034678
   0.99250824  0.41662909  0.38251028
   0.78774074  0.04919746  0.48949908
   0.84925302  0.29308639  0.28088603
   0.17354705  0.83319720  0.11000104
   0.24352182  0.70942065  0.41928876
   0.04781935  0.83199314  0.51332500
   0.31354158  0.96081325  0.21519554
   0.11795143  0.58542936  0.31750786
   0.23858000  0.54636000  0.07986000
   0.04699079  0.67111150  0.18047414
   0.31027997  0.92158529  0.38436887
   0.14744631  0.54008578  0.48773142
   0.18257173  0.79411334  0.28116933
   0.50692277  0.83310583  0.10980912
   0.57822193  0.70894573  0.41858988
   0.38435837  0.84269062  0.50604158
   0.64641403  0.96057598  0.21478602
   0.45091432  0.58582575  0.31752024
   0.57191000  0.54636000  0.07986000
   0.38029046  0.67090351  0.18039654
   0.64251575  0.92010640  0.38394496
   0.47721193  0.53294973  0.48280396
   0.51536543  0.79364711  0.28075846
   0.84083000  0.83753000  0.11288000
   0.71338538  0.83402181  0.51248113
   0.98016732  0.96106399  0.21502833
   0.78347416  0.58345359  0.31513065
   0.90524000  0.54636000  0.07986000
   0.71338053  0.67038913  0.18018691
   0.97646967  0.91902917  0.38365707
   0.81400335  0.53939106  0.48688745
   0.84849860  0.79299182  0.28060604
   0.91104342  0.70728206  0.41293361
   0.42881077  0.66579050  0.58738839
   0.76322095  0.48798052  0.59644648
