   0.58168232  0.94029481  0.49541312
   0.03971000  0.19194000  0.08602000
   0.31978031  0.44026810  0.28920867
   0.11576095  0.06095214  0.39075910
   0.17987028  0.31650950  0.18743944
   0.26178347  0.18983742  0.48603916
   0.37304000  0.19194000  0.08602000
   0.65181881  0.43812813  0.28668901
   0.45065489  0.06466536  0.39315439
   0.51248057  0.31518049  0.18663029
   0.59292807  0.19492287  0.49141031
   0.70637000  0.19194000  0.08602000
   0.98701716  0.43881898  0.28815908
   0.78224035  0.06229265  0.39163110
   0.84666886  0.31572982  0.18701962
   0.93124454  0.19115678  0.48656960
   0.03971000  0.69194000  0.08602000
   0.31351065  0.94082081  0.29033787
   0.12515407  0.56063319  0.39103599
   0.18008953  0.81666925  0.18761904
   0.25679565  0.69406775  0.48684771
   0.37304000  0.69194000  0.08602000
   0.64622947  0.93976063  0.28956767
   0.45821763  0.56272364  0.39255504
   0.51286915  0.81631938  0.18737886
   0.61027577  0.68537956  0.49350494
   0.70637000  0.69194000  0.08602000
   0.97876902  0.93916995  0.28905803
   0.84630886  0.81600919  0.18704899
   0.90690958  0.68638322  0.48934209
   0.79426434  0.55926777  0.38659581
   0.17926088  0.06467062  0.18573942
   0.27852583  0.43032201  0.49367163
   0.03971000  0.44194000  0.08602000
   0.31546250  0.18873062  0.28949894
   0.12756948  0.31226006  0.38922879
   0.51264922  0.06435084  0.18542975
   0.60578387  0.42686156  0.48852133
   0.37304000  0.44194000  0.08602000
   0.64877875  0.18814103  0.28871950
   0.46022265  0.31251188  0.38940964
   0.84613915  0.06462014  0.18535960
   0.94729363  0.42856532  0.49175239
   0.70637000  0.44194000  0.08602000
   0.98221046  0.18824064  0.28891919
   0.79380468  0.31151233  0.38770950
   0.18137993  0.56495994  0.18546931
   0.24720253  0.93713332  0.49552189
   0.03971000  0.94194000  0.08602000
   0.31710935  0.69007986  0.29022817
   0.11054140  0.81647102  0.39348609
   0.51430066  0.56455901  0.18479974
   0.37304000  0.94194000  0.08602000
   0.64978234  0.68973714  0.28890873
   0.44582332  0.81720499  0.39398121
   0.84805782  0.56456936  0.18482038
   0.91734115  0.93861700  0.49479859
   0.70637000  0.94194000  0.08602000
   0.98424445  0.68979759  0.28868913
   0.77683339  0.81486346  0.39394774
   0.17417000  0.33753000  0.10253000
   0.25961880  0.20459084  0.40223207
   0.07803194  0.32208253  0.50394927
   0.31567914  0.46177008  0.20548034
   0.11528968  0.08357865  0.30654109
   0.23858000  0.04636000  0.06951000
   0.04601882  0.17127946  0.17011049
   0.32701718  0.41685297  0.37271194
   0.11902377  0.04867928  0.47831783
   0.18267908  0.29382968  0.27106061
   0.50750000  0.33753000  0.10253000
   0.59510370  0.20845115  0.40667114
   0.40980491  0.31937730  0.50380871
   0.64831006  0.46051028  0.20370925
   0.44977822  0.08549761  0.30856907
   0.57191000  0.04636000  0.06951000
   0.37881887  0.17034862  0.16978021
   0.66009704  0.41510324  0.36979797
   0.45212968  0.05268807  0.48088198
   0.51558810  0.29257822  0.26999026
   0.84083000  0.33753000  0.10253000
   0.92614392  0.20577105  0.40329066
   0.74261701  0.32663965  0.51483072
   0.98208167  0.46103991  0.20457067
   0.78201078  0.08432831  0.30724038
   0.90524000  0.04636000  0.06951000
   0.71226037  0.17079914  0.16996018
   0.99319451  0.41581347  0.37195173
   0.78608186  0.05182669  0.47903794
   0.84916179  0.29309960  0.27058042
   0.17417000  0.83753000  0.10253000
   0.24514077  0.70952022  0.40472246
   0.04717824  0.82944576  0.50102180
   0.31384002  0.96188930  0.20593100
   0.11748183  0.58486169  0.30711169
   0.23858000  0.54636000  0.06951000
   0.04756037  0.67103060  0.17007035
   0.31103515  0.92160023  0.37484365
   0.14633308  0.54051327  0.47731819
   0.18306072  0.79401040  0.27118096
   0.50750000  0.83753000  0.10253000
   0.57608650  0.71040876  0.41010024
   0.38018974  0.83265489  0.50509738
   0.64698957  0.96153914  0.20535064
   0.45164983  0.58623320  0.30860158
   0.57191000  0.54636000  0.06951000
   0.38071973  0.67081044  0.16989043
   0.64367639  0.91994178  0.37379200
   0.47762523  0.53678019  0.47657975
   0.51553017  0.79343087  0.27076152
   0.84083000  0.83753000  0.10253000
   0.71548660  0.83808413  0.50154687
   0.98010045  0.96132978  0.20492067
   0.78391133  0.58430344  0.30466511
   0.90524000  0.54636000  0.06951000
   0.71389020  0.67044084  0.16972011
   0.97523973  0.91895818  0.37322134
   0.81043131  0.52863762  0.46782138
   0.84879146  0.79292190  0.27019138
   0.91188487  0.70655988  0.40511353
   0.41440014  0.93701660  0.58324921
   0.75947356  0.48954514  0.58247512
