   0.60566987  0.93256317  0.49267168
   0.03971000  0.19194000  0.08602000
   0.31351101  0.43949152  0.28835838
   0.12388163  0.06148737  0.39090665
   0.17871491  0.31590240  0.18720342
   0.25978700  0.19459962  0.48632957
   0.37304000  0.19194000  0.08602000
   0.64627637  0.43898915  0.28834939
   0.45817885  0.06252693  0.39155844
   0.51220686  0.31571995  0.18720917
   0.58348460  0.18498625  0.49435359
   0.70637000  0.19194000  0.08602000
   0.97913005  0.43965339  0.28890440
   0.78984508  0.06124294  0.39058909
   0.84553835  0.31629278  0.18727726
   0.92388200  0.19325814  0.48650845
   0.03971000  0.69194000  0.08602000
   0.31757835  0.94043926  0.28906135
   0.11568866  0.56246553  0.39045653
   0.17870242  0.81649957  0.18772132
   0.26039567  0.69254257  0.48513544
   0.37304000  0.69194000  0.08602000
   0.65036049  0.93939517  0.28827946
   0.44806176  0.56321327  0.38996290
   0.51171867  0.81591159  0.18718782
   0.58970722  0.69561034  0.48503850
   0.70637000  0.69194000  0.08602000
   0.98360408  0.93971611  0.28862543
   0.84541324  0.81590876  0.18739320
   0.92243626  0.69714540  0.48535845
   0.78209452  0.56310114  0.39007580
   0.17982261  0.06470566  0.18580281
   0.24927958  0.43833814  0.49474838
   0.03971000  0.44194000  0.08602000
   0.31611006  0.18946774  0.28928021
   0.11460693  0.31588082  0.38932512
   0.51309349  0.06460285  0.18553989
   0.58261398  0.44257548  0.49327569
   0.37304000  0.44194000  0.08602000
   0.64928706  0.18924081  0.28879437
   0.44900607  0.31692929  0.39308973
   0.84650799  0.06442613  0.18525634
   0.91903698  0.44247952  0.49341465
   0.70637000  0.44194000  0.08602000
   0.98233161  0.18887702  0.28861908
   0.77950338  0.31510704  0.39219541
   0.17864688  0.56473862  0.18564906
   0.27116756  0.93135864  0.49341101
   0.03971000  0.94194000  0.08602000
   0.31390443  0.68889271  0.28885410
   0.12259329  0.81409202  0.38895993
   0.51206807  0.56440599  0.18545905
   0.37304000  0.94194000  0.08602000
   0.64732133  0.68878217  0.28867499
   0.45565248  0.81447930  0.38895826
   0.84558856  0.56489842  0.18583256
   0.94126802  0.93505155  0.49289397
   0.70637000  0.94194000  0.08602000
   0.98055162  0.68891286  0.28896826
   0.78890772  0.81459964  0.38949111
   0.17417000  0.33753000  0.10253000
   0.24782826  0.20993177  0.40417795
   0.04405553  0.33149306  0.50859823
   0.31278415  0.46102838  0.20452770
   0.11698261  0.08509303  0.30679852
   0.23858000  0.04636000  0.06951000
   0.04596285  0.17071540  0.16956862
   0.31325458  0.41947284  0.37240924
   0.14163975  0.04463890  0.47754948
   0.18124989  0.29302851  0.27037975
   0.50750000  0.33753000  0.10253000
   0.58120323  0.21040595  0.41072570
   0.38262600  0.33432747  0.50326430
   0.64648225  0.46081590  0.20456496
   0.45113335  0.08640290  0.30780539
   0.57191000  0.04636000  0.06951000
   0.37912038  0.17070991  0.16961241
   0.64713465  0.41874032  0.37231263
   0.46829229  0.03589287  0.47439125
   0.51463385  0.29308434  0.27036118
   0.84083000  0.33753000  0.10253000
   0.91570411  0.20966092  0.40442697
   0.71643367  0.33739565  0.50416100
   0.97971336  0.46145476  0.20504733
   0.78334243  0.08499809  0.30655503
   0.90524000  0.04636000  0.06951000
   0.71281687  0.17091326  0.16962848
   0.97880440  0.41909188  0.37319489
   0.80855119  0.04272668  0.47629373
   0.84810661  0.29324265  0.27045042
   0.17417000  0.83753000  0.10253000
   0.25554883  0.70643598  0.40209768
   0.07042351  0.82629728  0.50298880
   0.31417202  0.96144944  0.20541423
   0.11398425  0.58424250  0.30641975
   0.23858000  0.54636000  0.06951000
   0.04518396  0.67136083  0.16981116
   0.32104865  0.91843913  0.37234689
   0.12106201  0.54851000  0.47767854
   0.18073915  0.79399545  0.27109039
   0.50750000  0.83753000  0.10253000
   0.58876400  0.70672991  0.40120997
   0.40502308  0.82207725  0.50470218
   0.64738452  0.96086523  0.20450589
   0.44772154  0.58415203  0.30567006
   0.57191000  0.54636000  0.06951000
   0.37830905  0.67070937  0.16952414
   0.65457489  0.91826743  0.37199438
   0.45134961  0.55133141  0.47721054
   0.51372643  0.79352137  0.27036420
   0.84083000  0.83753000  0.10253000
   0.74010154  0.82499308  0.50071465
   0.98073528  0.96090525  0.20478478
   0.78071394  0.58364729  0.30558002
   0.90524000  0.54636000  0.06951000
   0.71165949  0.67086596  0.16964380
   0.98806727  0.91886912  0.37242693
   0.78678750  0.55171139  0.47744146
   0.84719262  0.79371815  0.27071791
   0.92169967  0.70712191  0.40215525
   0.56658680  0.13533298  0.59230160
   0.77251682  0.31025894  0.59767691
