   0.59528676  0.68746383  0.50375420
   0.03971000  0.19194000  0.09637000
   0.31999234  0.44031318  0.29970461
   0.11597424  0.06120736  0.40093680
   0.17997056  0.31651562  0.19789961
   0.26184598  0.19044616  0.49639762
   0.37304000  0.19194000  0.09637000
   0.65183117  0.43814947  0.29722657
   0.45076231  0.06480400  0.40331113
   0.51260992  0.31530425  0.19716529
   0.59323033  0.19592293  0.50184340
   0.70637000  0.19194000  0.09637000
   0.98694602  0.43889626  0.29861499
   0.78227493  0.06244012  0.40190220
   0.84656423  0.31577839  0.19747432
   0.93151817  0.19175463  0.49681273
   0.03971000  0.69194000  0.09637000
   0.31354220  0.94073527  0.30061640
   0.12534913  0.56040989  0.40158778
   0.18004759  0.81657775  0.19805421
   0.26031667  0.68921243  0.49994724
   0.37304000  0.69194000  0.09637000
   0.64611904  0.93969442  0.29988816
   0.45840770  0.56224223  0.40294858
   0.51281268  0.81622365  0.19780162
   0.70637000  0.69194000  0.09637000
   0.97875494  0.93911402  0.29932671
   0.84618713  0.81590770  0.19742625
   0.91574423  0.68874916  0.49687298
   0.79325170  0.55902316  0.39643653
   0.17940082  0.06468601  0.19611819
   0.27838781  0.43131286  0.50446848
   0.03971000  0.44194000  0.09637000
   0.31565852  0.18893749  0.29982413
   0.12781895  0.31256407  0.39960995
   0.51262115  0.06436769  0.19584314
   0.60449675  0.42646903  0.49874495
   0.37304000  0.44194000  0.09637000
   0.64873674  0.18834607  0.29908335
   0.46074324  0.31298075  0.39961552
   0.84607095  0.06459655  0.19576889
   0.94864939  0.42874328  0.50229198
   0.70637000  0.44194000  0.09637000
   0.98231052  0.18834622  0.29926907
   0.79359227  0.31184662  0.39797396
   0.18138717  0.56487686  0.19590450
   0.24962633  0.93883963  0.50563781
   0.03971000  0.94194000  0.09637000
   0.31703964  0.68987904  0.30060982
   0.11134106  0.81629569  0.40352584
   0.51428390  0.56436686  0.19529584
   0.58221185  0.94081872  0.50562076
   0.37304000  0.94194000  0.09637000
   0.64958517  0.68935072  0.29936398
   0.44568434  0.81691564  0.40415163
   0.84780701  0.56438959  0.19532630
   0.91570321  0.93933862  0.50485815
   0.70637000  0.94194000  0.09637000
   0.98395153  0.68943158  0.29902746
   0.77585317  0.81522939  0.40418707
   0.17134923  0.33277552  0.11175281
   0.25945396  0.20420092  0.41263293
   0.07768705  0.32156921  0.51420918
   0.31552049  0.46171945  0.21562750
   0.11523406  0.08343112  0.31697944
   0.23858000  0.04636000  0.07986000
   0.04579914  0.17119978  0.18040759
   0.32635454  0.41660313  0.38298094
   0.11875520  0.04771362  0.48892335
   0.18249012  0.29364898  0.28134364
   0.50429288  0.33252109  0.11140615
   0.59507931  0.20802957  0.41712721
   0.40965737  0.31899373  0.51398747
   0.64830778  0.46056546  0.21377155
   0.44971540  0.08523453  0.31890534
   0.57191000  0.04636000  0.07986000
   0.37876773  0.17032060  0.18005176
   0.65948066  0.41420656  0.38023073
   0.45099828  0.05109448  0.49129207
   0.51530752  0.29215326  0.28022704
   0.84083000  0.33753000  0.11288000
   0.92597452  0.20551513  0.41372846
   0.74196264  0.32631513  0.52440096
   0.98218802  0.46102212  0.21479774
   0.78212751  0.08426124  0.31761880
   0.90524000  0.04636000  0.07986000
   0.71227537  0.17077563  0.18024510
   0.99305210  0.41578109  0.38227787
   0.78599798  0.05110955  0.48952194
   0.84925153  0.29293635  0.28089111
   0.17133863  0.83283511  0.11179967
   0.24424187  0.71059736  0.41480164
   0.04339414  0.82575360  0.51178384
   0.31384863  0.96188273  0.21624812
   0.11738377  0.58500372  0.31736801
   0.23858000  0.54636000  0.07986000
   0.04753070  0.67114773  0.18035082
   0.31086317  0.92160475  0.38543884
   0.14395151  0.53937962  0.48675693
   0.18303523  0.79417837  0.28148584
   0.50455904  0.83280435  0.11169811
   0.57948133  0.70996828  0.41993064
   0.37872689  0.84489429  0.51238854
   0.64704657  0.96154778  0.21560152
   0.45149458  0.58644795  0.31870047
   0.57191000  0.54636000  0.07986000
   0.38063503  0.67093169  0.18014625
   0.64363068  0.91972898  0.38415681
   0.48209000  0.53491655  0.48567969
   0.51562916  0.79364893  0.28112895
   0.84083000  0.83753000  0.11288000
   0.72086455  0.83483108  0.51209862
   0.98013736  0.96133614  0.21520117
   0.78453403  0.58494979  0.31463941
   0.90524000  0.54636000  0.07986000
   0.71389421  0.67063205  0.17998647
   0.97534301  0.91863901  0.38370470
   0.81036143  0.53294183  0.48165961
   0.84892874  0.79306383  0.28060762
   0.91057623  0.70738325  0.41606999
   0.43462390  0.68756213  0.58534083
   0.76027962  0.48939509  0.59344094
