   0.93848440  0.19239253  0.49956473
   0.03971000  0.19194000  0.09637000
   0.30760338  0.44169041  0.29939808
   0.13240649  0.06229128  0.40113777
   0.17933749  0.31713846  0.19766391
   0.24841422  0.19550580  0.50178113
   0.37304000  0.19194000  0.09637000
   0.64185045  0.44107313  0.29866486
   0.46402294  0.06354466  0.40123846
   0.51232947  0.31675332  0.19729466
   0.59785749  0.19469447  0.49841630
   0.70637000  0.19194000  0.09637000
   0.97545877  0.44184665  0.29860358
   0.79789047  0.06131909  0.40170803
   0.84628008  0.31672555  0.19748800
   0.03971000  0.69194000  0.09637000
   0.32166662  0.94080359  0.29918972
   0.10952561  0.56688007  0.39976370
   0.18014740  0.81727896  0.19776968
   0.25075147  0.70373278  0.49549414
   0.37304000  0.69194000  0.09637000
   0.65586363  0.94068000  0.29929292
   0.44185183  0.56678585  0.40060911
   0.51321213  0.81747900  0.19790359
   0.58229123  0.70190277  0.49602349
   0.70637000  0.69194000  0.09637000
   0.98910401  0.94080873  0.29897169
   0.84629357  0.81730353  0.19780692
   0.91614532  0.69917711  0.49527384
   0.77443471  0.56526036  0.40016172
   0.18168356  0.06565851  0.19579481
   0.23732944  0.45026690  0.50370680
   0.03971000  0.44194000  0.09637000
   0.31633050  0.19158539  0.29966038
   0.10292874  0.32072958  0.40457165
   0.51512468  0.06563539  0.19587027
   0.56751724  0.44676331  0.50769474
   0.37304000  0.44194000  0.09637000
   0.64948097  0.19065481  0.29911766
   0.43674724  0.32137682  0.40478960
   0.84879738  0.06610018  0.19637145
   0.90413421  0.45042348  0.50216024
   0.70637000  0.44194000  0.09637000
   0.98306917  0.19147258  0.30005616
   0.77180836  0.31912831  0.40084719
   0.17865675  0.56606976  0.19605229
   0.29752012  0.93337336  0.50095172
   0.03971000  0.94194000  0.09637000
   0.31492024  0.69059824  0.29925588
   0.13224375  0.81230290  0.39801105
   0.51165300  0.56575171  0.19616423
   0.63118095  0.93287698  0.50205527
   0.37304000  0.94194000  0.09637000
   0.64742231  0.68996603  0.29943020
   0.46663188  0.81341639  0.39785666
   0.84534940  0.56596853  0.19627046
   0.96370750  0.93129723  0.50156819
   0.70637000  0.94194000  0.09637000
   0.98113297  0.69045451  0.29938070
   0.79940993  0.81212388  0.39742321
   0.17417000  0.33753000  0.11288000
   0.23781567  0.21396977  0.41881982
   0.03734115  0.34794040  0.50567641
   0.31230685  0.46237561  0.21509924
   0.11792121  0.08785369  0.31782534
   0.23858000  0.04636000  0.07986000
   0.04747650  0.17172526  0.18018420
   0.30209994  0.42350684  0.38396448
   0.16433675  0.03747089  0.48443545
   0.18143602  0.29447260  0.28074090
   0.50750000  0.33753000  0.11288000
   0.57212527  0.21540216  0.41783736
   0.36732986  0.34231671  0.51417975
   0.64546321  0.46194696  0.21445124
   0.45106938  0.08767763  0.31803445
   0.57191000  0.04636000  0.07986000
   0.38037312  0.17144614  0.17996312
   0.63635066  0.42208081  0.38309834
   0.49871049  0.04170426  0.48684221
   0.51432128  0.29407019  0.28010520
   0.84083000  0.33753000  0.11288000
   0.90174593  0.21272959  0.41811236
   0.70297269  0.33956471  0.52325625
   0.97937164  0.46215558  0.21427931
   0.78435599  0.08730285  0.31805439
   0.90524000  0.04636000  0.07986000
   0.71395185  0.17132264  0.18016676
   0.96895817  0.42348375  0.38259801
   0.82997410  0.03749668  0.48549052
   0.84789988  0.29422597  0.28045282
   0.17417000  0.83753000  0.11288000
   0.26633636  0.70503057  0.40898461
   0.09429545  0.81757623  0.50868906
   0.31709818  0.96234326  0.21510578
   0.11387406  0.58494927  0.31496226
   0.23858000  0.54636000  0.07986000
   0.04529034  0.67230573  0.18039989
   0.33293504  0.91821411  0.38263306
   0.10594323  0.56198686  0.48742941
   0.18241596  0.79591677  0.28103221
   0.50750000  0.83753000  0.11288000
   0.59877706  0.70472176  0.41001285
   0.42856478  0.82201975  0.51059567
   0.65004260  0.96262903  0.21543112
   0.44691377  0.58465009  0.31565611
   0.57191000  0.54636000  0.07986000
   0.37872195  0.67229947  0.18040182
   0.66563827  0.91744141  0.38249831
   0.43898715  0.55837952  0.48856617
   0.51594526  0.79589413  0.28124112
   0.84083000  0.83753000  0.11288000
   0.76110082  0.81866717  0.51093911
   0.98339067  0.96237488  0.21522255
   0.78030589  0.58421117  0.31509641
   0.90524000  0.54636000  0.07986000
   0.71189675  0.67194907  0.18033383
   0.99903579  0.91749776  0.38214509
   0.76925849  0.55575262  0.48816931
   0.84866409  0.79567242  0.28117202
   0.93082024  0.70337676  0.40920159
   0.05754078  0.16340306  0.58986401
   0.79900043  0.24085052  0.59405568
