   0.92195842  0.69876891  0.49590869
   0.03971000  0.19194000  0.09637000
   0.31135819  0.43754313  0.29586159
   0.13045926  0.05889175  0.40083718
   0.17744203  0.31407055  0.19652879
   0.26937110  0.19305345  0.49592943
   0.37304000  0.19194000  0.09637000
   0.64538038  0.44017532  0.29824447
   0.46568777  0.06118506  0.40233846
   0.51156624  0.31573391  0.19744230
   0.59878131  0.18868679  0.49969531
   0.70637000  0.19194000  0.09637000
   0.97804758  0.43961200  0.29713898
   0.79825623  0.06048493  0.39959454
   0.84414757  0.31521153  0.19685291
   0.93563801  0.18941996  0.49678960
   0.03971000  0.69194000  0.09637000
   0.31627825  0.94105403  0.30026392
   0.11231079  0.56467054  0.39818710
   0.17623782  0.81654162  0.19825182
   0.25191150  0.69730718  0.49418742
   0.37304000  0.69194000  0.09637000
   0.64933794  0.93936858  0.29917170
   0.44363476  0.56273412  0.39678599
   0.50982016  0.81553377  0.19786417
   0.58544642  0.69570271  0.49134382
   0.70637000  0.69194000  0.09637000
   0.98196282  0.93894650  0.29943472
   0.84310246  0.81578195  0.19807287
   0.78100966  0.56452397  0.39902788
   0.17905364  0.06388273  0.19621894
   0.24923996  0.43984099  0.50254756
   0.03971000  0.44194000  0.09637000
   0.31672911  0.18871585  0.29990327
   0.11551260  0.31582444  0.39891605
   0.51213067  0.06382857  0.19541968
   0.58051148  0.44053041  0.50282168
   0.37304000  0.44194000  0.09637000
   0.65065041  0.18849234  0.29867261
   0.44877722  0.31545182  0.40030850
   0.84531294  0.06366033  0.19579760
   0.91788858  0.44220821  0.50032074
   0.70637000  0.44194000  0.09637000
   0.98330378  0.18770945  0.29868177
   0.78299816  0.31555835  0.39896971
   0.17760036  0.56384210  0.19471954
   0.29061302  0.92920715  0.50279843
   0.03971000  0.94194000  0.09637000
   0.31059190  0.68965066  0.29773001
   0.12163031  0.81600812  0.39949603
   0.51056468  0.56478492  0.19627607
   0.62880228  0.93109780  0.50195898
   0.37304000  0.94194000  0.09637000
   0.64414169  0.69096011  0.30031739
   0.45549561  0.81453109  0.39813631
   0.84425642  0.56485895  0.19546539
   0.96090717  0.93933491  0.51855226
   0.70637000  0.94194000  0.09637000
   0.97718577  0.69080636  0.30018671
   0.79037072  0.81651264  0.40185067
   0.17417000  0.33753000  0.11288000
   0.25102826  0.21016509  0.41386038
   0.04602951  0.33455752  0.51111545
   0.31115034  0.45905545  0.21237344
   0.11828195  0.08328446  0.31657704
   0.23858000  0.04636000  0.07986000
   0.04456516  0.16896014  0.17991055
   0.31438637  0.41805545  0.37922762
   0.16440312  0.04004885  0.48526454
   0.18143991  0.29050307  0.27929358
   0.50750000  0.33753000  0.11288000
   0.58505713  0.21171693  0.41824727
   0.38035384  0.33374424  0.51542181
   0.64559263  0.46121236  0.21433680
   0.45322671  0.08629249  0.31853099
   0.57191000  0.04636000  0.07986000
   0.37819980  0.16995478  0.18007127
   0.64587698  0.41823525  0.38215456
   0.49190233  0.03953493  0.48863060
   0.51595685  0.29257538  0.28056607
   0.84083000  0.33753000  0.11288000
   0.91631313  0.21044452  0.41333405
   0.71417801  0.33513147  0.51932181
   0.97809120  0.46037979  0.21336732
   0.78444343  0.08442069  0.31581298
   0.90524000  0.04636000  0.07986000
   0.71132698  0.16953330  0.17990377
   0.97984195  0.41915856  0.38082365
   0.82297152  0.04057493  0.48303695
   0.84851501  0.29230808  0.27978289
   0.17417000  0.83753000  0.11288000
   0.25489843  0.70766695  0.40899109
   0.08942723  0.81626618  0.51607607
   0.31357782  0.96134558  0.21598955
   0.11053286  0.58437704  0.31397898
   0.23858000  0.54636000  0.07986000
   0.04411636  0.67085365  0.18017894
   0.32177862  0.92173714  0.38389946
   0.11702003  0.55008151  0.48462522
   0.17672909  0.79519642  0.28172238
   0.50750000  0.83753000  0.11288000
   0.58950230  0.70531151  0.40660709
   0.42582022  0.81960832  0.50701437
   0.64625551  0.96026308  0.21510690
   0.44355185  0.58264698  0.31188342
   0.57191000  0.54636000  0.07986000
   0.37646563  0.67063926  0.18023819
   0.65410224  0.91939349  0.38301333
   0.44963013  0.54833342  0.48346570
   0.51015529  0.79455043  0.28149712
   0.84083000  0.83753000  0.11288000
   0.75594692  0.81565857  0.50579235
   0.97956616  0.96043572  0.21549588
   0.77785605  0.58531496  0.31582261
   0.90524000  0.54636000  0.07986000
   0.71003429  0.67090062  0.18007768
   0.98845115  0.91966013  0.38296676
   0.78203254  0.55006385  0.48563217
   0.84316942  0.79456846  0.28158033
   0.92346102  0.70780827  0.41093342
   0.94977386  0.04307403  0.60914024
   0.76605980  0.39436154  0.61052622
