   0.60839802  0.43484175  0.49787465
   0.03971000  0.19194000  0.08602000
   0.31616123  0.43932025  0.28900588
   0.11956450  0.05987137  0.39007773
   0.17836926  0.31584232  0.18748119
   0.26546966  0.19368455  0.48399495
   0.37304000  0.19194000  0.08602000
   0.64964989  0.43755527  0.28636409
   0.45200877  0.06197074  0.39058711
   0.51095305  0.31404603  0.18675662
   0.59760027  0.19330467  0.48514000
   0.70637000  0.19194000  0.08602000
   0.98239595  0.43938875  0.28903256
   0.78578089  0.06185312  0.39024446
   0.84548664  0.31545520  0.18738276
   0.92999942  0.19377148  0.48478190
   0.03971000  0.69194000  0.08602000
   0.31234252  0.93886971  0.28912348
   0.11914688  0.56138495  0.39167383
   0.17877562  0.81562028  0.18727349
   0.26414251  0.69320638  0.48621736
   0.37304000  0.69194000  0.08602000
   0.64686634  0.93875530  0.28875104
   0.45905635  0.56078194  0.39097456
   0.51068086  0.81560007  0.18730598
   0.59850228  0.69259115  0.48641588
   0.70637000  0.69194000  0.08602000
   0.97957690  0.93856653  0.28867266
   0.84467261  0.81575499  0.18692686
   0.92737839  0.69415893  0.49361599
   0.78648820  0.56342418  0.38537836
   0.17883559  0.06401173  0.18540811
   0.27480540  0.43512065  0.49338298
   0.03971000  0.44194000  0.08602000
   0.31426987  0.18795837  0.28935176
   0.12282329  0.31446209  0.39016049
   0.51221829  0.06387643  0.18545351
   0.37304000  0.44194000  0.08602000
   0.64780655  0.18812128  0.28913655
   0.45730874  0.31591022  0.38990325
   0.84568901  0.06428971  0.18541445
   0.94574138  0.43510418  0.50103255
   0.70637000  0.44194000  0.08602000
   0.98133049  0.18842661  0.28915488
   0.78961131  0.31651312  0.39107908
   0.17867959  0.56424310  0.18548669
   0.26368833  0.93824811  0.49374706
   0.03971000  0.94194000  0.08602000
   0.31416273  0.68873518  0.28980901
   0.11125343  0.81258786  0.39322810
   0.51170198  0.56329963  0.18465929
   0.59634907  0.93688683  0.49374520
   0.37304000  0.94194000  0.08602000
   0.64726865  0.68856276  0.28701712
   0.44752951  0.81670026  0.39139407
   0.84522791  0.56422112  0.18638343
   0.92979986  0.93828100  0.49347706
   0.70637000  0.94194000  0.08602000
   0.98180714  0.68923734  0.28699689
   0.78056417  0.81358735  0.39239789
   0.17417000  0.33753000  0.10253000
   0.25679417  0.20592435  0.40104189
   0.07515837  0.32586104  0.50070941
   0.31273824  0.46103406  0.20506665
   0.11427273  0.08276234  0.30625602
   0.23858000  0.04636000  0.06951000
   0.04544241  0.17051941  0.16969766
   0.32132329  0.41885970  0.37298227
   0.13114045  0.04838440  0.47704322
   0.18103890  0.29279497  0.27084219
   0.50750000  0.33753000  0.10253000
   0.58933748  0.20764917  0.40219135
   0.40690419  0.32670752  0.50145669
   0.64523874  0.45863549  0.20271559
   0.44814250  0.08312796  0.30647473
   0.57191000  0.04636000  0.06951000
   0.37804677  0.16947402  0.16940644
   0.65598066  0.41947443  0.37034175
   0.46462485  0.04743937  0.47769207
   0.51360855  0.29155179  0.26999671
   0.84083000  0.33753000  0.10253000
   0.92227136  0.20683556  0.40212047
   0.74195612  0.32611718  0.49964459
   0.98027662  0.46055916  0.20502085
   0.78181798  0.08366845  0.30600617
   0.90524000  0.04636000  0.06951000
   0.71179488  0.17015096  0.16959677
   0.98824506  0.41802777  0.37274253
   0.79688992  0.04747397  0.47745319
   0.84744665  0.29294251  0.27061125
   0.17417000  0.83753000  0.10253000
   0.24821361  0.70802234  0.40415046
   0.06349072  0.83239763  0.50186902
   0.31319913  0.96064513  0.20480511
   0.11419831  0.58527396  0.30729439
   0.23858000  0.54636000  0.06951000
   0.04498730  0.67046589  0.16975166
   0.31094337  0.91910861  0.37342882
   0.14152223  0.54467783  0.47877320
   0.18074666  0.79322639  0.27046770
   0.50750000  0.83753000  0.10253000
   0.57984253  0.70951482  0.40417537
   0.39528241  0.83037383  0.50194071
   0.64662852  0.96045955  0.20462713
   0.44900313  0.58465827  0.30694634
   0.57191000  0.54636000  0.06951000
   0.37830357  0.67020648  0.16956294
   0.64762749  0.91927920  0.37294693
   0.47778019  0.54418537  0.47790250
   0.51277837  0.79303530  0.27051509
   0.84083000  0.83753000  0.10253000
   0.72933629  0.83018721  0.50267922
   0.97997171  0.96081149  0.20435973
   0.78272723  0.58424160  0.29790452
   0.90524000  0.54636000  0.06951000
   0.71140465  0.67008113  0.16944154
   0.97912112  0.91596051  0.37305259
   0.81236957  0.54728786  0.51038517
   0.84712654  0.79401741  0.26997432
   0.90907631  0.70272561  0.41022748
   0.78662402  0.48395901  0.69734166
   0.80053646  0.52123031  0.60138272
