   0.92276608  0.69866215  0.49540906
   0.03971000  0.19194000  0.09637000
   0.31055115  0.44052036  0.29852112
   0.13094355  0.06128405  0.40080058
   0.17975548  0.31600694  0.19719414
   0.26126949  0.19597704  0.49709366
   0.37304000  0.19194000  0.09637000
   0.64499284  0.44034204  0.29840120
   0.46560598  0.06211035  0.40102869
   0.51291212  0.31607032  0.19723894
   0.59090508  0.19386009  0.49783811
   0.70637000  0.19194000  0.09637000
   0.97800740  0.44084881  0.29804776
   0.79887239  0.06145793  0.40082516
   0.84641568  0.31610049  0.19708299
   0.93944758  0.18763144  0.50051625
   0.03971000  0.69194000  0.09637000
   0.32186050  0.94037587  0.29906606
   0.11326247  0.56555724  0.39936490
   0.17913399  0.81689000  0.19768487
   0.25724978  0.70022714  0.49492541
   0.37304000  0.69194000  0.09637000
   0.65568557  0.93950976  0.29857323
   0.44546139  0.56520768  0.39985251
   0.51250209  0.81647028  0.19753965
   0.59152045  0.69831113  0.49548413
   0.70637000  0.69194000  0.09637000
   0.98840672  0.93933229  0.29870118
   0.84573642  0.81619837  0.19748965
   0.77906605  0.56457241  0.39991516
   0.18125450  0.06471249  0.19531996
   0.24160762  0.44569443  0.50371314
   0.03971000  0.44194000  0.09637000
   0.31859896  0.18942391  0.29881220
   0.10831509  0.31890255  0.40290307
   0.51461867  0.06471717  0.19533108
   0.56885722  0.44758630  0.50699375
   0.37304000  0.44194000  0.09637000
   0.65248991  0.18932313  0.29842574
   0.44304892  0.31885412  0.40038738
   0.84803374  0.06438543  0.19513748
   0.90862470  0.44731872  0.50140143
   0.70637000  0.44194000  0.09637000
   0.98575770  0.18969386  0.29883092
   0.77792574  0.31735717  0.40036881
   0.17804070  0.56520962  0.19536177
   0.29296088  0.93321698  0.50230050
   0.03971000  0.94194000  0.09637000
   0.31453962  0.68973427  0.29866905
   0.13148114  0.81303346  0.39838643
   0.51140485  0.56503324  0.19541657
   0.62689167  0.93141599  0.50192244
   0.37304000  0.94194000  0.09637000
   0.64778530  0.68900657  0.29877130
   0.46530937  0.81332253  0.39799515
   0.84465619  0.56520173  0.19544139
   0.96038396  0.93235588  0.50343731
   0.70637000  0.94194000  0.09637000
   0.98102244  0.68938095  0.29888609
   0.79824742  0.81277401  0.39862494
   0.17417000  0.33753000  0.11288000
   0.24435302  0.21234059  0.41552206
   0.04113010  0.34218977  0.50858822
   0.31240872  0.46182721  0.21454774
   0.12005699  0.08550760  0.31726335
   0.23858000  0.04636000  0.07986000
   0.04687448  0.17053743  0.18009220
   0.30768723  0.42194461  0.38290657
   0.16068671  0.04209880  0.48674375
   0.18415844  0.29287776  0.28040446
   0.50750000  0.33753000  0.11288000
   0.57744349  0.21363582  0.41651912
   0.37051949  0.33911380  0.51634627
   0.64565598  0.46158567  0.21454472
   0.45389337  0.08618116  0.31765381
   0.57191000  0.04636000  0.07986000
   0.38042348  0.17076726  0.18015198
   0.64193111  0.42083825  0.38276255
   0.49377260  0.04168664  0.48688998
   0.51721021  0.29288576  0.28054510
   0.84083000  0.33753000  0.11288000
   0.90940818  0.21121277  0.41837760
   0.69523708  0.34006009  0.52120924
   0.97914754  0.46185085  0.21424356
   0.78728705  0.08594797  0.31710165
   0.90524000  0.04636000  0.07986000
   0.71373383  0.17050282  0.18002962
   0.97422963  0.42156035  0.38193381
   0.82533213  0.03640281  0.48477334
   0.85079071  0.29310407  0.28038875
   0.17417000  0.83753000  0.11288000
   0.26530571  0.70599283  0.40976652
   0.09117276  0.82123472  0.51081350
   0.31608463  0.96185970  0.21529229
   0.11466880  0.58468559  0.31512221
   0.23858000  0.54636000  0.07986000
   0.04435488  0.67186483  0.18055235
   0.33122139  0.91888161  0.38281355
   0.11619909  0.55689964  0.48620745
   0.18184899  0.79540814  0.28148512
   0.50750000  0.83753000  0.11288000
   0.59745760  0.70508174  0.41063868
   0.42488857  0.82314613  0.51117285
   0.64925540  0.96138433  0.21477859
   0.44746771  0.58435121  0.31560897
   0.57191000  0.54636000  0.07986000
   0.37763681  0.67156767  0.18041414
   0.66448013  0.91755481  0.38205927
   0.44373919  0.55638632  0.48819487
   0.51547736  0.79450022  0.28108253
   0.84083000  0.83753000  0.11288000
   0.75874657  0.81963858  0.51110631
   0.98283153  0.96110880  0.21484569
   0.78102314  0.58412840  0.31553285
   0.90524000  0.54636000  0.07986000
   0.71080397  0.67138654  0.18037239
   0.99755650  0.91736592  0.38241644
   0.77485477  0.55493966  0.48826496
   0.84830915  0.79443854  0.28107440
   0.93094943  0.70429123  0.41034718
   0.97958377  0.14954169  0.60378387
   0.80045700  0.26870795  0.59036193
