   0.27969268  0.43185799  0.49311930
   0.03971000  0.19194000  0.08602000
   0.31797667  0.43817755  0.28796605
   0.11219091  0.05921248  0.38916660
   0.17901468  0.31560271  0.18727230
   0.25919597  0.19157237  0.48256045
   0.37304000  0.19194000  0.08602000
   0.65164255  0.43689747  0.28712425
   0.44952616  0.06149384  0.39140229
   0.51212414  0.31447677  0.18673491
   0.59048681  0.19377647  0.48692652
   0.70637000  0.19194000  0.08602000
   0.98495420  0.43912385  0.28870673
   0.78140627  0.06271928  0.39109228
   0.84621319  0.31548270  0.18727795
   0.92705240  0.19207272  0.48641990
   0.03971000  0.69194000  0.08602000
   0.31236647  0.94033128  0.28882154
   0.12400798  0.55959068  0.39128394
   0.18016152  0.81556922  0.18656442
   0.26101029  0.69068900  0.48675631
   0.37304000  0.69194000  0.08602000
   0.64582917  0.94004467  0.28833520
   0.45906208  0.55928486  0.38906525
   0.51309202  0.81552756  0.18616773
   0.59159039  0.69122468  0.48583122
   0.70637000  0.69194000  0.08602000
   0.97803905  0.93869047  0.28700466
   0.84638415  0.81513633  0.18559369
   0.93017900  0.69278650  0.48521453
   0.78953063  0.55940539  0.38890938
   0.17918009  0.06440949  0.18526653
   0.03971000  0.44194000  0.08602000
   0.31578604  0.18874107  0.28984071
   0.12645781  0.31165215  0.38900366
   0.51244503  0.06403703  0.18502580
   0.61060436  0.43273159  0.49098830
   0.37304000  0.44194000  0.08602000
   0.64877411  0.18820533  0.28909519
   0.45960694  0.31229083  0.39187967
   0.84581318  0.06438997  0.18478099
   0.94720830  0.43097756  0.49586788
   0.70637000  0.44194000  0.08602000
   0.98221995  0.18788212  0.28849866
   0.79312702  0.31215511  0.38947750
   0.18076641  0.56503400  0.18578524
   0.25143013  0.93581012  0.49487849
   0.03971000  0.94194000  0.08602000
   0.31593769  0.68961050  0.28893651
   0.11027913  0.81557543  0.39002104
   0.51406477  0.56440288  0.18519453
   0.58395811  0.93657418  0.49625454
   0.37304000  0.94194000  0.08602000
   0.64917752  0.68842875  0.28728304
   0.44326844  0.81651592  0.39083040
   0.84742716  0.56499027  0.18645957
   0.91672428  0.93450523  0.49519800
   0.70637000  0.94194000  0.08602000
   0.98241735  0.68894693  0.28847533
   0.77584637  0.81457047  0.38943933
   0.17417000  0.33753000  0.10253000
   0.25655926  0.20160006  0.39871579
   0.07668469  0.32176205  0.50452504
   0.31419829  0.46095039  0.20412173
   0.11458222  0.08184030  0.30465115
   0.23858000  0.04636000  0.06951000
   0.04518883  0.17065798  0.16973730
   0.32501025  0.41550929  0.37120274
   0.11969956  0.04485500  0.47768154
   0.18203650  0.29244544  0.27036185
   0.50750000  0.33753000  0.10253000
   0.59396380  0.20278398  0.40386334
   0.41189093  0.32105292  0.49252151
   0.64743852  0.45953727  0.20291554
   0.44912025  0.08394509  0.30694231
   0.57191000  0.04636000  0.06951000
   0.37822633  0.16962593  0.16945087
   0.65822983  0.41411040  0.37096383
   0.45306911  0.04721604  0.47976908
   0.51568099  0.29171461  0.26964953
   0.84083000  0.33753000  0.10253000
   0.92590800  0.20489676  0.40325216
   0.74441053  0.32373793  0.50380560
   0.98188776  0.46090590  0.20467594
   0.78233788  0.08388604  0.30621780
   0.90524000  0.04636000  0.06951000
   0.71186188  0.17029884  0.16970393
   0.99316033  0.41582186  0.37254652
   0.78842369  0.04683927  0.47898749
   0.84906882  0.29282230  0.27055060
   0.17300388  0.83302622  0.10004450
   0.24424226  0.70883587  0.40469017
   0.05054490  0.82954493  0.50496846
   0.31366811  0.96075186  0.20428543
   0.11717747  0.58505656  0.30711665
   0.23858000  0.54636000  0.06951000
   0.04709004  0.67070420  0.16972144
   0.30807659  0.92068571  0.37332818
   0.14748214  0.54057127  0.47915577
   0.18126105  0.79388551  0.27037044
   0.50622003  0.83303547  0.09989640
   0.57617840  0.70993782  0.40355679
   0.38317895  0.82953017  0.50502065
   0.64698227  0.96075479  0.20372702
   0.44992784  0.58422108  0.30521956
   0.57191000  0.54636000  0.06951000
   0.38012150  0.67058493  0.16945648
   0.64112606  0.92082810  0.37268509
   0.47881593  0.54039417  0.47412882
   0.51465344  0.79392984  0.26977071
   0.83950714  0.83294210  0.09956821
   0.71287895  0.82976543  0.50581819
   0.97990960  0.96041636  0.20255188
   0.78322344  0.58326570  0.30067553
   0.90524000  0.54636000  0.06951000
   0.71322858  0.67033553  0.16923391
   0.97360887  0.91737431  0.37093293
   0.81826720  0.54184797  0.48643778
   0.84774826  0.79318902  0.26895086
   0.91044448  0.70855869  0.40388486
   0.47220053  0.46853027  0.61922043
   0.74251337  0.48941107  0.59285854
