   0.95555684  0.93239238  0.49232521
   0.03971000  0.19194000  0.08602000
   0.31167714  0.44037004  0.28834744
   0.13101420  0.06119530  0.39044615
   0.17810098  0.31609329  0.18707253
   0.25580484  0.19458746  0.48869038
   0.37304000  0.19194000  0.08602000
   0.64477396  0.43965657  0.28772753
   0.46339739  0.06335158  0.39190261
   0.51162186  0.31567393  0.18670646
   0.59718667  0.19214628  0.48976465
   0.70637000  0.19194000  0.08602000
   0.97829933  0.44039778  0.28784214
   0.79567698  0.06029671  0.39033050
   0.84537174  0.31553851  0.18694409
   0.94166432  0.18692717  0.48638313
   0.03971000  0.69194000  0.08602000
   0.32018575  0.94058366  0.28910897
   0.11251087  0.56574086  0.38919860
   0.17986276  0.81640670  0.18739834
   0.25355954  0.70184424  0.48469165
   0.37304000  0.69194000  0.08602000
   0.65253173  0.93959631  0.28878168
   0.44642936  0.56460651  0.38999635
   0.51267126  0.81687368  0.18745073
   0.59110211  0.69648327  0.48535894
   0.70637000  0.69194000  0.08602000
   0.98614427  0.94011952  0.28808353
   0.84572951  0.81614877  0.18710116
   0.91889949  0.69651687  0.48628415
   0.77829611  0.56366843  0.39007753
   0.18036124  0.06416372  0.18480884
   0.24683263  0.44577272  0.49259663
   0.03971000  0.44194000  0.08602000
   0.31611694  0.19019080  0.28864806
   0.11097616  0.31922960  0.39225867
   0.51376732  0.06420448  0.18504808
   0.57342194  0.44207167  0.49900201
   0.37304000  0.44194000  0.08602000
   0.64940618  0.18947151  0.28851901
   0.44459732  0.31900403  0.39271018
   0.84707180  0.06436536  0.18489769
   0.91002288  0.44556909  0.49143232
   0.70637000  0.44194000  0.08602000
   0.98275231  0.18993982  0.28928728
   0.77979502  0.31762804  0.39008268
   0.17827512  0.56502520  0.18520571
   0.29031252  0.93283039  0.49252383
   0.03971000  0.94194000  0.08602000
   0.31487284  0.68951333  0.28843824
   0.12773236  0.81375910  0.38811046
   0.51104758  0.56488865  0.18498003
   0.62192656  0.93105574  0.49319838
   0.37304000  0.94194000  0.08602000
   0.64819659  0.68921435  0.28825349
   0.46178473  0.81437523  0.38847871
   0.84486981  0.56441858  0.18487947
   0.70637000  0.94194000  0.08602000
   0.98097695  0.68886159  0.28803705
   0.79457042  0.81293756  0.38829593
   0.17417000  0.33753000  0.10253000
   0.24600016  0.21236203  0.40644797
   0.04533613  0.34206530  0.49418317
   0.31246505  0.46145592  0.20447814
   0.11793787  0.08625339  0.30685286
   0.23858000  0.04636000  0.06951000
   0.04635735  0.17047583  0.16977901
   0.30986409  0.42153774  0.37263009
   0.15731892  0.03928430  0.47479489
   0.18117211  0.29373141  0.27029071
   0.50750000  0.33753000  0.10253000
   0.58037990  0.21423255  0.40868418
   0.37376294  0.33652082  0.50653481
   0.64529769  0.46118107  0.20395776
   0.45118748  0.08716578  0.30851206
   0.57191000  0.04636000  0.06951000
   0.37966796  0.17008053  0.16973050
   0.64390905  0.41977307  0.37213616
   0.49070582  0.04162099  0.47787624
   0.51472334  0.29330994  0.26983595
   0.84083000  0.33753000  0.10253000
   0.91096266  0.21009691  0.40491865
   0.70120128  0.33413576  0.51811049
   0.97916279  0.46106302  0.20405602
   0.78332868  0.08556062  0.30683585
   0.90524000  0.04636000  0.06951000
   0.71285957  0.17037663  0.16980907
   0.97598630  0.42141154  0.37146114
   0.82011732  0.03701580  0.47448520
   0.84751165  0.29344012  0.27021364
   0.17417000  0.83753000  0.10253000
   0.26215180  0.70701734  0.40023112
   0.08689981  0.82043546  0.50044087
   0.31540055  0.96154114  0.20529519
   0.11491463  0.58434223  0.30492303
   0.23858000  0.54636000  0.06951000
   0.04458530  0.67156865  0.17030470
   0.32790374  0.91966655  0.37310471
   0.11697809  0.55687135  0.47612319
   0.18187017  0.79500918  0.27105003
   0.50750000  0.83753000  0.10253000
   0.59348498  0.70562396  0.40164352
   0.42048888  0.82412118  0.50261010
   0.64832592  0.96156248  0.20531603
   0.44828377  0.58450203  0.30552203
   0.57191000  0.54636000  0.06951000
   0.37789219  0.67200974  0.17033547
   0.66070409  0.91743263  0.37234432
   0.45051614  0.55221269  0.47804313
   0.51519405  0.79451000  0.27106640
   0.84083000  0.83753000  0.10253000
   0.75337713  0.81989060  0.50448728
   0.98162564  0.96119237  0.20435340
   0.78061006  0.58365745  0.30508333
   0.90524000  0.54636000  0.06951000
   0.71129151  0.67095784  0.17011537
   0.99396813  0.91795368  0.37144531
   0.77308791  0.55135459  0.47922968
   0.84813788  0.79449186  0.27050553
   0.92576648  0.70527791  0.40163556
   0.02700590  0.14855027  0.58516830
   0.83906659  0.26842355  0.58104355
