   0.57898114  0.68691715  0.50001358
   0.03971000  0.19194000  0.09637000
   0.31815852  0.43799234  0.29626202
   0.11557658  0.06188313  0.40019718
   0.17968071  0.31460442  0.19556549
   0.25309998  0.19437367  0.49592015
   0.37304000  0.19194000  0.09637000
   0.65222990  0.43889209  0.29790779
   0.45046808  0.06399217  0.40096602
   0.51381221  0.31507771  0.19622873
   0.58307259  0.20056827  0.49883860
   0.70637000  0.19194000  0.09637000
   0.98653070  0.44023867  0.29919388
   0.78201238  0.06228362  0.40060512
   0.84647285  0.31619982  0.19767770
   0.92493172  0.19302843  0.49610688
   0.03971000  0.69194000  0.09637000
   0.31327750  0.93982866  0.29863785
   0.12695783  0.56166345  0.40242989
   0.17984751  0.81544030  0.19635593
   0.27468056  0.68958535  0.50208497
   0.37304000  0.69194000  0.09637000
   0.64554256  0.93947547  0.29858369
   0.45957499  0.55969693  0.39748546
   0.51317967  0.81547799  0.19624051
   0.70637000  0.69194000  0.09637000
   0.97943780  0.93913501  0.29881830
   0.84603546  0.81566737  0.19736845
   0.92991046  0.69536965  0.49623964
   0.79103006  0.56139252  0.40038737
   0.17917243  0.06393306  0.19522452
   0.28157820  0.43058117  0.50323562
   0.03971000  0.44194000  0.09637000
   0.31545534  0.18821799  0.29823234
   0.12617610  0.31282489  0.39845821
   0.51275819  0.06432413  0.19513592
   0.60964302  0.43104211  0.49936251
   0.37304000  0.44194000  0.09637000
   0.64925165  0.18863748  0.29856481
   0.45906367  0.31223057  0.39805616
   0.84582716  0.06411766  0.19516964
   0.95143199  0.43255660  0.50391648
   0.70637000  0.44194000  0.09637000
   0.98230401  0.18832907  0.29819732
   0.79333658  0.31264078  0.39828310
   0.18056930  0.56417259  0.19486802
   0.24953111  0.94292857  0.50264009
   0.03971000  0.94194000  0.09637000
   0.31600483  0.68960386  0.29856227
   0.11287256  0.81632326  0.40178999
   0.51404926  0.56421955  0.19481235
   0.58487520  0.94232987  0.50377844
   0.37304000  0.94194000  0.09637000
   0.64945699  0.68966904  0.29854432
   0.44416690  0.81624726  0.40409592
   0.84746926  0.56444309  0.19533942
   0.91444788  0.93896189  0.50457616
   0.70637000  0.94194000  0.09637000
   0.98329916  0.68948339  0.29940654
   0.77642935  0.81628994  0.40279472
   0.17299783  0.33267131  0.10933893
   0.25863801  0.20505880  0.41179542
   0.07893075  0.32061443  0.51373528
   0.31471911  0.45943570  0.21246788
   0.11510551  0.08365845  0.31601433
   0.23858000  0.04636000  0.07986000
   0.04523140  0.17021737  0.17993454
   0.32463746  0.41472313  0.37919646
   0.11597039  0.05031513  0.48808489
   0.18217241  0.29225855  0.27906774
   0.50656259  0.33279547  0.10974743
   0.59452331  0.20738274  0.41367931
   0.41348285  0.31812509  0.51332711
   0.64817719  0.46023796  0.21372463
   0.44957930  0.08444857  0.31651585
   0.57191000  0.04636000  0.07986000
   0.37871670  0.17069337  0.18031844
   0.65973771  0.41703321  0.38221615
   0.45276354  0.05433082  0.48874409
   0.51616202  0.29338338  0.28010326
   0.84083000  0.33753000  0.11288000
   0.92514164  0.20586254  0.41293866
   0.74431920  0.32786611  0.51944014
   0.98211712  0.46137618  0.21523580
   0.78229544  0.08394570  0.31624153
   0.90524000  0.04636000  0.07986000
   0.71233803  0.17106166  0.18043553
   0.99187408  0.41757433  0.38287989
   0.78669963  0.04913300  0.48849040
   0.84954024  0.29413513  0.28130643
   0.17304935  0.83288857  0.10974896
   0.24305847  0.70980236  0.41893938
   0.04893334  0.83507347  0.51471273
   0.31372650  0.96032895  0.21389871
   0.11772140  0.58604113  0.31815334
   0.23858000  0.54636000  0.07986000
   0.04647426  0.67056911  0.18008282
   0.31046405  0.92073958  0.38279897
   0.14867362  0.53853878  0.48728177
   0.18164255  0.79349255  0.28013742
   0.50653771  0.83288134  0.10970991
   0.57873978  0.70814893  0.41585998
   0.38401027  0.84220635  0.50647216
   0.64669517  0.96060283  0.21392369
   0.44998520  0.58455155  0.31426900
   0.57191000  0.54636000  0.07986000
   0.37985859  0.67048163  0.18003983
   0.64266162  0.92008369  0.38281238
   0.47931413  0.53196753  0.47920136
   0.51492572  0.79351051  0.27978002
   0.84083000  0.83753000  0.11288000
   0.71374900  0.83339086  0.51111077
   0.98017751  0.96076549  0.21469161
   0.78331522  0.58470157  0.31664668
   0.90524000  0.54636000  0.07986000
   0.71323211  0.67042855  0.18012569
   0.97614248  0.91950352  0.38301973
   0.81634729  0.54291131  0.48878990
   0.84852633  0.79294146  0.28063305
   0.91205935  0.70935888  0.41456326
   0.42040222  0.65428944  0.58383941
   0.76671909  0.47355026  0.59892793
