   0.27509958  0.43476661  0.49252290
   0.03971000  0.19194000  0.08602000
   0.31743737  0.43858802  0.28848242
   0.11821748  0.06029064  0.39003197
   0.17860096  0.31539993  0.18731559
   0.25774663  0.19453618  0.48498079
   0.37304000  0.19194000  0.08602000
   0.65082426  0.43808143  0.28711150
   0.45119679  0.06227966  0.39087577
   0.51142181  0.31460310  0.18700734
   0.59184273  0.19372877  0.48653424
   0.70637000  0.19194000  0.08602000
   0.98366332  0.43833646  0.28817041
   0.78295809  0.06028316  0.38986593
   0.84587613  0.31536997  0.18707936
   0.92837150  0.19064596  0.48326430
   0.03971000  0.69194000  0.08602000
   0.31254382  0.93962047  0.28895889
   0.12107476  0.56003598  0.38975637
   0.17865964  0.81580515  0.18739176
   0.26056771  0.69115231  0.48584560
   0.37304000  0.69194000  0.08602000
   0.64584789  0.93875094  0.28841034
   0.45874287  0.56001327  0.39055015
   0.51185222  0.81527889  0.18723058
   0.59418802  0.69334865  0.48572451
   0.70637000  0.69194000  0.08602000
   0.97905130  0.93910095  0.28863379
   0.84520302  0.81538620  0.18708168
   0.92910423  0.69364607  0.49031040
   0.78769819  0.56145313  0.38913298
   0.17894544  0.06382931  0.18546936
   0.03971000  0.44194000  0.08602000
   0.31546568  0.18805197  0.28943742
   0.12414857  0.31273407  0.38991540
   0.51238483  0.06371059  0.18511626
   0.60901423  0.43416534  0.49531805
   0.37304000  0.44194000  0.08602000
   0.64872589  0.18793201  0.28857868
   0.45838766  0.31432217  0.39047611
   0.84544645  0.06393481  0.18546290
   0.94548050  0.43240601  0.49687771
   0.70637000  0.44194000  0.08602000
   0.98199320  0.18773001  0.28881892
   0.79072856  0.31310723  0.38865652
   0.17958877  0.56406573  0.18505462
   0.25823049  0.93743332  0.49393621
   0.03971000  0.94194000  0.08602000
   0.31534907  0.68831109  0.28893195
   0.11063264  0.81422248  0.39143495
   0.51268394  0.56376704  0.18517097
   0.59001979  0.93639651  0.49377695
   0.37304000  0.94194000  0.08602000
   0.64843686  0.68786012  0.28735380
   0.44502457  0.81664155  0.39044749
   0.84622216  0.56419984  0.18599246
   0.92424276  0.93757666  0.49372487
   0.70637000  0.94194000  0.08602000
   0.98173574  0.68868558  0.28744491
   0.77918116  0.81464443  0.39136621
   0.17417000  0.33753000  0.10253000
   0.25777156  0.20427989  0.40126506
   0.07619858  0.32212995  0.49779095
   0.31386546  0.46058281  0.20463310
   0.11536946  0.08278647  0.30607481
   0.23858000  0.04636000  0.06951000
   0.04527693  0.16995375  0.16954323
   0.32274119  0.41702319  0.37216232
   0.12523897  0.04761209  0.47740677
   0.18225003  0.29225385  0.27040628
   0.50750000  0.33753000  0.10253000
   0.59145681  0.20640785  0.40349502
   0.40755431  0.32521393  0.49902562
   0.64646004  0.45928564  0.20317678
   0.44944720  0.08365620  0.30662221
   0.57191000  0.04636000  0.06951000
   0.37845010  0.16956534  0.16949321
   0.65796234  0.41717398  0.37101748
   0.45938564  0.04676006  0.47796578
   0.51511600  0.29208227  0.27020410
   0.84083000  0.33753000  0.10253000
   0.92246746  0.20365927  0.40073760
   0.73968450  0.32436866  0.50553379
   0.98119821  0.46041711  0.20436810
   0.78187287  0.08301586  0.30557529
   0.90524000  0.04636000  0.06951000
   0.71202389  0.17004465  0.16959006
   0.98989339  0.41541905  0.37140625
   0.79186416  0.04614243  0.47714582
   0.84872191  0.29192071  0.26997879
   0.17417000  0.83753000  0.10253000
   0.24529583  0.70922815  0.40358079
   0.05797069  0.83255378  0.50427781
   0.31336331  0.96077219  0.20488366
   0.11556431  0.58437176  0.30583743
   0.23858000  0.54636000  0.06951000
   0.04570581  0.67045626  0.16964992
   0.31011557  0.92021946  0.37301026
   0.14087223  0.54209542  0.47480376
   0.18170792  0.79296084  0.27054870
   0.50750000  0.83753000  0.10253000
   0.57748485  0.70993203  0.40374575
   0.38920302  0.82951157  0.50246117
   0.64640300  0.96044758  0.20451684
   0.44971066  0.58398894  0.30656971
   0.57191000  0.54636000  0.06951000
   0.37896504  0.67008807  0.16958369
   0.64481864  0.91882195  0.37230272
   0.47700464  0.54292970  0.47719724
   0.51361713  0.79250628  0.27029800
   0.84083000  0.83753000  0.10253000
   0.72267265  0.83045318  0.50367945
   0.97993082  0.96060726  0.20457276
   0.78354103  0.58374393  0.29994340
   0.90524000  0.54636000  0.06951000
   0.71192442  0.67013601  0.16946235
   0.97780935  0.91787837  0.37290845
   0.80937864  0.54483842  0.49611574
   0.84741772  0.79358766  0.27023189
   0.90943636  0.70673962  0.40821693
   0.08512561  0.49936943  0.63405373
   0.83163122  0.48311898  0.59569095
