   0.27888540  0.43440201  0.49620539
   0.03971000  0.19194000  0.08602000
   0.31871580  0.43849779  0.28893541
   0.11586317  0.06163854  0.39026341
   0.17957838  0.31611418  0.18740316
   0.25535577  0.19484274  0.48526160
   0.37304000  0.19194000  0.08602000
   0.65221512  0.43746471  0.28716688
   0.44845476  0.06455483  0.39260044
   0.51217938  0.31486750  0.18676953
   0.58941561  0.19471443  0.48864789
   0.70637000  0.19194000  0.08602000
   0.98518179  0.43844167  0.28788188
   0.77865558  0.05959165  0.38988725
   0.84620428  0.31535299  0.18694001
   0.92605750  0.18588320  0.48324108
   0.03971000  0.69194000  0.08602000
   0.31331543  0.94140927  0.28974682
   0.12495718  0.55922039  0.38924255
   0.17965109  0.81644414  0.18768417
   0.25745455  0.68944804  0.48551449
   0.37304000  0.69194000  0.08602000
   0.64531716  0.93943353  0.28858582
   0.45755539  0.55942202  0.39072419
   0.51245572  0.81598331  0.18736367
   0.58847486  0.69359656  0.48589588
   0.70637000  0.69194000  0.08602000
   0.97872165  0.93967469  0.28854205
   0.84578117  0.81586349  0.18713565
   0.93171800  0.69145867  0.48454187
   0.79100309  0.55904941  0.38979954
   0.17921767  0.06485771  0.18590493
   0.03971000  0.44194000  0.08602000
   0.31632433  0.18926411  0.29011968
   0.12681589  0.31286478  0.39232260
   0.51259432  0.06444072  0.18558665
   0.61205172  0.43316273  0.49430287
   0.37304000  0.44194000  0.08602000
   0.64882116  0.18808613  0.28859717
   0.46060462  0.31333119  0.39095307
   0.84601940  0.06471030  0.18563417
   0.95032761  0.43090363  0.49474880
   0.70637000  0.44194000  0.08602000
   0.98250609  0.18863979  0.28948811
   0.79300870  0.31210993  0.38888307
   0.18103790  0.56482583  0.18585145
   0.25073818  0.93683369  0.49512556
   0.03971000  0.94194000  0.08602000
   0.31652858  0.68971115  0.28950668
   0.11089865  0.81655391  0.39009882
   0.51423901  0.56419572  0.18502182
   0.58317440  0.93492649  0.49648112
   0.37304000  0.94194000  0.08602000
   0.64914789  0.68793161  0.28864318
   0.44310520  0.81670208  0.39112892
   0.84750412  0.56456731  0.18577467
   0.91617008  0.93308928  0.49481962
   0.70637000  0.94194000  0.08602000
   0.98228152  0.68866103  0.28840289
   0.77694941  0.81462796  0.38986306
   0.17417000  0.33753000  0.10253000
   0.26119643  0.20275488  0.40145984
   0.08148818  0.31605950  0.49027717
   0.31515951  0.46141706  0.20486502
   0.11590042  0.08341668  0.30591827
   0.23858000  0.04636000  0.06951000
   0.04556600  0.17088236  0.16967138
   0.32564183  0.41618728  0.37225831
   0.11833998  0.04743983  0.47830525
   0.18263934  0.29286214  0.27043290
   0.50750000  0.33753000  0.10253000
   0.59305779  0.20565277  0.40606552
   0.41183482  0.32311085  0.50193068
   0.64774479  0.45987152  0.20298884
   0.44995819  0.08510939  0.30803584
   0.57191000  0.04636000  0.06951000
   0.37852350  0.16981585  0.16932576
   0.65876245  0.41472154  0.37086749
   0.45460383  0.04803094  0.48072884
   0.51573761  0.29210686  0.26972507
   0.84083000  0.33753000  0.10253000
   0.92149267  0.20143850  0.39993905
   0.74344229  0.32404105  0.50580529
   0.98169897  0.46057166  0.20391339
   0.78138340  0.08291910  0.30570142
   0.90524000  0.04636000  0.06951000
   0.71195977  0.17026374  0.16946235
   0.99248875  0.41508366  0.37087778
   0.78486943  0.04276331  0.47837607
   0.84879831  0.29221970  0.26991644
   0.17417000  0.83753000  0.10253000
   0.24438393  0.70992212  0.40327905
   0.05147331  0.83014858  0.50397890
   0.31374102  0.96175261  0.20551067
   0.11738299  0.58457329  0.30533698
   0.23858000  0.54636000  0.06951000
   0.04740117  0.67104600  0.16981060
   0.30937270  0.92274920  0.37414078
   0.14484749  0.54091444  0.47467959
   0.18206441  0.79469359  0.27122625
   0.50750000  0.83753000  0.10253000
   0.57611266  0.70956957  0.40440985
   0.38187041  0.82923477  0.50512985
   0.64656711  0.96118536  0.20465006
   0.44978068  0.58467268  0.30713491
   0.57191000  0.54636000  0.06951000
   0.38050297  0.67079783  0.16961423
   0.64145316  0.91861567  0.37258123
   0.47768262  0.54192826  0.47855867
   0.51533408  0.79307068  0.27056744
   0.84083000  0.83753000  0.10253000
   0.71310054  0.82833289  0.50708101
   0.98006448  0.96118555  0.20447288
   0.78334989  0.58351500  0.30241509
   0.90524000  0.54636000  0.06951000
   0.71365854  0.67053290  0.16948005
   0.97481111  0.91987360  0.37262672
   0.81373940  0.54129594  0.48252629
   0.84776132  0.79347928  0.27034840
   0.91100557  0.70937199  0.40368134
   0.07570623  0.46660081  0.61257043
   0.81665123  0.48285617  0.59306251
