   0.60128343  0.93378421  0.49498124
   0.03971000  0.19194000  0.08602000
   0.31225303  0.43910981  0.28807038
   0.12070231  0.06059647  0.39114165
   0.17799809  0.31518610  0.18724223
   0.25755219  0.19224433  0.48629069
   0.37304000  0.19194000  0.08602000
   0.64473652  0.43755647  0.28691548
   0.45522209  0.06112281  0.39243170
   0.51107847  0.31468587  0.18666982
   0.58605646  0.18840886  0.49478739
   0.70637000  0.19194000  0.08602000
   0.97844005  0.43945071  0.28867274
   0.78788429  0.06280702  0.39261936
   0.84478894  0.31542482  0.18738498
   0.91650631  0.19303572  0.49012767
   0.03971000  0.69194000  0.08602000
   0.31664724  0.93992299  0.28869407
   0.11560080  0.56268685  0.39046641
   0.17845778  0.81545150  0.18724453
   0.25869387  0.69344690  0.48586015
   0.37304000  0.69194000  0.08602000
   0.64994913  0.94041589  0.28968106
   0.44658003  0.56150726  0.38984263
   0.51224739  0.81601980  0.18786528
   0.58635544  0.69416248  0.48480420
   0.70637000  0.69194000  0.08602000
   0.98304608  0.93879801  0.28893853
   0.84518541  0.81564863  0.18764049
   0.91954456  0.69522287  0.48386099
   0.77976057  0.56069906  0.38902921
   0.17894809  0.06381115  0.18517952
   0.24708752  0.43832889  0.49646741
   0.03971000  0.44194000  0.08602000
   0.31462646  0.18887735  0.28945069
   0.11176584  0.31573835  0.38950473
   0.51279707  0.06419636  0.18532130
   0.57969077  0.43961042  0.49308394
   0.37304000  0.44194000  0.08602000
   0.64784041  0.18910812  0.28973129
   0.44562919  0.31500495  0.39248337
   0.84598665  0.06428918  0.18575407
   0.91487788  0.44439991  0.49355770
   0.70637000  0.44194000  0.08602000
   0.98117011  0.18886794  0.28906066
   0.77644599  0.31543233  0.39271920
   0.17808586  0.56435860  0.18537036
   0.26833713  0.93216819  0.49549781
   0.03971000  0.94194000  0.08602000
   0.31464660  0.68883624  0.28867842
   0.12253846  0.81368624  0.39012313
   0.51122223  0.56434930  0.18504119
   0.37304000  0.94194000  0.08602000
   0.64772069  0.68803777  0.28880333
   0.45541984  0.81386748  0.38877871
   0.84470176  0.56455297  0.18562918
   0.93712866  0.93342326  0.49251840
   0.70637000  0.94194000  0.08602000
   0.98097921  0.68819067  0.28893654
   0.78777168  0.81371190  0.38975109
   0.17417000  0.33753000  0.10253000
   0.24325854  0.20908765  0.40460388
   0.03754462  0.33280383  0.51726232
   0.31213864  0.46050508  0.20413611
   0.11521786  0.08469831  0.30720578
   0.23858000  0.04636000  0.06951000
   0.04514124  0.17004955  0.16946797
   0.31037339  0.41803615  0.37188984
   0.13749675  0.04291859  0.47827929
   0.18016129  0.29262541  0.27038215
   0.50750000  0.33753000  0.10253000
   0.57826677  0.20848033  0.40995712
   0.37688497  0.33212025  0.50272878
   0.64534593  0.45991864  0.20328273
   0.44926263  0.08554162  0.30827149
   0.57191000  0.04636000  0.06951000
   0.37841565  0.16970216  0.16910702
   0.64319834  0.41697677  0.37065641
   0.46519515  0.03878224  0.47755455
   0.51311314  0.29148177  0.26952420
   0.84083000  0.33753000  0.10253000
   0.91453279  0.21169476  0.40805207
   0.71609440  0.33789135  0.50184067
   0.97907516  0.46084140  0.20465339
   0.78275842  0.08607570  0.30877942
   0.90524000  0.04636000  0.06951000
   0.71210687  0.17009539  0.16948389
   0.97687528  0.41938478  0.37327546
   0.80416835  0.04236186  0.47825075
   0.84676078  0.29257306  0.27047414
   0.17417000  0.83753000  0.10253000
   0.25636437  0.70636082  0.40302408
   0.06740838  0.82492751  0.50066341
   0.31392791  0.96081307  0.20467435
   0.11508569  0.58392783  0.30630197
   0.23858000  0.54636000  0.06951000
   0.04438440  0.67051085  0.16964498
   0.32063354  0.91728213  0.37228900
   0.12017453  0.54778029  0.47817780
   0.18094120  0.79340239  0.27049715
   0.50750000  0.83753000  0.10253000
   0.58707192  0.70563872  0.40106204
   0.40124291  0.82332810  0.50768157
   0.64720562  0.96132924  0.20566527
   0.44749458  0.58341203  0.30572395
   0.57191000  0.54636000  0.06951000
   0.37752835  0.67119992  0.16983998
   0.65444276  0.91883493  0.37327749
   0.44945664  0.54920197  0.47716695
   0.51504336  0.79377717  0.27122224
   0.84083000  0.83753000  0.10253000
   0.73608230  0.82491634  0.49944940
   0.97995121  0.96062214  0.20508908
   0.78097125  0.58155931  0.30434629
   0.90524000  0.54636000  0.06951000
   0.71105031  0.67110504  0.16973723
   0.98749667  0.91773221  0.37269931
   0.78338552  0.55114201  0.47601999
   0.84767677  0.79280181  0.27089962
   0.92027702  0.70544496  0.40057059
   0.59795779  0.15881085  0.59498800
   0.85620246  0.28917786  0.58905370
