   0.59295291  0.19476946  0.50181924
   0.03971000  0.19194000  0.09637000
   0.31978083  0.44025788  0.29955978
   0.11576455  0.06097073  0.40110441
   0.17987224  0.31650674  0.19779213
   0.26176805  0.18984716  0.49638903
   0.37304000  0.19194000  0.09637000
   0.65181897  0.43812364  0.29704244
   0.45066619  0.06467455  0.40350789
   0.51248514  0.31518353  0.19698631
   0.70637000  0.19194000  0.09637000
   0.98700748  0.43881319  0.29852001
   0.78226520  0.06229695  0.40200804
   0.84666240  0.31572966  0.19737276
   0.93102663  0.19104478  0.49702941
   0.03971000  0.69194000  0.09637000
   0.31351462  0.94082472  0.30069462
   0.12514406  0.56061304  0.40137751
   0.18008732  0.81666628  0.19796897
   0.25685386  0.69409066  0.49718007
   0.37304000  0.69194000  0.09637000
   0.64623204  0.93976776  0.29991537
   0.45820352  0.56269300  0.40287987
   0.51286718  0.81631656  0.19772764
   0.60999391  0.68550902  0.50373234
   0.70637000  0.69194000  0.09637000
   0.97876982  0.93917370  0.29940299
   0.84630322  0.81600602  0.19739684
   0.90724424  0.68649728  0.49960317
   0.79422678  0.55924839  0.39691989
   0.17926776  0.06467242  0.19608989
   0.27840329  0.43025585  0.50402932
   0.03971000  0.44194000  0.09637000
   0.31547135  0.18873605  0.29984849
   0.12754721  0.31224947  0.39958837
   0.51264971  0.06435285  0.19578194
   0.60574739  0.42688476  0.49886823
   0.37304000  0.44194000  0.09637000
   0.64878040  0.18814414  0.29907137
   0.46025137  0.31250820  0.39974905
   0.84613660  0.06462083  0.19571228
   0.94744664  0.42858465  0.50210144
   0.70637000  0.44194000  0.09637000
   0.98220586  0.18824081  0.29927403
   0.79380850  0.31149661  0.39805064
   0.18137940  0.56495688  0.19582060
   0.24738109  0.93719384  0.50585977
   0.03971000  0.94194000  0.09637000
   0.31710418  0.69007890  0.30057241
   0.11056118  0.81648564  0.40382122
   0.51430169  0.56455116  0.19515326
   0.58165252  0.94038092  0.50575889
   0.37304000  0.94194000  0.09637000
   0.64978712  0.68972639  0.29925473
   0.44580599  0.81723773  0.40432924
   0.84804773  0.56456191  0.19517522
   0.91729243  0.93873581  0.50512915
   0.70637000  0.94194000  0.09637000
   0.98422963  0.68978727  0.29903644
   0.77683638  0.81490710  0.40428173
   0.17417000  0.33753000  0.11288000
   0.25961711  0.20457484  0.41258438
   0.07821257  0.32224394  0.51426870
   0.31567446  0.46177043  0.21582495
   0.11528933  0.08356837  0.31689455
   0.23858000  0.04636000  0.07986000
   0.04600989  0.17127650  0.18045940
   0.32701653  0.41687296  0.38306548
   0.11902960  0.04861135  0.48867297
   0.18267749  0.29382915  0.28140917
   0.50750000  0.33753000  0.11288000
   0.59505725  0.20846742  0.41703350
   0.40984790  0.31944624  0.51414694
   0.64830939  0.46051442  0.21404888
   0.44977300  0.08548332  0.31891695
   0.57191000  0.04636000  0.07986000
   0.37881731  0.17034880  0.18012807
   0.66006693  0.41508710  0.38016281
   0.45201210  0.05253812  0.49123631
   0.51557644  0.29256515  0.28033628
   0.84083000  0.33753000  0.11288000
   0.92618637  0.20578329  0.41363291
   0.74260650  0.32730827  0.52497927
   0.98208850  0.46104157  0.21491736
   0.78200559  0.08432277  0.31758351
   0.90524000  0.04636000  0.07986000
   0.71226074  0.17079892  0.18030832
   0.99319729  0.41583548  0.38230420
   0.78608161  0.05149417  0.48922700
   0.84916712  0.29309995  0.28092906
   0.17417000  0.83753000  0.11288000
   0.24513375  0.70952102  0.41507750
   0.04698512  0.82925311  0.51139201
   0.31383906  0.96188595  0.21628094
   0.11748873  0.58487246  0.31746566
   0.23858000  0.54636000  0.07986000
   0.04755923  0.67103528  0.18042028
   0.31101728  0.92158014  0.38519738
   0.14634025  0.54054555  0.48767195
   0.18306041  0.79401059  0.28153309
   0.50734850  0.83728446  0.11282209
   0.57615658  0.71038226  0.42045857
   0.38015383  0.83270196  0.51549436
   0.64698970  0.96153577  0.21569723
   0.45165328  0.58624859  0.31895370
   0.57191000  0.54636000  0.07986000
   0.38071583  0.67081523  0.18023965
   0.64365367  0.91988938  0.38413980
   0.47777822  0.53688191  0.48697846
   0.51553173  0.79343117  0.28111739
   0.84067623  0.83728100  0.11281491
   0.71550863  0.83775267  0.51194723
   0.98010178  0.96132741  0.21526887
   0.78393426  0.58433527  0.31500304
   0.90524000  0.54636000  0.07986000
   0.71388901  0.67044877  0.18006957
   0.97524023  0.91892199  0.38357869
   0.81036975  0.52871638  0.47830187
   0.84879112  0.79292202  0.28054689
   0.91184249  0.70660680  0.41548029
   0.76201746  0.18947570  0.58598387
   0.75952201  0.48958009  0.59285823
