   0.27939866  0.43262785  0.49218522
   0.03971000  0.19194000  0.08602000
   0.31784089  0.43763469  0.28739137
   0.11296994  0.05875114  0.38859486
   0.17865258  0.31544341  0.18682476
   0.25762303  0.19243536  0.48244411
   0.37304000  0.19194000  0.08602000
   0.65085917  0.43684706  0.28747825
   0.44920622  0.05968287  0.39042652
   0.51244756  0.31467660  0.18684492
   0.59140194  0.19201334  0.48583593
   0.70637000  0.19194000  0.08602000
   0.98431464  0.43948307  0.28913224
   0.78124334  0.06124718  0.39065414
   0.84599904  0.31628145  0.18747937
   0.92727172  0.19130910  0.48615431
   0.03971000  0.69194000  0.08602000
   0.31132162  0.93951966  0.28772124
   0.12244631  0.55960139  0.39157866
   0.17948933  0.81493275  0.18619329
   0.26464456  0.69023007  0.48646935
   0.37304000  0.69194000  0.08602000
   0.64506054  0.93987407  0.28769039
   0.46054984  0.55939998  0.38844933
   0.51284528  0.81515996  0.18598484
   0.59354701  0.69293329  0.48515869
   0.70637000  0.69194000  0.08602000
   0.97768760  0.93824514  0.28594879
   0.84579942  0.81435749  0.18507923
   0.92982077  0.69413631  0.48744401
   0.78859417  0.55983621  0.38871855
   0.17955985  0.06427002  0.18455475
   0.03971000  0.44194000  0.08602000
   0.31517407  0.18769594  0.28932897
   0.12565234  0.31108924  0.38793417
   0.51261583  0.06407035  0.18458137
   0.61159974  0.43407117  0.49207445
   0.37304000  0.44194000  0.08602000
   0.64891568  0.18802906  0.28878142
   0.45904364  0.31197780  0.39041782
   0.84584271  0.06422445  0.18399566
   0.94702700  0.43119290  0.49734745
   0.70637000  0.44194000  0.08602000
   0.98170034  0.18736732  0.28784670
   0.79241255  0.31283710  0.39067112
   0.17978652  0.56408043  0.18524801
   0.25281787  0.93662692  0.49444673
   0.03971000  0.94194000  0.08602000
   0.31505621  0.68826111  0.28792997
   0.10830295  0.81334253  0.38911266
   0.51303662  0.56322494  0.18487340
   0.58613816  0.93663190  0.49540860
   0.37304000  0.94194000  0.08602000
   0.64799034  0.68730521  0.28577309
   0.44263279  0.81498211  0.38962283
   0.84653483  0.56445020  0.18682467
   0.91962543  0.93715366  0.49496322
   0.70637000  0.94194000  0.08602000
   0.98161401  0.68825600  0.28769957
   0.77546120  0.81399892  0.38808328
   0.17417000  0.33753000  0.10253000
   0.25657230  0.20128737  0.39882466
   0.07642823  0.32078683  0.50458518
   0.31370790  0.46016838  0.20359116
   0.11406498  0.08143393  0.30416434
   0.23858000  0.04636000  0.06951000
   0.04529811  0.17066835  0.16951895
   0.32438989  0.41536516  0.37079747
   0.12211972  0.04631677  0.47620463
   0.18167908  0.29178325  0.26985192
   0.50750000  0.33753000  0.10253000
   0.59271806  0.20254209  0.40239219
   0.41033785  0.32284791  0.49414452
   0.64655446  0.45888377  0.20353836
   0.44904970  0.08252691  0.30583586
   0.57191000  0.04636000  0.06951000
   0.37887587  0.17018528  0.16935792
   0.65863072  0.41570085  0.37172124
   0.45565135  0.04680783  0.47817364
   0.51494556  0.29168428  0.27005710
   0.84083000  0.33753000  0.10253000
   0.92479706  0.20410802  0.40310600
   0.74223219  0.32344626  0.50125118
   0.98131340  0.46086485  0.20511478
   0.78220848  0.08360368  0.30612628
   0.90524000  0.04636000  0.06951000
   0.71227424  0.17110963  0.16964045
   0.99169391  0.41590222  0.37278115
   0.78865029  0.04610945  0.47851147
   0.84903229  0.29321413  0.27072182
   0.17296088  0.83327062  0.09967570
   0.24323111  0.70852532  0.40496843
   0.05253721  0.83286250  0.50570971
   0.31343374  0.96005169  0.20338258
   0.11621956  0.58505636  0.30738993
   0.23858000  0.54636000  0.06951000
   0.04633466  0.67028955  0.16986560
   0.30722816  0.91834485  0.37174985
   0.14461182  0.54080578  0.47799804
   0.18073057  0.79291594  0.26985758
   0.50620461  0.83342855  0.09954013
   0.57691186  0.71016865  0.40277936
   0.38483126  0.83016851  0.50457642
   0.64713907  0.96040515  0.20314955
   0.44925950  0.58359572  0.30479782
   0.57191000  0.54636000  0.06951000
   0.37986482  0.67017227  0.16975111
   0.64119995  0.91949576  0.37177151
   0.48134799  0.54258090  0.47308889
   0.51393023  0.79305597  0.26942334
   0.83942918  0.83318855  0.09905721
   0.71884275  0.83018976  0.50519382
   0.97976056  0.95958183  0.20164677
   0.78262555  0.58284969  0.29961224
   0.90524000  0.54636000  0.06951000
   0.71233714  0.66964289  0.16941208
   0.97388798  0.91699872  0.37005097
   0.81968466  0.54417226  0.49537035
   0.84726229  0.79238686  0.26839477
   0.90804567  0.70710334  0.40517056
   0.48044235  0.48072913  0.62702882
   0.73877024  0.49081883  0.59420043
