   0.57773465  0.18959640  0.50854291
   0.03971000  0.19194000  0.09637000
   0.31985603  0.43998022  0.29946967
   0.11752796  0.06266510  0.40204025
   0.17956728  0.31565368  0.19720718
   0.27501564  0.19097762  0.50347051
   0.37304000  0.19194000  0.09637000
   0.65196506  0.43792456  0.29692363
   0.45264220  0.06552870  0.40141712
   0.51218960  0.31459173  0.19612657
   0.70637000  0.19194000  0.09637000
   0.98667335  0.43857264  0.29858317
   0.78151486  0.06304304  0.40243629
   0.84620111  0.31506461  0.19670848
   0.93003561  0.19084886  0.49663994
   0.03971000  0.69194000  0.09637000
   0.31321000  0.94055907  0.30046391
   0.12540569  0.55955357  0.40088169
   0.17962596  0.81583961  0.19733835
   0.25730293  0.69359504  0.49712302
   0.37304000  0.69194000  0.09637000
   0.64619809  0.93976853  0.29969118
   0.45775609  0.56026154  0.40208724
   0.51244418  0.81553955  0.19708041
   0.59274618  0.69329408  0.49824214
   0.70637000  0.69194000  0.09637000
   0.97896935  0.93925675  0.29928998
   0.84586720  0.81537170  0.19661996
   0.92647731  0.69055526  0.49485727
   0.79187529  0.55875694  0.39806681
   0.17917561  0.06450808  0.19619268
   0.27511782  0.43775314  0.50244932
   0.03971000  0.44194000  0.09637000
   0.31539258  0.18870537  0.30010186
   0.12824078  0.31134288  0.40059926
   0.51248020  0.06424553  0.19600111
   0.60594411  0.43119680  0.49905287
   0.37304000  0.44194000  0.09637000
   0.64879322  0.18831698  0.29941876
   0.45908870  0.31049690  0.40148884
   0.84590422  0.06436726  0.19585758
   0.94694790  0.43063981  0.50319776
   0.70637000  0.44194000  0.09637000
   0.98241299  0.18826765  0.29946107
   0.79193616  0.31051515  0.39923882
   0.18103066  0.56455406  0.19589681
   0.24788861  0.93759930  0.50555712
   0.03971000  0.94194000  0.09637000
   0.31691902  0.69012871  0.30023129
   0.11110052  0.81724065  0.40256565
   0.51391861  0.56409032  0.19530681
   0.58549213  0.93551504  0.50536232
   0.37304000  0.94194000  0.09637000
   0.64998876  0.68953538  0.29882521
   0.44501202  0.81809877  0.40362384
   0.84753447  0.56420790  0.19548368
   0.91677996  0.93620571  0.50481190
   0.70637000  0.94194000  0.09637000
   0.98385872  0.68976915  0.29874977
   0.77775494  0.81687467  0.40285081
   0.17363436  0.33351697  0.10977117
   0.25754409  0.20364781  0.41533294
   0.07553918  0.32392968  0.51347494
   0.31490785  0.46078827  0.21498923
   0.11525190  0.08330668  0.31655936
   0.23858000  0.04636000  0.07986000
   0.04544533  0.17089938  0.18083057
   0.32595159  0.41765270  0.38231623
   0.12018492  0.04568965  0.48820646
   0.18255998  0.29363369  0.28119192
   0.50686748  0.33336154  0.10904181
   0.59700965  0.20784854  0.41991462
   0.40650447  0.33629185  0.50140683
   0.64760011  0.45935064  0.21304693
   0.44981836  0.08523232  0.31836848
   0.57191000  0.04636000  0.07986000
   0.37853130  0.17020950  0.18044175
   0.66040566  0.41603215  0.38059514
   0.45410096  0.04125409  0.48453597
   0.51534433  0.29226979  0.28004679
   0.84037756  0.33337790  0.10935607
   0.92574916  0.20535980  0.41349719
   0.74264499  0.32860125  0.52077814
   0.98161724  0.46010437  0.21414728
   0.78187313  0.08383209  0.31742353
   0.90524000  0.04636000  0.07986000
   0.71192378  0.17058877  0.18067266
   0.99273191  0.41680909  0.38247781
   0.78753710  0.04725617  0.48943666
   0.84928622  0.29297790  0.28072715
   0.17364749  0.83354584  0.10982908
   0.24490559  0.70937313  0.41519474
   0.04734673  0.82800043  0.51329970
   0.31339610  0.96085324  0.21551932
   0.11747380  0.58521008  0.31746021
   0.23858000  0.54636000  0.07986000
   0.04704036  0.67096256  0.18086224
   0.30941891  0.91963627  0.38413969
   0.14384235  0.54408158  0.48770363
   0.18294123  0.79422932  0.28128349
   0.50685153  0.83354626  0.10963250
   0.57683499  0.71028196  0.41588200
   0.38123036  0.83043050  0.51579730
   0.64625638  0.96039866  0.21486531
   0.45137651  0.58636038  0.31863265
   0.57191000  0.54636000  0.07986000
   0.38031675  0.67083803  0.18069954
   0.64386530  0.91863790  0.38401316
   0.48066100  0.54516684  0.48813565
   0.51546608  0.79379324  0.28103559
   0.84025776  0.83346536  0.10927035
   0.71511463  0.82889328  0.51571730
   0.97960768  0.96024990  0.21440812
   0.78430993  0.58423243  0.31464519
   0.90524000  0.54636000  0.07986000
   0.71342214  0.67055928  0.18053888
   0.97577181  0.91859473  0.38337589
   0.81384408  0.54085460  0.48576709
   0.84884527  0.79340164  0.28043440
   0.90900427  0.70794015  0.41289589
   0.42619418  0.17187607  0.59266419
   0.76327589  0.48427779  0.59564259
