   0.27028412  0.43567479  0.49128922
   0.03971000  0.19194000  0.08602000
   0.31594547  0.43969864  0.28877665
   0.12150387  0.05929432  0.39002596
   0.17926890  0.31579809  0.18729710
   0.26380628  0.19441007  0.48431539
   0.37304000  0.19194000  0.08602000
   0.64886139  0.43809076  0.28648153
   0.45465155  0.06167103  0.39036658
   0.51147859  0.31429242  0.18673716
   0.59794539  0.19367174  0.48500683
   0.70637000  0.19194000  0.08602000
   0.98235116  0.43963568  0.28833362
   0.78786747  0.06075130  0.38985290
   0.84577703  0.31558186  0.18703394
   0.93305004  0.19332490  0.48377931
   0.03971000  0.69194000  0.08602000
   0.31390839  0.93928812  0.28891743
   0.11720512  0.56143226  0.39104896
   0.17878981  0.81602108  0.18722371
   0.26190694  0.69228001  0.48628542
   0.37304000  0.69194000  0.08602000
   0.64819955  0.93877662  0.28855623
   0.45849036  0.56140692  0.39102536
   0.51151719  0.81576901  0.18716143
   0.59599533  0.69458922  0.48682590
   0.70637000  0.69194000  0.08602000
   0.98113802  0.93861464  0.28872260
   0.84501659  0.81590663  0.18704486
   0.92950052  0.69342395  0.49446819
   0.78565759  0.56405677  0.38529700
   0.17974158  0.06410157  0.18542448
   0.03971000  0.44194000  0.08602000
   0.31620810  0.18818662  0.28926822
   0.12046903  0.31460392  0.38935562
   0.51314632  0.06382418  0.18516203
   0.60682867  0.43733660  0.50023004
   0.37304000  0.44194000  0.08602000
   0.64960419  0.18845205  0.28884983
   0.45516075  0.31695639  0.39121928
   0.84649723  0.06426064  0.18534070
   0.93823163  0.43442611  0.50117414
   0.70637000  0.44194000  0.08602000
   0.98282939  0.18810831  0.28882455
   0.78760588  0.31659315  0.39043953
   0.17884257  0.56443629  0.18525989
   0.26893303  0.93661768  0.49337695
   0.03971000  0.94194000  0.08602000
   0.31438380  0.68884390  0.28942420
   0.11304650  0.81180429  0.39297106
   0.51191101  0.56380805  0.18481934
   0.60134022  0.93646202  0.49338970
   0.37304000  0.94194000  0.08602000
   0.64730375  0.68894349  0.28713653
   0.44917191  0.81562517  0.39068850
   0.84516630  0.56452748  0.18615513
   0.93507957  0.93732960  0.49304476
   0.70637000  0.94194000  0.08602000
   0.98199390  0.68955843  0.28692484
   0.78311654  0.81288132  0.39228295
   0.17417000  0.33753000  0.10253000
   0.25355896  0.20646246  0.40140495
   0.07014650  0.32628735  0.50207148
   0.31303511  0.46116508  0.20470058
   0.11609171  0.08293248  0.30627075
   0.23858000  0.04636000  0.06951000
   0.04631654  0.17045242  0.16953612
   0.31898976  0.41960271  0.37282779
   0.13612512  0.04687109  0.47678281
   0.18272254  0.29255662  0.27054797
   0.50750000  0.33753000  0.10253000
   0.58773773  0.20845069  0.40270821
   0.40494148  0.32849672  0.49747691
   0.64511112  0.45906772  0.20269431
   0.45008361  0.08364973  0.30641485
   0.57191000  0.04636000  0.06951000
   0.37900920  0.16949608  0.16930549
   0.65446487  0.42014980  0.37057893
   0.46977713  0.04598519  0.47729366
   0.51501202  0.29195412  0.27004617
   0.84083000  0.33753000  0.10253000
   0.91979301  0.20722221  0.40150892
   0.73577059  0.32715160  0.50232406
   0.98019559  0.46074510  0.20429375
   0.78315181  0.08347758  0.30581700
   0.90524000  0.04636000  0.06951000
   0.71262395  0.17009998  0.16943547
   0.98606858  0.41819547  0.37207267
   0.80231629  0.04686065  0.47673536
   0.84935060  0.29279002  0.27015927
   0.17417000  0.83753000  0.10253000
   0.24938366  0.70745282  0.40390952
   0.06905099  0.83127249  0.50129396
   0.31413297  0.96079622  0.20471051
   0.11437724  0.58522799  0.30637271
   0.23858000  0.54636000  0.06951000
   0.04520811  0.67082379  0.16972273
   0.31339330  0.91886432  0.37309435
   0.13433112  0.54476996  0.47731614
   0.18126121  0.79366687  0.27041322
   0.50750000  0.83753000  0.10253000
   0.58178953  0.70938667  0.40421531
   0.40026123  0.82803917  0.50180874
   0.64721999  0.96058427  0.20455480
   0.44919548  0.58493728  0.30654966
   0.57191000  0.54636000  0.06951000
   0.37863069  0.67051754  0.16959471
   0.64981186  0.91847119  0.37259436
   0.47619522  0.54546773  0.47795449
   0.51279264  0.79361939  0.27047839
   0.84083000  0.83753000  0.10253000
   0.73370824  0.83035357  0.50267811
   0.98063674  0.96093698  0.20448822
   0.78296773  0.58444567  0.29770098
   0.90524000  0.54636000  0.06951000
   0.71121323  0.67051720  0.16948729
   0.98126092  0.91552751  0.37297407
   0.80747078  0.55061169  0.51400839
   0.84685221  0.79447876  0.27021264
   0.91090951  0.70173072  0.41063721
   0.06756626  0.54896955  0.67632560
   0.91924091  0.56197004  0.59715810
