   0.93826108  0.19195206  0.50187306
   0.03971000  0.19194000  0.09637000
   0.31324339  0.43915436  0.29861069
   0.12631602  0.06012396  0.39828395
   0.17870695  0.31548232  0.19753621
   0.23885609  0.18769998  0.49997778
   0.37304000  0.19194000  0.09637000
   0.64744819  0.44014683  0.30007093
   0.45751906  0.06426093  0.40264654
   0.51180946  0.31642332  0.19812331
   0.57816762  0.19575405  0.50110338
   0.70637000  0.19194000  0.09637000
   0.98027594  0.43919698  0.29857624
   0.79304443  0.06346566  0.40238622
   0.84536536  0.31565095  0.19772392
   0.03971000  0.69194000  0.09637000
   0.31808304  0.94097125  0.29869933
   0.11999124  0.56378902  0.39906545
   0.17968469  0.81598890  0.19719579
   0.26372329  0.69853360  0.49407667
   0.37304000  0.69194000  0.09637000
   0.65023872  0.94112754  0.29897983
   0.45067219  0.56334431  0.39960501
   0.51157311  0.81654386  0.19752119
   0.59326928  0.69580311  0.49507423
   0.70637000  0.69194000  0.09637000
   0.98401602  0.93888436  0.29636409
   0.84541575  0.81496494  0.19675225
   0.92932450  0.69668128  0.49684070
   0.78467518  0.56510999  0.40057835
   0.17972483  0.06455543  0.19538172
   0.25575758  0.44113342  0.50220165
   0.03971000  0.44194000  0.09637000
   0.31580256  0.18969409  0.29962526
   0.11459465  0.31597531  0.40351310
   0.51307271  0.06541794  0.19586556
   0.58525758  0.44140623  0.50504545
   0.37304000  0.44194000  0.09637000
   0.64903942  0.18973518  0.29984757
   0.44723909  0.31708333  0.40371373
   0.84584379  0.06448547  0.19535933
   0.92343391  0.44697738  0.50131808
   0.70637000  0.44194000  0.09637000
   0.98215473  0.18841170  0.29898203
   0.78239302  0.31553389  0.40174881
   0.17938532  0.56397919  0.19565463
   0.27614276  0.93239920  0.50387047
   0.03971000  0.94194000  0.09637000
   0.31574845  0.68917486  0.29829532
   0.12312972  0.81616881  0.39810938
   0.51268630  0.56482372  0.19599802
   0.61262251  0.93564856  0.50441092
   0.37304000  0.94194000  0.09637000
   0.64859726  0.68993434  0.29904267
   0.45766059  0.81650942  0.39840279
   0.84600717  0.56411570  0.19604229
   0.94377316  0.93329549  0.50421882
   0.70637000  0.94194000  0.09637000
   0.98215676  0.68966297  0.29815010
   0.78975583  0.81665837  0.39884922
   0.17417000  0.33753000  0.11288000
   0.24801767  0.20731112  0.41608415
   0.05276851  0.34395241  0.50556196
   0.31394669  0.46060439  0.21453337
   0.11760778  0.08394069  0.31422752
   0.23858000  0.04636000  0.07986000
   0.04558724  0.17081105  0.18029597
   0.31303879  0.41948623  0.38228277
   0.14238874  0.03312506  0.48093400
   0.18077570  0.29272909  0.28062814
   0.50750000  0.33753000  0.11288000
   0.58290654  0.21172135  0.41815393
   0.38660846  0.33010011  0.50995744
   0.64658206  0.46153481  0.21576080
   0.45104935  0.08635740  0.31812094
   0.57191000  0.04636000  0.07986000
   0.37886406  0.17175646  0.18065757
   0.64889187  0.42022890  0.38424190
   0.47594754  0.04378251  0.48964849
   0.51442563  0.29407947  0.28167548
   0.84083000  0.33753000  0.11288000
   0.91350839  0.20989672  0.41857128
   0.71536915  0.33472571  0.52053880
   0.97995503  0.46052522  0.21484002
   0.78395431  0.08579231  0.31759818
   0.90524000  0.04636000  0.07986000
   0.71207851  0.17134912  0.18035525
   0.98002992  0.41993396  0.38201873
   0.81152492  0.04107556  0.48728985
   0.84782082  0.29270419  0.28114267
   0.17417000  0.83753000  0.11288000
   0.25770454  0.70963389  0.41065051
   0.07622430  0.82472379  0.51685684
   0.31463105  0.96149816  0.21466028
   0.11549706  0.58519403  0.31516842
   0.23858000  0.54636000  0.07986000
   0.04555890  0.67011431  0.18000714
   0.32263772  0.92047784  0.38257818
   0.12710155  0.55610508  0.48544762
   0.18257415  0.79443487  0.28036301
   0.50750000  0.83753000  0.11288000
   0.59011787  0.70831207  0.41117865
   0.41121331  0.82708831  0.51299649
   0.64670859  0.96183484  0.21506192
   0.44957587  0.58487351  0.31576262
   0.57191000  0.54636000  0.07986000
   0.37885435  0.67063872  0.18004971
   0.65624521  0.92084524  0.38274789
   0.45735918  0.55032960  0.48640657
   0.51468527  0.79473863  0.28076100
   0.84083000  0.83753000  0.11288000
   0.73902651  0.82526876  0.51509290
   0.98022590  0.96039824  0.21305961
   0.78274113  0.58588427  0.31692338
   0.90524000  0.54636000  0.07986000
   0.71212595  0.66974099  0.17973833
   0.98724560  0.91854749  0.37964504
   0.78768937  0.55273623  0.48816822
   0.84764563  0.79305760  0.27967998
   0.92336811  0.71014832  0.41294370
   0.07340989  0.15518833  0.58470390
   0.77812458  0.38622775  0.61114378
