   0.60142861  0.93316630  0.49420544
   0.03971000  0.19194000  0.08602000
   0.31215606  0.43887541  0.28818357
   0.12073358  0.06064428  0.39105080
   0.17790905  0.31547823  0.18716423
   0.25946393  0.19303347  0.48611862
   0.37304000  0.19194000  0.08602000
   0.64458246  0.43806017  0.28786095
   0.45465992  0.06156839  0.39315598
   0.51121761  0.31511176  0.18695007
   0.58756160  0.18949751  0.49482088
   0.70637000  0.19194000  0.08602000
   0.97710325  0.43901694  0.28895300
   0.78743740  0.06163964  0.39157856
   0.84472711  0.31574906  0.18723692
   0.92376361  0.19005089  0.48737780
   0.03971000  0.69194000  0.08602000
   0.31681221  0.93978038  0.28937226
   0.11397259  0.56162312  0.39061744
   0.17900623  0.81603265  0.18763555
   0.25629190  0.69313014  0.48556587
   0.37304000  0.69194000  0.08602000
   0.64936265  0.93981869  0.28921519
   0.44527782  0.56238585  0.39012388
   0.51213061  0.81624480  0.18761241
   0.58614038  0.69502202  0.48540668
   0.70637000  0.69194000  0.08602000
   0.98246878  0.93897223  0.28870367
   0.84533548  0.81562358  0.18736543
   0.91866689  0.69799886  0.48487275
   0.77883747  0.56290603  0.38950976
   0.17940357  0.06415206  0.18568438
   0.24731815  0.43914491  0.49706433
   0.03971000  0.44194000  0.08602000
   0.31417263  0.18839343  0.28933866
   0.11185417  0.31544617  0.38876520
   0.51296178  0.06445616  0.18583190
   0.57946132  0.44124141  0.49263960
   0.37304000  0.44194000  0.08602000
   0.64728564  0.18924103  0.28980273
   0.44590982  0.31591187  0.39253479
   0.84612763  0.06428023  0.18538205
   0.91408002  0.44495832  0.49358410
   0.70637000  0.44194000  0.08602000
   0.98022340  0.18852293  0.28888982
   0.77628705  0.31614860  0.39474333
   0.17848792  0.56456446  0.18561447
   0.26801053  0.93229381  0.49487306
   0.03971000  0.94194000  0.08602000
   0.31376599  0.68818550  0.28881393
   0.12103764  0.81330090  0.38888965
   0.51183494  0.56440060  0.18543350
   0.37304000  0.94194000  0.08602000
   0.64710327  0.68824466  0.28870379
   0.45371925  0.81369397  0.38926415
   0.84535033  0.56436202  0.18566215
   0.93771343  0.93381406  0.49344469
   0.70637000  0.94194000  0.08602000
   0.98045330  0.68805766  0.28878527
   0.78681618  0.81422880  0.38969063
   0.17417000  0.33753000  0.10253000
   0.24421351  0.20945951  0.40435091
   0.03916639  0.33151570  0.51488604
   0.31244901  0.46067095  0.20443914
   0.11464261  0.08452588  0.30711864
   0.23858000  0.04636000  0.06951000
   0.04558680  0.17017111  0.16943798
   0.31036550  0.41873935  0.37221633
   0.13798628  0.04409555  0.47794225
   0.17965846  0.29224219  0.27034296
   0.50750000  0.33753000  0.10253000
   0.57698832  0.20896767  0.41064502
   0.37803199  0.33329697  0.50406173
   0.64575082  0.46022517  0.20416414
   0.44893818  0.08558773  0.30874106
   0.57191000  0.04636000  0.06951000
   0.37854865  0.16994063  0.16938027
   0.64367100  0.41839943  0.37175910
   0.46579926  0.03916083  0.47792646
   0.51262403  0.29208565  0.27002674
   0.84083000  0.33753000  0.10253000
   0.91443683  0.21047456  0.40618214
   0.71621953  0.33930591  0.49936485
   0.97936603  0.46076719  0.20491701
   0.78157941  0.08557940  0.30803900
   0.90524000  0.04636000  0.06951000
   0.71225560  0.17047071  0.16945995
   0.97606034  0.41885109  0.37361584
   0.80573744  0.04128312  0.47671151
   0.84623716  0.29275419  0.27038597
   0.17417000  0.83753000  0.10253000
   0.25352499  0.70560605  0.40244341
   0.06780730  0.82586017  0.50344762
   0.31408935  0.96110566  0.20555282
   0.11358453  0.58316258  0.30648190
   0.23858000  0.54636000  0.06951000
   0.04505941  0.67101050  0.16973653
   0.31942675  0.91770805  0.37297117
   0.11812442  0.54769460  0.47834504
   0.18067493  0.79320808  0.27101795
   0.50750000  0.83753000  0.10253000
   0.58633642  0.70596902  0.40170721
   0.40075793  0.82273975  0.50563237
   0.64742139  0.96125497  0.20540621
   0.44714896  0.58342469  0.30585097
   0.57191000  0.54636000  0.06951000
   0.37843019  0.67114537  0.16977702
   0.65247475  0.91833239  0.37290730
   0.44745436  0.55036405  0.47757480
   0.51390809  0.79344907  0.27095002
   0.84083000  0.83753000  0.10253000
   0.73578868  0.82485343  0.50129972
   0.98031910  0.96079512  0.20491196
   0.78031790  0.58256239  0.30504204
   0.90524000  0.54636000  0.06951000
   0.71169492  0.67055139  0.16958377
   0.98647374  0.91781117  0.37252089
   0.78215052  0.55343602  0.47684943
   0.84720170  0.79295412  0.27064243
   0.91991234  0.70674012  0.40171484
   0.60568990  0.15737595  0.59685877
   0.86432262  0.27309248  0.58545571
