   0.27833388  0.43043938  0.49369308
   0.03971000  0.19194000  0.08602000
   0.31978643  0.44026539  0.28920810
   0.11576937  0.06096568  0.39075143
   0.17987305  0.31650957  0.18743965
   0.26168577  0.18977922  0.48606681
   0.37304000  0.19194000  0.08602000
   0.65181608  0.43812495  0.28668891
   0.45064829  0.06466880  0.39314342
   0.51248447  0.31518493  0.18663339
   0.59304118  0.19497539  0.49139692
   0.70637000  0.19194000  0.08602000
   0.98700826  0.43881889  0.28816108
   0.78225815  0.06230990  0.39162124
   0.84666560  0.31573132  0.18702021
   0.93129687  0.19121329  0.48655651
   0.03971000  0.69194000  0.08602000
   0.31350653  0.94081781  0.29033068
   0.12515191  0.56061138  0.39103885
   0.18008726  0.81666464  0.18761706
   0.25685060  0.69405452  0.48683220
   0.37304000  0.69194000  0.08602000
   0.64622614  0.93976003  0.28955781
   0.45821253  0.56268684  0.39256234
   0.51286511  0.81631512  0.18737614
   0.60990869  0.68547447  0.49336631
   0.70637000  0.69194000  0.08602000
   0.97876479  0.93916848  0.28904824
   0.84630348  0.81600420  0.18704598
   0.90726235  0.68644636  0.48923241
   0.79422125  0.55923710  0.38658697
   0.17926447  0.06467328  0.18573757
   0.03971000  0.44194000  0.08602000
   0.31546741  0.18874020  0.28949550
   0.12757027  0.31227000  0.38923037
   0.51264578  0.06435387  0.18542856
   0.60604515  0.42692092  0.48850665
   0.37304000  0.44194000  0.08602000
   0.64878086  0.18815139  0.28871449
   0.46022352  0.31253716  0.38939169
   0.84613552  0.06462073  0.18535845
   0.94722165  0.42854392  0.49178029
   0.70637000  0.44194000  0.08602000
   0.98221539  0.18824809  0.28891657
   0.79380951  0.31154141  0.38771249
   0.18137950  0.56495803  0.18546848
   0.24734101  0.93715965  0.49551455
   0.03971000  0.94194000  0.08602000
   0.31710645  0.69007162  0.29022447
   0.11058711  0.81646760  0.39346962
   0.51430206  0.56455331  0.18480113
   0.58157833  0.94030106  0.49540152
   0.37304000  0.94194000  0.08602000
   0.64978424  0.68971512  0.28890435
   0.44579437  0.81722314  0.39398179
   0.84804764  0.56456503  0.18482430
   0.91735470  0.93867461  0.49478384
   0.70637000  0.94194000  0.08602000
   0.98422160  0.68977827  0.28868422
   0.77683075  0.81487751  0.39392968
   0.17417000  0.33753000  0.10253000
   0.25965631  0.20460098  0.40222026
   0.07800046  0.32205170  0.50394686
   0.31567434  0.46176956  0.20547853
   0.11528728  0.08357036  0.30654628
   0.23858000  0.04636000  0.06951000
   0.04601273  0.17127584  0.17011115
   0.32699911  0.41684037  0.37271745
   0.11897186  0.04860044  0.47832209
   0.18267357  0.29382370  0.27106006
   0.50750000  0.33753000  0.10253000
   0.59507327  0.20842255  0.40669415
   0.40967890  0.31889461  0.50350326
   0.64830958  0.46051033  0.20370329
   0.44977945  0.08548789  0.30857482
   0.57191000  0.04636000  0.06951000
   0.37881393  0.17034159  0.16978015
   0.66007749  0.41505353  0.36978289
   0.45211300  0.05261059  0.48092330
   0.51557917  0.29256411  0.26999072
   0.84083000  0.33753000  0.10253000
   0.92613076  0.20573946  0.40328890
   0.74259234  0.32654235  0.51474124
   0.98208801  0.46103870  0.20457062
   0.78201030  0.08432138  0.30724353
   0.90524000  0.04636000  0.06951000
   0.71226108  0.17079438  0.16995984
   0.99320128  0.41581351  0.37195042
   0.78605608  0.05176829  0.47905212
   0.84916450  0.29309244  0.27058032
   0.17402298  0.83728641  0.10247901
   0.24514711  0.70954207  0.40472744
   0.04698598  0.82930441  0.50104368
   0.31384213  0.96188820  0.20593445
   0.11748322  0.58487255  0.30711295
   0.23858000  0.54636000  0.06951000
   0.04756217  0.67103486  0.17006975
   0.31101346  0.92159145  0.37485021
   0.14627944  0.54053455  0.47730267
   0.18306280  0.79401718  0.27118407
   0.50734695  0.83728565  0.10247426
   0.57618969  0.71041150  0.41012316
   0.38018629  0.83273270  0.50514554
   0.64698826  0.96153669  0.20535266
   0.45164862  0.58625254  0.30859741
   0.57191000  0.54636000  0.06951000
   0.38071878  0.67081387  0.16988988
   0.64367725  0.91991748  0.37380045
   0.47785560  0.53699207  0.47642728
   0.51553520  0.79344061  0.27076669
   0.84067470  0.83728193  0.10246697
   0.71552163  0.83779271  0.50160344
   0.98010240  0.96132930  0.20492294
   0.78392091  0.58432611  0.30463541
   0.90524000  0.54636000  0.06951000
   0.71389210  0.67044629  0.16971845
   0.97523432  0.91895142  0.37323108
   0.81042746  0.52883355  0.46795623
   0.84880151  0.79293469  0.27019812
   0.91181681  0.70662251  0.40515997
   0.44217864  0.43064846  0.58367833
   0.75933134  0.48955428  0.58253882
