   0.94708754  0.93695205  0.49968113
   0.03971000  0.19194000  0.08602000
   0.31101574  0.43797109  0.28840302
   0.12477220  0.06276209  0.38480404
   0.17848746  0.31403680  0.18719550
   0.26268636  0.18791991  0.48381832
   0.37304000  0.19194000  0.08602000
   0.64546044  0.43563703  0.28788390
   0.45607370  0.06242228  0.39396414
   0.51081513  0.31412019  0.18700989
   0.59869232  0.19047865  0.49105633
   0.70637000  0.19194000  0.08602000
   0.97889227  0.43775159  0.28890583
   0.79166173  0.05887346  0.39181021
   0.84439949  0.31464134  0.18750957
   0.94297890  0.18480462  0.48601683
   0.03971000  0.69194000  0.08602000
   0.31597269  0.93876697  0.28968809
   0.11850247  0.56330031  0.38987250
   0.17901730  0.81458485  0.18735477
   0.25127852  0.70151943  0.48623371
   0.37304000  0.69194000  0.08602000
   0.64738225  0.93889221  0.28900359
   0.44734517  0.56398172  0.38929977
   0.51114785  0.81423184  0.18739730
   0.58613644  0.69990826  0.48455743
   0.70637000  0.69194000  0.08602000
   0.98017015  0.93654405  0.28638907
   0.84304838  0.81381154  0.18710242
   0.91829909  0.69647993  0.48381086
   0.78038808  0.56093664  0.38916180
   0.17827470  0.06319378  0.18670723
   0.25658963  0.43954114  0.49176334
   0.03971000  0.44194000  0.08602000
   0.31503826  0.18902320  0.28995004
   0.11394176  0.31758697  0.39094950
   0.51114358  0.06284201  0.18539628
   0.58737502  0.44121497  0.49406633
   0.37304000  0.44194000  0.08602000
   0.64719176  0.18636133  0.28983532
   0.44978823  0.31955848  0.39299247
   0.84432073  0.06293962  0.18540429
   0.92453002  0.44131440  0.48922561
   0.70637000  0.44194000  0.08602000
   0.98030439  0.18719675  0.28852871
   0.78078978  0.31332111  0.38982001
   0.17880480  0.56290060  0.18537477
   0.27327637  0.94264144  0.50288886
   0.03971000  0.94194000  0.08602000
   0.31281586  0.68843204  0.28817349
   0.12014956  0.81861364  0.39280616
   0.51243933  0.56317552  0.18524718
   0.60745680  0.93161942  0.49793719
   0.37304000  0.94194000  0.08602000
   0.64623098  0.68730632  0.28848201
   0.45358728  0.81539288  0.38973451
   0.84567749  0.56336625  0.18598943
   0.70637000  0.94194000  0.08602000
   0.97968965  0.68846832  0.28982529
   0.78587207  0.81505037  0.38768879
   0.17417000  0.33753000  0.10253000
   0.25126205  0.21255004  0.39895572
   0.05442295  0.33366664  0.49686704
   0.31267602  0.45900018  0.20425306
   0.11511460  0.08213305  0.30128228
   0.23858000  0.04636000  0.06951000
   0.04409756  0.16890630  0.16967200
   0.31181105  0.42151256  0.37243418
   0.14396064  0.04179815  0.46601747
   0.17959697  0.29169132  0.27028488
   0.50750000  0.33753000  0.10253000
   0.58287658  0.21065561  0.40887885
   0.38946002  0.33290336  0.49889835
   0.64578143  0.45893315  0.20470452
   0.44900458  0.08478477  0.30898096
   0.57191000  0.04636000  0.06951000
   0.37759672  0.16862971  0.16958957
   0.64841701  0.41827960  0.37202845
   0.48045670  0.04437329  0.48178573
   0.51366574  0.29026795  0.26995188
   0.84083000  0.33753000  0.10253000
   0.91376926  0.20699805  0.40436137
   0.72021182  0.33417474  0.50892337
   0.97919947  0.45938803  0.20495831
   0.78318147  0.08313810  0.30746610
   0.90524000  0.04636000  0.06951000
   0.71104441  0.16894502  0.16957432
   0.97673646  0.41942324  0.37303129
   0.80728380  0.04105523  0.47959610
   0.84591420  0.29084267  0.27097719
   0.17417000  0.83753000  0.10253000
   0.25569084  0.70801311  0.40219965
   0.07703191  0.82238459  0.49568916
   0.31295580  0.95962950  0.20539802
   0.11330261  0.58254628  0.30564824
   0.23858000  0.54636000  0.06951000
   0.04565676  0.66911246  0.16967553
   0.32102535  0.91991838  0.37347881
   0.12606601  0.55120813  0.47635310
   0.17943033  0.79274219  0.27066508
   0.50750000  0.83753000  0.10253000
   0.58688391  0.70824321  0.40101420
   0.40443072  0.82916727  0.50697653
   0.64522467  0.96003718  0.20511114
   0.44591568  0.58310093  0.30507189
   0.57191000  0.54636000  0.06951000
   0.37818275  0.66925371  0.16934447
   0.65032610  0.91936700  0.37291591
   0.45738801  0.55061506  0.47649339
   0.51289829  0.79212343  0.27068663
   0.84083000  0.83753000  0.10253000
   0.74248940  0.82167910  0.50709285
   0.97770273  0.95834341  0.20307302
   0.77873421  0.58042089  0.30454993
   0.90524000  0.54636000  0.06951000
   0.71174642  0.66882398  0.16934072
   0.98171024  0.91926809  0.36933624
   0.78961410  0.54675624  0.47699520
   0.84507299  0.79058199  0.27021833
   0.91805860  0.70640574  0.39953149
   0.14507047  0.06367671  0.58793032
   0.78986521  0.38026859  0.60185401
