   0.60826787  0.93235580  0.49124235
   0.03971000  0.19194000  0.08602000
   0.31457898  0.44044723  0.28896383
   0.12658868  0.06069145  0.39113936
   0.17803804  0.31532032  0.18733305
   0.26628336  0.19187394  0.48617103
   0.37304000  0.19194000  0.08602000
   0.64654390  0.44271415  0.28932500
   0.45979373  0.06210645  0.38659104
   0.51181193  0.31721429  0.18757169
   0.58618742  0.18125945  0.49015651
   0.70637000  0.19194000  0.08602000
   0.98003894  0.43868371  0.28622924
   0.79210593  0.06171144  0.39090045
   0.84581544  0.31412973  0.18613567
   0.92455733  0.19701810  0.48495825
   0.03971000  0.69194000  0.08602000
   0.31633373  0.93924989  0.28582475
   0.11453617  0.56242385  0.38712166
   0.17709920  0.81467498  0.18668394
   0.25088685  0.69562591  0.48308235
   0.37304000  0.69194000  0.08602000
   0.65006333  0.93897303  0.28917080
   0.44999723  0.56391436  0.39128500
   0.51136322  0.81540075  0.18758683
   0.57989632  0.70005794  0.48746271
   0.70637000  0.69194000  0.08602000
   0.98246258  0.94017788  0.28936102
   0.84414316  0.81590606  0.18781472
   0.92142718  0.69757944  0.48960131
   0.78295473  0.56554728  0.39283078
   0.17926654  0.06397569  0.18489983
   0.25045959  0.44218946  0.49171591
   0.03971000  0.44194000  0.08602000
   0.31545257  0.19036053  0.28836288
   0.11606191  0.31713922  0.38893363
   0.51256837  0.06419128  0.18504775
   0.58403668  0.43959836  0.49513681
   0.37304000  0.44194000  0.08602000
   0.65017169  0.19051878  0.28724118
   0.44945807  0.31773414  0.39386286
   0.84559512  0.06341222  0.18581907
   0.91729410  0.44109808  0.49386030
   0.70637000  0.44194000  0.08602000
   0.98164996  0.18797656  0.28872820
   0.78050357  0.31628780  0.39003724
   0.17890462  0.56327770  0.18502664
   0.27262759  0.92795147  0.49352710
   0.03971000  0.94194000  0.08602000
   0.31381536  0.68901600  0.28828526
   0.12084308  0.81368539  0.38672976
   0.51236708  0.56460379  0.18608065
   0.37304000  0.94194000  0.08602000
   0.64729317  0.69032639  0.29084453
   0.45491338  0.81555649  0.38743911
   0.84573443  0.56320101  0.18417719
   0.94589576  0.93588567  0.49572210
   0.70637000  0.94194000  0.08602000
   0.97903756  0.68909377  0.28757313
   0.78905552  0.81601076  0.39451734
   0.17417000  0.33753000  0.10253000
   0.24794412  0.21004529  0.40395579
   0.04964447  0.33509947  0.50293245
   0.31379311  0.46020449  0.20461028
   0.11746366  0.08488604  0.30710302
   0.23858000  0.04636000  0.06951000
   0.04494695  0.16946411  0.16960207
   0.31440196  0.42062678  0.37329152
   0.14788164  0.04214493  0.47782467
   0.18105398  0.29400158  0.27095566
   0.50750000  0.33753000  0.10253000
   0.58394337  0.21160989  0.40940418
   0.38152226  0.33503656  0.50065207
   0.64724526  0.46190026  0.20474976
   0.45123874  0.08627572  0.30262077
   0.57191000  0.04636000  0.06951000
   0.37873682  0.17099225  0.16989124
   0.64721581  0.42118944  0.37365074
   0.46892839  0.03030597  0.46860979
   0.51539124  0.29647394  0.27087351
   0.84083000  0.33753000  0.10253000
   0.91603043  0.21079249  0.40242625
   0.71798655  0.33224632  0.51049302
   0.97989779  0.45885646  0.20232164
   0.78231018  0.08448330  0.30679843
   0.90524000  0.04636000  0.06951000
   0.71196001  0.16914326  0.16947909
   0.97891021  0.41877944  0.36999279
   0.81306301  0.04394912  0.47621599
   0.84878711  0.29191833  0.26892313
   0.17417000  0.83753000  0.10253000
   0.25395391  0.70844635  0.39883105
   0.07208995  0.82482048  0.50954066
   0.31332388  0.96045118  0.20317937
   0.11335601  0.58358951  0.30319839
   0.23858000  0.54636000  0.06951000
   0.04516327  0.66942299  0.16935711
   0.32095771  0.91833821  0.36771635
   0.11864215  0.55119924  0.47335599
   0.17942116  0.79240560  0.26927351
   0.50750000  0.83753000  0.10253000
   0.58656424  0.70834771  0.40335628
   0.40739013  0.81793768  0.50433772
   0.64659692  0.96043988  0.20519668
   0.44796316  0.58499261  0.30734899
   0.57191000  0.54636000  0.06951000
   0.37851788  0.67002310  0.16993343
   0.65608027  0.91890564  0.37318022
   0.45300241  0.55107178  0.47879796
   0.51284579  0.79381060  0.27118018
   0.84083000  0.83753000  0.10253000
   0.74207457  0.82550659  0.50205558
   0.98089527  0.96121442  0.20527486
   0.78154752  0.58622172  0.30796004
   0.90524000  0.54636000  0.06951000
   0.71200137  0.67039517  0.17002775
   0.98802039  0.91910970  0.37350874
   0.78659687  0.55024024  0.48087267
   0.84602201  0.79447563  0.27114681
   0.92248901  0.70930597  0.40678848
   0.55996355  0.12988085  0.58523278
   0.75394793  0.31581096  0.60429351
