   0.28122591  0.43263984  0.49036592
   0.03971000  0.19194000  0.08602000
   0.31691663  0.43910125  0.28811252
   0.11735136  0.05851769  0.38842730
   0.17890472  0.31535293  0.18712773
   0.26220019  0.19146563  0.48235266
   0.37304000  0.19194000  0.08602000
   0.65041321  0.43731290  0.28615242
   0.45110072  0.05969780  0.38828427
   0.51156103  0.31395299  0.18658438
   0.59779650  0.19216083  0.48298149
   0.70637000  0.19194000  0.08602000
   0.98347379  0.43934308  0.28833719
   0.78482692  0.06051334  0.38856167
   0.84589940  0.31552014  0.18694457
   0.93277761  0.19365026  0.48278852
   0.03971000  0.69194000  0.08602000
   0.31273851  0.93767731  0.28680716
   0.12108040  0.55977348  0.39122795
   0.17921096  0.81460618  0.18528470
   0.26682916  0.69160174  0.48575827
   0.37304000  0.69194000  0.08602000
   0.64667522  0.93774236  0.28680825
   0.46241194  0.56032050  0.38956636
   0.51189071  0.81399384  0.18522092
   0.60085848  0.69085857  0.48706026
   0.70637000  0.69194000  0.08602000
   0.97906387  0.93773821  0.28680470
   0.84581561  0.81466731  0.18501895
   0.93095165  0.69406256  0.49210266
   0.78825504  0.56216050  0.38492639
   0.18008567  0.06375301  0.18415555
   0.03971000  0.44194000  0.08602000
   0.31406090  0.18690997  0.28820081
   0.12340992  0.31277510  0.38777480
   0.51340968  0.06350754  0.18411484
   0.61622177  0.43146443  0.49378574
   0.37304000  0.44194000  0.08602000
   0.64875161  0.18736953  0.28820094
   0.45722512  0.31412572  0.38943009
   0.84730572  0.06387711  0.18415286
   0.94867492  0.43446883  0.50261333
   0.70637000  0.44194000  0.08602000
   0.98173162  0.18726590  0.28797326
   0.79041925  0.31449900  0.38937677
   0.17875929  0.56386054  0.18503811
   0.26129405  0.93743210  0.49241007
   0.03971000  0.94194000  0.08602000
   0.31536080  0.68797347  0.28820182
   0.11072805  0.81117051  0.39072478
   0.51187001  0.56286850  0.18430370
   0.59335366  0.93660243  0.49263115
   0.37304000  0.94194000  0.08602000
   0.64896401  0.68788354  0.28529971
   0.44714539  0.81501157  0.38971181
   0.84545133  0.56415437  0.18600159
   0.92617661  0.93831278  0.49297344
   0.70637000  0.94194000  0.08602000
   0.98305636  0.68867130  0.28606369
   0.77974391  0.81235652  0.39067290
   0.17417000  0.33753000  0.10253000
   0.25497696  0.20393318  0.39906434
   0.08054685  0.32392799  0.50202617
   0.31330734  0.46037299  0.20449054
   0.11459348  0.08132179  0.30446919
   0.23858000  0.04636000  0.06951000
   0.04664878  0.17004629  0.16968382
   0.32202279  0.41777316  0.37201825
   0.12822660  0.04716494  0.47564822
   0.18193437  0.29241932  0.27044302
   0.50750000  0.33753000  0.10253000
   0.59058829  0.20513509  0.39972589
   0.41454949  0.32266337  0.49352087
   0.64580355  0.45816294  0.20262041
   0.44843878  0.08139797  0.30441000
   0.57191000  0.04636000  0.06951000
   0.37980620  0.16930362  0.16939148
   0.65692059  0.41811896  0.37009496
   0.46201117  0.04598679  0.47533590
   0.51455323  0.29156960  0.26980693
   0.84083000  0.33753000  0.10253000
   0.92343947  0.20505959  0.39981476
   0.74779284  0.32320704  0.49855865
   0.98090072  0.46065316  0.20450983
   0.78176131  0.08198176  0.30430484
   0.90524000  0.04636000  0.06951000
   0.71356367  0.17011888  0.16955254
   0.98945560  0.41759753  0.37203677
   0.79483831  0.04804713  0.47599687
   0.84828986  0.29256508  0.27020482
   0.17268808  0.83266006  0.09917981
   0.24712615  0.70711138  0.40389888
   0.05989931  0.83375578  0.50266922
   0.31440265  0.95925419  0.20237438
   0.11617603  0.58459541  0.30690589
   0.23858000  0.54636000  0.06951000
   0.04517841  0.66992289  0.16957180
   0.30955056  0.91748277  0.37110916
   0.14603480  0.54187810  0.47827467
   0.18181497  0.79207100  0.26875941
   0.50601220  0.83263045  0.09917925
   0.57943768  0.70973751  0.40442805
   0.39190759  0.83026452  0.50208093
   0.64756980  0.95883733  0.20235818
   0.45080137  0.58425056  0.30579657
   0.57191000  0.54636000  0.06951000
   0.37912429  0.66961835  0.16924170
   0.64590079  0.91768669  0.37099099
   0.48513233  0.54033995  0.47466768
   0.51381706  0.79217793  0.26864312
   0.83921494  0.83245557  0.09895822
   0.72546283  0.83099783  0.50266776
   0.98101497  0.95934369  0.20215075
   0.78419264  0.58350808  0.29742190
   0.90524000  0.54636000  0.06951000
   0.71178790  0.66986544  0.16922977
   0.97813796  0.91400325  0.37111817
   0.81705955  0.54790399  0.51106970
   0.84805675  0.79297974  0.26845631
   0.90962873  0.70242928  0.40934355
   0.51084030  0.52694473  0.66458965
   0.68463119  0.55522106  0.58897739
