   0.94053310  0.18631923  0.49749040
   0.03971000  0.19194000  0.09637000
   0.31051542  0.44106215  0.29866443
   0.13037809  0.06152285  0.40069368
   0.17870139  0.31640930  0.19726893
   0.25748821  0.19503957  0.49820776
   0.37304000  0.19194000  0.09637000
   0.64417538  0.44124060  0.29889809
   0.46358222  0.06334013  0.40158722
   0.51194610  0.31664721  0.19735715
   0.59256407  0.19445890  0.49895747
   0.70637000  0.19194000  0.09637000
   0.97743554  0.44121124  0.29793009
   0.79626503  0.06076620  0.39955017
   0.84516253  0.31636666  0.19706733
   0.03971000  0.69194000  0.09637000
   0.32016111  0.94115689  0.29919350
   0.11234738  0.56595121  0.39938049
   0.17879339  0.81705914  0.19766290
   0.25520257  0.70113570  0.49516477
   0.37304000  0.69194000  0.09637000
   0.65328372  0.93970787  0.29792611
   0.44501482  0.56561388  0.40023473
   0.51194033  0.81632152  0.19724853
   0.58905459  0.69785189  0.49577729
   0.70637000  0.69194000  0.09637000
   0.98684233  0.94011583  0.29867778
   0.84546007  0.81662714  0.19747492
   0.92076395  0.69774005  0.49654163
   0.77805025  0.56518384  0.40085338
   0.18059457  0.06516903  0.19552321
   0.24353737  0.44569919  0.50355993
   0.03971000  0.44194000  0.09637000
   0.31656087  0.19082354  0.29935725
   0.10817011  0.31948517  0.40251246
   0.51372734  0.06482571  0.19507428
   0.57042996  0.44566271  0.50797511
   0.37304000  0.44194000  0.09637000
   0.64981504  0.19022660  0.29843261
   0.44247887  0.31976427  0.40210868
   0.84722666  0.06490153  0.19525670
   0.90969251  0.44674701  0.50134605
   0.70637000  0.44194000  0.09637000
   0.98319746  0.19046811  0.29902802
   0.77731756  0.31801377  0.40036903
   0.17813852  0.56533912  0.19538474
   0.29124961  0.93339312  0.50263852
   0.03971000  0.94194000  0.09637000
   0.31401425  0.69017258  0.29883919
   0.12930182  0.81374636  0.39882962
   0.51141425  0.56523052  0.19556719
   0.62518292  0.93213339  0.50201142
   0.37304000  0.94194000  0.09637000
   0.64727692  0.68977635  0.29895787
   0.46303822  0.81419325  0.39828114
   0.84475135  0.56537441  0.19534030
   0.95803756  0.93167250  0.50265332
   0.70637000  0.94194000  0.09637000
   0.98047201  0.69004186  0.29891723
   0.79612253  0.81335599  0.39886595
   0.17417000  0.33753000  0.11288000
   0.24346009  0.21270681  0.41635060
   0.04301632  0.34146155  0.50673132
   0.31236712  0.46174928  0.21465746
   0.11809321  0.08649700  0.31740395
   0.23858000  0.04636000  0.07986000
   0.04636130  0.17102032  0.18021675
   0.30744253  0.42231979  0.38317677
   0.15810869  0.04066873  0.48601720
   0.18166658  0.29412092  0.28068130
   0.50750000  0.33753000  0.11288000
   0.57739045  0.21453772  0.41777547
   0.37171816  0.33777353  0.51628825
   0.64579866  0.46194579  0.21488787
   0.45181725  0.08749723  0.31820268
   0.57191000  0.04636000  0.07986000
   0.37978098  0.17116553  0.18027608
   0.64138418  0.42171122  0.38362668
   0.49185792  0.04253538  0.48789907
   0.51504702  0.29439692  0.28085048
   0.84083000  0.33753000  0.11288000
   0.90861790  0.21097850  0.41606789
   0.69880903  0.33834093  0.52371763
   0.97900993  0.46179733  0.21413167
   0.78416901  0.08608859  0.31624982
   0.90524000  0.04636000  0.07986000
   0.71293337  0.17090425  0.18017038
   0.97362151  0.42214481  0.38183394
   0.82353722  0.03610830  0.48320398
   0.84809639  0.29404664  0.28042616
   0.17417000  0.83753000  0.11288000
   0.26322398  0.70665857  0.40999214
   0.09021881  0.82044168  0.51158167
   0.31516135  0.96218365  0.21536045
   0.11382623  0.58515871  0.31514801
   0.23858000  0.54636000  0.07986000
   0.04451770  0.67196666  0.18050262
   0.32907205  0.91973283  0.38321420
   0.11582128  0.55698294  0.48634322
   0.18127388  0.79583013  0.28140726
   0.50750000  0.83753000  0.11288000
   0.59506471  0.70574301  0.41115189
   0.42331448  0.82333512  0.51138875
   0.64818675  0.96139653  0.21440106
   0.44716268  0.58486065  0.31586468
   0.57191000  0.54636000  0.07986000
   0.37761451  0.67145459  0.18033514
   0.66198771  0.91733709  0.38145966
   0.44535433  0.55474699  0.48852901
   0.51438827  0.79476132  0.28071754
   0.84083000  0.83753000  0.11288000
   0.75633955  0.82001509  0.51147078
   0.98171911  0.96172645  0.21496652
   0.78038558  0.58500562  0.31637981
   0.90524000  0.54636000  0.07986000
   0.71099133  0.67167447  0.18043924
   0.99551360  0.91780244  0.38242507
   0.77449037  0.55402931  0.48916313
   0.84765721  0.79502016  0.28111317
   0.92861200  0.70521035  0.41171482
   0.00115472  0.14678930  0.59885165
   0.82040131  0.26768266  0.58998217
