   0.93318350  0.68834671  0.50377814
   0.03971000  0.19194000  0.09637000
   0.31763353  0.43826209  0.29733589
   0.11672586  0.06347846  0.40019956
   0.17951682  0.31496616  0.19593043
   0.25364141  0.19985398  0.49563549
   0.37304000  0.19194000  0.09637000
   0.65149856  0.44078323  0.29912593
   0.45069656  0.06380539  0.40009225
   0.51305252  0.31638604  0.19757044
   0.58939601  0.19516252  0.49796824
   0.70637000  0.19194000  0.09637000
   0.98453674  0.43914584  0.29812348
   0.78275600  0.06285479  0.39952015
   0.84547096  0.31579496  0.19731249
   0.91915369  0.19959737  0.49528143
   0.03971000  0.69194000  0.09637000
   0.31119706  0.93997639  0.29840506
   0.12687858  0.56154245  0.39975518
   0.17818465  0.81581401  0.19708737
   0.26799193  0.69523741  0.49443146
   0.37304000  0.69194000  0.09637000
   0.64588117  0.93932314  0.29795348
   0.45911697  0.56090759  0.39913755
   0.51166140  0.81549306  0.19710930
   0.60136853  0.69366802  0.49367511
   0.70637000  0.69194000  0.09637000
   0.97877440  0.93993936  0.29893638
   0.84507839  0.81612747  0.19737837
   0.79382610  0.56195878  0.40203997
   0.17898846  0.06434428  0.19527798
   0.28407725  0.43592450  0.50139491
   0.03971000  0.44194000  0.09637000
   0.31528943  0.18908444  0.29867161
   0.12483096  0.31335314  0.39856878
   0.51174882  0.06419559  0.19502188
   0.61415082  0.43299001  0.50282398
   0.37304000  0.44194000  0.09637000
   0.64835553  0.18860620  0.29791989
   0.45891490  0.31386795  0.39934214
   0.84545997  0.06423937  0.19528722
   0.95569412  0.43441047  0.50106507
   0.70637000  0.44194000  0.09637000
   0.98203554  0.18834368  0.29824325
   0.79177994  0.31353094  0.39726516
   0.17984314  0.56405264  0.19487595
   0.25658255  0.94330584  0.50347237
   0.03971000  0.94194000  0.09637000
   0.31493023  0.68890757  0.29807157
   0.10997694  0.81761952  0.40406482
   0.51349469  0.56449737  0.19516702
   0.58656882  0.94048315  0.50243127
   0.37304000  0.94194000  0.09637000
   0.64897917  0.68982543  0.29940669
   0.44540658  0.81743054  0.39889328
   0.84662302  0.56449094  0.19493994
   0.92139497  0.94256226  0.50173880
   0.70637000  0.94194000  0.09637000
   0.98182871  0.69004447  0.29925633
   0.77986783  0.81692199  0.40217263
   0.17321126  0.33285466  0.10922020
   0.25912411  0.20660353  0.41117829
   0.08385534  0.32310590  0.51015096
   0.31394561  0.45967475  0.21318979
   0.11531067  0.08404564  0.31601156
   0.23858000  0.04636000  0.07986000
   0.04505243  0.17069208  0.17991455
   0.32401940  0.41743095  0.38130325
   0.12235398  0.05307683  0.48782062
   0.18177710  0.29301034  0.27963703
   0.50750000  0.33753000  0.11288000
   0.59343385  0.20787274  0.41343643
   0.41408364  0.32524169  0.51148750
   0.64802966  0.46175491  0.21506943
   0.44881334  0.08445856  0.31573236
   0.57191000  0.04636000  0.07986000
   0.37866123  0.17106326  0.18026187
   0.65783525  0.41809666  0.38262487
   0.45631791  0.05003745  0.48759866
   0.51565041  0.29456005  0.28096780
   0.84083000  0.33753000  0.11288000
   0.92425059  0.20653556  0.41107448
   0.74785271  0.32009077  0.52238798
   0.98074253  0.46062717  0.21429250
   0.78155501  0.08374633  0.31508613
   0.90524000  0.04636000  0.07986000
   0.71183467  0.17081686  0.18008474
   0.99100349  0.41760173  0.38185078
   0.78745509  0.05092540  0.48721378
   0.84870952  0.29350523  0.28056132
   0.17417000  0.83753000  0.11288000
   0.24703979  0.71113425  0.41302622
   0.05652992  0.83866670  0.50756791
   0.31299620  0.96090955  0.21422908
   0.11592631  0.58501094  0.31601256
   0.23858000  0.54636000  0.07986000
   0.04599333  0.67020798  0.17981434
   0.30959545  0.92118364  0.38244185
   0.15512327  0.54344488  0.48443265
   0.18063021  0.79312285  0.28003271
   0.50750000  0.83753000  0.11288000
   0.57808282  0.70990946  0.41206855
   0.38647603  0.83509887  0.51263154
   0.64619633  0.96054146  0.21398049
   0.44896007  0.58379024  0.31531694
   0.57191000  0.54636000  0.07986000
   0.37891052  0.67016822  0.17995565
   0.64455320  0.92040794  0.38209999
   0.48408886  0.54413629  0.48550941
   0.51371744  0.79302002  0.28025928
   0.84083000  0.83753000  0.11288000
   0.72087422  0.83488835  0.51009356
   0.97961094  0.96110616  0.21462217
   0.78344008  0.58632189  0.31817635
   0.90524000  0.54636000  0.07986000
   0.71258144  0.67058757  0.17986051
   0.97607258  0.92081644  0.38310904
   0.81378093  0.53636928  0.48571882
   0.84726327  0.79337467  0.28063036
   0.91099453  0.70985243  0.42004115
  -0.03864797  0.64505835  0.60173448
   0.82518864  0.44333245  0.60404605
