   0.60845487  0.93384284  0.49202149
   0.03971000  0.19194000  0.08602000
   0.31429026  0.43984366  0.28886951
   0.12530671  0.06081397  0.39107703
   0.17922522  0.31618199  0.18737209
   0.26211458  0.19318131  0.48632645
   0.37304000  0.19194000  0.08602000
   0.64681897  0.44078873  0.28906261
   0.45892120  0.06118626  0.38932873
   0.51224956  0.31686499  0.18743145
   0.58708877  0.18411080  0.49206035
   0.70637000  0.19194000  0.08602000
   0.97960285  0.43916742  0.28737931
   0.79112430  0.06152107  0.39027541
   0.84547806  0.31520750  0.18677474
   0.92426476  0.19410808  0.48542785
   0.03971000  0.69194000  0.08602000
   0.31668932  0.94007243  0.28683156
   0.11407328  0.56257799  0.38876311
   0.17796646  0.81553053  0.18673912
   0.25638633  0.69405990  0.48366194
   0.37304000  0.69194000  0.08602000
   0.65062750  0.93965213  0.28834351
   0.44855707  0.56393569  0.39074223
   0.51216052  0.81602490  0.18735284
   0.58415135  0.69845528  0.48679273
   0.70637000  0.69194000  0.08602000
   0.98329895  0.93998474  0.28872494
   0.84497846  0.81637224  0.18748343
   0.92081375  0.69878472  0.48817296
   0.78231292  0.56500482  0.39202660
   0.17957134  0.06479319  0.18502300
   0.24970101  0.43871282  0.49284061
   0.03971000  0.44194000  0.08602000
   0.31608203  0.18992077  0.28908581
   0.11467699  0.31626623  0.38957609
   0.51312621  0.06462553  0.18500978
   0.58303020  0.44233765  0.49467790
   0.37304000  0.44194000  0.08602000
   0.64922816  0.18964260  0.28824864
   0.44942766  0.31693829  0.39328769
   0.84626192  0.06444527  0.18543600
   0.91834625  0.44218131  0.49347195
   0.70637000  0.44194000  0.08602000
   0.98271842  0.18897147  0.28883605
   0.77994352  0.31593605  0.39039397
   0.17948255  0.56431691  0.18520713
   0.27398929  0.93079936  0.49404765
   0.03971000  0.94194000  0.08602000
   0.31355799  0.68909651  0.28821119
   0.12190355  0.81404994  0.38795030
   0.51307436  0.56520135  0.18577690
   0.37304000  0.94194000  0.08602000
   0.64741914  0.68991398  0.29015305
   0.45534531  0.81448233  0.38795524
   0.84573310  0.56457813  0.18506195
   0.94443487  0.93516269  0.49459168
   0.70637000  0.94194000  0.08602000
   0.98001878  0.68898441  0.28810920
   0.78872968  0.81542822  0.39124222
   0.17417000  0.33753000  0.10253000
   0.24798650  0.20951146  0.40405279
   0.04654397  0.33264738  0.50504945
   0.31411389  0.46131765  0.20478824
   0.11751401  0.08496586  0.30695159
   0.23858000  0.04636000  0.06951000
   0.04556324  0.17105280  0.16969455
   0.31378314  0.41994014  0.37300466
   0.14483426  0.04301127  0.47785388
   0.18151081  0.29356958  0.27059293
   0.50750000  0.33753000  0.10253000
   0.58308401  0.21006359  0.40860639
   0.38310528  0.33425548  0.50224678
   0.64733107  0.46216696  0.20515218
   0.45073772  0.08593905  0.30549555
   0.57191000  0.04636000  0.06951000
   0.37929534  0.17137003  0.16971849
   0.64721925  0.42034873  0.37309074
   0.47047234  0.03484531  0.47203650
   0.51502046  0.29447857  0.27058963
   0.84083000  0.33753000  0.10253000
   0.91494308  0.21029518  0.40320452
   0.71702671  0.33552699  0.50555750
   0.97984518  0.46051370  0.20345451
   0.78328837  0.08508513  0.30611738
   0.90524000  0.04636000  0.06951000
   0.71255296  0.17023506  0.16935963
   0.97877793  0.41868396  0.37134080
   0.81201160  0.04268704  0.47606944
   0.84824818  0.29277865  0.26964554
   0.17417000  0.83753000  0.10253000
   0.25470199  0.70657363  0.40005120
   0.07354242  0.82582081  0.50659170
   0.31384861  0.96072499  0.20311072
   0.11343951  0.58420408  0.30448204
   0.23858000  0.54636000  0.06951000
   0.04525547  0.67008655  0.16922859
   0.32020870  0.91755974  0.36992315
   0.12033437  0.54903721  0.47579351
   0.17997822  0.79372939  0.26959790
   0.50750000  0.83753000  0.10253000
   0.58859045  0.70745635  0.40252861
   0.40796129  0.82070440  0.50384132
   0.64731473  0.96089722  0.20452161
   0.44758366  0.58480955  0.30636626
   0.57191000  0.54636000  0.06951000
   0.37906579  0.67083904  0.16959422
   0.65485731  0.91876623  0.37199734
   0.45127171  0.55146222  0.47825081
   0.51367825  0.79393878  0.27067649
   0.84083000  0.83753000  0.10253000
   0.74202045  0.82606653  0.50142537
   0.98062894  0.96141065  0.20482597
   0.78129062  0.58533077  0.30725212
   0.90524000  0.54636000  0.06951000
   0.71232852  0.67108705  0.16948514
   0.98750693  0.91882765  0.37248370
   0.78631013  0.55206589  0.47969424
   0.84691045  0.79405470  0.27067804
   0.92243699  0.70872012  0.40494809
   0.56077945  0.13044227  0.58974261
   0.75465125  0.31136158  0.60227766
