   0.95412520  0.93183503  0.49206067
   0.03971000  0.19194000  0.08602000
   0.31192327  0.44036050  0.28837631
   0.13032108  0.06111323  0.39022510
   0.17892336  0.31613931  0.18687255
   0.25580383  0.19380708  0.48856893
   0.37304000  0.19194000  0.08602000
   0.64548416  0.43991107  0.28778015
   0.46297328  0.06359279  0.39214192
   0.51202030  0.31592274  0.18673521
   0.59275963  0.19320635  0.49004978
   0.70637000  0.19194000  0.08602000
   0.97847715  0.44083152  0.28764090
   0.79576650  0.05978032  0.38943887
   0.84544734  0.31597440  0.18666042
   0.94267217  0.18512225  0.48675552
   0.03971000  0.69194000  0.08602000
   0.31954862  0.94136338  0.28929417
   0.11418406  0.56482700  0.38929320
   0.17931409  0.81686674  0.18747292
   0.25524161  0.70025225  0.48472632
   0.37304000  0.69194000  0.08602000
   0.65272666  0.93928713  0.28775929
   0.44752868  0.56472143  0.38994747
   0.51205621  0.81596825  0.18697118
   0.59215793  0.69605409  0.48520616
   0.70637000  0.69194000  0.08602000
   0.98617099  0.93962021  0.28829237
   0.84590653  0.81608621  0.18700963
   0.92076409  0.69695924  0.48648197
   0.77890396  0.56334010  0.39053872
   0.18085478  0.06477978  0.18511227
   0.24638603  0.44422432  0.49301226
   0.03971000  0.44194000  0.08602000
   0.31647334  0.19058206  0.28921243
   0.11078453  0.31852525  0.39183338
   0.51392209  0.06443599  0.18458618
   0.57330483  0.44382690  0.49899347
   0.37304000  0.44194000  0.08602000
   0.64951605  0.18946502  0.28795283
   0.44555034  0.31939991  0.39239415
   0.84738632  0.06460840  0.18503281
   0.91283044  0.44510306  0.49118269
   0.70637000  0.44194000  0.08602000
   0.98326769  0.18995584  0.28853988
   0.77958302  0.31633996  0.38982754
   0.17831729  0.56497668  0.18503386
   0.28876754  0.93305191  0.49279085
   0.03971000  0.94194000  0.08602000
   0.31457294  0.68965796  0.28834407
   0.12738719  0.81358619  0.38909969
   0.51166371  0.56480217  0.18493664
   0.62019899  0.93131807  0.49308995
   0.37304000  0.94194000  0.08602000
   0.64795044  0.68872279  0.28829892
   0.46123194  0.81428336  0.38842475
   0.84514578  0.56512741  0.18490316
   0.70637000  0.94194000  0.08602000
   0.98123792  0.68955372  0.28843655
   0.79455771  0.81261011  0.38815781
   0.17417000  0.33753000  0.10253000
   0.24640113  0.21190102  0.40600714
   0.04566507  0.34053753  0.49547762
   0.31263154  0.46150860  0.20431308
   0.11787091  0.08589305  0.30686384
   0.23858000  0.04636000  0.06951000
   0.04668761  0.17068510  0.16981754
   0.31023322  0.42165948  0.37295823
   0.15639108  0.03947078  0.47523878
   0.18151135  0.29395864  0.27032965
   0.50750000  0.33753000  0.10253000
   0.58005258  0.21408458  0.40881292
   0.37327301  0.33577293  0.50628059
   0.64603855  0.46138914  0.20417856
   0.45170678  0.08744980  0.30847999
   0.57191000  0.04636000  0.06951000
   0.38018968  0.17057851  0.16965557
   0.64476748  0.41976372  0.37197862
   0.48924450  0.04209597  0.47833323
   0.51480034  0.29349525  0.27005520
   0.84083000  0.33753000  0.10253000
   0.91143998  0.20955564  0.40542977
   0.70164118  0.33575567  0.51550510
   0.97904950  0.46146859  0.20381822
   0.78424875  0.08565673  0.30600551
   0.90524000  0.04636000  0.06951000
   0.71347108  0.17054172  0.16967925
   0.97568278  0.42121986  0.37144820
   0.81952952  0.03607685  0.47374366
   0.84806305  0.29349451  0.26995633
   0.17417000  0.83753000  0.10253000
   0.26167067  0.70682198  0.40046245
   0.08657756  0.82107956  0.50011322
   0.31547444  0.96201318  0.20542914
   0.11464068  0.58505575  0.30513605
   0.23858000  0.54636000  0.06951000
   0.04503779  0.67173161  0.17005762
   0.32753520  0.91979637  0.37328167
   0.11989950  0.55528134  0.47602244
   0.18200546  0.79554683  0.27120421
   0.50750000  0.83753000  0.10253000
   0.59335222  0.70589599  0.40141412
   0.41870641  0.82390456  0.50219589
   0.64805593  0.96105953  0.20419367
   0.44786904  0.58442807  0.30577085
   0.57191000  0.54636000  0.06951000
   0.37800535  0.67110095  0.16991491
   0.66065174  0.91682722  0.37123669
   0.44939196  0.55287286  0.47802432
   0.51476628  0.79399101  0.27038385
   0.84083000  0.83753000  0.10253000
   0.75215504  0.82035757  0.50398040
   0.98173994  0.96124367  0.20458833
   0.78127930  0.58393018  0.30559957
   0.90524000  0.54636000  0.06951000
   0.71121132  0.67134558  0.16978935
   0.99369147  0.91761792  0.37209265
   0.77782478  0.55165433  0.47927313
   0.84812617  0.79412332  0.27058278
   0.92544348  0.70477329  0.40234641
   0.01851097  0.14888485  0.58775662
   0.83604442  0.26985246  0.58053784
