   0.26790979  0.43710440  0.49183173
   0.03971000  0.19194000  0.08602000
   0.31546975  0.43958157  0.28799656
   0.12168483  0.05820469  0.38953299
   0.17861327  0.31559549  0.18735234
   0.26375076  0.19434502  0.48283388
   0.37304000  0.19194000  0.08602000
   0.64801325  0.43851215  0.28623488
   0.45487304  0.06157517  0.38988674
   0.51172839  0.31441849  0.18680771
   0.59842591  0.19379220  0.48402147
   0.70637000  0.19194000  0.08602000
   0.98190589  0.43983518  0.28847445
   0.78857465  0.06183832  0.39041807
   0.84578255  0.31566296  0.18731807
   0.93140168  0.19538237  0.48391207
   0.03971000  0.69194000  0.08602000
   0.31391633  0.93872564  0.28867730
   0.11561331  0.56208819  0.39085474
   0.17894244  0.81562866  0.18707919
   0.26119479  0.69301975  0.48625405
   0.37304000  0.69194000  0.08602000
   0.64887989  0.93923415  0.28882536
   0.45660253  0.56104498  0.38987150
   0.51127053  0.81587833  0.18737973
   0.59600535  0.69309590  0.48514113
   0.70637000  0.69194000  0.08602000
   0.98144448  0.93812184  0.28860671
   0.84450872  0.81582784  0.18692741
   0.92660508  0.69272412  0.49638252
   0.78608575  0.56456212  0.38559979
   0.17980329  0.06366779  0.18512564
   0.03971000  0.44194000  0.08602000
   0.31589388  0.18766086  0.28914230
   0.12017915  0.31501134  0.38892235
   0.51348564  0.06367454  0.18543305
   0.60441462  0.43780607  0.50073275
   0.37304000  0.44194000  0.08602000
   0.64972743  0.18810768  0.28871965
   0.45519006  0.31757968  0.39113048
   0.84624303  0.06399864  0.18529312
   0.93552380  0.43568534  0.50218374
   0.70637000  0.44194000  0.08602000
   0.98266319  0.18794529  0.28870993
   0.78705495  0.31764874  0.38939167
   0.17846492  0.56443889  0.18548178
   0.26979778  0.93635789  0.49335006
   0.03971000  0.94194000  0.08602000
   0.31455139  0.68902240  0.28910026
   0.11258406  0.81150362  0.39362805
   0.51144263  0.56415506  0.18469348
   0.60178345  0.93621467  0.49230702
   0.37304000  0.94194000  0.08602000
   0.64775753  0.68916773  0.28690026
   0.44927065  0.81653411  0.39044713
   0.84500251  0.56465851  0.18586186
   0.93681753  0.93784274  0.49301221
   0.70637000  0.94194000  0.08602000
   0.98194988  0.68956882  0.28670185
   0.78326306  0.81343890  0.39313374
   0.17417000  0.33753000  0.10253000
   0.25322884  0.20585497  0.39971372
   0.06905631  0.32879467  0.50153758
   0.31273820  0.46104160  0.20431785
   0.11552295  0.08209526  0.30608541
   0.23858000  0.04636000  0.06951000
   0.04613981  0.17016604  0.16940438
   0.31863495  0.41904736  0.37148922
   0.13725289  0.04579526  0.47657382
   0.18258923  0.29210261  0.27041830
   0.50750000  0.33753000  0.10253000
   0.58866157  0.20873816  0.40163156
   0.40283610  0.32911157  0.49561982
   0.64499372  0.45957676  0.20257535
   0.44995004  0.08278507  0.30579677
   0.57191000  0.04636000  0.06951000
   0.37923894  0.16942766  0.16944410
   0.65394219  0.42115929  0.37013976
   0.47086441  0.04575565  0.47652074
   0.51521136  0.29149605  0.26972483
   0.84083000  0.33753000  0.10253000
   0.91941535  0.20839044  0.40195766
   0.73426369  0.32737367  0.50270992
   0.98012534  0.46090714  0.20467815
   0.78380629  0.08365341  0.30596427
   0.90524000  0.04636000  0.06951000
   0.71252782  0.17022663  0.16960178
   0.98549810  0.41865933  0.37184111
   0.80380427  0.04736702  0.47717734
   0.84936070  0.29263064  0.27031297
   0.17417000  0.83753000  0.10253000
   0.24914179  0.70755422  0.40362361
   0.06889859  0.82971063  0.50203873
   0.31460535  0.96022454  0.20432659
   0.11427334  0.58541394  0.30629405
   0.23858000  0.54636000  0.06951000
   0.04478756  0.67046703  0.16961684
   0.31275858  0.91875689  0.37289987
   0.13215656  0.54567233  0.47706855
   0.18153747  0.79315108  0.27008469
   0.50750000  0.83753000  0.10253000
   0.58106953  0.70883288  0.40260249
   0.40097331  0.82828787  0.50055844
   0.64776362  0.96037330  0.20475208
   0.44925776  0.58471528  0.30538486
   0.57191000  0.54636000  0.06951000
   0.37774363  0.67061898  0.16956320
   0.65040684  0.91971476  0.37288152
   0.47315236  0.54465186  0.47722298
   0.51275292  0.79410743  0.27065438
   0.84083000  0.83753000  0.10253000
   0.73433402  0.82939191  0.50051790
   0.98070673  0.96071215  0.20431969
   0.78328666  0.58450042  0.29781438
   0.90524000  0.54636000  0.06951000
   0.71053376  0.67070214  0.16931059
   0.98146715  0.91487556  0.37313784
   0.80454259  0.54791588  0.51523183
   0.84728845  0.79418862  0.26998127
   0.91042909  0.70167413  0.41199631
   0.08351328  0.54834671  0.67501817
   0.90625328  0.53903423  0.60113891
