   0.93997097  0.18677582  0.49694305
   0.03971000  0.19194000  0.09637000
   0.30976623  0.44131011  0.29860057
   0.13065952  0.06170974  0.40081136
   0.17870742  0.31622074  0.19728087
   0.25702412  0.19521554  0.49843746
   0.37304000  0.19194000  0.09637000
   0.64369968  0.44136768  0.29888296
   0.46339503  0.06349069  0.40165581
   0.51194450  0.31651366  0.19732716
   0.59116832  0.19439419  0.49921457
   0.70637000  0.19194000  0.09637000
   0.97645542  0.44167918  0.29794898
   0.79686460  0.06079060  0.39919110
   0.84557746  0.31615611  0.19707574
   0.03971000  0.69194000  0.09637000
   0.31999033  0.94127874  0.29932486
   0.11187571  0.56633811  0.39938850
   0.17879624  0.81711324  0.19767256
   0.25600075  0.70128548  0.49526407
   0.37304000  0.69194000  0.09637000
   0.65322398  0.93954507  0.29783777
   0.44508612  0.56585957  0.40016581
   0.51187330  0.81622747  0.19720501
   0.58998339  0.69785360  0.49591557
   0.70637000  0.69194000  0.09637000
   0.98692096  0.94012230  0.29876351
   0.84524172  0.81658196  0.19748754
   0.92275649  0.69694248  0.49693099
   0.77761679  0.56540307  0.40100495
   0.18049739  0.06494473  0.19548832
   0.24285090  0.44598441  0.50325123
   0.03971000  0.44194000  0.09637000
   0.31635103  0.19076952  0.29932507
   0.10720249  0.31986141  0.40226611
   0.51366620  0.06466999  0.19504622
   0.56983293  0.44570411  0.50863116
   0.37304000  0.44194000  0.09637000
   0.64947801  0.18999015  0.29810651
   0.44159726  0.32024251  0.40226658
   0.84716501  0.06477544  0.19547678
   0.90829791  0.44669034  0.50108630
   0.70637000  0.44194000  0.09637000
   0.98298627  0.19035788  0.29877076
   0.77615418  0.31817567  0.40023266
   0.17785009  0.56514018  0.19522108
   0.29241173  0.93330949  0.50292954
   0.03971000  0.94194000  0.09637000
   0.31397554  0.69023748  0.29852836
   0.12946526  0.81364490  0.39893434
   0.51117102  0.56506000  0.19543051
   0.62667801  0.93227459  0.50183824
   0.37304000  0.94194000  0.09637000
   0.64719927  0.68988532  0.29893019
   0.46339363  0.81439777  0.39840481
   0.84458067  0.56528538  0.19533182
   0.95926283  0.93150853  0.50249401
   0.70637000  0.94194000  0.09637000
   0.98040990  0.69033946  0.29884389
   0.79642226  0.81329024  0.39892127
   0.17417000  0.33753000  0.11288000
   0.24251224  0.21317226  0.41656483
   0.04194469  0.34183427  0.50564472
   0.31203627  0.46163462  0.21455544
   0.11776833  0.08655631  0.31749266
   0.23858000  0.04636000  0.07986000
   0.04621705  0.17086038  0.18027978
   0.30667638  0.42282682  0.38311032
   0.15969260  0.04050906  0.48599072
   0.18157759  0.29405165  0.28068525
   0.50750000  0.33753000  0.11288000
   0.57607025  0.21494519  0.41807086
   0.37056628  0.33812550  0.51650684
   0.64555217  0.46188177  0.21484708
   0.45146097  0.08754327  0.31829423
   0.57191000  0.04636000  0.07986000
   0.37966824  0.17105345  0.18029305
   0.64070355  0.42202875  0.38365472
   0.49292432  0.04220989  0.48785282
   0.51490035  0.29430649  0.28077293
   0.84083000  0.33753000  0.11288000
   0.90738246  0.21120718  0.41559752
   0.69720245  0.33787142  0.52456485
   0.97878147  0.46179128  0.21417047
   0.78396284  0.08589150  0.31581154
   0.90524000  0.04636000  0.07986000
   0.71290488  0.17079024  0.18024139
   0.97260296  0.42261555  0.38174376
   0.82516987  0.03617047  0.48282451
   0.84795899  0.29405070  0.28042101
   0.17417000  0.83753000  0.11288000
   0.26349957  0.70672366  0.41010056
   0.09124215  0.82029356  0.51206341
   0.31530889  0.96214720  0.21543917
   0.11368499  0.58558143  0.31510285
   0.23858000  0.54636000  0.07986000
   0.04445232  0.67196061  0.18049993
   0.32920469  0.91972455  0.38334425
   0.11529330  0.55754151  0.48640745
   0.18121698  0.79613110  0.28140956
   0.50750000  0.83753000  0.11288000
   0.59531306  0.70588244  0.41121752
   0.42452639  0.82322835  0.51146990
   0.64808534  0.96121207  0.21435741
   0.44712506  0.58496476  0.31568607
   0.57191000  0.54636000  0.07986000
   0.37745419  0.67137180  0.18029230
   0.66250800  0.91734233  0.38134226
   0.44544763  0.55480869  0.48853683
   0.51425860  0.79477619  0.28064648
   0.84083000  0.83753000  0.11288000
   0.75721281  0.82027971  0.51151648
   0.98175838  0.96152103  0.21502307
   0.78038178  0.58515774  0.31641023
   0.90524000  0.54636000  0.07986000
   0.71090459  0.67158951  0.18042019
   0.99588236  0.91781206  0.38252133
   0.77409585  0.55419384  0.48954530
   0.84743585  0.79519533  0.28116754
   0.92871351  0.70517297  0.41203294
   0.00413625  0.14693433  0.59871412
   0.82340098  0.26758508  0.58945705
