   0.95537111  0.93151462  0.49238200
   0.03971000  0.19194000  0.08602000
   0.31078827  0.44039166  0.28851191
   0.13094767  0.06147194  0.38991650
   0.17784652  0.31618520  0.18677246
   0.25237328  0.19320558  0.48987556
   0.37304000  0.19194000  0.08602000
   0.64424856  0.43954474  0.28781230
   0.46361862  0.06293696  0.39158363
   0.51144827  0.31550176  0.18671771
   0.59951630  0.19218815  0.48954031
   0.70637000  0.19194000  0.08602000
   0.97840742  0.43967013  0.28796141
   0.79489961  0.06144872  0.39147898
   0.84478166  0.31551331  0.18689713
   0.94432519  0.18839919  0.48656439
   0.03971000  0.69194000  0.08602000
   0.32047217  0.93975523  0.28863498
   0.11240679  0.56555454  0.38930036
   0.17905678  0.81625372  0.18718297
   0.25464703  0.70124476  0.48490146
   0.37304000  0.69194000  0.08602000
   0.65342570  0.94046723  0.28941245
   0.44570720  0.56483451  0.38987045
   0.51261732  0.81715434  0.18742513
   0.59081009  0.69662012  0.48539328
   0.70637000  0.69194000  0.08602000
   0.98609702  0.94043667  0.28799499
   0.84575962  0.81612143  0.18692489
   0.91841783  0.69762310  0.48587970
   0.77732545  0.56425922  0.38999382
   0.18023679  0.06431402  0.18479368
   0.24534752  0.44699614  0.49254583
   0.03971000  0.44194000  0.08602000
   0.31557372  0.18970551  0.28837891
   0.11130017  0.31909252  0.39237267
   0.51395399  0.06469639  0.18590491
   0.57244214  0.44200520  0.49809816
   0.37304000  0.44194000  0.08602000
   0.64937246  0.18946982  0.28936966
   0.44448622  0.31909773  0.39251560
   0.84709143  0.06440877  0.18495649
   0.91053297  0.44738036  0.49210780
   0.70637000  0.44194000  0.08602000
   0.98238038  0.19007204  0.28967646
   0.78007572  0.31788005  0.39042775
   0.17831407  0.56542905  0.18546779
   0.28899423  0.93204667  0.49128192
   0.03971000  0.94194000  0.08602000
   0.31543262  0.68955777  0.28914690
   0.12752969  0.81274756  0.38730176
   0.51163073  0.56547937  0.18546401
   0.62103897  0.93060557  0.49369317
   0.37304000  0.94194000  0.08602000
   0.64832004  0.68966079  0.28872574
   0.46190804  0.81364700  0.38900195
   0.84463839  0.56440232  0.18533531
   0.70637000  0.94194000  0.08602000
   0.98145366  0.68903296  0.28789897
   0.79526327  0.81363764  0.38856000
   0.17417000  0.33753000  0.10253000
   0.24576618  0.21225052  0.40720737
   0.04508944  0.34382237  0.49567399
   0.31193372  0.46186304  0.20454371
   0.11802564  0.08670975  0.30695702
   0.23858000  0.04636000  0.06951000
   0.04667863  0.17035923  0.16944012
   0.31052714  0.42110771  0.37264646
   0.15770405  0.03754129  0.47410672
   0.18054447  0.29363874  0.27013270
   0.50750000  0.33753000  0.10253000
   0.58054656  0.21408474  0.40861656
   0.37195667  0.33785545  0.50505618
   0.64478878  0.46075231  0.20423984
   0.45078137  0.08648143  0.30796614
   0.57191000  0.04636000  0.06951000
   0.37982925  0.17015366  0.16987554
   0.64380148  0.42051573  0.37201069
   0.49176820  0.04155340  0.47736026
   0.51476440  0.29282464  0.27020568
   0.84083000  0.33753000  0.10253000
   0.91064192  0.21122084  0.40609856
   0.70523048  0.33383804  0.51705122
   0.97894684  0.46063482  0.20420884
   0.78384516  0.08659194  0.30840854
   0.90524000  0.04636000  0.06951000
   0.71301101  0.17023019  0.16975946
   0.97574038  0.42167866  0.37169695
   0.82014861  0.03730204  0.47547681
   0.84731098  0.29275855  0.27047021
   0.17417000  0.83753000  0.10253000
   0.26157642  0.70637828  0.39978069
   0.08683353  0.81991968  0.50078830
   0.31449740  0.96136973  0.20494197
   0.11449027  0.58433820  0.30485772
   0.23858000  0.54636000  0.06951000
   0.04429352  0.67123706  0.17010999
   0.32851777  0.91877443  0.37264950
   0.11593244  0.55867274  0.47602999
   0.18212084  0.79433798  0.27094916
   0.50750000  0.83753000  0.10253000
   0.59466943  0.70622509  0.40130247
   0.41995802  0.82325982  0.50249048
   0.64862928  0.96202550  0.20555637
   0.44844569  0.58456186  0.30599133
   0.57191000  0.54636000  0.06951000
   0.37808836  0.67204022  0.17013039
   0.66031775  0.91751754  0.37335073
   0.44595875  0.55371912  0.47756025
   0.51528656  0.79509919  0.27115561
   0.84083000  0.83753000  0.10253000
   0.75297597  0.82004916  0.50465985
   0.98137045  0.96132603  0.20435389
   0.78087854  0.58378785  0.30496490
   0.90524000  0.54636000  0.06951000
   0.71169832  0.67105658  0.16988545
   0.99388352  0.91807114  0.37159840
   0.77429638  0.55132669  0.47832629
   0.84882674  0.79443631  0.27056800
   0.92520780  0.70487621  0.40136372
   0.03871139  0.15250745  0.58158067
   0.83945765  0.26366687  0.58296995
