   0.28175641  0.43289889  0.49444358
   0.03971000  0.19194000  0.08602000
   0.31980431  0.44018188  0.28910364
   0.11578014  0.06108206  0.39053294
   0.17990074  0.31648813  0.18736871
   0.26290565  0.19017942  0.48596671
   0.37304000  0.19194000  0.08602000
   0.65173672  0.43800479  0.28660769
   0.45076629  0.06476789  0.39297872
   0.51254190  0.31525021  0.18663243
   0.59396704  0.19605804  0.49122954
   0.70637000  0.19194000  0.08602000
   0.98689422  0.43887250  0.28810691
   0.78231368  0.06242612  0.39144756
   0.84657855  0.31574242  0.18696987
   0.92856972  0.18921457  0.48692283
   0.03971000  0.69194000  0.08602000
   0.31341639  0.94074057  0.29014428
   0.12541996  0.56041232  0.39137870
   0.18002550  0.81656329  0.18752833
   0.25631601  0.69220298  0.48679991
   0.37304000  0.69194000  0.08602000
   0.64614886  0.93972287  0.28932015
   0.45771209  0.56207373  0.39226770
   0.51276912  0.81622499  0.18726275
   0.60408147  0.68805202  0.49095560
   0.70637000  0.69194000  0.08602000
   0.97865364  0.93910418  0.28881556
   0.84618755  0.81590142  0.18693436
   0.91431968  0.68776334  0.48710177
   0.79368139  0.55885581  0.38628171
   0.17934797  0.06473440  0.18566481
   0.03971000  0.44194000  0.08602000
   0.31564593  0.18889529  0.28934529
   0.12761998  0.31250053  0.38878313
   0.51258267  0.06442955  0.18537412
   0.60687964  0.42598050  0.48881386
   0.37304000  0.44194000  0.08602000
   0.64879925  0.18835597  0.28861086
   0.46046060  0.31307313  0.38941485
   0.84606422  0.06464567  0.18530222
   0.94401523  0.43074914  0.49204693
   0.70637000  0.44194000  0.08602000
   0.98226037  0.18838300  0.28881828
   0.79366835  0.31200871  0.38767350
   0.18135973  0.56495884  0.18542761
   0.24901335  0.93802346  0.49544878
   0.03971000  0.94194000  0.08602000
   0.31687561  0.68996928  0.29013939
   0.11148227  0.81633443  0.39313191
   0.51434874  0.56446681  0.18477557
   0.58040037  0.94075987  0.49525003
   0.37304000  0.94194000  0.08602000
   0.64992650  0.68940899  0.28879092
   0.44515921  0.81752155  0.39385198
   0.84787657  0.56450699  0.18485838
   0.91773864  0.93967713  0.49454577
   0.70637000  0.94194000  0.08602000
   0.98389670  0.68942286  0.28857754
   0.77685442  0.81511797  0.39358967
   0.17417000  0.33753000  0.10253000
   0.25940199  0.20446975  0.40244285
   0.07734873  0.31458888  0.49932228
   0.31560664  0.46175101  0.20550569
   0.11530010  0.08346181  0.30670300
   0.23858000  0.04636000  0.06951000
   0.04590552  0.17121389  0.17017361
   0.32665854  0.41676488  0.37284656
   0.11848172  0.04759480  0.47842238
   0.18259097  0.29370757  0.27114276
   0.50750000  0.33753000  0.10253000
   0.59485665  0.20784991  0.40700897
   0.40931982  0.31883282  0.50321076
   0.64830005  0.46051473  0.20364288
   0.44972025  0.08532800  0.30869218
   0.57191000  0.04636000  0.06951000
   0.37871430  0.17020682  0.16982459
   0.65977185  0.41430033  0.36955170
   0.45185888  0.05169168  0.48099792
   0.51537502  0.29231107  0.27004248
   0.84083000  0.33753000  0.10253000
   0.92677933  0.20593504  0.40322289
   0.74061171  0.32558662  0.51356626
   0.98219764  0.46099129  0.20461882
   0.78207481  0.08420727  0.30734479
   0.90524000  0.04636000  0.06951000
   0.71228007  0.17069975  0.16999675
   0.99328317  0.41545549  0.37209102
   0.78590444  0.05083055  0.47915127
   0.84924549  0.29296498  0.27062335
   0.17417000  0.83753000  0.10253000
   0.24568324  0.71035204  0.40477965
   0.04300531  0.82634724  0.50148543
   0.31388343  0.96186381  0.20604340
   0.11744787  0.58504328  0.30702898
   0.23858000  0.54636000  0.06951000
   0.04758868  0.67110461  0.17009596
   0.31059525  0.92136886  0.37503338
   0.14634912  0.54297058  0.47394939
   0.18312512  0.79415684  0.27126915
   0.50750000  0.83753000  0.10253000
   0.57775316  0.71022073  0.41025526
   0.38048402  0.83358797  0.50523469
   0.64695874  0.96148235  0.20543626
   0.45171730  0.58652071  0.30871848
   0.57191000  0.54636000  0.06951000
   0.38071338  0.67086584  0.16992743
   0.64375895  0.91951876  0.37399181
   0.48165910  0.53852029  0.47706853
   0.51564686  0.79358899  0.27090438
   0.84083000  0.83753000  0.10253000
   0.71595209  0.83201283  0.50257173
   0.98014725  0.96132162  0.20501139
   0.78403273  0.58468927  0.30418415
   0.90524000  0.54636000  0.06951000
   0.71391719  0.67053491  0.16973496
   0.97514028  0.91886415  0.37344373
   0.81005853  0.53253317  0.47078071
   0.84896015  0.79316871  0.27035768
   0.91019806  0.70774874  0.40592082
   0.11129859  0.43482475  0.59099502
   0.76311492  0.48940538  0.58322524
