   0.60871604  0.68557553  0.50386658
   0.03971000  0.19194000  0.09637000
   0.31980266  0.44027461  0.29957543
   0.11578286  0.06097746  0.40109152
   0.17988073  0.31651060  0.19780169
   0.26178704  0.18990467  0.49639081
   0.37304000  0.19194000  0.09637000
   0.65182119  0.43813208  0.29705991
   0.45066198  0.06467536  0.40347985
   0.51249386  0.31519326  0.19699977
   0.59296204  0.19503594  0.50176890
   0.70637000  0.19194000  0.09637000
   0.98701211  0.43882814  0.29853013
   0.78224373  0.06230602  0.40197170
   0.84665872  0.31573516  0.19738113
   0.93127861  0.19121451  0.49690856
   0.03971000  0.69194000  0.09637000
   0.31351344  0.94081096  0.30069108
   0.12518018  0.56061545  0.40141110
   0.18008547  0.81666016  0.19797898
   0.25721987  0.69360532  0.49748418
   0.37304000  0.69194000  0.09637000
   0.64621816  0.93975300  0.29991660
   0.45824003  0.56267796  0.40291412
   0.51286388  0.81630972  0.19773764
   0.70637000  0.69194000  0.09637000
   0.97876839  0.93916403  0.29940111
   0.84629689  0.81599908  0.19740280
   0.90779003  0.68662384  0.49940731
   0.79416135  0.55924366  0.39689522
   0.17927502  0.06467171  0.19609301
   0.27851483  0.43043487  0.50406785
   0.03971000  0.44194000  0.09637000
   0.31548118  0.18875214  0.29984724
   0.12759656  0.31229244  0.39958320
   0.51264692  0.06435189  0.19578674
   0.60564308  0.42682722  0.49885666
   0.37304000  0.44194000  0.09637000
   0.64877538  0.18816199  0.29907142
   0.46027583  0.31256023  0.39974458
   0.84613263  0.06461750  0.19571628
   0.94744397  0.42858849  0.50212048
   0.70637000  0.44194000  0.09637000
   0.98222072  0.18825133  0.29926990
   0.79378677  0.31154592  0.39805082
   0.18138077  0.56495113  0.19582902
   0.24749461  0.93727668  0.50584523
   0.03971000  0.94194000  0.09637000
   0.31710249  0.69005856  0.30058318
   0.11062547  0.81645140  0.40380648
   0.51429828  0.56453939  0.19516556
   0.58170101  0.94031961  0.50574514
   0.37304000  0.94194000  0.09637000
   0.64975921  0.68969847  0.29927109
   0.44580553  0.81716966  0.40431990
   0.84803301  0.56455075  0.19518668
   0.91715643  0.93868774  0.50511886
   0.70637000  0.94194000  0.09637000
   0.98421815  0.68976069  0.29903866
   0.77672578  0.81489941  0.40428795
   0.17386904  0.33702272  0.11275974
   0.25960228  0.20454849  0.41258565
   0.07799341  0.32202550  0.51429031
   0.31566298  0.46176461  0.21580839
   0.11528403  0.08356412  0.31689954
   0.23858000  0.04636000  0.07986000
   0.04599644  0.17127144  0.18045441
   0.32694900  0.41682366  0.38305156
   0.11900068  0.04858583  0.48869703
   0.18265974  0.29381069  0.28140292
   0.50715782  0.33699558  0.11272275
   0.59509779  0.20840514  0.41703144
   0.40979372  0.31932985  0.51414159
   0.64830976  0.46051592  0.21402922
   0.44977311  0.08547168  0.31891844
   0.57191000  0.04636000  0.07986000
   0.37881442  0.17034686  0.18012165
   0.66003392  0.41501361  0.38015861
   0.45200925  0.05250190  0.49127236
   0.51555986  0.29253447  0.28032795
   0.84083000  0.33753000  0.11288000
   0.92612234  0.20574281  0.41364944
   0.74254986  0.32660534  0.52510581
   0.98209153  0.46103809  0.21490696
   0.78202254  0.08432266  0.31759307
   0.90524000  0.04636000  0.07986000
   0.71226164  0.17079740  0.18030308
   0.99317529  0.41580692  0.38229764
   0.78606232  0.05176207  0.48940408
   0.84916977  0.29308254  0.28092585
   0.17386791  0.83702908  0.11276473
   0.24503524  0.70962602  0.41504137
   0.04681180  0.82908241  0.51141415
   0.31384092  0.96188922  0.21627660
   0.11746973  0.58487533  0.31745019
   0.23858000  0.54636000  0.07986000
   0.04755687  0.67104256  0.18041262
   0.31102113  0.92160944  0.38521655
   0.14606729  0.54038046  0.48757258
   0.18305736  0.79402796  0.28152529
   0.50718622  0.83702580  0.11275390
   0.57644290  0.71036287  0.42039459
   0.38002496  0.83400106  0.51515909
   0.64699604  0.96154083  0.21568949
   0.45163342  0.58625325  0.31892338
   0.57191000  0.54636000  0.07986000
   0.38071093  0.67082298  0.18023000
   0.64367474  0.91992642  0.38414179
   0.47807906  0.53656331  0.48678767
   0.51554058  0.79345336  0.28111202
   0.84083000  0.83753000  0.11288000
   0.71605450  0.83779589  0.51191226
   0.98010399  0.96133065  0.21526266
   0.78397658  0.58436933  0.31497939
   0.90524000  0.54636000  0.07986000
   0.71389045  0.67046049  0.18006109
   0.97525099  0.91892575  0.38358437
   0.81042268  0.52906325  0.47851552
   0.84880480  0.79293535  0.28054721
   0.91175876  0.70663890  0.41552508
   0.43361991  0.69340245  0.58340161
   0.75954745  0.48952454  0.59288625
