   0.60869653  0.93202147  0.49090395
   0.03971000  0.19194000  0.08602000
   0.31469929  0.44050047  0.28898384
   0.12655742  0.06069429  0.39122608
   0.17808421  0.31540858  0.18740421
   0.26547842  0.19208404  0.48631235
   0.37304000  0.19194000  0.08602000
   0.64651479  0.44261325  0.28928286
   0.45930108  0.06191760  0.38677334
   0.51174674  0.31719810  0.18749772
   0.58638869  0.18199403  0.49017892
   0.70637000  0.19194000  0.08602000
   0.97982223  0.43879241  0.28641433
   0.79232153  0.06170772  0.39086857
   0.84586772  0.31425526  0.18627858
   0.92423439  0.19668301  0.48500033
   0.03971000  0.69194000  0.08602000
   0.31641194  0.93924003  0.28588662
   0.11455905  0.56260939  0.38734311
   0.17733670  0.81481682  0.18667471
   0.25115978  0.69549046  0.48333747
   0.37304000  0.69194000  0.08602000
   0.65017335  0.93899744  0.28912359
   0.45011568  0.56394826  0.39151818
   0.51126151  0.81547684  0.18758494
   0.58056479  0.69972553  0.48736225
   0.70637000  0.69194000  0.08602000
   0.98258214  0.94017777  0.28939165
   0.84436202  0.81603275  0.18774970
   0.92173178  0.69775513  0.48955524
   0.78262333  0.56515145  0.39286231
   0.17936663  0.06417570  0.18478874
   0.25029528  0.44211730  0.49189324
   0.03971000  0.44194000  0.08602000
   0.31552882  0.19049793  0.28824278
   0.11595406  0.31724455  0.38898445
   0.51254714  0.06417805  0.18486797
   0.58398878  0.43994315  0.49516262
   0.37304000  0.44194000  0.08602000
   0.65031718  0.19027051  0.28722932
   0.44911728  0.31764855  0.39376466
   0.84568595  0.06359798  0.18580716
   0.91738082  0.44149302  0.49386567
   0.70637000  0.44194000  0.08602000
   0.98178536  0.18813852  0.28860241
   0.78030593  0.31651874  0.39008334
   0.17893364  0.56336433  0.18498504
   0.27235185  0.92792379  0.49344146
   0.03971000  0.94194000  0.08602000
   0.31377456  0.68908978  0.28824440
   0.12084495  0.81362678  0.38659714
   0.51236742  0.56480129  0.18600699
   0.37304000  0.94194000  0.08602000
   0.64748028  0.69056084  0.29073311
   0.45450291  0.81507806  0.38703665
   0.84575225  0.56338133  0.18423576
   0.94589904  0.93632863  0.49546178
   0.70637000  0.94194000  0.08602000
   0.97909652  0.68927667  0.28752988
   0.78877563  0.81596864  0.39433244
   0.17417000  0.33753000  0.10253000
   0.24770417  0.21013340  0.40399237
   0.04965944  0.33537236  0.50313403
   0.31385445  0.46030857  0.20463759
   0.11740164  0.08514371  0.30709158
   0.23858000  0.04636000  0.06951000
   0.04516197  0.16969439  0.16956790
   0.31443055  0.42057972  0.37329830
   0.14774147  0.04154529  0.47780403
   0.18128424  0.29417813  0.27091549
   0.50750000  0.33753000  0.10253000
   0.58375376  0.21177350  0.40911087
   0.38149654  0.33529099  0.50081447
   0.64736820  0.46191719  0.20478503
   0.45155991  0.08661920  0.30289812
   0.57191000  0.04636000  0.06951000
   0.37884545  0.17113217  0.16979113
   0.64763033  0.42077244  0.37378734
   0.46934411  0.03076759  0.46912568
   0.51534106  0.29636848  0.27090250
   0.84083000  0.33753000  0.10253000
   0.91628748  0.21077456  0.40249320
   0.71840658  0.33338042  0.51026005
   0.98006137  0.45905785  0.20247774
   0.78243735  0.08475946  0.30670278
   0.90524000  0.04636000  0.06951000
   0.71218038  0.16940461  0.16947071
   0.97895934  0.41897515  0.37019562
   0.81242789  0.04347929  0.47612862
   0.84889830  0.29210738  0.26894963
   0.17417000  0.83753000  0.10253000
   0.25408511  0.70831073  0.39918374
   0.07237006  0.82481882  0.50919781
   0.31342955  0.96057027  0.20320406
   0.11331163  0.58373425  0.30344392
   0.23858000  0.54636000  0.06951000
   0.04516501  0.66949041  0.16934437
   0.32094260  0.91811938  0.36777268
   0.11773910  0.55058316  0.47346257
   0.17951597  0.79229253  0.26931551
   0.50750000  0.83753000  0.10253000
   0.58673002  0.70856468  0.40317749
   0.40731426  0.81747431  0.50442183
   0.64647495  0.96045015  0.20507064
   0.44796119  0.58513974  0.30741096
   0.57191000  0.54636000  0.06951000
   0.37845477  0.67004262  0.16993442
   0.65646115  0.91884866  0.37312768
   0.45289937  0.55100779  0.47874094
   0.51286689  0.79362367  0.27111368
   0.84083000  0.83753000  0.10253000
   0.74210087  0.82536495  0.50209077
   0.98086130  0.96115265  0.20517493
   0.78151082  0.58610112  0.30794402
   0.90524000  0.54636000  0.06951000
   0.71211478  0.67049555  0.17000437
   0.98836675  0.91869138  0.37343306
   0.78617847  0.54997867  0.48102789
   0.84591982  0.79442298  0.27100903
   0.92218971  0.70891652  0.40637462
   0.56269517  0.13294728  0.58573825
   0.75200490  0.31273169  0.60392044
