   0.27694833  0.43332624  0.49232124
   0.03971000  0.19194000  0.08602000
   0.31818709  0.43868727  0.28894897
   0.11695122  0.06108184  0.39057591
   0.17900319  0.31565165  0.18747553
   0.25780660  0.19436616  0.48613031
   0.37304000  0.19194000  0.08602000
   0.65120165  0.43760538  0.28734604
   0.45007022  0.06219772  0.39147562
   0.51178890  0.31467425  0.18698651
   0.59128909  0.19361146  0.48745191
   0.70637000  0.19194000  0.08602000
   0.98353567  0.43811890  0.28824047
   0.78193816  0.05990896  0.38924872
   0.84576072  0.31534978  0.18706219
   0.92912981  0.18969269  0.48298417
   0.03971000  0.69194000  0.08602000
   0.31187747  0.93979110  0.28919012
   0.12209965  0.55999422  0.38926095
   0.17881019  0.81599689  0.18742121
   0.26038192  0.69053555  0.48510493
   0.37304000  0.69194000  0.08602000
   0.64479833  0.93819132  0.28778447
   0.46120538  0.55988004  0.39081230
   0.51146305  0.81490776  0.18683996
   0.59540048  0.69281248  0.48643797
   0.70637000  0.69194000  0.08602000
   0.97863283  0.93950210  0.28854136
   0.84538233  0.81564447  0.18702861
   0.92738448  0.69356418  0.48862802
   0.78930313  0.55981039  0.39003960
   0.17880232  0.06434163  0.18551267
   0.03971000  0.44194000  0.08602000
   0.31528547  0.18806361  0.28939150
   0.12533368  0.31214842  0.38970512
   0.51195178  0.06384679  0.18515559
   0.60992860  0.43261491  0.49435388
   0.37304000  0.44194000  0.08602000
   0.64807851  0.18724822  0.28852107
   0.45896818  0.31251075  0.39031123
   0.84544645  0.06406700  0.18524233
   0.94805080  0.43179400  0.49541572
   0.70637000  0.44194000  0.08602000
   0.98177574  0.18763584  0.28873695
   0.79130886  0.31166147  0.38839967
   0.17998373  0.56386866  0.18525417
   0.25370429  0.93755518  0.49463796
   0.03971000  0.94194000  0.08602000
   0.31545989  0.68834307  0.28908991
   0.11003460  0.81536122  0.39146284
   0.51333755  0.56332365  0.18495606
   0.58654360  0.93673994  0.49457259
   0.37304000  0.94194000  0.08602000
   0.64882260  0.68749368  0.28717403
   0.44434498  0.81667070  0.39074865
   0.84676318  0.56438459  0.18637023
   0.91969416  0.93737539  0.49415259
   0.70637000  0.94194000  0.08602000
   0.98192253  0.68866891  0.28786312
   0.77775864  0.81469517  0.39042247
   0.17417000  0.33753000  0.10253000
   0.25830822  0.20400168  0.40228237
   0.07783086  0.32018597  0.49810101
   0.31433226  0.46062758  0.20495809
   0.11536005  0.08323883  0.30622048
   0.23858000  0.04636000  0.06951000
   0.04525631  0.17060302  0.16968237
   0.32482929  0.41655908  0.37244993
   0.12179342  0.04802405  0.47820530
   0.18193167  0.29271583  0.27068799
   0.50750000  0.33753000  0.10253000
   0.59233142  0.20497424  0.40430975
   0.40915460  0.32369283  0.50067760
   0.64698363  0.45918303  0.20341825
   0.44880137  0.08375979  0.30712707
   0.57191000  0.04636000  0.06951000
   0.37833072  0.16999232  0.16951323
   0.65791058  0.41528360  0.37089406
   0.45598635  0.04755206  0.47898478
   0.51487725  0.29178027  0.27011731
   0.84083000  0.33753000  0.10253000
   0.92343412  0.20293800  0.40022330
   0.74056023  0.32402624  0.50624274
   0.98130758  0.46025126  0.20446933
   0.78138574  0.08222674  0.30499916
   0.90524000  0.04636000  0.06951000
   0.71172622  0.17020240  0.16954133
   0.99062154  0.41505749  0.37144444
   0.78860952  0.04630016  0.47687172
   0.84815305  0.29178754  0.27007346
   0.17417000  0.83753000  0.10253000
   0.24457355  0.70956119  0.40326779
   0.05320243  0.83279035  0.50402117
   0.31297370  0.96121238  0.20509022
   0.11562533  0.58411734  0.30583828
   0.23858000  0.54636000  0.06951000
   0.04649485  0.67047676  0.16965968
   0.30909292  0.92046811  0.37336386
   0.14385728  0.54105743  0.47371494
   0.18159049  0.79304552  0.27060672
   0.50750000  0.83753000  0.10253000
   0.57717343  0.71032875  0.40481510
   0.38468882  0.82974620  0.50327580
   0.64594725  0.96026531  0.20387362
   0.45012096  0.58428864  0.30708183
   0.57191000  0.54636000  0.06951000
   0.37949632  0.66949946  0.16927069
   0.64317585  0.91831966  0.37174309
   0.47984579  0.54213910  0.47717294
   0.51373651  0.79172889  0.26972624
   0.84083000  0.83753000  0.10253000
   0.71875918  0.83098772  0.50571689
   0.97984232  0.96090018  0.20435022
   0.78353334  0.58353134  0.30086838
   0.90524000  0.54636000  0.06951000
   0.71269607  0.67000822  0.16950252
   0.97628802  0.91894747  0.37268324
   0.81133515  0.54343122  0.48934956
   0.84762738  0.79362540  0.27013328
   0.90942312  0.70816710  0.40675304
   0.08123132  0.48088794  0.62224646
   0.81972428  0.47903266  0.59264457
