   0.58007212  0.68947767  0.50375327
   0.03971000  0.19194000  0.09637000
   0.31975616  0.44016310  0.29953748
   0.11588910  0.06078926  0.40084034
   0.17950821  0.31582569  0.19743738
   0.26029910  0.19044240  0.49635800
   0.37304000  0.19194000  0.09637000
   0.65177480  0.43804710  0.29699837
   0.45063417  0.06448455  0.40327179
   0.51218224  0.31470118  0.19651715
   0.59129673  0.19579308  0.50168710
   0.70637000  0.19194000  0.09637000
   0.98691534  0.43894317  0.29857879
   0.78198412  0.06228068  0.40175939
   0.84645855  0.31569347  0.19741203
   0.93021716  0.19184147  0.49673404
   0.03971000  0.69194000  0.09637000
   0.31351421  0.94061070  0.30076744
   0.12603884  0.56120076  0.40141744
   0.17971404  0.81606428  0.19767297
   0.27138215  0.69240645  0.50278176
   0.37304000  0.69194000  0.09637000
   0.64611474  0.93970332  0.29987844
   0.45935781  0.56175193  0.40213187
   0.51252476  0.81570490  0.19741384
   0.70637000  0.69194000  0.09637000
   0.97886493  0.93901748  0.29938882
   0.84616897  0.81587986  0.19744567
   0.92243129  0.68851504  0.49499278
   0.79216898  0.55938242  0.39788761
   0.17935495  0.06477372  0.19609733
   0.27944893  0.43154067  0.50467173
   0.03971000  0.44194000  0.09637000
   0.31549082  0.18868631  0.29980895
   0.12751309  0.31241256  0.39975802
   0.51263606  0.06449933  0.19587278
   0.60690373  0.42632066  0.49922967
   0.37304000  0.44194000  0.09637000
   0.64884145  0.18815120  0.29912116
   0.46013977  0.31241518  0.39966905
   0.84610421  0.06461008  0.19576335
   0.94679469  0.42933592  0.50287073
   0.70637000  0.44194000  0.09637000
   0.98236872  0.18823328  0.29926993
   0.79362186  0.31133818  0.39812696
   0.18128119  0.56507352  0.19591181
   0.24528350  0.94284847  0.50446020
   0.03971000  0.94194000  0.09637000
   0.31679941  0.69011631  0.30062200
   0.11174742  0.81628251  0.40311977
   0.51417147  0.56467783  0.19532986
   0.58528720  0.94071748  0.50552094
   0.37304000  0.94194000  0.09637000
   0.64958064  0.68974678  0.29935457
   0.44495116  0.81632172  0.40447334
   0.84794666  0.56459566  0.19536907
   0.91649177  0.93811844  0.50469765
   0.70637000  0.94194000  0.09637000
   0.98436217  0.68977339  0.29889818
   0.77647872  0.81592291  0.40408918
   0.17222654  0.33218192  0.11040811
   0.25959785  0.20423378  0.41266724
   0.07844812  0.32148385  0.51411350
   0.31530153  0.46117959  0.21532089
   0.11529635  0.08354345  0.31691683
   0.23858000  0.04636000  0.07986000
   0.04550314  0.17095870  0.18067661
   0.32594935  0.41643572  0.38275501
   0.11719877  0.04806854  0.48921200
   0.18261396  0.29376159  0.28130533
   0.50531344  0.33194742  0.10977817
   0.59516479  0.20778688  0.41702009
   0.40911258  0.31886892  0.51384993
   0.64782067  0.45996879  0.21352906
   0.44984100  0.08530247  0.31870830
   0.57191000  0.04636000  0.07986000
   0.37873447  0.17021307  0.18037976
   0.66008314  0.41472561  0.38028423
   0.45351470  0.05418930  0.49094664
   0.51549692  0.29237730  0.28019761
   0.84083000  0.33753000  0.11288000
   0.92592891  0.20552049  0.41373047
   0.74242224  0.32641314  0.52296355
   0.98224518  0.46086654  0.21479107
   0.78216509  0.08430890  0.31756217
   0.90524000  0.04636000  0.07986000
   0.71223998  0.17078418  0.18027008
   0.99247081  0.41592221  0.38229004
   0.78655906  0.05005636  0.48966422
   0.84927681  0.29298020  0.28092187
   0.17220363  0.83225956  0.11046599
   0.24388703  0.70950627  0.41675655
   0.04489091  0.82896025  0.51280997
   0.31366974  0.96144056  0.21589018
   0.11724580  0.58489049  0.31735161
   0.23858000  0.54636000  0.07986000
   0.04705373  0.67079554  0.18063464
   0.31073525  0.92215480  0.38488960
   0.14455999  0.53837931  0.48625276
   0.18287513  0.79414311  0.28146083
   0.50548005  0.83227913  0.11024015
   0.57994608  0.70898861  0.41911659
   0.37898794  0.84427615  0.50862242
   0.64664196  0.96113680  0.21527025
   0.45121082  0.58611470  0.31852833
   0.57191000  0.54636000  0.07986000
   0.38041976  0.67059424  0.18047773
   0.64345350  0.92005691  0.38404893
   0.48051555  0.53327402  0.48402447
   0.51554338  0.79363944  0.28113014
   0.84083000  0.83753000  0.11288000
   0.71992890  0.83396053  0.51228405
   0.98023372  0.96121765  0.21511500
   0.78426541  0.58426167  0.31443909
   0.90524000  0.54636000  0.07986000
   0.71367209  0.67054270  0.18004898
   0.97586478  0.91894884  0.38373809
   0.81131393  0.53689714  0.48508131
   0.84879541  0.79306448  0.28066428
   0.90940329  0.70757225  0.41416387
   0.43375767  0.67707920  0.58692042
   0.76143972  0.48893732  0.59453145
