   0.58365041  0.94191340  0.49555800
   0.03971000  0.19194000  0.08602000
   0.31979491  0.44017987  0.28914685
   0.11580525  0.06105167  0.39071730
   0.17988354  0.31648621  0.18741351
   0.26194492  0.18971740  0.48600012
   0.37304000  0.19194000  0.08602000
   0.65176356  0.43804124  0.28664311
   0.45088234  0.06491477  0.39335851
   0.51250727  0.31520323  0.18664357
   0.59283843  0.19459130  0.49142480
   0.70637000  0.19194000  0.08602000
   0.98688505  0.43877178  0.28811621
   0.78225683  0.06241565  0.39168209
   0.84661602  0.31572136  0.18700203
   0.93099045  0.19147193  0.48655119
   0.03971000  0.69194000  0.08602000
   0.31354088  0.94085832  0.29023903
   0.12487818  0.56031668  0.39084933
   0.18006788  0.81663447  0.18757461
   0.25426848  0.69117293  0.48720600
   0.37304000  0.69194000  0.08602000
   0.64620462  0.93978983  0.28945914
   0.45810764  0.56242776  0.39232426
   0.51282963  0.81629044  0.18732581
   0.60821918  0.68675398  0.49233972
   0.70637000  0.69194000  0.08602000
   0.97872329  0.93916754  0.28896645
   0.84625564  0.81597159  0.18700200
   0.91014522  0.68699797  0.48850911
   0.79400099  0.55916428  0.38640094
   0.17930165  0.06469966  0.18571257
   0.27833206  0.42995042  0.49374746
   0.03971000  0.44194000  0.08602000
   0.31557869  0.18875962  0.28944949
   0.12754542  0.31226274  0.38917259
   0.51261297  0.06438985  0.18541816
   0.60596363  0.42646920  0.48858340
   0.37304000  0.44194000  0.08602000
   0.64872060  0.18818904  0.28869614
   0.46034567  0.31259909  0.38939272
   0.84609974  0.06462655  0.18534123
   0.94699756  0.42834766  0.49186376
   0.70637000  0.44194000  0.08602000
   0.98223200  0.18827051  0.28888159
   0.79355746  0.31162072  0.38768602
   0.18137689  0.56495711  0.18543745
   0.24546012  0.93914753  0.49560970
   0.03971000  0.94194000  0.08602000
   0.31707892  0.69007336  0.29014318
   0.11060641  0.81651861  0.39330450
   0.51433128  0.56451281  0.18478744
   0.37304000  0.94194000  0.08602000
   0.64989111  0.68960394  0.28884956
   0.44597753  0.81743706  0.39357247
   0.84795659  0.56453974  0.18483816
   0.91785965  0.93894248  0.49473284
   0.70637000  0.94194000  0.08602000
   0.98398646  0.68968563  0.28864856
   0.77699109  0.81502459  0.39384255
   0.17417000  0.33753000  0.10253000
   0.25956313  0.20462996  0.40232853
   0.07812236  0.32220019  0.50391511
   0.31563931  0.46177358  0.20549607
   0.11527487  0.08351565  0.30659198
   0.23858000  0.04636000  0.06951000
   0.04596376  0.17125424  0.17013318
   0.32688626  0.41699085  0.37280196
   0.11873427  0.04818075  0.47821671
   0.18263630  0.29381476  0.27108918
   0.50750000  0.33753000  0.10253000
   0.59527593  0.20850444  0.40672422
   0.40956816  0.31971665  0.50374874
   0.64831263  0.46052331  0.20367456
   0.44969561  0.08538639  0.30852564
   0.57191000  0.04636000  0.06951000
   0.37876644  0.17028424  0.16978995
   0.65995941  0.41478901  0.36970364
   0.45211472  0.05352834  0.47911404
   0.51549959  0.29249565  0.27000251
   0.84083000  0.33753000  0.10253000
   0.92632602  0.20581986  0.40332116
   0.74247781  0.32662318  0.51439935
   0.98215934  0.46103589  0.20460201
   0.78204729  0.08424985  0.30725823
   0.90524000  0.04636000  0.06951000
   0.71227746  0.17075934  0.16996870
   0.99340412  0.41597499  0.37203221
   0.78663328  0.05120783  0.47894226
   0.84924526  0.29308105  0.27060013
   0.17417000  0.83753000  0.10253000
   0.24564136  0.70999558  0.40483707
   0.04523649  0.82785345  0.50110530
   0.31384089  0.96185655  0.20597768
   0.11756709  0.58494016  0.30719007
   0.23858000  0.54636000  0.06951000
   0.04757764  0.67105850  0.17008659
   0.31080963  0.92114580  0.37501351
   0.14694142  0.54113037  0.47723388
   0.18309434  0.79402920  0.27122558
   0.50750000  0.83753000  0.10253000
   0.57638883  0.71035091  0.41011144
   0.38064266  0.83055745  0.50311570
   0.64696962  0.96149918  0.20538042
   0.45164195  0.58638183  0.30867514
   0.57191000  0.54636000  0.06951000
   0.38070725  0.67083066  0.16991048
   0.64350868  0.91955945  0.37388494
   0.47879820  0.53771886  0.47703328
   0.51553816  0.79347142  0.27083214
   0.84083000  0.83753000  0.10253000
   0.71579337  0.83502111  0.50186618
   0.98012126  0.96131960  0.20495182
   0.78397306  0.58446340  0.30443775
   0.90524000  0.54636000  0.06951000
   0.71389948  0.67047985  0.16972524
   0.97522730  0.91887366  0.37328366
   0.81049215  0.53038716  0.46928045
   0.84885951  0.79301003  0.27025538
   0.91118145  0.70701916  0.40527750
   0.41440676  0.93778856  0.58693263
   0.76010401  0.48978438  0.58271333
