   0.93706368  0.93596260  0.50164423
   0.03971000  0.19194000  0.08602000
   0.31495233  0.43842846  0.28826480
   0.12015809  0.06136019  0.38748003
   0.17852491  0.31440077  0.18716843
   0.26230111  0.19044479  0.48422465
   0.37304000  0.19194000  0.08602000
   0.64793157  0.43628332  0.28808207
   0.45297570  0.06119842  0.39373948
   0.51114919  0.31426505  0.18724468
   0.59922590  0.19102137  0.49055972
   0.70637000  0.19194000  0.08602000
   0.98117235  0.43804814  0.28894275
   0.78625774  0.05895236  0.39267396
   0.84509093  0.31494238  0.18737108
   0.93997934  0.18442072  0.48636104
   0.03971000  0.69194000  0.08602000
   0.31426416  0.93900601  0.28971951
   0.12079195  0.56221888  0.38997872
   0.17850824  0.81537003  0.18755536
   0.25371789  0.69837584  0.48612588
   0.37304000  0.69194000  0.08602000
   0.64653041  0.93865534  0.28909534
   0.45052516  0.56362729  0.38975437
   0.51184413  0.81549325  0.18706110
   0.59015015  0.69648452  0.48448491
   0.70637000  0.69194000  0.08602000
   0.97937618  0.93767233  0.28820345
   0.84566789  0.81436709  0.18718234
   0.91936203  0.69431120  0.48279928
   0.78456424  0.55947603  0.38947476
   0.17807654  0.06316976  0.18560976
   0.26510242  0.43621159  0.49216197
   0.03971000  0.44194000  0.08602000
   0.31506600  0.18720729  0.28977245
   0.11909826  0.31461567  0.39089801
   0.51177223  0.06389105  0.18553350
   0.59498813  0.43901956  0.49353789
   0.37304000  0.44194000  0.08602000
   0.64764146  0.18646736  0.28951197
   0.45311899  0.31589169  0.39218638
   0.84507075  0.06362882  0.18539214
   0.93582915  0.43649707  0.49018294
   0.70637000  0.44194000  0.08602000
   0.98069225  0.18693949  0.28888165
   0.78565458  0.31151487  0.38971966
   0.17966615  0.56312456  0.18525512
   0.26410249  0.94250593  0.50380210
   0.03971000  0.94194000  0.08602000
   0.31420894  0.68855324  0.28900123
   0.11639031  0.81796687  0.39347329
   0.51303007  0.56326280  0.18536788
   0.59722576  0.93378764  0.49785682
   0.37304000  0.94194000  0.08602000
   0.64740166  0.68712969  0.28839977
   0.44806352  0.81635992  0.39054234
   0.84632253  0.56322848  0.18620324
   0.70637000  0.94194000  0.08602000
   0.98083334  0.68757597  0.28935848
   0.78227816  0.81533947  0.38853007
   0.17417000  0.33753000  0.10253000
   0.25456678  0.20919575  0.40034463
   0.06436607  0.32785531  0.49907965
   0.31404214  0.45970428  0.20417565
   0.11472710  0.08261785  0.30397350
   0.23858000  0.04636000  0.06951000
   0.04497354  0.16954303  0.16928538
   0.31761814  0.41992216  0.37227041
   0.13148456  0.04850820  0.46922570
   0.18115659  0.29175085  0.27017831
   0.50750000  0.33753000  0.10253000
   0.58719154  0.20776833  0.40796460
   0.39767614  0.32932514  0.49939904
   0.64627054  0.45927051  0.20432083
   0.44949446  0.08344662  0.30867958
   0.57191000  0.04636000  0.06951000
   0.37778912  0.16968745  0.16940986
   0.65280533  0.41483888  0.37181198
   0.46850110  0.04695237  0.48096105
   0.51451039  0.29056935  0.27029142
   0.84083000  0.33753000  0.10253000
   0.91796138  0.20583684  0.40414652
   0.72994603  0.33196165  0.51029675
   0.98054274  0.45972411  0.20495465
   0.78110366  0.08280212  0.30754036
   0.90524000  0.04636000  0.06951000
   0.71162347  0.17027576  0.16950163
   0.98333783  0.41803625  0.37313680
   0.79840903  0.04232052  0.47998954
   0.84703925  0.29157366  0.27066093
   0.17417000  0.83753000  0.10253000
   0.25002884  0.70877203  0.40283503
   0.06926556  0.82445864  0.49122236
   0.31329568  0.96067278  0.20536919
   0.11520517  0.58345068  0.30611958
   0.23858000  0.54636000  0.06951000
   0.04606117  0.66958474  0.16966318
   0.31509241  0.91980373  0.37327796
   0.13423459  0.54637997  0.47619985
   0.18046049  0.79235193  0.27035448
   0.50750000  0.83753000  0.10253000
   0.58195388  0.70914938  0.40189755
   0.39392298  0.82928131  0.50645933
   0.64599186  0.96082756  0.20488301
   0.44800056  0.58400823  0.30538506
   0.57191000  0.54636000  0.06951000
   0.37985383  0.66934790  0.16924939
   0.64704269  0.91906934  0.37316633
   0.46535842  0.54775307  0.47631765
   0.51412121  0.79236731  0.26985794
   0.84083000  0.83753000  0.10253000
   0.72964453  0.82472474  0.50840175
   0.97849234  0.95981151  0.20444579
   0.78055658  0.58151927  0.30498755
   0.90524000  0.54636000  0.06951000
   0.71322572  0.66909283  0.16950122
   0.98013820  0.91827560  0.37098903
   0.79788211  0.54491875  0.47755784
   0.84630936  0.79126164  0.27010517
   0.91043281  0.70600445  0.39991752
   0.11556792  0.01172387  0.59201662
   0.78915774  0.43497948  0.59235221
