   0.60928916  0.43449224  0.49737771
   0.03971000  0.19194000  0.08602000
   0.31616554  0.43929018  0.28895469
   0.11931185  0.05985589  0.39006797
   0.17815605  0.31569971  0.18751188
   0.26552564  0.19259349  0.48401301
   0.37304000  0.19194000  0.08602000
   0.64910361  0.43719610  0.28632682
   0.45202938  0.06188034  0.39037631
   0.51044991  0.31382766  0.18672327
   0.59687870  0.19317960  0.48516748
   0.70637000  0.19194000  0.08602000
   0.98262598  0.43914502  0.28886839
   0.78522823  0.06174329  0.39009645
   0.84536045  0.31541851  0.18709092
   0.93065342  0.19432390  0.48470212
   0.03971000  0.69194000  0.08602000
   0.31183310  0.93908423  0.28890345
   0.11797001  0.56141118  0.39187774
   0.17798318  0.81531245  0.18714407
   0.26355095  0.69329642  0.48635636
   0.37304000  0.69194000  0.08602000
   0.64557521  0.93829367  0.28879438
   0.45864100  0.56063262  0.39099720
   0.51096237  0.81500993  0.18732992
   0.59987746  0.69245462  0.48620334
   0.70637000  0.69194000  0.08602000
   0.97818529  0.93854522  0.28869888
   0.84450272  0.81520614  0.18694951
   0.92685998  0.69416717  0.49377366
   0.78690921  0.56341029  0.38537896
   0.17858736  0.06383965  0.18527884
   0.27536581  0.43444801  0.49332884
   0.03971000  0.44194000  0.08602000
   0.31430562  0.18807673  0.28913174
   0.12283530  0.31389196  0.39048361
   0.51219475  0.06336438  0.18516125
   0.37304000  0.44194000  0.08602000
   0.64801561  0.18783592  0.28878800
   0.45700009  0.31515591  0.38993641
   0.84536693  0.06381285  0.18549365
   0.94595347  0.43521030  0.50079567
   0.70637000  0.44194000  0.08602000
   0.98109345  0.18856278  0.28914920
   0.78962414  0.31614924  0.39105369
   0.17885769  0.56389584  0.18545233
   0.26209471  0.93844137  0.49309792
   0.03971000  0.94194000  0.08602000
   0.31419577  0.68838648  0.29002958
   0.11090495  0.81250209  0.39288420
   0.51203903  0.56343585  0.18511656
   0.59547080  0.93765403  0.49368503
   0.37304000  0.94194000  0.08602000
   0.64708017  0.68793190  0.28687554
   0.44602024  0.81631038  0.39125286
   0.84508321  0.56382604  0.18622599
   0.92857430  0.93847760  0.49301885
   0.70637000  0.94194000  0.08602000
   0.98193989  0.68877947  0.28714152
   0.78035506  0.81356689  0.39259964
   0.17417000  0.33753000  0.10253000
   0.25634990  0.20552280  0.40136086
   0.07593055  0.32542793  0.50083001
   0.31310486  0.46078209  0.20489237
   0.11354869  0.08305512  0.30614735
   0.23858000  0.04636000  0.06951000
   0.04505253  0.17012885  0.16971661
   0.32144044  0.41788567  0.37279408
   0.13070611  0.04814760  0.47671396
   0.18113464  0.29272493  0.27074604
   0.50750000  0.33753000  0.10253000
   0.58928547  0.20688633  0.40205117
   0.40739154  0.32589380  0.50155752
   0.64485737  0.45838624  0.20262721
   0.44807247  0.08321917  0.30615231
   0.57191000  0.04636000  0.06951000
   0.37827638  0.16909232  0.16927350
   0.65607444  0.41933693  0.37068487
   0.46309716  0.04783356  0.47735047
   0.51374531  0.29131158  0.27006060
   0.84083000  0.33753000  0.10253000
   0.92272940  0.20680697  0.40166227
   0.74235282  0.32581960  0.49967036
   0.98061665  0.46036481  0.20461528
   0.78169363  0.08288018  0.30607897
   0.90524000  0.04636000  0.06951000
   0.71183631  0.16953666  0.16958553
   0.98774682  0.41753604  0.37288670
   0.79664182  0.04779594  0.47715498
   0.84784842  0.29262148  0.27038563
   0.17417000  0.83753000  0.10253000
   0.24573318  0.70790153  0.40424387
   0.06192703  0.83299605  0.50224877
   0.31280911  0.96011694  0.20474669
   0.11415392  0.58454967  0.30731533
   0.23858000  0.54636000  0.06951000
   0.04510531  0.67034963  0.16966517
   0.31011159  0.91947522  0.37315509
   0.14210207  0.54444655  0.47879985
   0.18092284  0.79277033  0.27030028
   0.50750000  0.83753000  0.10253000
   0.57887453  0.70957644  0.40453883
   0.39371927  0.83100709  0.50224450
   0.64603994  0.96012996  0.20477459
   0.44944691  0.58439706  0.30686291
   0.57191000  0.54636000  0.06951000
   0.37850489  0.66994266  0.16954102
   0.64688979  0.91903336  0.37274419
   0.47811618  0.54361500  0.47806317
   0.51253011  0.79314385  0.27053535
   0.84083000  0.83753000  0.10253000
   0.72821078  0.83085682  0.50258815
   0.97959350  0.96047171  0.20465995
   0.78313870  0.58333219  0.29754850
   0.90524000  0.54636000  0.06951000
   0.71133068  0.67019540  0.16943701
   0.97806284  0.91563396  0.37276379
   0.81262111  0.54704413  0.50998085
   0.84650236  0.79409224  0.27008652
   0.90803907  0.70217760  0.41081863
   0.78468086  0.47594093  0.69623274
   0.79741308  0.51608053  0.60080141
