   0.94455100  0.19203949  0.50381493
   0.03971000  0.19194000  0.09637000
   0.31995864  0.44006981  0.29980251
   0.11660666  0.06072338  0.40031508
   0.17987850  0.31629724  0.19796934
   0.24966822  0.18745474  0.50340437
   0.37304000  0.19194000  0.09637000
   0.65183384  0.43782949  0.29718008
   0.45007815  0.06502442  0.40346343
   0.51253592  0.31516375  0.19718561
   0.59201806  0.19593032  0.50182756
   0.70637000  0.19194000  0.09637000
   0.98702543  0.43877527  0.29894280
   0.78272790  0.06306836  0.40209259
   0.84644816  0.31574346  0.19758147
   0.03971000  0.69194000  0.09637000
   0.31343532  0.94076388  0.30080273
   0.12566209  0.56024547  0.40155517
   0.18004896  0.81660574  0.19818151
   0.25645302  0.69299774  0.49703980
   0.37304000  0.69194000  0.09637000
   0.64620966  0.93985933  0.30002653
   0.45836578  0.56159449  0.40284428
   0.51285528  0.81623032  0.19795361
   0.59125397  0.68999914  0.49681668
   0.70637000  0.69194000  0.09637000
   0.97892127  0.93934265  0.29952753
   0.84623395  0.81602521  0.19759178
   0.92370243  0.68827559  0.49417939
   0.79317089  0.55927169  0.39815843
   0.17932181  0.06465382  0.19626350
   0.28375295  0.43494524  0.50391026
   0.03971000  0.44194000  0.09637000
   0.31503261  0.18840601  0.30020094
   0.12704892  0.31138957  0.39998642
   0.51261723  0.06433704  0.19597125
   0.60834799  0.42916208  0.49924565
   0.37304000  0.44194000  0.09637000
   0.64899009  0.18794138  0.29929485
   0.45915911  0.31203533  0.40026913
   0.84605814  0.06449486  0.19591189
   0.94329192  0.43637186  0.50145002
   0.70637000  0.44194000  0.09637000
   0.98224890  0.18789108  0.29961215
   0.79448830  0.31124211  0.39829270
   0.18129777  0.56498076  0.19589286
   0.24934779  0.93519493  0.50571169
   0.03971000  0.94194000  0.09637000
   0.31681368  0.69018048  0.30035537
   0.11118264  0.81663426  0.40330677
   0.51408241  0.56451469  0.19528444
   0.58385774  0.93635469  0.50592588
   0.37304000  0.94194000  0.09637000
   0.64962115  0.68981152  0.29895870
   0.44538968  0.81703486  0.40420352
   0.84796132  0.56455459  0.19542071
   0.91522859  0.93640382  0.50546330
   0.70637000  0.94194000  0.09637000
   0.98466152  0.68994148  0.29890628
   0.77699296  0.81627534  0.40358843
   0.17417000  0.33753000  0.11288000
   0.26169854  0.20401956  0.41429763
   0.07339452  0.33611815  0.50543883
   0.31555523  0.46170917  0.21552313
   0.11517322  0.08326316  0.31692067
   0.23858000  0.04636000  0.07986000
   0.04567056  0.17122274  0.18030685
   0.32661342  0.41754358  0.38279049
   0.12050619  0.03849023  0.48128991
   0.18259516  0.29392665  0.28120425
   0.50750000  0.33753000  0.11288000
   0.59511583  0.20724937  0.41718183
   0.40935824  0.32004589  0.51198215
   0.64823679  0.46040732  0.21374024
   0.44992146  0.08502543  0.31870891
   0.57191000  0.04636000  0.07986000
   0.37884153  0.17045733  0.17993488
   0.65960620  0.41504558  0.38021243
   0.45349546  0.05252875  0.49064702
   0.51541721  0.29230995  0.28010955
   0.84083000  0.33753000  0.11288000
   0.92417755  0.20556930  0.41523720
   0.74121808  0.32626356  0.52251623
   0.98222512  0.46102950  0.21466539
   0.78179312  0.08404092  0.31751035
   0.90524000  0.04636000  0.07986000
   0.71221483  0.17079043  0.18014892
   0.99237777  0.41652205  0.38204087
   0.78255381  0.04606777  0.48815437
   0.84922352  0.29302827  0.28075021
   0.17417000  0.83753000  0.11288000
   0.24500983  0.70967852  0.41498819
   0.04369451  0.82613046  0.51295194
   0.31389519  0.96177234  0.21609886
   0.11728330  0.58514014  0.31725724
   0.23858000  0.54636000  0.07986000
   0.04720459  0.67102775  0.18034523
   0.31117806  0.92148727  0.38494967
   0.14740730  0.54365837  0.48705156
   0.18276732  0.79395817  0.28144637
   0.50750000  0.83753000  0.11288000
   0.57754739  0.70961489  0.41818374
   0.38030694  0.83468437  0.51553822
   0.64691741  0.96141906  0.21536979
   0.45173092  0.58667457  0.31859848
   0.57191000  0.54636000  0.07986000
   0.38055842  0.67087020  0.18014666
   0.64371899  0.91906289  0.38401637
   0.48302708  0.54163113  0.48906871
   0.51572684  0.79343577  0.28117391
   0.84083000  0.83753000  0.11288000
   0.71886039  0.83009379  0.51511531
   0.98010257  0.96117352  0.21493436
   0.78414183  0.58445899  0.31410051
   0.90524000  0.54636000  0.07986000
   0.71359696  0.67062281  0.17996905
   0.97516143  0.91831066  0.38301439
   0.80986171  0.53888055  0.48635417
   0.84874573  0.79310369  0.28050697
   0.90845749  0.70778012  0.41419615
   0.09388337  0.17627667  0.59074596
   0.76290452  0.48789716  0.59431023
