   0.91850651  0.93847808  0.49762896
   0.03971000  0.19194000  0.08602000
   0.31982642  0.44012884  0.28907768
   0.11606917  0.06178334  0.38942610
   0.17984474  0.31635161  0.18735394
   0.25975397  0.19026238  0.48597275
   0.37304000  0.19194000  0.08602000
   0.65169091  0.43771954  0.28630318
   0.45015553  0.06457457  0.39291469
   0.51235641  0.31504117  0.18656393
   0.59274686  0.19447952  0.49105736
   0.70637000  0.19194000  0.08602000
   0.98673836  0.43883398  0.28812718
   0.78221392  0.06220617  0.39152063
   0.84653560  0.31566568  0.18695407
   0.93102762  0.19014512  0.48652988
   0.03971000  0.69194000  0.08602000
   0.31333288  0.94078951  0.29028178
   0.12548984  0.56058999  0.39083627
   0.18001178  0.81659077  0.18754648
   0.25746743  0.69414184  0.48664400
   0.37304000  0.69194000  0.08602000
   0.64615904  0.93973205  0.28942315
   0.45790097  0.56141409  0.39211839
   0.51274556  0.81623038  0.18731445
   0.59769648  0.69038011  0.48748829
   0.70637000  0.69194000  0.08602000
   0.97875136  0.93926973  0.28906709
   0.84621228  0.81599707  0.18697339
   0.91660710  0.68339629  0.48646682
   0.79338229  0.55992130  0.38726779
   0.17920865  0.06465312  0.18572040
   0.27889398  0.43077290  0.49394452
   0.03971000  0.44194000  0.08602000
   0.31529818  0.18846320  0.28944119
   0.12751173  0.31227390  0.38921450
   0.51255707  0.06434768  0.18539125
   0.60557079  0.42714379  0.48922622
   0.37304000  0.44194000  0.08602000
   0.64882107  0.18802189  0.28864266
   0.46021307  0.31281664  0.38939115
   0.84601966  0.06450445  0.18532833
   0.94701578  0.42923962  0.49242416
   0.70637000  0.44194000  0.08602000
   0.98233418  0.18800075  0.28881257
   0.79365946  0.31147794  0.38780564
   0.18132973  0.56497776  0.18533836
   0.24894253  0.94109227  0.49922212
   0.03971000  0.94194000  0.08602000
   0.31694951  0.69018271  0.28993462
   0.11109488  0.81631557  0.39193608
   0.51424629  0.56451633  0.18469622
   0.58186246  0.93722072  0.49575485
   0.37304000  0.94194000  0.08602000
   0.64983698  0.68972637  0.28854233
   0.44529232  0.81761660  0.39390440
   0.84799213  0.56459095  0.18491361
   0.70637000  0.94194000  0.08602000
   0.98396639  0.68972206  0.28846410
   0.77788176  0.81608131  0.39300922
   0.17417000  0.33753000  0.10253000
   0.26179910  0.20659175  0.40203199
   0.07757781  0.32189798  0.50359358
   0.31562952  0.46176366  0.20550450
   0.11536357  0.08351127  0.30641117
   0.23858000  0.04636000  0.06951000
   0.04577250  0.17122343  0.17014203
   0.32641866  0.41763664  0.37293601
   0.11973098  0.04766275  0.47279185
   0.18263759  0.29386056  0.27111265
   0.50750000  0.33753000  0.10253000
   0.59520474  0.20819247  0.40699051
   0.40891359  0.32014385  0.50342809
   0.64813420  0.46036432  0.20353972
   0.44987362  0.08522792  0.30865232
   0.57191000  0.04636000  0.06951000
   0.37872909  0.17026636  0.16979723
   0.66085906  0.41515366  0.36965088
   0.45488835  0.05267608  0.48003051
   0.51532243  0.29227608  0.26997839
   0.84083000  0.33753000  0.10253000
   0.92593718  0.20618768  0.40347019
   0.74201321  0.32610700  0.51230080
   0.98224140  0.46100457  0.20466314
   0.78198922  0.08421360  0.30729659
   0.90524000  0.04636000  0.06951000
   0.71222388  0.17066784  0.16997118
   0.99278058  0.41621309  0.37218826
   0.78288221  0.05074286  0.47868269
   0.84934563  0.29299526  0.27062116
   0.17417000  0.83753000  0.10253000
   0.24533334  0.70916685  0.40460524
   0.04434435  0.82084394  0.49515663
   0.31386849  0.96179089  0.20598103
   0.11730735  0.58496143  0.30722412
   0.23858000  0.54636000  0.06951000
   0.04746060  0.67101658  0.17010387
   0.31118439  0.92130331  0.37471365
   0.14657780  0.54005081  0.47725018
   0.18284134  0.79392320  0.27127504
   0.50750000  0.83753000  0.10253000
   0.57706191  0.70931029  0.40731957
   0.38162671  0.83294017  0.50402154
   0.64680617  0.96143482  0.20532561
   0.45143984  0.58639089  0.30859603
   0.57191000  0.54636000  0.06951000
   0.38068706  0.67079062  0.16994673
   0.64382328  0.91932156  0.37390513
   0.48040009  0.53946088  0.47849586
   0.51561411  0.79346429  0.27089517
   0.84083000  0.83753000  0.10253000
   0.71423540  0.83225234  0.50452451
   0.98010165  0.96127038  0.20486248
   0.78387200  0.58395325  0.30382433
   0.90524000  0.54636000  0.06951000
   0.71379283  0.67046096  0.16973097
   0.97521683  0.91878492  0.37291169
   0.80822882  0.53415302  0.47452961
   0.84882035  0.79315735  0.27028217
   0.90823918  0.70671542  0.40414116
   0.08118166  0.94104734  0.59523992
   0.76414870  0.48987168  0.58386702
