   0.26819713  0.43669371  0.48888061
   0.03971000  0.19194000  0.08602000
   0.31532733  0.43888308  0.28822242
   0.12324821  0.05844414  0.38958552
   0.17953974  0.31495150  0.18697391
   0.26399484  0.19364670  0.48330783
   0.37304000  0.19194000  0.08602000
   0.64909279  0.43882135  0.28640518
   0.45558570  0.06112068  0.38919199
   0.51144797  0.31456595  0.18683213
   0.59672531  0.19394609  0.48422316
   0.70637000  0.19194000  0.08602000
   0.98188870  0.43970500  0.28853898
   0.79026823  0.06176549  0.39004469
   0.84652133  0.31531235  0.18709300
   0.93219888  0.19665817  0.48464079
   0.03971000  0.69194000  0.08602000
   0.31375730  0.93816193  0.28832019
   0.11500427  0.56285779  0.39127556
   0.17872094  0.81568842  0.18678685
   0.26067198  0.69363254  0.48600679
   0.37304000  0.69194000  0.08602000
   0.64724144  0.93881179  0.28910464
   0.45958287  0.56120000  0.38955326
   0.51012163  0.81646934  0.18719947
   0.59966494  0.69296804  0.48525186
   0.70637000  0.69194000  0.08602000
   0.98060390  0.93785407  0.28852525
   0.84497013  0.81617391  0.18674873
   0.92417705  0.69379133  0.49762863
   0.78429460  0.56520003  0.38499722
   0.18023839  0.06384565  0.18518041
   0.03971000  0.44194000  0.08602000
   0.31581833  0.18754538  0.28860542
   0.12030670  0.31457248  0.38793215
   0.51396368  0.06482265  0.18601607
   0.60334850  0.43639301  0.49909864
   0.37304000  0.44194000  0.08602000
   0.64985230  0.18895660  0.28941827
   0.45410914  0.31694511  0.38995438
   0.84701029  0.06377619  0.18537717
   0.93409968  0.43581368  0.49878626
   0.70637000  0.44194000  0.08602000
   0.98273874  0.18728951  0.28843691
   0.78706700  0.31660957  0.38949506
   0.17788530  0.56388343  0.18458892
   0.27026975  0.93719567  0.49273662
   0.03971000  0.94194000  0.08602000
   0.31415068  0.68794533  0.28923012
   0.11191505  0.81092377  0.39378927
   0.51102624  0.56376609  0.18469633
   0.60321345  0.93769726  0.49145449
   0.37304000  0.94194000  0.08602000
   0.64755609  0.68937159  0.28618067
   0.44857411  0.81554751  0.39072425
   0.84432830  0.56468528  0.18674362
   0.93690925  0.93877689  0.49257446
   0.70637000  0.94194000  0.08602000
   0.98250817  0.68966673  0.28628176
   0.78312668  0.81295708  0.39362778
   0.17417000  0.33753000  0.10253000
   0.25237590  0.20681025  0.40072919
   0.06904173  0.32896158  0.50409001
   0.31189206  0.46055375  0.20425611
   0.11603135  0.08178482  0.30570312
   0.23858000  0.04636000  0.06951000
   0.04666191  0.16988556  0.16958021
   0.31812482  0.41968185  0.37208666
   0.13831483  0.04655796  0.47626788
   0.18209755  0.29179887  0.27017332
   0.50750000  0.33753000  0.10253000
   0.58701113  0.20896974  0.40162958
   0.40223839  0.32894129  0.49488094
   0.64415122  0.45906768  0.20275168
   0.45004700  0.08290442  0.30553721
   0.57191000  0.04636000  0.06951000
   0.37940893  0.16990831  0.16951660
   0.65415734  0.42074743  0.37030733
   0.47002318  0.04692827  0.47550202
   0.51490626  0.29238649  0.27035310
   0.84083000  0.33753000  0.10253000
   0.92069117  0.20874098  0.40192541
   0.73285489  0.32626405  0.50483664
   0.97936673  0.46080665  0.20445854
   0.78311699  0.08364641  0.30642373
   0.90524000  0.04636000  0.06951000
   0.71403815  0.17008710  0.16955434
   0.98570700  0.41872823  0.37245868
   0.80496086  0.04888188  0.47699272
   0.84949870  0.29251405  0.27039883
   0.17417000  0.83753000  0.10253000
   0.24948337  0.70754324  0.40350781
   0.06782609  0.83135074  0.50239489
   0.31427253  0.96062484  0.20431833
   0.11399339  0.58511820  0.30676706
   0.23858000  0.54636000  0.06951000
   0.04422850  0.67053018  0.16957172
   0.31195403  0.91847768  0.37246834
   0.13067074  0.54633054  0.47725637
   0.18124512  0.79271693  0.26975275
   0.50750000  0.83753000  0.10253000
   0.58145961  0.70900123  0.40279675
   0.40158458  0.82904956  0.50062552
   0.64709713  0.96107235  0.20497212
   0.44979629  0.58391757  0.30551842
   0.57191000  0.54636000  0.06951000
   0.37777735  0.67045131  0.16941470
   0.64978943  0.91882957  0.37323567
   0.47596112  0.54551471  0.47571225
   0.51216810  0.79333217  0.27039002
   0.84083000  0.83753000  0.10253000
   0.73633696  0.83006838  0.49886269
   0.98144843  0.96060778  0.20412578
   0.78334688  0.58537377  0.29713591
   0.90524000  0.54636000  0.06951000
   0.71095567  0.67053667  0.16955707
   0.98150876  0.91430625  0.37283327
   0.80006184  0.54902757  0.51750601
   0.84702299  0.79449749  0.26967101
   0.90850638  0.70029539  0.41352917
   0.08897775  0.55044472  0.67206613
   0.89541937  0.51879805  0.60219162
