   0.94049611  0.19233096  0.49986843
   0.03971000  0.19194000  0.09637000
   0.30903292  0.44168197  0.29959584
   0.13119503  0.06245780  0.40038126
   0.18011260  0.31745061  0.19760012
   0.24821781  0.19316700  0.50152905
   0.37304000  0.19194000  0.09637000
   0.64199511  0.44090330  0.29889764
   0.46247376  0.06376314  0.40119312
   0.51340392  0.31660925  0.19737823
   0.60107794  0.19469451  0.49822889
   0.70637000  0.19194000  0.09637000
   0.97649932  0.44229066  0.29816353
   0.79576665  0.06268911  0.40192113
   0.84632665  0.31667687  0.19718898
   0.03971000  0.69194000  0.09637000
   0.32129222  0.94124458  0.29881609
   0.11022198  0.56639921  0.39977917
   0.17961788  0.81778600  0.19788893
   0.24889738  0.70224905  0.49545870
   0.37304000  0.69194000  0.09637000
   0.65559749  0.94102745  0.29906390
   0.44090539  0.56628419  0.40059219
   0.51374954  0.81770422  0.19810207
   0.58545528  0.70115928  0.49463501
   0.70637000  0.69194000  0.09637000
   0.98725097  0.94107768  0.29873869
   0.84632420  0.81713745  0.19775267
   0.91749173  0.69781159  0.49484874
   0.77521559  0.56445236  0.40014953
   0.18227759  0.06611147  0.19618773
   0.23998843  0.44957758  0.50326004
   0.03971000  0.44194000  0.09637000
   0.31651115  0.19160023  0.29966329
   0.10373587  0.31978664  0.40407165
   0.51511520  0.06552540  0.19610232
   0.56906619  0.44659859  0.50742956
   0.37304000  0.44194000  0.09637000
   0.65056315  0.19078669  0.29883246
   0.43664404  0.32113650  0.40485762
   0.84846638  0.06599505  0.19636572
   0.90550567  0.44906550  0.50177973
   0.70637000  0.44194000  0.09637000
   0.98364538  0.19180497  0.30057170
   0.77269996  0.31868800  0.39984823
   0.17978318  0.56719313  0.19606610
   0.29369212  0.93267538  0.50019576
   0.03971000  0.94194000  0.09637000
   0.31500715  0.69094253  0.29964610
   0.13262692  0.81292398  0.39815706
   0.51297647  0.56619982  0.19597108
   0.62806424  0.93270405  0.50195073
   0.37304000  0.94194000  0.09637000
   0.64905526  0.68973852  0.29977218
   0.46579053  0.81293356  0.39821357
   0.84571919  0.56638516  0.19596212
   0.96158652  0.93191166  0.50125510
   0.70637000  0.94194000  0.09637000
   0.98170761  0.69024882  0.29954813
   0.79877187  0.81234225  0.39805414
   0.17417000  0.33753000  0.11288000
   0.23928829  0.21390270  0.41835976
   0.03730586  0.34730120  0.50584344
   0.31295286  0.46339567  0.21502806
   0.11859784  0.08768384  0.31769424
   0.23858000  0.04636000  0.07986000
   0.04735836  0.17172987  0.18011086
   0.30230844  0.42395098  0.38367838
   0.16027331  0.03621849  0.48290199
   0.18146891  0.29518128  0.28071109
   0.50750000  0.33753000  0.11288000
   0.57304106  0.21543907  0.41775182
   0.36915245  0.34183410  0.51309722
   0.64687529  0.46242097  0.21511172
   0.45138871  0.08782458  0.31753066
   0.57191000  0.04636000  0.07986000
   0.38132873  0.17088669  0.17986730
   0.63601140  0.42225435  0.38305395
   0.49441190  0.04135322  0.48624394
   0.51566509  0.29373408  0.28051367
   0.84083000  0.33753000  0.11288000
   0.90285162  0.21293717  0.41800329
   0.70421836  0.33961771  0.52317431
   0.97999336  0.46273667  0.21403468
   0.78481297  0.08815267  0.31808482
   0.90524000  0.04636000  0.07986000
   0.71390872  0.17161823  0.18020346
   0.96965999  0.42369693  0.38194826
   0.82653650  0.03811300  0.48620944
   0.84878014  0.29495870  0.28062588
   0.17417000  0.83753000  0.11288000
   0.26679190  0.70459356  0.40917709
   0.09339280  0.81857731  0.50885302
   0.31589497  0.96252478  0.21526375
   0.11514023  0.58512766  0.31534989
   0.23858000  0.54636000  0.07986000
   0.04504680  0.67299904  0.18046231
   0.33235762  0.91845466  0.38253162
   0.10833714  0.56081550  0.48745016
   0.18214129  0.79582586  0.28150346
   0.50750000  0.83753000  0.11288000
   0.59818751  0.70402728  0.41002360
   0.42555189  0.82244660  0.51045221
   0.64997925  0.96254740  0.21545175
   0.44680065  0.58500224  0.31605837
   0.57191000  0.54636000  0.07986000
   0.37958119  0.67261324  0.18021002
   0.66568251  0.91700909  0.38262045
   0.44235930  0.55874880  0.48916641
   0.51713056  0.79509527  0.28155977
   0.84083000  0.83753000  0.11288000
   0.75950659  0.82014659  0.51043208
   0.98322627  0.96251538  0.21483798
   0.78065349  0.58410698  0.31591542
   0.90524000  0.54636000  0.07986000
   0.71232829  0.67218127  0.18027161
   0.99829238  0.91614422  0.38177800
   0.77060244  0.55425451  0.48948125
   0.84891703  0.79502303  0.28124261
   0.93042819  0.70289585  0.40974837
   0.06771049  0.16340871  0.58676065
   0.78528027  0.26389670  0.60301934
