   0.28158458  0.43349054  0.49498921
   0.03971000  0.19194000  0.08602000
   0.31981179  0.44015778  0.28912749
   0.11578586  0.06118384  0.39054237
   0.17990090  0.31646871  0.18738488
   0.26250398  0.19011203  0.48596925
   0.37304000  0.19194000  0.08602000
   0.65170846  0.43793764  0.28655900
   0.45071833  0.06478108  0.39297330
   0.51252816  0.31523377  0.18665259
   0.59376712  0.19595397  0.49107794
   0.70637000  0.19194000  0.08602000
   0.98688209  0.43889578  0.28817223
   0.78244037  0.06256731  0.39141888
   0.84656312  0.31574379  0.18699173
   0.92708119  0.18803769  0.48681181
   0.03971000  0.69194000  0.08602000
   0.31339785  0.94074373  0.29015445
   0.12556083  0.56047472  0.39107124
   0.18003566  0.81656036  0.18754700
   0.25667879  0.69223440  0.48684668
   0.37304000  0.69194000  0.08602000
   0.64616053  0.93974167  0.28932859
   0.45766790  0.56189166  0.39222341
   0.51276404  0.81621846  0.18728170
   0.60116180  0.68883985  0.48998666
   0.70637000  0.69194000  0.08602000
   0.97868008  0.93914937  0.28884050
   0.84618720  0.81590766  0.18695639
   0.91712261  0.68802901  0.48637983
   0.79353966  0.55887814  0.38646384
   0.17932886  0.06470087  0.18566094
   0.03971000  0.44194000  0.08602000
   0.31560728  0.18882463  0.28934387
   0.12753699  0.31235521  0.38883391
   0.51256465  0.06440129  0.18537634
   0.60711193  0.42588635  0.48906282
   0.37304000  0.44194000  0.08602000
   0.64883691  0.18830134  0.28861215
   0.46027035  0.31299619  0.38949792
   0.84603823  0.06460233  0.18530493
   0.94440449  0.43086673  0.49241927
   0.70637000  0.44194000  0.08602000
   0.98226893  0.18832062  0.28883650
   0.79380664  0.31186351  0.38772926
   0.18133673  0.56495066  0.18542513
   0.24892467  0.93799171  0.49542784
   0.03971000  0.94194000  0.08602000
   0.31680292  0.68997402  0.29010795
   0.11152850  0.81634110  0.39295893
   0.51432393  0.56444629  0.18476799
   0.58076910  0.94025485  0.49526862
   0.37304000  0.94194000  0.08602000
   0.64990974  0.68941873  0.28872078
   0.44515920  0.81761089  0.39380464
   0.84787760  0.56449199  0.18488564
   0.91740900  0.93930250  0.49448940
   0.70637000  0.94194000  0.08602000
   0.98391569  0.68939300  0.28851091
   0.77692828  0.81535670  0.39342530
   0.17417000  0.33753000  0.10253000
   0.25958639  0.20442600  0.40235929
   0.07823736  0.31352997  0.49754789
   0.31560342  0.46174847  0.20548406
   0.11531063  0.08344727  0.30667040
   0.23858000  0.04636000  0.06951000
   0.04587113  0.17121084  0.17017272
   0.32668534  0.41688391  0.37280885
   0.11861774  0.04717820  0.47843008
   0.18260275  0.29372181  0.27111175
   0.50750000  0.33753000  0.10253000
   0.59482027  0.20770747  0.40707368
   0.40971005  0.31918086  0.50293138
   0.64826206  0.46048886  0.20360208
   0.44973595  0.08529008  0.30867955
   0.57191000  0.04636000  0.06951000
   0.37870598  0.17021265  0.16981535
   0.65982945  0.41425375  0.36942800
   0.45200841  0.05171459  0.48098337
   0.51534534  0.29229762  0.27000221
   0.84083000  0.33753000  0.10253000
   0.92643996  0.20569233  0.40308456
   0.74028054  0.32547106  0.51294321
   0.98221215  0.46097717  0.20460201
   0.78203123  0.08417541  0.30730912
   0.90524000  0.04636000  0.06951000
   0.71227217  0.17068310  0.16998476
   0.99312034  0.41553332  0.37202748
   0.78524770  0.04987031  0.47918894
   0.84924778  0.29297170  0.27058183
   0.17417000  0.83753000  0.10253000
   0.24599996  0.71071287  0.40474686
   0.04262216  0.82617579  0.50176003
   0.31390376  0.96186654  0.20602393
   0.11736640  0.58504491  0.30703233
   0.23858000  0.54636000  0.06951000
   0.04755380  0.67109886  0.17008492
   0.31050911  0.92142213  0.37501986
   0.14593078  0.54292766  0.47301647
   0.18305960  0.79415492  0.27126899
   0.50750000  0.83753000  0.10253000
   0.57791244  0.71012686  0.40987778
   0.38031606  0.83346655  0.50522447
   0.64692418  0.96147677  0.20540237
   0.45169634  0.58655608  0.30872996
   0.57191000  0.54636000  0.06951000
   0.38070767  0.67085911  0.16992488
   0.64373466  0.91938414  0.37401818
   0.48289821  0.53898612  0.47724751
   0.51565773  0.79357110  0.27092091
   0.84083000  0.83753000  0.10253000
   0.71630256  0.83081501  0.50307997
   0.98015007  0.96132702  0.20497962
   0.78400209  0.58465581  0.30396731
   0.90524000  0.54636000  0.06951000
   0.71389361  0.67054441  0.16972561
   0.97522294  0.91884582  0.37345623
   0.80973758  0.53434807  0.47194590
   0.84895944  0.79319680  0.27037462
   0.90947258  0.70799702  0.40580278
   0.11015487  0.43701409  0.59395571
   0.76540810  0.48921681  0.58373685
