   0.60670429  0.19249002  0.50726416
   0.03971000  0.19194000  0.09637000
   0.31879969  0.43866495  0.29953507
   0.11489983  0.06192911  0.40126657
   0.17957501  0.31603728  0.19790100
   0.25919454  0.19251926  0.49624438
   0.37304000  0.19194000  0.09637000
   0.65194938  0.43750957  0.29774147
   0.45242857  0.06580986  0.40492168
   0.51242297  0.31497916  0.19719533
   0.70637000  0.19194000  0.09637000
   0.98585561  0.43845648  0.29895990
   0.78426843  0.06189344  0.40086532
   0.84633424  0.31558546  0.19757916
   0.91342406  0.18581470  0.50334917
   0.03971000  0.69194000  0.09637000
   0.31422191  0.94149043  0.30051306
   0.12594534  0.55975263  0.40079442
   0.17982868  0.81643740  0.19793062
   0.25961025  0.69292781  0.49681681
   0.37304000  0.69194000  0.09637000
   0.64572211  0.93973827  0.29854559
   0.45570335  0.56074442  0.40113184
   0.51280090  0.81556352  0.19641348
   0.59031032  0.69334381  0.49685157
   0.70637000  0.69194000  0.09637000
   0.97929515  0.93929964  0.29861791
   0.84665267  0.81551818  0.19615274
   0.92907873  0.69536481  0.49419268
   0.79200245  0.56025533  0.39841778
   0.17929778  0.06462874  0.19597107
   0.27252732  0.43090596  0.50477963
   0.03971000  0.44194000  0.09637000
   0.31575332  0.18873352  0.30032167
   0.12436314  0.31165340  0.40299642
   0.51253922  0.06446337  0.19580722
   0.60237286  0.43791781  0.49873866
   0.37304000  0.44194000  0.09637000
   0.64909046  0.18861631  0.29945397
   0.46049287  0.31204793  0.40181601
   0.84593116  0.06457801  0.19563714
   0.94754844  0.43576073  0.50177161
   0.70637000  0.44194000  0.09637000
   0.98269738  0.18883023  0.29958299
   0.79246037  0.31082409  0.40208842
   0.18099120  0.56483617  0.19600127
   0.25520588  0.93898787  0.50559001
   0.03971000  0.94194000  0.09637000
   0.31673517  0.68985943  0.29984809
   0.11243906  0.81742933  0.40065197
   0.51397148  0.56439171  0.19544681
   0.58655052  0.93716159  0.50616706
   0.37304000  0.94194000  0.09637000
   0.64952030  0.68921337  0.29884306
   0.44511431  0.81781059  0.40181440
   0.84759288  0.56459512  0.19565560
   0.91859407  0.93428064  0.50401563
   0.70637000  0.94194000  0.09637000
   0.98348117  0.68957094  0.29898642
   0.77739058  0.81658018  0.40052456
   0.17417000  0.33753000  0.11288000
   0.25928903  0.20360078  0.41260823
   0.07207534  0.32286845  0.51149510
   0.31509437  0.46135328  0.21553369
   0.11497134  0.08340662  0.31664874
   0.23858000  0.04636000  0.07986000
   0.04559415  0.17091988  0.18030876
   0.32505103  0.41554907  0.38302236
   0.12253712  0.04641866  0.48845468
   0.18266856  0.29332510  0.28122793
   0.50750000  0.33753000  0.11288000
   0.59290593  0.20739034  0.42071796
   0.40664418  0.32462685  0.51199801
   0.64825944  0.46025489  0.21386673
   0.45039635  0.08555783  0.31913064
   0.57191000  0.04636000  0.07986000
   0.37857863  0.17019565  0.17999778
   0.65950670  0.41547108  0.38149358
   0.45775865  0.04836208  0.49203374
   0.51556632  0.29247844  0.28036183
   0.84083000  0.33753000  0.11288000
   0.92484371  0.20402116  0.41784710
   0.74120785  0.34124543  0.51136964
   0.98192750  0.46085143  0.21494975
   0.78251219  0.08431192  0.31617519
   0.90524000  0.04636000  0.07986000
   0.71212138  0.17059781  0.18014080
   0.99118944  0.41595180  0.38275664
   0.78749374  0.03713096  0.48355600
   0.84938931  0.29323303  0.28090118
   0.17417000  0.83753000  0.11288000
   0.24447373  0.71013586  0.41482262
   0.05416344  0.83122958  0.51466734
   0.31390686  0.96169441  0.21595538
   0.11749876  0.58500523  0.31722361
   0.23858000  0.54636000  0.07986000
   0.04701032  0.67101512  0.18040075
   0.31161498  0.92255899  0.38504521
   0.14464431  0.54254258  0.48738946
   0.18263236  0.79424444  0.28153892
   0.50612156  0.83267907  0.10977177
   0.57792521  0.71024822  0.41512985
   0.38376194  0.83085589  0.51569027
   0.64655636  0.96042901  0.21417582
   0.45072890  0.58521019  0.31760809
   0.57191000  0.54636000  0.07986000
   0.38010728  0.67076704  0.18000500
   0.64307864  0.91954439  0.38220750
   0.47017850  0.54421581  0.48742828
   0.51496361  0.79282370  0.28009326
   0.83968552  0.83252500  0.10955413
   0.71626853  0.82864986  0.51677422
   0.97991536  0.96057821  0.21408515
   0.78379103  0.58393703  0.31507963
   0.90524000  0.54636000  0.07986000
   0.71336344  0.67071062  0.18002380
   0.97645687  0.91949767  0.38297899
   0.81125538  0.54754866  0.48555598
   0.84839248  0.79295210  0.27985049
   0.91216183  0.70984386  0.41220565
   0.75856434  0.15955687  0.58992473
   0.76707463  0.47997766  0.59576048
