   0.57918573  0.18981314  0.50867269
   0.03971000  0.19194000  0.09637000
   0.31990356  0.43988362  0.30006228
   0.11640984  0.06159336  0.40108196
   0.17931097  0.31539575  0.19740329
   0.27656465  0.19289715  0.50335198
   0.37304000  0.19194000  0.09637000
   0.65180942  0.43783970  0.29723098
   0.45169600  0.06438815  0.40220173
   0.51188870  0.31429191  0.19636166
   0.70637000  0.19194000  0.09637000
   0.98708386  0.43880620  0.29878843
   0.78142462  0.06221232  0.40205607
   0.84593548  0.31486995  0.19688916
   0.93117938  0.19190510  0.49680795
   0.03971000  0.69194000  0.09637000
   0.31355654  0.94078963  0.30091270
   0.12606302  0.56069808  0.40146371
   0.17956886  0.81576497  0.19767257
   0.25793081  0.69404659  0.49720240
   0.37304000  0.69194000  0.09637000
   0.64605551  0.93973674  0.30006842
   0.45813765  0.56105563  0.40313298
   0.51229232  0.81539704  0.19738153
   0.59008306  0.68943259  0.49673299
   0.70637000  0.69194000  0.09637000
   0.97887582  0.93916475  0.29961198
   0.84570168  0.81521107  0.19693349
   0.92392076  0.68875870  0.49419659
   0.79298933  0.55945026  0.39840440
   0.17948643  0.06496303  0.19609854
   0.27569067  0.43892123  0.50280808
   0.03971000  0.44194000  0.09637000
   0.31506561  0.18822963  0.30004390
   0.12844851  0.31210973  0.39994234
   0.51265256  0.06466789  0.19592396
   0.61068074  0.43266945  0.49840501
   0.37304000  0.44194000  0.09637000
   0.64860436  0.18774825  0.29940009
   0.45882781  0.31126856  0.40012453
   0.84615309  0.06483449  0.19577040
   0.94813724  0.43155406  0.50259513
   0.70637000  0.44194000  0.09637000
   0.98249744  0.18788730  0.29940227
   0.79370116  0.31133576  0.39856935
   0.18143531  0.56538861  0.19576519
   0.24804980  0.93618750  0.50632015
   0.03971000  0.94194000  0.09637000
   0.31690105  0.69025871  0.30032126
   0.11109720  0.81646629  0.40320129
   0.51411997  0.56494912  0.19514594
   0.58651093  0.93367559  0.50592810
   0.37304000  0.94194000  0.09637000
   0.64948283  0.68986591  0.29891498
   0.44530747  0.81722191  0.40429740
   0.84817390  0.56498869  0.19528658
   0.91418864  0.93438547  0.50495778
   0.70637000  0.94194000  0.09637000
   0.98482518  0.69002944  0.29880408
   0.77705422  0.81610497  0.40357301
   0.17178060  0.33151480  0.10990363
   0.25801514  0.20397809  0.41463887
   0.07568013  0.32132376  0.51370837
   0.31527587  0.46126530  0.21518216
   0.11515871  0.08336618  0.31681379
   0.23858000  0.04636000  0.07986000
   0.04536059  0.17067036  0.18090099
   0.32626961  0.41747394  0.38251941
   0.11762330  0.04509562  0.48732475
   0.18266005  0.29392652  0.28125940
   0.50461420  0.33113408  0.10920264
   0.59715623  0.20719118  0.41923900
   0.39952120  0.33399261  0.50330132
   0.64789184  0.45980466  0.21340470
   0.44969705  0.08508077  0.31885946
   0.57191000  0.04636000  0.07986000
   0.37861765  0.17006685  0.18048228
   0.66037778  0.41589408  0.37991813
   0.45319386  0.04395117  0.48275286
   0.51561372  0.29279725  0.28012526
   0.83827362  0.33121994  0.10949285
   0.92570209  0.20559979  0.41378962
   0.74591964  0.32862186  0.52148860
   0.98183055  0.46047676  0.21443479
   0.78208108  0.08419240  0.31751666
   0.90524000  0.04636000  0.07986000
   0.71194038  0.17033279  0.18071157
   0.99193709  0.41591672  0.38227025
   0.78738660  0.04936349  0.48933945
   0.84931146  0.29319030  0.28085808
   0.17172832  0.83154703  0.10991308
   0.24487909  0.70936763  0.41480359
   0.04508280  0.82807294  0.51296142
   0.31362968  0.96133921  0.21576458
   0.11715811  0.58500872  0.31732492
   0.23858000  0.54636000  0.07986000
   0.04679458  0.67041993  0.18089750
   0.30972765  0.92100756  0.38446348
   0.14449790  0.54046719  0.48787235
   0.18267853  0.79405420  0.28141901
   0.50494515  0.83156542  0.10971407
   0.57743117  0.70939582  0.41823487
   0.37970491  0.83227668  0.51554966
   0.64669092  0.96096805  0.21509045
   0.45161072  0.58660520  0.31840107
   0.57191000  0.54636000  0.07986000
   0.38025984  0.67027679  0.18070638
   0.64439672  0.91904676  0.38388040
   0.48305158  0.54393760  0.48855440
   0.51579088  0.79354681  0.28119376
   0.83816939  0.83141114  0.10937815
   0.71839683  0.83148054  0.51523094
   0.97980631  0.96075009  0.21462326
   0.78406640  0.58419111  0.31411352
   0.90524000  0.54636000  0.07986000
   0.71331838  0.67009793  0.18053986
   0.97588535  0.91911531  0.38338079
   0.81241901  0.54006424  0.48558422
   0.84886531  0.79331283  0.28056809
   0.90833352  0.70768765  0.41388880
   0.42643728  0.17561605  0.59338746
   0.76260013  0.48637960  0.59479826
