   0.94263533  0.19006074  0.50343446
   0.03971000  0.19194000  0.09637000
   0.31904205  0.43914956  0.29952931
   0.11782615  0.06145539  0.40011983
   0.17963698  0.31614312  0.19798266
   0.24547961  0.18585981  0.50243202
   0.37304000  0.19194000  0.09637000
   0.65191376  0.43741378  0.29776553
   0.44926877  0.06511406  0.40357102
   0.51234951  0.31496718  0.19719440
   0.58873642  0.19608337  0.50083758
   0.70637000  0.19194000  0.09637000
   0.98627284  0.43881125  0.29859071
   0.78347224  0.06369844  0.40364890
   0.84636846  0.31557962  0.19753147
   0.03971000  0.69194000  0.09637000
   0.31396715  0.94091434  0.30032257
   0.12682883  0.56067599  0.40045963
   0.17986276  0.81661467  0.19797141
   0.25951471  0.69589093  0.49666742
   0.37304000  0.69194000  0.09637000
   0.64650530  0.94037353  0.29984221
   0.45768306  0.55991635  0.40138148
   0.51261857  0.81620420  0.19772025
   0.59170903  0.69237296  0.49720149
   0.70637000  0.69194000  0.09637000
   0.97881495  0.93944996  0.29859703
   0.84596635  0.81593334  0.19729274
   0.92824876  0.69181337  0.49481427
   0.79058657  0.55903892  0.39845736
   0.17941761  0.06490620  0.19629299
   0.27818694  0.43484517  0.50324453
   0.03971000  0.44194000  0.09637000
   0.31603193  0.18930397  0.30014052
   0.12543242  0.31180612  0.40404900
   0.51267833  0.06449272  0.19604032
   0.60204602  0.43044860  0.50177237
   0.37304000  0.44194000  0.09637000
   0.64906047  0.18813239  0.29960044
   0.45820965  0.31187924  0.40232328
   0.84613373  0.06473670  0.19598310
   0.94531127  0.43763665  0.50053544
   0.70637000  0.44194000  0.09637000
   0.98243790  0.18881861  0.29985849
   0.79459361  0.31085826  0.40017350
   0.18115193  0.56493415  0.19598142
   0.25193741  0.93596621  0.50427214
   0.03971000  0.94194000  0.09637000
   0.31695747  0.69008291  0.30017254
   0.11117988  0.81680573  0.40106207
   0.51402221  0.56440292  0.19539947
   0.58650607  0.93897426  0.50630749
   0.37304000  0.94194000  0.09637000
   0.64962516  0.68912014  0.29909397
   0.44533110  0.81797028  0.40204368
   0.84771868  0.56456466  0.19560527
   0.91854705  0.93552974  0.50451417
   0.70637000  0.94194000  0.09637000
   0.98353045  0.68946465  0.29911169
   0.77755706  0.81628123  0.40113516
   0.17417000  0.33753000  0.11288000
   0.25965873  0.20293581  0.41692744
   0.07765111  0.33548295  0.50066384
   0.31534416  0.46157154  0.21552424
   0.11588214  0.08411972  0.31575582
   0.23858000  0.04636000  0.07986000
   0.04572567  0.17110454  0.18017103
   0.32500185  0.41553214  0.38291388
   0.11857891  0.03763985  0.48339883
   0.18279033  0.29360986  0.28128242
   0.50750000  0.33753000  0.11288000
   0.59473663  0.20673205  0.41636657
   0.40670747  0.32126963  0.51136562
   0.64819044  0.46028456  0.21390081
   0.44935129  0.08515382  0.31873571
   0.57191000  0.04636000  0.07986000
   0.37873109  0.17024705  0.17989265
   0.65902331  0.41484754  0.38179554
   0.45604224  0.04777750  0.49094286
   0.51592075  0.29244066  0.28033111
   0.84083000  0.33753000  0.11288000
   0.92364159  0.20425264  0.41809851
   0.73977648  0.32973846  0.52030001
   0.98207012  0.46102732  0.21480228
   0.78265550  0.08448214  0.31780155
   0.90524000  0.04636000  0.07986000
   0.71222090  0.17069843  0.18005481
   0.99147213  0.41628548  0.38187237
   0.79097466  0.04618736  0.49051687
   0.84911280  0.29291432  0.28082625
   0.17417000  0.83753000  0.11288000
   0.24517438  0.71124789  0.41456430
   0.05127955  0.82830989  0.51431835
   0.31388654  0.96178133  0.21604769
   0.11784159  0.58533796  0.31710607
   0.23858000  0.54636000  0.07986000
   0.04714463  0.67106424  0.18030759
   0.31131885  0.92163326  0.38481226
   0.14550235  0.54806692  0.48710534
   0.18271816  0.79401235  0.28145521
   0.50750000  0.83753000  0.11288000
   0.57726444  0.70993026  0.41532406
   0.38571956  0.83209720  0.51626717
   0.64700828  0.96136616  0.21549914
   0.45086569  0.58549741  0.31799289
   0.57191000  0.54636000  0.07986000
   0.38029363  0.67082342  0.18012495
   0.64401285  0.92106095  0.38420473
   0.47701607  0.54189690  0.48759903
   0.51544213  0.79345573  0.28108136
   0.84083000  0.83753000  0.11288000
   0.71454084  0.83040005  0.51642373
   0.98017450  0.96117400  0.21488291
   0.78375977  0.58362005  0.31522433
   0.90524000  0.54636000  0.07986000
   0.71341702  0.67047714  0.18001253
   0.97645689  0.91857910  0.38201634
   0.80762038  0.54367700  0.48700097
   0.84815351  0.79244302  0.28030314
   0.91072866  0.70790786  0.41269532
   0.09051118  0.16457585  0.58821450
   0.76645929  0.48258662  0.59693610
