   0.60079533  0.94229692  0.50017196
   0.03971000  0.19194000  0.08602000
   0.31508600  0.43686355  0.28832536
   0.12291175  0.06004855  0.39168204
   0.17964806  0.31419909  0.18697827
   0.27377229  0.18807229  0.48578997
   0.37304000  0.19194000  0.08602000
   0.64747477  0.44032295  0.29044236
   0.45820837  0.06358629  0.38842720
   0.51152780  0.31582487  0.18855850
   0.59342696  0.18235425  0.49023727
   0.70637000  0.19194000  0.08602000
   0.98124940  0.43519566  0.28563122
   0.78709565  0.06142618  0.39234330
   0.84405886  0.31305473  0.18621006
   0.93212231  0.19158684  0.48590448
   0.03971000  0.69194000  0.08602000
   0.31286726  0.93923636  0.28739556
   0.11641331  0.55805731  0.38557296
   0.17754205  0.81417307  0.18708707
   0.25328590  0.69181766  0.48070003
   0.37304000  0.69194000  0.08602000
   0.64829150  0.93881627  0.28939559
   0.45157997  0.56289493  0.38890078
   0.51241475  0.81542523  0.18731713
   0.57974403  0.70164488  0.48686503
   0.70637000  0.69194000  0.08602000
   0.98056959  0.93912675  0.28944957
   0.84455507  0.81481829  0.18772157
   0.91877827  0.69877641  0.49126161
   0.78569832  0.56719234  0.39273102
   0.17827215  0.06301987  0.18596869
   0.26056312  0.43539813  0.49040608
   0.03971000  0.44194000  0.08602000
   0.31458469  0.18741146  0.28973600
   0.11727506  0.31205709  0.38926164
   0.51142421  0.06354356  0.18647020
   0.59291811  0.43979915  0.49478316
   0.37304000  0.44194000  0.08602000
   0.64720208  0.18799185  0.28908871
   0.45364917  0.31699786  0.39310769
   0.84458046  0.06206297  0.18510796
   0.92920746  0.43712190  0.49095317
   0.70637000  0.44194000  0.08602000
   0.98002573  0.18523196  0.28974214
   0.78650260  0.31506862  0.38862983
   0.17928879  0.56238362  0.18500105
   0.27096764  0.93472812  0.49882742
   0.03971000  0.94194000  0.08602000
   0.31398240  0.68810236  0.28778290
   0.11586281  0.81542090  0.39035018
   0.51340676  0.56407243  0.18632120
   0.37304000  0.94194000  0.08602000
   0.64691893  0.68936842  0.29102206
   0.45102535  0.81907124  0.39163607
   0.84611537  0.56339308  0.18531543
   0.93642752  0.93549333  0.49870803
   0.70637000  0.94194000  0.08602000
   0.98062198  0.68767834  0.28768562
   0.78410661  0.81711035  0.39276879
   0.17417000  0.33753000  0.10253000
   0.25284507  0.20636645  0.40269627
   0.05909781  0.33058390  0.50118450
   0.31468097  0.45964882  0.20426427
   0.11616282  0.08181906  0.30762182
   0.23858000  0.04636000  0.06951000
   0.04429288  0.16934299  0.16957587
   0.31615576  0.41806231  0.37230383
   0.13760282  0.04660825  0.47905336
   0.17998577  0.29071022  0.27029990
   0.50750000  0.33753000  0.10253000
   0.59076163  0.21286149  0.40604901
   0.39574226  0.33085983  0.49860625
   0.64721970  0.46168375  0.20588316
   0.44852460  0.08291926  0.30313898
   0.57191000  0.04636000  0.06951000
   0.37782977  0.16982405  0.17022896
   0.65349468  0.42181356  0.37383751
   0.46703727  0.04241287  0.46897261
   0.51564999  0.29401377  0.27161757
   0.84083000  0.33753000  0.10253000
   0.91601078  0.20828434  0.40343825
   0.72211642  0.32660612  0.50944418
   0.97894448  0.45805919  0.20226603
   0.78066498  0.08300959  0.30774750
   0.90524000  0.04636000  0.06951000
   0.71162950  0.16819663  0.16938628
   0.98230640  0.41513758  0.36922172
   0.80842955  0.04740521  0.47983299
   0.84766375  0.28980319  0.26908874
   0.17417000  0.83753000  0.10253000
   0.24653380  0.70584927  0.39615729
   0.06493749  0.82744548  0.51026597
   0.31152442  0.95897567  0.20370940
   0.11325290  0.58097019  0.30140677
   0.23858000  0.54636000  0.06951000
   0.04571545  0.66860798  0.16896353
   0.31363047  0.91961548  0.37062131
   0.12980711  0.54520244  0.47159858
   0.17950260  0.79227534  0.26947201
   0.50750000  0.83753000  0.10253000
   0.58528894  0.70874675  0.40307825
   0.40079019  0.82083880  0.49628234
   0.64632979  0.96025331  0.20561085
   0.44857549  0.58289857  0.30530412
   0.57191000  0.54636000  0.06951000
   0.37926986  0.66922747  0.16964577
   0.64898459  0.92049033  0.37323383
   0.46071948  0.54846883  0.47691356
   0.51308096  0.79329649  0.27049927
   0.84083000  0.83753000  0.10253000
   0.73275959  0.82895296  0.50538355
   0.97932572  0.96042691  0.20558785
   0.78214634  0.58601473  0.30845797
   0.90524000  0.54636000  0.06951000
   0.71214340  0.66926210  0.16919330
   0.97905140  0.92021787  0.37417715
   0.79785257  0.54842510  0.47923583
   0.84672284  0.79289883  0.27100629
   0.91797067  0.71172310  0.40933595
   0.47889892  0.03595116  0.58781249
   0.78159250  0.40614360  0.59727598
