   0.93611616  0.68931011  0.49988544
   0.03971000  0.19194000  0.09637000
   0.31980901  0.44013830  0.29954015
   0.11540063  0.06054711  0.40090078
   0.17947053  0.31580608  0.19751826
   0.25968566  0.19006243  0.49632967
   0.37304000  0.19194000  0.09637000
   0.65182079  0.43806294  0.29698394
   0.45052672  0.06465755  0.40319854
   0.51247892  0.31509601  0.19702663
   0.59245850  0.19563043  0.50161505
   0.70637000  0.19194000  0.09637000
   0.98693147  0.43901125  0.29852502
   0.78206743  0.06197011  0.40185206
   0.84638742  0.31566036  0.19738221
   0.92953350  0.19141910  0.49673009
   0.03971000  0.69194000  0.09637000
   0.31347035  0.94067338  0.30066591
   0.12635576  0.56053590  0.40099167
   0.18002849  0.81659395  0.19805823
   0.24578460  0.69094442  0.50238262
   0.37304000  0.69194000  0.09637000
   0.64618402  0.93964497  0.29989359
   0.45795968  0.56204092  0.40273832
   0.51283723  0.81620997  0.19782837
   0.59532341  0.68976379  0.49814621
   0.70637000  0.69194000  0.09637000
   0.97880030  0.93907116  0.29950061
   0.84621748  0.81598527  0.19746250
   0.79356715  0.55995884  0.39791764
   0.17934304  0.06474266  0.19610665
   0.27918572  0.43018345  0.50418078
   0.03971000  0.44194000  0.09637000
   0.31541020  0.18854231  0.29983647
   0.12758063  0.31222610  0.39980984
   0.51259942  0.06442419  0.19588293
   0.60696018  0.42725212  0.49980832
   0.37304000  0.44194000  0.09637000
   0.64884929  0.18807637  0.29913907
   0.46008695  0.31204412  0.39960674
   0.84616373  0.06460689  0.19578211
   0.94692494  0.42975588  0.50284980
   0.70637000  0.44194000  0.09637000
   0.98231551  0.18806507  0.29931575
   0.79357709  0.31136393  0.39821983
   0.18127372  0.56519470  0.19592483
   0.24887612  0.93994938  0.50531798
   0.03971000  0.94194000  0.09637000
   0.31674841  0.69036957  0.30062547
   0.11002180  0.81596966  0.40343255
   0.51431031  0.56465848  0.19523728
   0.58527310  0.93986287  0.50558556
   0.37304000  0.94194000  0.09637000
   0.64991988  0.68986165  0.29898587
   0.44551142  0.81745741  0.40462075
   0.84793127  0.56466016  0.19540099
   0.91179200  0.94329801  0.50366128
   0.70637000  0.94194000  0.09637000
   0.98427179  0.68995160  0.29907255
   0.77776952  0.81592600  0.40356980
   0.17173279  0.33130199  0.11040254
   0.25981650  0.20457259  0.41272686
   0.07840481  0.32109341  0.51414546
   0.31532480  0.46143735  0.21550824
   0.11543279  0.08369231  0.31686405
   0.23858000  0.04636000  0.07986000
   0.04554978  0.17096972  0.18068619
   0.32664894  0.41666495  0.38298936
   0.12068814  0.04930641  0.48878561
   0.18272659  0.29388235  0.28137769
   0.50750000  0.33753000  0.11288000
   0.59517983  0.20773883  0.41709638
   0.40942965  0.32058711  0.51364938
   0.64820655  0.46033774  0.21384208
   0.44989372  0.08531749  0.31879999
   0.57191000  0.04636000  0.07986000
   0.37890877  0.17044161  0.18008552
   0.65920419  0.41451605  0.38013797
   0.45260662  0.05299528  0.49111163
   0.51542700  0.29236369  0.28021667
   0.84083000  0.33753000  0.11288000
   0.92610812  0.20576208  0.41368131
   0.74258537  0.32543921  0.52295008
   0.98229894  0.46085694  0.21480184
   0.78206531  0.08438050  0.31759720
   0.90524000  0.04636000  0.07986000
   0.71223017  0.17081288  0.18020855
   0.99247750  0.41565579  0.38207835
   0.78538128  0.04910744  0.49014283
   0.84929809  0.29300895  0.28090522
   0.17417000  0.83753000  0.11288000
   0.24693762  0.70900588  0.41596313
   0.04312173  0.84164719  0.50427392
   0.31390061  0.96181494  0.21620540
   0.11707738  0.58470534  0.31746954
   0.23858000  0.54636000  0.07986000
   0.04727965  0.67095934  0.18032315
   0.31077387  0.92231118  0.38506409
   0.14768572  0.53434959  0.48302273
   0.18274112  0.79399262  0.28149860
   0.50750000  0.83753000  0.11288000
   0.57745656  0.70949183  0.41862439
   0.38235585  0.83488393  0.51400984
   0.64694864  0.96145446  0.21553495
   0.45170298  0.58637745  0.31879143
   0.57191000  0.54636000  0.07986000
   0.38054302  0.67074757  0.18015976
   0.64352531  0.91911544  0.38429824
   0.48089935  0.53942481  0.48875533
   0.51563269  0.79329927  0.28129789
   0.84083000  0.83753000  0.11288000
   0.71772677  0.83086983  0.51450912
   0.98019280  0.96130396  0.21507564
   0.78401992  0.58420786  0.31421862
   0.90524000  0.54636000  0.07986000
   0.71359688  0.67050923  0.18000968
   0.97600823  0.91959311  0.38327407
   0.80964526  0.53493599  0.48353499
   0.84869917  0.79301874  0.28061059
   0.90722700  0.70738118  0.41599063
   0.07054820  0.67335700  0.58808617
   0.76879981  0.49240593  0.59508706
