   0.27637452  0.43540732  0.49263596
   0.03971000  0.19194000  0.08602000
   0.31721851  0.43998840  0.28935720
   0.12105871  0.06078949  0.39067592
   0.17892221  0.31614015  0.18767306
   0.26320887  0.19521262  0.48525494
   0.37304000  0.19194000  0.08602000
   0.64984161  0.43794317  0.28652407
   0.45427772  0.06226180  0.39106593
   0.51143107  0.31412395  0.18681386
   0.59842303  0.19386726  0.48566391
   0.70637000  0.19194000  0.08602000
   0.98332849  0.43952684  0.28871093
   0.78667165  0.06144750  0.39035130
   0.84551052  0.31562932  0.18730152
   0.93172058  0.19343039  0.48452621
   0.03971000  0.69194000  0.08602000
   0.31440184  0.93955503  0.28931302
   0.12086716  0.56141239  0.39131752
   0.17930003  0.81588683  0.18744260
   0.26456257  0.69182594  0.48668191
   0.37304000  0.69194000  0.08602000
   0.64855303  0.93899319  0.28875611
   0.46038763  0.56136792  0.39168898
   0.51191843  0.81587838  0.18737993
   0.59898206  0.69408487  0.48733891
   0.70637000  0.69194000  0.08602000
   0.98130192  0.93942878  0.28900637
   0.84533406  0.81626819  0.18722735
   0.93191239  0.69402958  0.49250355
   0.78827636  0.56385138  0.38538279
   0.17901153  0.06432408  0.18566497
   0.03971000  0.44194000  0.08602000
   0.31600084  0.18883745  0.28995404
   0.12342108  0.31476081  0.39017295
   0.51235355  0.06356893  0.18529392
   0.61098902  0.43583517  0.49969839
   0.37304000  0.44194000  0.08602000
   0.64915967  0.18816681  0.28896804
   0.45776444  0.31713747  0.39151542
   0.84597678  0.06466734  0.18552698
   0.94317267  0.43313518  0.50005972
   0.70637000  0.44194000  0.08602000
   0.98286915  0.18879349  0.28942415
   0.78986815  0.31637768  0.39022703
   0.17949016  0.56457932  0.18585336
   0.26655358  0.93850294  0.49397687
   0.03971000  0.94194000  0.08602000
   0.31557616  0.68934565  0.28995997
   0.11445903  0.81359418  0.39337001
   0.51251094  0.56372018  0.18477631
   0.59820666  0.93696898  0.49438785
   0.37304000  0.94194000  0.08602000
   0.64828834  0.68889657  0.28729220
   0.44995927  0.81645708  0.39161910
   0.84590512  0.56446660  0.18616377
   0.93185199  0.93835640  0.49368212
   0.70637000  0.94194000  0.08602000
   0.98303729  0.68963556  0.28740365
   0.78343645  0.81357224  0.39212900
   0.17417000  0.33753000  0.10253000
   0.25689333  0.20678023  0.40182861
   0.07612775  0.32456864  0.50213087
   0.31373005  0.46125529  0.20531477
   0.11616992  0.08361834  0.30678507
   0.23858000  0.04636000  0.06951000
   0.04570932  0.17097560  0.16986637
   0.32172072  0.41954007  0.37340522
   0.13286841  0.04867098  0.47781676
   0.18258302  0.29341839  0.27108461
   0.50750000  0.33753000  0.10253000
   0.58988503  0.20810556  0.40306852
   0.40926061  0.32734539  0.49918707
   0.64560199  0.45884711  0.20273698
   0.44969483  0.08377202  0.30691972
   0.57191000  0.04636000  0.06951000
   0.37846968  0.16949748  0.16938894
   0.65668621  0.42013644  0.37071622
   0.46714313  0.04734394  0.47818686
   0.51507009  0.29178411  0.27000048
   0.84083000  0.33753000  0.10253000
   0.92206435  0.20664607  0.40201697
   0.74147991  0.32561622  0.50265016
   0.98085818  0.46066190  0.20470133
   0.78310239  0.08367316  0.30610822
   0.90524000  0.04636000  0.06951000
   0.71178972  0.17043539  0.16970513
   0.98882674  0.41794679  0.37248831
   0.79902864  0.04721166  0.47773001
   0.84880814  0.29284138  0.27049101
   0.17417000  0.83753000  0.10253000
   0.25025054  0.70817673  0.40434663
   0.06633768  0.83356010  0.50062170
   0.31326017  0.96102114  0.20514735
   0.11595450  0.58519221  0.30687470
   0.23858000  0.54636000  0.06951000
   0.04572294  0.67062525  0.16987063
   0.31383092  0.91964897  0.37363631
   0.14067744  0.54339372  0.47769678
   0.18182537  0.79374288  0.27078977
   0.50750000  0.83753000  0.10253000
   0.58268405  0.70963459  0.40484876
   0.39736098  0.82977268  0.50243301
   0.64709894  0.96079314  0.20473825
   0.45038038  0.58511888  0.30739883
   0.57191000  0.54636000  0.06951000
   0.37903538  0.67039951  0.16965244
   0.64980862  0.91881562  0.37296698
   0.47996702  0.54478791  0.47875057
   0.51395465  0.79347293  0.27070410
   0.84083000  0.83753000  0.10253000
   0.73126914  0.83089829  0.50368157
   0.98038176  0.96156026  0.20476497
   0.78359212  0.58443371  0.29773071
   0.90524000  0.54636000  0.06951000
   0.71222582  0.67057507  0.16954182
   0.98176277  0.91701293  0.37321942
   0.81205379  0.54808387  0.50867594
   0.84802432  0.79452082  0.27045422
   0.91187286  0.70356168  0.40938189
   0.04783099  0.57481641  0.67713698
   0.90976521  0.56550580  0.59386839
