   0.27898817  0.43351096  0.49268442
   0.03971000  0.19194000  0.08602000
   0.31832004  0.43845497  0.28872855
   0.11519686  0.06110779  0.39050206
   0.17943367  0.31593730  0.18728440
   0.25696851  0.19501156  0.48614232
   0.37304000  0.19194000  0.08602000
   0.65188174  0.43773156  0.28744336
   0.44878468  0.06344499  0.39252759
   0.51238312  0.31507920  0.18692191
   0.58991537  0.19453866  0.48864317
   0.70637000  0.19194000  0.08602000
   0.98501750  0.43823384  0.28791398
   0.77967347  0.05949654  0.38968062
   0.84602150  0.31542389  0.18695163
   0.92802461  0.18720113  0.48292831
   0.03971000  0.69194000  0.08602000
   0.31263945  0.94127442  0.28960445
   0.12308328  0.55929769  0.38975946
   0.17930580  0.81645513  0.18775565
   0.25907490  0.69091938  0.48540524
   0.37304000  0.69194000  0.08602000
   0.64475234  0.93857168  0.28816396
   0.45912180  0.55998020  0.39099670
   0.51230779  0.81557707  0.18721003
   0.59226201  0.69314345  0.48712759
   0.70637000  0.69194000  0.08602000
   0.97850888  0.93976283  0.28837908
   0.84550685  0.81569500  0.18726029
   0.92772639  0.69122081  0.48653250
   0.79113499  0.55927751  0.38961954
   0.17917626  0.06480127  0.18580196
   0.03971000  0.44194000  0.08602000
   0.31600124  0.18929937  0.28983853
   0.12624766  0.31223972  0.39100278
   0.51231657  0.06431577  0.18529036
   0.61123365  0.43274068  0.49394960
   0.37304000  0.44194000  0.08602000
   0.64902766  0.18811131  0.28844277
   0.45985839  0.31299813  0.39061995
   0.84589896  0.06459158  0.18550300
   0.94795743  0.42965946  0.49269257
   0.70637000  0.44194000  0.08602000
   0.98245939  0.18845869  0.28943520
   0.79229511  0.31209286  0.38877895
   0.18077177  0.56468558  0.18572310
   0.25132843  0.93729750  0.49492436
   0.03971000  0.94194000  0.08602000
   0.31554048  0.68887186  0.28910701
   0.11006259  0.81583926  0.39035937
   0.51390656  0.56396179  0.18510542
   0.58400004  0.93646022  0.49586036
   0.37304000  0.94194000  0.08602000
   0.64894611  0.68769677  0.28804536
   0.44297698  0.81589742  0.39070012
   0.84720746  0.56454686  0.18592670
   0.91761072  0.93551799  0.49463289
   0.70637000  0.94194000  0.08602000
   0.98229014  0.68841971  0.28835039
   0.77647740  0.81396211  0.38962791
   0.17417000  0.33753000  0.10253000
   0.26009882  0.20341744  0.40171728
   0.07912248  0.31840930  0.49448102
   0.31479607  0.46091548  0.20471450
   0.11594283  0.08333854  0.30604213
   0.23858000  0.04636000  0.06951000
   0.04552723  0.17087455  0.16968019
   0.32545091  0.41644538  0.37266225
   0.12003851  0.04787857  0.47815468
   0.18238652  0.29274928  0.27036907
   0.50750000  0.33753000  0.10253000
   0.59341351  0.20546615  0.40526329
   0.41143449  0.32354496  0.50250282
   0.64753348  0.45963820  0.20357246
   0.44975375  0.08512601  0.30777461
   0.57191000  0.04636000  0.06951000
   0.37879171  0.17021762  0.16947984
   0.65820209  0.41484493  0.37099666
   0.45487484  0.04751022  0.48027592
   0.51579047  0.29237691  0.26996924
   0.84083000  0.33753000  0.10253000
   0.92239622  0.20189010  0.40028731
   0.74148197  0.32426198  0.50613823
   0.98178982  0.46043774  0.20393138
   0.78123730  0.08266405  0.30543721
   0.90524000  0.04636000  0.06951000
   0.71195386  0.17033265  0.16956413
   0.99156036  0.41457647  0.37143532
   0.78663125  0.04450862  0.47758132
   0.84886442  0.29236870  0.27001617
   0.17417000  0.83753000  0.10253000
   0.24431849  0.70903785  0.40336443
   0.05097678  0.83063827  0.50383953
   0.31358809  0.96156442  0.20533796
   0.11673525  0.58398985  0.30596557
   0.23858000  0.54636000  0.06951000
   0.04719565  0.67101532  0.16994112
   0.30944846  0.92113692  0.37377793
   0.14532385  0.54095404  0.47427468
   0.18159202  0.79396599  0.27120326
   0.50750000  0.83753000  0.10253000
   0.57649954  0.70948387  0.40486853
   0.38262732  0.83015303  0.50456840
   0.64636021  0.96079201  0.20431827
   0.44955935  0.58425065  0.30668582
   0.57191000  0.54636000  0.06951000
   0.38029746  0.67038359  0.16969406
   0.64170044  0.91784807  0.37203257
   0.48142692  0.54189380  0.47816158
   0.51433228  0.79224501  0.27022810
   0.84083000  0.83753000  0.10253000
   0.71678114  0.83060049  0.50669976
   0.97989668  0.96098467  0.20441019
   0.78356821  0.58342174  0.30164602
   0.90524000  0.54636000  0.06951000
   0.71336008  0.67041244  0.16946768
   0.97432007  0.91970873  0.37225282
   0.81269556  0.54157232  0.48454418
   0.84775245  0.79334990  0.27042322
   0.91054055  0.70902121  0.40461564
   0.07993304  0.47003880  0.61532744
   0.81425230  0.48218833  0.59312044
