   0.94571389  0.18812324  0.49546424
   0.03971000  0.19194000  0.09637000
   0.31023751  0.44134486  0.29824052
   0.13119343  0.06219944  0.40124386
   0.17763602  0.31637549  0.19721020
   0.25538149  0.19580971  0.49955627
   0.37304000  0.19194000  0.09637000
   0.64253477  0.44137444  0.29859536
   0.46404775  0.06363166  0.40151216
   0.51116538  0.31634229  0.19728464
   0.59117601  0.19384800  0.49927102
   0.70637000  0.19194000  0.09637000
   0.97624092  0.44118410  0.29795089
   0.79616570  0.06114972  0.39950889
   0.84339988  0.31622619  0.19721182
   0.03971000  0.69194000  0.09637000
   0.32121306  0.94079094  0.29927685
   0.11046326  0.56724341  0.39959256
   0.17845907  0.81662520  0.19791585
   0.25708955  0.70102773  0.49541338
   0.37304000  0.69194000  0.09637000
   0.65422358  0.93974605  0.29802890
   0.44396315  0.56653872  0.40035202
   0.51147748  0.81605588  0.19746533
   0.59150997  0.69871599  0.49598248
   0.70637000  0.69194000  0.09637000
   0.98794464  0.94042751  0.29881618
   0.84549009  0.81644896  0.19747526
   0.92226254  0.69742704  0.49622888
   0.77669552  0.56571748  0.40074600
   0.18086887  0.06488823  0.19555109
   0.23992695  0.44799121  0.50348413
   0.03971000  0.44194000  0.09637000
   0.31643189  0.19099289  0.29964520
   0.10556560  0.32197145  0.40222122
   0.51343013  0.06427646  0.19514334
   0.56650522  0.44556474  0.50817866
   0.37304000  0.44194000  0.09637000
   0.64965941  0.19058214  0.29901699
   0.43821908  0.32042482  0.40264918
   0.84689984  0.06418377  0.19478160
   0.90690881  0.44751408  0.50185566
   0.70637000  0.44194000  0.09637000
   0.98297231  0.19072724  0.29968827
   0.77383601  0.31972976  0.40031437
   0.17782335  0.56498241  0.19570024
   0.29349028  0.93237675  0.50305439
   0.03971000  0.94194000  0.09637000
   0.31365460  0.69031648  0.29943186
   0.13056582  0.81395199  0.39871146
   0.51094802  0.56492504  0.19540111
   0.62838157  0.93182841  0.50203767
   0.37304000  0.94194000  0.09637000
   0.64705583  0.68988749  0.29877928
   0.46500501  0.81425401  0.39839866
   0.84376446  0.56484158  0.19510519
   0.96152060  0.93157017  0.50372829
   0.70637000  0.94194000  0.09637000
   0.97973628  0.68967578  0.29880733
   0.79798817  0.81409359  0.39935105
   0.17417000  0.33753000  0.11288000
   0.23915803  0.21419591  0.41759817
   0.04076413  0.34323871  0.50615759
   0.31237122  0.46135298  0.21441364
   0.11868016  0.08711128  0.31779551
   0.23858000  0.04636000  0.07986000
   0.04642011  0.17060173  0.18001130
   0.30516135  0.42364481  0.38289277
   0.16176226  0.04024032  0.48611436
   0.18114564  0.29415428  0.28050768
   0.50750000  0.33753000  0.11288000
   0.57405980  0.21591907  0.41861224
   0.36724272  0.34059338  0.51594082
   0.64500971  0.46144117  0.21470944
   0.45227583  0.08764028  0.31863783
   0.57191000  0.04636000  0.07986000
   0.37987508  0.17064725  0.18013922
   0.63722407  0.42273968  0.38333024
   0.49432042  0.04162643  0.48786068
   0.51395267  0.29408760  0.28082050
   0.84083000  0.33753000  0.11288000
   0.90616809  0.21263663  0.41435993
   0.69497827  0.33635014  0.52641312
   0.97831445  0.46141332  0.21390738
   0.78389683  0.08576764  0.31626846
   0.90524000  0.04636000  0.07986000
   0.71264724  0.17014900  0.17995066
   0.96981138  0.42435763  0.38219018
   0.82762199  0.03710244  0.48289562
   0.84723517  0.29374062  0.28040066
   0.17417000  0.83753000  0.11288000
   0.26431802  0.70709074  0.40940817
   0.09287916  0.81889006  0.51246748
   0.31505595  0.96169363  0.21547431
   0.11307342  0.58473442  0.31488472
   0.23858000  0.54636000  0.07986000
   0.04414205  0.67172630  0.18051374
   0.33140656  0.91945778  0.38302315
   0.11346595  0.55953683  0.48664077
   0.18113184  0.79568368  0.28162401
   0.50750000  0.83753000  0.11288000
   0.59731337  0.70586766  0.41068585
   0.42698081  0.82225022  0.51180141
   0.64791041  0.96092580  0.21451804
   0.44673004  0.58475541  0.31553291
   0.57191000  0.54636000  0.07986000
   0.37683885  0.67116595  0.18033486
   0.66327912  0.91765264  0.38176180
   0.44226693  0.55673720  0.48863636
   0.51439685  0.79540548  0.28107300
   0.84083000  0.83753000  0.11288000
   0.76131632  0.82013898  0.51177536
   0.98195937  0.96155253  0.21492035
   0.77963671  0.58475888  0.31555629
   0.90524000  0.54636000  0.07986000
   0.71076589  0.67148182  0.18038657
   0.99724975  0.91814029  0.38251436
   0.77223341  0.55468957  0.48884046
   0.84792383  0.79522546  0.28108166
   0.93009587  0.70501053  0.41109722
   0.02412115  0.15416571  0.59633318
   0.81662943  0.25595265  0.58770698
