   0.91698440  0.93901708  0.49485655
   0.03971000  0.19194000  0.08602000
   0.31978230  0.44024830  0.28920783
   0.11578659  0.06101038  0.39081574
   0.17987634  0.31650655  0.18744609
   0.26167788  0.18981725  0.48606231
   0.37304000  0.19194000  0.08602000
   0.65181047  0.43811104  0.28668896
   0.45066106  0.06468569  0.39316284
   0.51248974  0.31518802  0.18664421
   0.59294918  0.19493600  0.49139905
   0.70637000  0.19194000  0.08602000
   0.98699458  0.43881226  0.28816360
   0.78227302  0.06232168  0.39165222
   0.84666119  0.31573085  0.18702733
   0.93125213  0.19109220  0.48657328
   0.03971000  0.69194000  0.08602000
   0.31350323  0.94082680  0.29032878
   0.12511187  0.56058662  0.39102711
   0.18008737  0.81666407  0.18762050
   0.25693718  0.69406999  0.48680965
   0.37304000  0.69194000  0.08602000
   0.64623231  0.93976873  0.28955899
   0.45819714  0.56266874  0.39250296
   0.51286403  0.81631552  0.18737855
   0.60983094  0.68572558  0.49318338
   0.70637000  0.69194000  0.08602000
   0.97877200  0.93917844  0.28904653
   0.84630097  0.81600431  0.18705065
   0.90728315  0.68616942  0.48930634
   0.79422219  0.55926120  0.38656641
   0.17926537  0.06467360  0.18574223
   0.27837312  0.43024019  0.49368949
   0.03971000  0.44194000  0.08602000
   0.31546186  0.18873437  0.28949817
   0.12756295  0.31224828  0.38922997
   0.51264011  0.06435452  0.18543225
   0.60583745  0.42676783  0.48852851
   0.37304000  0.44194000  0.08602000
   0.64877842  0.18815191  0.28871706
   0.46019861  0.31253301  0.38940453
   0.84613010  0.06461726  0.18536273
   0.94733451  0.42854259  0.49177657
   0.70637000  0.44194000  0.08602000
   0.98222317  0.18823663  0.28891938
   0.79379617  0.31153657  0.38770962
   0.18137707  0.56495478  0.18546941
   0.24813249  0.93760751  0.49561701
   0.03971000  0.94194000  0.08602000
   0.31709874  0.69007300  0.29021639
   0.11060670  0.81644092  0.39336418
   0.51430501  0.56454456  0.18480335
   0.58141528  0.94032647  0.49540740
   0.37304000  0.94194000  0.08602000
   0.64980463  0.68970684  0.28890363
   0.44580941  0.81727190  0.39398808
   0.84803420  0.56455869  0.18483094
   0.70637000  0.94194000  0.08602000
   0.98418681  0.68976910  0.28869011
   0.77684747  0.81488082  0.39391828
   0.17417000  0.33753000  0.10253000
   0.25969513  0.20464443  0.40222621
   0.07808375  0.32214509  0.50393795
   0.31567144  0.46177309  0.20547437
   0.11527942  0.08356290  0.30652342
   0.23858000  0.04636000  0.06951000
   0.04600551  0.17127496  0.17010581
   0.32699762  0.41688658  0.37272376
   0.11913875  0.04881488  0.47787795
   0.18267238  0.29383142  0.27105566
   0.50750000  0.33753000  0.10253000
   0.59510169  0.20842027  0.40669608
   0.40980594  0.31943054  0.50379381
   0.64831042  0.46051534  0.20369291
   0.44977316  0.08547228  0.30857004
   0.57191000  0.04636000  0.06951000
   0.37880861  0.17033507  0.16977424
   0.66007649  0.41503548  0.36977241
   0.45216120  0.05257474  0.48087523
   0.51557123  0.29255799  0.26998452
   0.84083000  0.33753000  0.10253000
   0.92613989  0.20578479  0.40328974
   0.74252426  0.32662840  0.51473988
   0.98209749  0.46104055  0.20456793
   0.78201092  0.08431563  0.30723416
   0.90524000  0.04636000  0.06951000
   0.71226260  0.17079106  0.16995375
   0.99321294  0.41583911  0.37195574
   0.78594293  0.05176478  0.47900524
   0.84917298  0.29309566  0.27057563
   0.17417000  0.83753000  0.10253000
   0.24511180  0.70955156  0.40475185
   0.04660599  0.82843926  0.50069949
   0.31384462  0.96188408  0.20593258
   0.11750128  0.58488045  0.30711616
   0.23858000  0.54636000  0.06951000
   0.04756392  0.67103804  0.17006533
   0.31096170  0.92153224  0.37485911
   0.14638994  0.54053507  0.47731676
   0.18306936  0.79401657  0.27118345
   0.50750000  0.83753000  0.10253000
   0.57622136  0.71032701  0.41010704
   0.38016713  0.83263393  0.50508955
   0.64698287  0.96153210  0.20534769
   0.45164836  0.58626914  0.30861080
   0.57191000  0.54636000  0.06951000
   0.38071669  0.67081603  0.16988636
   0.64365449  0.91987259  0.37379462
   0.47793444  0.53701439  0.47669415
   0.51553019  0.79343907  0.27076774
   0.84083000  0.83753000  0.10253000
   0.71537127  0.83742276  0.50164733
   0.98010207  0.96132660  0.20491767
   0.78392061  0.58433402  0.30461124
   0.90524000  0.54636000  0.06951000
   0.71389143  0.67044945  0.16971302
   0.97524032  0.91889196  0.37324917
   0.81033888  0.52900058  0.46813664
   0.84880434  0.79294253  0.27019399
   0.91188879  0.70681882  0.40508856
   0.08000407  0.93711477  0.58388417
   0.75963950  0.48959109  0.58251746
