   0.93938538  0.93585319  0.50152489
   0.03971000  0.19194000  0.08602000
   0.31393773  0.43831163  0.28831351
   0.12140449  0.06190010  0.38666178
   0.17848108  0.31423195  0.18716133
   0.26269391  0.19010737  0.48390823
   0.37304000  0.19194000  0.08602000
   0.64733749  0.43604512  0.28817206
   0.45379435  0.06159647  0.39382988
   0.51098012  0.31419621  0.18721100
   0.59940277  0.19091390  0.49077378
   0.70637000  0.19194000  0.08602000
   0.98055455  0.43793341  0.28898921
   0.78781645  0.05915799  0.39252468
   0.84492415  0.31487989  0.18739653
   0.94095925  0.18439335  0.48625601
   0.03971000  0.69194000  0.08602000
   0.31473579  0.93893281  0.28973278
   0.12020376  0.56240155  0.38986211
   0.17865678  0.81518675  0.18750695
   0.25304512  0.69911656  0.48615832
   0.37304000  0.69194000  0.08602000
   0.64679998  0.93872761  0.28902467
   0.44944588  0.56366687  0.38961149
   0.51167947  0.81515856  0.18706317
   0.58875709  0.69740783  0.48427685
   0.70637000  0.69194000  0.08602000
   0.97962399  0.93747355  0.28788256
   0.84511731  0.81423687  0.18722219
   0.91921160  0.69468440  0.48301919
   0.78348421  0.55978476  0.38940673
   0.17803214  0.06305846  0.18585767
   0.26296006  0.43690760  0.49213831
   0.03971000  0.44194000  0.08602000
   0.31486566  0.18744189  0.28988789
   0.11771140  0.31529619  0.39097071
   0.51155797  0.06352744  0.18549039
   0.59316753  0.43977498  0.49376442
   0.37304000  0.44194000  0.08602000
   0.64748632  0.18639237  0.28961569
   0.45231602  0.31664498  0.39245665
   0.84491355  0.06337853  0.18543373
   0.93306096  0.43794345  0.48979913
   0.70637000  0.44194000  0.08602000
   0.98038469  0.18685026  0.28887136
   0.78443507  0.31200802  0.38970115
   0.17942629  0.56295750  0.18527273
   0.26637697  0.94267211  0.50392527
   0.03971000  0.94194000  0.08602000
   0.31374201  0.68842934  0.28882988
   0.11754264  0.81815243  0.39335294
   0.51289848  0.56325831  0.18536119
   0.59984207  0.93306134  0.49794154
   0.37304000  0.94194000  0.08602000
   0.64704232  0.68709467  0.28846755
   0.44940819  0.81601035  0.39035530
   0.84613574  0.56319395  0.18621392
   0.70637000  0.94194000  0.08602000
   0.98053254  0.68763216  0.28944942
   0.78299681  0.81529837  0.38831961
   0.17417000  0.33753000  0.10253000
   0.25390756  0.21024400  0.39992352
   0.06171596  0.32925243  0.49845593
   0.31383071  0.45961435  0.20413815
   0.11466051  0.08239813  0.30332877
   0.23858000  0.04636000  0.06951000
   0.04475550  0.16930141  0.16936596
   0.31632840  0.42048590  0.37234671
   0.13471592  0.04725596  0.46824518
   0.18081335  0.29153108  0.27015139
   0.50750000  0.33753000  0.10253000
   0.58609338  0.20837107  0.40824058
   0.39568042  0.33038798  0.49920106
   0.64602787  0.45923240  0.20439036
   0.44930342  0.08352613  0.30875988
   0.57191000  0.04636000  0.06951000
   0.37769964  0.16941735  0.16948781
   0.65175817  0.41561193  0.37186167
   0.47173190  0.04640529  0.48109598
   0.51427779  0.29041629  0.27016814
   0.84083000  0.33753000  0.10253000
   0.91667864  0.20604600  0.40414024
   0.72763706  0.33251030  0.50997739
   0.98028836  0.45972743  0.20494225
   0.78140720  0.08254538  0.30757814
   0.90524000  0.04636000  0.06951000
   0.71144673  0.16997872  0.16950358
   0.98168966  0.41839322  0.37318878
   0.80002476  0.04173436  0.47990205
   0.84669505  0.29128025  0.27072299
   0.17417000  0.83753000  0.10253000
   0.25131466  0.70854941  0.40268552
   0.07168854  0.82403184  0.49195726
   0.31325047  0.96037370  0.20538979
   0.11480463  0.58335344  0.30595407
   0.23858000  0.54636000  0.06951000
   0.04590930  0.66938388  0.16972286
   0.31661779  0.91984890  0.37327475
   0.13227332  0.54741872  0.47621920
   0.18022775  0.79236170  0.27036682
   0.50750000  0.83753000  0.10253000
   0.58325491  0.70900961  0.40151781
   0.39636002  0.82931519  0.50658707
   0.64573135  0.96061719  0.20497438
   0.44763759  0.58393973  0.30521594
   0.57191000  0.54636000  0.06951000
   0.37939943  0.66916228  0.16922220
   0.64771256  0.91913791  0.37309779
   0.46360660  0.54853409  0.47636256
   0.51380728  0.79222697  0.27000197
   0.84083000  0.83753000  0.10253000
   0.73280598  0.82384105  0.50818833
   0.97814530  0.95947023  0.20419128
   0.78013862  0.58132214  0.30493349
   0.90524000  0.54636000  0.06951000
   0.71297561  0.66897477  0.16947749
   0.98036427  0.91844695  0.37056695
   0.79577096  0.54542711  0.47762112
   0.84595574  0.79116446  0.27016978
   0.91188025  0.70615835  0.39955056
   0.12254785  0.02436104  0.59136545
   0.78982592  0.42207100  0.59446559
