   0.96360766  0.94043857  0.49414252
   0.03971000  0.19194000  0.08602000
   0.30531917  0.43785209  0.28838953
   0.13086308  0.06264890  0.38142238
   0.17787819  0.31334256  0.18720400
   0.26150455  0.18264783  0.48478200
   0.37304000  0.19194000  0.08602000
   0.64142938  0.43537497  0.28693863
   0.46067097  0.06311039  0.39409228
   0.51042649  0.31367492  0.18653991
   0.59682522  0.18984247  0.49119225
   0.70637000  0.19194000  0.08602000
   0.97507459  0.43762387  0.28844400
   0.79758987  0.05619697  0.39017989
   0.84284075  0.31354538  0.18771449
   0.94717116  0.18755741  0.48567525
   0.03971000  0.69194000  0.08602000
   0.31859854  0.93878998  0.28976682
   0.11451097  0.56567583  0.38995740
   0.17926060  0.81322333  0.18718077
   0.24933751  0.70768005  0.48633782
   0.37304000  0.69194000  0.08602000
   0.64850150  0.93917841  0.28934959
   0.44475241  0.56618465  0.38912378
   0.51033548  0.81298272  0.18836555
   0.58016855  0.70255960  0.48514844
   0.70637000  0.69194000  0.08602000
   0.98116819  0.93453649  0.28321671
   0.83867829  0.81276099  0.18655227
   0.91236737  0.69785909  0.48503367
   0.77675840  0.56622620  0.38913119
   0.17852947  0.06375184  0.18837690
   0.24315707  0.44569576  0.49079652
   0.03971000  0.44194000  0.08602000
   0.31609623  0.19230844  0.28978397
   0.10601371  0.32187319  0.39084277
   0.51035976  0.06177027  0.18522891
   0.57467096  0.44448894  0.49443341
   0.37304000  0.44194000  0.08602000
   0.64678185  0.18634753  0.29011604
   0.44488151  0.32638853  0.39389914
   0.84325421  0.06223246  0.18515004
   0.90755061  0.44727066  0.48880130
   0.70637000  0.44194000  0.08602000
   0.98139852  0.18818027  0.28744497
   0.77275243  0.31591393  0.39029828
   0.17707248  0.56244880  0.18572419
   0.28969289  0.94193350  0.49924947
   0.03971000  0.94194000  0.08602000
   0.31034720  0.68739761  0.28714167
   0.12606907  0.81965165  0.39114856
   0.51052004  0.56207815  0.18514331
   0.62438458  0.93026665  0.49759394
   0.37304000  0.94194000  0.08602000
   0.64427792  0.68643801  0.28864942
   0.46081081  0.81470283  0.38829549
   0.84460081  0.56333042  0.18552192
   0.70637000  0.94194000  0.08602000
   0.97783609  0.68896351  0.29088451
   0.79369866  0.81426916  0.38632997
   0.17417000  0.33753000  0.10253000
   0.24418208  0.21577895  0.39771783
   0.03882376  0.34227303  0.49382237
   0.31081151  0.45823124  0.20457864
   0.11685593  0.08213175  0.29709749
   0.23858000  0.04636000  0.06951000
   0.04337561  0.16886758  0.17027040
   0.30163647  0.42318007  0.37248003
   0.16253057  0.02937851  0.46132906
   0.17674413  0.29296768  0.27068977
   0.50750000  0.33753000  0.10253000
   0.57594933  0.21588536  0.41014532
   0.37480226  0.33652406  0.49833755
   0.64555910  0.45858101  0.20506184
   0.44855566  0.08799666  0.30948301
   0.57191000  0.04636000  0.06951000
   0.37787636  0.16774935  0.16960506
   0.63896046  0.42147371  0.37236482
   0.49656144  0.03979342  0.48317230
   0.51283561  0.29046216  0.26974417
   0.84083000  0.33753000  0.10253000
   0.90960367  0.21014353  0.40514830
   0.70470199  0.33733538  0.50724547
   0.97684845  0.45857737  0.20498756
   0.78632690  0.08499402  0.30696792
   0.90524000  0.04636000  0.06951000
   0.71078105  0.16762905  0.16972692
   0.96722478  0.42181303  0.37252603
   0.82501081  0.03960908  0.47898978
   0.84437280  0.29081759  0.27144285
   0.17417000  0.83753000  0.10253000
   0.26504728  0.70767206  0.40128602
   0.08929883  0.82090369  0.50492987
   0.31249757  0.95819330  0.20543755
   0.11071538  0.58150635  0.30515952
   0.23858000  0.54636000  0.06951000
   0.04551449  0.66936362  0.16931569
   0.32932805  0.91957256  0.37413469
   0.11232034  0.55923073  0.47679073
   0.17787922  0.79418297  0.27126182
   0.50750000  0.83753000  0.10253000
   0.59390827  0.70523220  0.40077125
   0.41938133  0.82686549  0.50779071
   0.64414396  0.95819060  0.20530403
   0.44212711  0.58144917  0.30476941
   0.57191000  0.54636000  0.06951000
   0.37627818  0.67002422  0.16978231
   0.65726711  0.92053226  0.37250830
   0.44440471  0.55574783  0.47679864
   0.51146089  0.79300027  0.27184021
   0.84083000  0.83753000  0.10253000
   0.76392060  0.81873101  0.50483973
   0.97712337  0.95577003  0.20053507
   0.77616953  0.57968597  0.30346933
   0.90524000  0.54636000  0.06951000
   0.70922607  0.66898612  0.16903900
   0.98661205  0.92156620  0.36700959
   0.77767988  0.55160675  0.47496564
   0.84324074  0.78988441  0.26984000
   0.93063016  0.70611343  0.40052087
   0.19395245  0.14820656  0.57930127
   0.78875057  0.28967191  0.61749998
