   0.92652159  0.94288425  0.50280282
   0.03971000  0.19194000  0.08602000
   0.31542024  0.43544509  0.28556596
   0.11778777  0.06086328  0.39142565
   0.17989577  0.31345183  0.18489124
   0.26155416  0.19293556  0.48568411
   0.37304000  0.19194000  0.08602000
   0.65044502  0.43846558  0.28870898
   0.45609289  0.06185023  0.39247717
   0.51261574  0.31532204  0.18741053
   0.60121445  0.18752369  0.48976143
   0.70637000  0.19194000  0.08602000
   0.98318673  0.43896378  0.28822442
   0.78742332  0.06107879  0.38782297
   0.84565393  0.31492683  0.18709224
   0.93069948  0.18651048  0.48431965
   0.03971000  0.69194000  0.08602000
   0.31349711  0.94002603  0.28908727
   0.12073222  0.56256865  0.38992311
   0.17958519  0.81454374  0.18623675
   0.25586989  0.69473794  0.48580023
   0.37304000  0.69194000  0.08602000
   0.64631837  0.93853565  0.28735534
   0.45064000  0.55831505  0.38610269
   0.51126316  0.81478702  0.18681021
   0.58603492  0.68921854  0.48091372
   0.70637000  0.69194000  0.08602000
   0.98076213  0.93867762  0.28902617
   0.84596278  0.81549342  0.18736184
   0.91824667  0.70165543  0.48940435
   0.78872019  0.56282381  0.39107400
   0.17887875  0.06339815  0.18530107
   0.26616029  0.43226330  0.49167435
   0.03971000  0.44194000  0.08602000
   0.31477289  0.18766228  0.28978192
   0.12137692  0.31362367  0.38910123
   0.51206017  0.06361103  0.18519915
   0.59738961  0.43457640  0.49200833
   0.37304000  0.44194000  0.08602000
   0.64847841  0.18777561  0.28854246
   0.45460837  0.31315042  0.39078712
   0.84547839  0.06370742  0.18578169
   0.93783765  0.43507544  0.49192509
   0.70637000  0.44194000  0.08602000
   0.98197573  0.18792785  0.28840608
   0.78793945  0.31400995  0.38911841
   0.18028893  0.56344195  0.18443038
   0.26279495  0.93639434  0.49660551
   0.03971000  0.94194000  0.08602000
   0.31498271  0.68770624  0.28699601
   0.11472624  0.81637246  0.39089428
   0.51427448  0.56389404  0.18485473
   0.59871853  0.93542626  0.50000510
   0.37304000  0.94194000  0.08602000
   0.64855482  0.68883891  0.28924129
   0.44769936  0.81680772  0.38921163
   0.84717227  0.56413116  0.18549231
   0.70637000  0.94194000  0.08602000
   0.98189268  0.68884609  0.28882022
   0.78128836  0.81743333  0.39274081
   0.17239332  0.33278268  0.09898399
   0.25472665  0.20582312  0.40240298
   0.06502122  0.32593260  0.50054682
   0.31412737  0.45890514  0.20139338
   0.11518647  0.08350634  0.30660407
   0.23858000  0.04636000  0.06951000
   0.04462343  0.16891788  0.16911055
   0.31882660  0.41480250  0.36912837
   0.13316002  0.04733924  0.47883562
   0.18134562  0.29035471  0.26782567
   0.50750000  0.33753000  0.10253000
   0.58953510  0.20824868  0.40653784
   0.40056785  0.32740341  0.50198846
   0.64829434  0.46052232  0.20476806
   0.45025577  0.08407013  0.30762525
   0.57191000  0.04636000  0.06951000
   0.37827619  0.16994895  0.16981785
   0.65493189  0.41844869  0.37287377
   0.46447011  0.04523131  0.47987950
   0.51480706  0.29242141  0.27091813
   0.84083000  0.33753000  0.10253000
   0.92193051  0.20745052  0.40092201
   0.73115625  0.33013769  0.50860985
   0.98087707  0.46033937  0.20400175
   0.78214599  0.08311631  0.30378243
   0.90524000  0.04636000  0.06951000
   0.71163004  0.16956255  0.16966103
   0.98659970  0.41852201  0.37201649
   0.79457144  0.04603724  0.47031500
   0.84796895  0.29284759  0.27048104
   0.17269673  0.83305051  0.09966041
   0.24843079  0.70973438  0.40332204
   0.05911933  0.83188339  0.50732999
   0.31304125  0.96022180  0.20434334
   0.11598874  0.58470260  0.30576067
   0.23858000  0.54636000  0.06951000
   0.04624915  0.66937100  0.16930045
   0.31230364  0.92087671  0.37340159
   0.13722567  0.54334689  0.47648590
   0.18145912  0.79295019  0.26981340
   0.50750000  0.83753000  0.10253000
   0.57879700  0.70624677  0.39830070
   0.39205255  0.82803798  0.50430226
   0.64595636  0.95994620  0.20342665
   0.44755930  0.58128867  0.30243978
   0.57191000  0.54636000  0.06951000
   0.37934456  0.66939486  0.16935239
   0.64541490  0.91924244  0.37069003
   0.46532581  0.54068430  0.47261843
   0.51377266  0.79239357  0.26981242
   0.84083000  0.83753000  0.10253000
   0.72766526  0.82089006  0.49590190
   0.97987942  0.96054748  0.20480065
   0.78318794  0.58424402  0.30645680
   0.90524000  0.54636000  0.06951000
   0.71354881  0.67006482  0.16969116
   0.97968962  0.91938953  0.37276663
   0.80177852  0.54602052  0.47971376
   0.84811305  0.79261951  0.27056050
   0.91555409  0.70957853  0.40590758
   0.78148054  0.00239792  0.59209115
   0.77735711  0.44728955  0.59062658
