   0.91263941  0.93954649  0.49828899
   0.03971000  0.19194000  0.08602000
   0.31983950  0.43999355  0.28893367
   0.11504582  0.06066319  0.39021976
   0.17923671  0.31546427  0.18675300
   0.25955253  0.19145802  0.48605043
   0.37304000  0.19194000  0.08602000
   0.65151955  0.43762461  0.28588629
   0.45041103  0.06440062  0.39250306
   0.51228271  0.31489112  0.18637633
   0.59398509  0.19366318  0.49126203
   0.70637000  0.19194000  0.08602000
   0.98665411  0.43881772  0.28790443
   0.78198118  0.06238591  0.38986755
   0.84640380  0.31555361  0.18670603
   0.93090575  0.19162241  0.48654842
   0.03971000  0.69194000  0.08602000
   0.31326250  0.94062597  0.29014031
   0.12586910  0.56060209  0.39076686
   0.17951953  0.81580669  0.18701850
   0.25812614  0.69377635  0.48639308
   0.37304000  0.69194000  0.08602000
   0.64633673  0.93976453  0.28966921
   0.45969573  0.56349052  0.39220377
   0.51271367  0.81616101  0.18718111
   0.58914657  0.68062634  0.48768147
   0.70637000  0.69194000  0.08602000
   0.97865472  0.93934099  0.28894003
   0.84614607  0.81593660  0.18678887
   0.92535409  0.68934247  0.48400665
   0.79296781  0.56006814  0.38773098
   0.17908503  0.06484621  0.18558145
   0.27901350  0.43121376  0.49392411
   0.03971000  0.44194000  0.08602000
   0.31530182  0.18842667  0.28927908
   0.12735017  0.31234288  0.38915679
   0.51274742  0.06445952  0.18532182
   0.60604765  0.42742370  0.48917266
   0.37304000  0.44194000  0.08602000
   0.64912715  0.18776028  0.28854959
   0.45972905  0.31270918  0.38929565
   0.84605256  0.06458330  0.18529495
   0.94683223  0.42942196  0.49252891
   0.70637000  0.44194000  0.08602000
   0.98198987  0.18776563  0.28880153
   0.79412168  0.31127012  0.38779677
   0.18124900  0.56535229  0.18521042
   0.24725419  0.93520138  0.49567252
   0.03971000  0.94194000  0.08602000
   0.31714994  0.69056058  0.28981651
   0.11066136  0.81654704  0.39255160
   0.51436123  0.56481013  0.18459088
   0.58633105  0.93913857  0.49929600
   0.37304000  0.94194000  0.08602000
   0.64953704  0.69014478  0.28851542
   0.44671743  0.81768454  0.39363249
   0.84821649  0.56480710  0.18478797
   0.70637000  0.94194000  0.08602000
   0.98436381  0.68997934  0.28812563
   0.77680860  0.81608699  0.39189871
   0.17167142  0.32984014  0.09943517
   0.26061757  0.20502853  0.40252936
   0.07688814  0.32065091  0.50361542
   0.31527446  0.46136674  0.20533666
   0.11557576  0.08352038  0.30688010
   0.23858000  0.04636000  0.06951000
   0.04547700  0.17076505  0.17066885
   0.32618876  0.41726202  0.37311832
   0.12627751  0.04783597  0.47744644
   0.18280387  0.29399874  0.27124592
   0.50750000  0.33753000  0.10253000
   0.59437895  0.20854937  0.40737559
   0.40848861  0.31990430  0.50333003
   0.64802789  0.46024412  0.20373829
   0.44979434  0.08524133  0.30883484
   0.57191000  0.04636000  0.06951000
   0.37890098  0.17029012  0.16997079
   0.66063007  0.41444676  0.36940205
   0.44800332  0.05531818  0.47970579
   0.51536258  0.29239898  0.27011456
   0.84083000  0.33753000  0.10253000
   0.92900657  0.20851686  0.40312446
   0.74141236  0.32584237  0.51168363
   0.98247236  0.46087053  0.20479431
   0.78196036  0.08416093  0.30727278
   0.90524000  0.04636000  0.06951000
   0.71213273  0.17069202  0.17000856
   0.99241649  0.41628687  0.37224761
   0.78363711  0.05018263  0.47251755
   0.84942363  0.29324421  0.27075099
   0.17157549  0.82991586  0.09948856
   0.24453074  0.70887680  0.40487076
   0.04765615  0.82720229  0.50153238
   0.31354290  0.96148254  0.20580745
   0.11707772  0.58489624  0.30735527
   0.23858000  0.54636000  0.06951000
   0.04701343  0.67042020  0.17064365
   0.31054877  0.92189308  0.37499506
   0.14691753  0.54040442  0.47731300
   0.18275451  0.79390549  0.27140899
   0.50750000  0.83753000  0.10253000
   0.57662605  0.70797669  0.40714559
   0.37712050  0.83361709  0.50444137
   0.64665651  0.96140645  0.20529054
   0.45123714  0.58612921  0.30861858
   0.57191000  0.54636000  0.06951000
   0.38076733  0.67061105  0.17009262
   0.64367775  0.91925194  0.37369058
   0.47888956  0.53684288  0.47855696
   0.51553537  0.79328025  0.27093901
   0.84083000  0.83753000  0.10253000
   0.71567657  0.82532519  0.49518916
   0.98035390  0.96120463  0.20490558
   0.78396886  0.58382069  0.30349476
   0.90524000  0.54636000  0.06951000
   0.71371299  0.67041357  0.16980906
   0.97688692  0.91909714  0.37327769
   0.81086932  0.53866522  0.47669678
   0.84887468  0.79302109  0.27051200
   0.90708291  0.70679798  0.40440714
   0.75281626  0.94230261  0.59969682
   0.76380636  0.48995169  0.58418326
