   0.93153353  0.19042205  0.49741910
   0.03971000  0.19194000  0.09637000
   0.31977586  0.44021080  0.29955661
   0.11585714  0.06096470  0.40122800
   0.17987890  0.31649449  0.19780056
   0.26065964  0.18929107  0.49696144
   0.37304000  0.19194000  0.09637000
   0.65182048  0.43810348  0.29706047
   0.45064912  0.06472309  0.40350146
   0.51250173  0.31519419  0.19700774
   0.59288448  0.19501835  0.50177649
   0.70637000  0.19194000  0.09637000
   0.98696677  0.43878461  0.29850207
   0.78232749  0.06237661  0.40201853
   0.84663611  0.31572715  0.19737967
   0.03971000  0.69194000  0.09637000
   0.31351808  0.94084085  0.30068299
   0.12508662  0.56055223  0.40131745
   0.18007856  0.81665654  0.19796649
   0.25689705  0.69409806  0.49716122
   0.37304000  0.69194000  0.09637000
   0.64622979  0.93978353  0.29989022
   0.45813954  0.56255484  0.40277943
   0.51285527  0.81630387  0.19771782
   0.60891854  0.68607838  0.50319691
   0.70637000  0.69194000  0.09637000
   0.97879408  0.93920169  0.29939173
   0.84628553  0.81599575  0.19738810
   0.90856132  0.68674756  0.49923117
   0.79411250  0.55921836  0.39683455
   0.17928860  0.06467988  0.19609468
   0.27873609  0.43022898  0.50403658
   0.03971000  0.44194000  0.09637000
   0.31547019  0.18874518  0.29985976
   0.12763702  0.31214182  0.39951749
   0.51264168  0.06436285  0.19578755
   0.60552942  0.42647587  0.49890412
   0.37304000  0.44194000  0.09637000
   0.64876279  0.18817024  0.29907456
   0.46026950  0.31248889  0.39975772
   0.84613632  0.06462169  0.19571750
   0.94712663  0.42871069  0.50212053
   0.70637000  0.44194000  0.09637000
   0.98224423  0.18822817  0.29927774
   0.79371776  0.31148449  0.39804225
   0.18137944  0.56494782  0.19582140
   0.24745249  0.93766460  0.50583079
   0.03971000  0.94194000  0.09637000
   0.31708187  0.69007944  0.30054583
   0.11057760  0.81657533  0.40378469
   0.51430960  0.56452120  0.19516318
   0.58154558  0.94061027  0.50571020
   0.37304000  0.94194000  0.09637000
   0.64982773  0.68968126  0.29923494
   0.44571209  0.81737202  0.40429318
   0.84800391  0.56453720  0.19519171
   0.91773877  0.93926687  0.50513415
   0.70637000  0.94194000  0.09637000
   0.98415298  0.68975618  0.29902941
   0.77696706  0.81504500  0.40421540
   0.17417000  0.33753000  0.11288000
   0.25979646  0.20465545  0.41257766
   0.07826234  0.32462147  0.51361876
   0.31565785  0.46177404  0.21580857
   0.11524566  0.08354461  0.31686817
   0.23858000  0.04636000  0.07986000
   0.04597280  0.17126712  0.18045560
   0.32693482  0.41696760  0.38309007
   0.11897226  0.04726540  0.48796905
   0.18265660  0.29384326  0.28140536
   0.50750000  0.33753000  0.11288000
   0.59512384  0.20838053  0.41704558
   0.41060832  0.32025137  0.51397663
   0.64830855  0.46053045  0.21401172
   0.44978497  0.08542838  0.31891167
   0.57191000  0.04636000  0.07986000
   0.37881247  0.17034603  0.18012038
   0.65996545  0.41499802  0.38017973
   0.45223386  0.05235235  0.49123474
   0.51554437  0.29251327  0.28032234
   0.84083000  0.33753000  0.11288000
   0.92602513  0.20591639  0.41364749
   0.74263611  0.32681114  0.52498613
   0.98211550  0.46104733  0.21491219
   0.78199788  0.08428746  0.31759133
   0.90524000  0.04636000  0.07986000
   0.71226439  0.17079545  0.18030459
   0.99329452  0.41590866  0.38236302
   0.78556746  0.05124240  0.48926171
   0.84919564  0.29310093  0.28092852
   0.17417000  0.83753000  0.11288000
   0.24517744  0.70953289  0.41510652
   0.04620239  0.82851245  0.51145674
   0.31384204  0.96187193  0.21628221
   0.11751542  0.58490142  0.31749019
   0.23858000  0.54636000  0.07986000
   0.04755719  0.67105049  0.18042127
   0.31103411  0.92146204  0.38521123
   0.14622041  0.54037157  0.48768475
   0.18306724  0.79400582  0.28154170
   0.50750000  0.83753000  0.11288000
   0.57640832  0.71027237  0.42052343
   0.38017467  0.83265070  0.51550064
   0.64699068  0.96152353  0.21569315
   0.45166619  0.58631462  0.31897081
   0.57191000  0.54636000  0.07986000
   0.38070296  0.67083331  0.18023946
   0.64359599  0.91973376  0.38416150
   0.47832339  0.53734738  0.48716716
   0.51554253  0.79343921  0.28114653
   0.84083000  0.83753000  0.11288000
   0.71548957  0.83646869  0.51213826
   0.98009795  0.96131520  0.21525939
   0.78401459  0.58444766  0.31494792
   0.90524000  0.54636000  0.07986000
   0.71388355  0.67047623  0.18006771
   0.97511470  0.91874892  0.38357915
   0.81048658  0.52948130  0.47888061
   0.84878019  0.79291992  0.28056455
   0.91162596  0.70679635  0.41549400
   0.09585032  0.18891798  0.58637224
   0.75971520  0.48950264  0.59293085
