   0.60582747  0.42678802  0.48853570
   0.03971000  0.19194000  0.08602000
   0.31978512  0.44026422  0.28922112
   0.11577271  0.06097176  0.39075803
   0.17987950  0.31651111  0.18745020
   0.26181991  0.18989095  0.48603174
   0.37304000  0.19194000  0.08602000
   0.65181933  0.43812426  0.28670432
   0.45066990  0.06468323  0.39315825
   0.51248415  0.31518938  0.18664501
   0.59302913  0.19502561  0.49142497
   0.70637000  0.19194000  0.08602000
   0.98701295  0.43882193  0.28817470
   0.78225466  0.06231564  0.39163508
   0.84667031  0.31573469  0.18703268
   0.93126379  0.19122195  0.48658137
   0.03971000  0.69194000  0.08602000
   0.31351102  0.94082274  0.29034444
   0.12514563  0.56061071  0.39104456
   0.18009103  0.81666741  0.18763075
   0.25685813  0.69406695  0.48684621
   0.37304000  0.69194000  0.08602000
   0.64623101  0.93976454  0.28957144
   0.45820635  0.56268511  0.39254455
   0.51287054  0.81631882  0.18738841
   0.60991609  0.68549654  0.49335003
   0.70637000  0.69194000  0.08602000
   0.97876796  0.93917174  0.28906176
   0.84630533  0.81600647  0.18705983
   0.90728942  0.68649147  0.48921903
   0.79423480  0.55926686  0.38658268
   0.17926439  0.06467090  0.18574559
   0.27840165  0.43027827  0.49370442
   0.03971000  0.44194000  0.08602000
   0.31547041  0.18873658  0.28950258
   0.12756411  0.31226842  0.38923973
   0.51264413  0.06435225  0.18543375
   0.37304000  0.44194000  0.08602000
   0.64877660  0.18814898  0.28872524
   0.46023668  0.31253153  0.38941970
   0.84613216  0.06461741  0.18536615
   0.94733328  0.42849839  0.49178861
   0.70637000  0.44194000  0.08602000
   0.98221251  0.18824534  0.28892477
   0.79378750  0.31153454  0.38772438
   0.18137562  0.56495201  0.18547830
   0.24735826  0.93715764  0.49552513
   0.03971000  0.94194000  0.08602000
   0.31709908  0.69006755  0.29023036
   0.11058020  0.81646693  0.39347481
   0.51430265  0.56454555  0.18480905
   0.58157838  0.94031024  0.49541183
   0.37304000  0.94194000  0.08602000
   0.64979004  0.68971056  0.28891098
   0.44579014  0.81722585  0.39398969
   0.84804557  0.56455874  0.18483387
   0.91734085  0.93867810  0.49479653
   0.70637000  0.94194000  0.08602000
   0.98421797  0.68977189  0.28869254
   0.77683837  0.81487532  0.39393486
   0.17417000  0.33753000  0.10253000
   0.25960715  0.20455820  0.40222928
   0.07806116  0.32207677  0.50392440
   0.31567783  0.46177405  0.20547137
   0.11528370  0.08357020  0.30653774
   0.23858000  0.04636000  0.06951000
   0.04601286  0.17127746  0.17010266
   0.32699858  0.41686370  0.37270599
   0.11899098  0.04862115  0.47832034
   0.18267291  0.29382408  0.27105199
   0.50750000  0.33753000  0.10253000
   0.59508893  0.20840608  0.40667162
   0.40975304  0.31939415  0.50380725
   0.64830997  0.46051253  0.20369328
   0.44977136  0.08548355  0.30856403
   0.57191000  0.04636000  0.06951000
   0.37881020  0.17033918  0.16977180
   0.66008000  0.41506375  0.36976962
   0.45207346  0.05258069  0.48091132
   0.51557740  0.29256291  0.26997867
   0.84083000  0.33753000  0.10253000
   0.92614542  0.20574026  0.40328874
   0.74254941  0.32660561  0.51471405
   0.98208932  0.46104066  0.20456043
   0.78201379  0.08432163  0.30723474
   0.90524000  0.04636000  0.06951000
   0.71226403  0.17079760  0.16995154
   0.99320630  0.41581876  0.37194354
   0.78606167  0.05175457  0.47903849
   0.84916702  0.29309210  0.27057032
   0.17417000  0.83753000  0.10253000
   0.24514288  0.70953289  0.40472376
   0.04698472  0.82928834  0.50103625
   0.31384197  0.96188901  0.20592480
   0.11748550  0.58487405  0.30710554
   0.23858000  0.54636000  0.06951000
   0.04756464  0.67103920  0.17005914
   0.31101320  0.92158763  0.37484105
   0.14633890  0.54053128  0.47730295
   0.18306733  0.79402002  0.27117547
   0.50750000  0.83753000  0.10253000
   0.57617736  0.71038543  0.41012346
   0.38018358  0.83273076  0.50513470
   0.64698701  0.96153628  0.20534359
   0.45164781  0.58625465  0.30859919
   0.57191000  0.54636000  0.06951000
   0.38071864  0.67081760  0.16988086
   0.64367474  0.91991650  0.37379219
   0.47776722  0.53691873  0.47662184
   0.51553165  0.79343942  0.27075781
   0.84083000  0.83753000  0.10253000
   0.71551740  0.83778571  0.50159654
   0.98010280  0.96133119  0.20491459
   0.78391947  0.58432694  0.30463003
   0.90524000  0.54636000  0.06951000
   0.71389003  0.67044896  0.16970854
   0.97523591  0.91895303  0.37322349
   0.81038786  0.52881949  0.46802982
   0.84880073  0.79293685  0.27018883
   0.91181270  0.70661804  0.40515735
   0.77637020  0.43048277  0.68872746
   0.75956765  0.48935228  0.58272567
