   0.58755925  0.94082865  0.50557248
   0.03971000  0.19194000  0.08602000
   0.31744203  0.43763344  0.28811674
   0.11883084  0.05968761  0.39170478
   0.17893599  0.31549602  0.18706318
   0.26570139  0.18790804  0.48685508
   0.37304000  0.19194000  0.08602000
   0.65100130  0.43820800  0.28859602
   0.45125783  0.06194386  0.39164674
   0.51293911  0.31569685  0.18728454
   0.59464692  0.19187912  0.48838175
   0.70637000  0.19194000  0.08602000
   0.98376756  0.43666326  0.28756766
   0.78116618  0.06086351  0.39238563
   0.84571181  0.31519607  0.18683888
   0.93180430  0.18833278  0.48705700
   0.03971000  0.69194000  0.08602000
   0.31292161  0.93985338  0.28856114
   0.11994398  0.55658587  0.38822724
   0.17879568  0.81559875  0.18722839
   0.25872893  0.68732804  0.48130677
   0.37304000  0.69194000  0.08602000
   0.64531076  0.93990120  0.28888120
   0.45509284  0.56108998  0.38943582
   0.51242146  0.81556939  0.18724587
   0.58880611  0.69805810  0.48574460
   0.70637000  0.69194000  0.08602000
   0.97932299  0.94027417  0.28871418
   0.84535670  0.81573717  0.18745022
   0.92497610  0.69711518  0.48748750
   0.78829879  0.56141484  0.39109812
   0.17911578  0.06454303  0.18547573
   0.27241033  0.43166740  0.49156529
   0.03971000  0.44194000  0.08602000
   0.31579979  0.18830785  0.28953025
   0.12333927  0.31034206  0.39017114
   0.51243981  0.06447479  0.18543981
   0.60206477  0.43608885  0.49207948
   0.37304000  0.44194000  0.08602000
   0.64892146  0.18805425  0.28907900
   0.45757840  0.31288477  0.39163220
   0.84565107  0.06453735  0.18571488
   0.94212668  0.43217434  0.49282383
   0.70637000  0.44194000  0.08602000
   0.98210688  0.18770658  0.28957392
   0.79083413  0.31146491  0.38954214
   0.18076051  0.56424202  0.18548885
   0.26070495  0.93719534  0.50255791
   0.03971000  0.94194000  0.08602000
   0.31570124  0.68878775  0.28950599
   0.11090807  0.81470419  0.38986207
   0.51391805  0.56391386  0.18528085
   0.37304000  0.94194000  0.08602000
   0.64893758  0.68845792  0.28878196
   0.44494676  0.81913936  0.39358671
   0.84730411  0.56390722  0.18490468
   0.92373858  0.93680658  0.49585353
   0.70637000  0.94194000  0.08602000
   0.98217435  0.68786222  0.28835186
   0.77767996  0.81635383  0.39005166
   0.17417000  0.33753000  0.10253000
   0.25699792  0.20419409  0.40329486
   0.07154619  0.32292270  0.50290391
   0.31471292  0.46036780  0.20423346
   0.11649762  0.08374784  0.30683047
   0.23858000  0.04636000  0.06951000
   0.04512536  0.17039040  0.16958466
   0.32238002  0.41591414  0.37209739
   0.12432115  0.04710776  0.47946709
   0.18177077  0.29222745  0.27021247
   0.50750000  0.33753000  0.10253000
   0.59353209  0.20738361  0.40447831
   0.40615604  0.32498362  0.50048004
   0.64837103  0.46073780  0.20464221
   0.44956301  0.08385234  0.30642360
   0.57191000  0.04636000  0.06951000
   0.37877263  0.17059841  0.16971725
   0.65793185  0.41728367  0.37277426
   0.45627389  0.05130948  0.47560265
   0.51588656  0.29292498  0.27044146
   0.84083000  0.33753000  0.10253000
   0.92208112  0.20402683  0.40414307
   0.73619166  0.32960743  0.50760593
   0.98131715  0.46016220  0.20385008
   0.78220060  0.08380749  0.30695156
   0.90524000  0.04636000  0.06951000
   0.71182270  0.17022791  0.16956657
   0.98889027  0.41373544  0.37137187
   0.79197387  0.04713591  0.48035205
   0.84814847  0.29161562  0.26990084
   0.17417000  0.83753000  0.10253000
   0.24224400  0.70557128  0.39923145
   0.05605301  0.83008072  0.50457848
   0.31337198  0.96093207  0.20440098
   0.11476791  0.58195364  0.30490958
   0.23858000  0.54636000  0.06951000
   0.04687934  0.67031643  0.16949427
   0.30839124  0.92007626  0.37211832
   0.13899113  0.53893829  0.47436757
   0.18143887  0.79259206  0.27018347
   0.50750000  0.83753000  0.10253000
   0.57891752  0.70951513  0.40277743
   0.39166511  0.82241368  0.49338042
   0.64659249  0.96110709  0.20477794
   0.44952427  0.58306272  0.30572535
   0.57191000  0.54636000  0.06951000
   0.38047968  0.67022595  0.16946850
   0.64280856  0.92009820  0.37251903
   0.47155994  0.54481089  0.47593429
   0.51464229  0.79276096  0.27017521
   0.84083000  0.83753000  0.10253000
   0.72224837  0.82991533  0.50634858
   0.97998388  0.96124259  0.20474347
   0.78278666  0.58366283  0.30655208
   0.90524000  0.54636000  0.06951000
   0.71353653  0.67036607  0.16954646
   0.97615838  0.91939209  0.37250515
   0.80819884  0.54510745  0.48069886
   0.84864113  0.79278373  0.27057876
   0.90986014  0.70912377  0.40547561
   0.42824610  0.97096521  0.59659980
   0.78116355  0.47374888  0.58977275
