   0.93125302  0.19114226  0.49692531
   0.03971000  0.19194000  0.09637000
   0.31977996  0.44026937  0.29955996
   0.11576103  0.06095016  0.40111126
   0.17987009  0.31650984  0.19779011
   0.26176808  0.18983416  0.49639608
   0.37304000  0.19194000  0.09637000
   0.65182001  0.43812972  0.29704022
   0.45064999  0.06466067  0.40350002
   0.51248023  0.31518015  0.19698030
   0.59292952  0.19493094  0.50176018
   0.70637000  0.19194000  0.09637000
   0.98701943  0.43881962  0.29851981
   0.78224093  0.06229092  0.40198041
   0.84666964  0.31572997  0.19737010
   0.03971000  0.69194000  0.09637000
   0.31351009  0.94082022  0.30069982
   0.12515922  0.56063907  0.40138923
   0.18008988  0.81666986  0.19796996
   0.25685050  0.69412966  0.49718969
   0.37304000  0.69194000  0.09637000
   0.64623000  0.93976025  0.29991968
   0.45821914  0.56272814  0.40290861
   0.51286984  0.81631983  0.19772987
   0.61030509  0.68535775  0.50387273
   0.70637000  0.69194000  0.09637000
   0.97877026  0.93917034  0.29940981
   0.84630974  0.81600985  0.19739987
   0.90685831  0.68637402  0.49970491
   0.79426832  0.55926945  0.39694877
   0.17926030  0.06467011  0.19609005
   0.27853219  0.43032893  0.50402018
   0.03971000  0.44194000  0.09637000
   0.31546011  0.18873016  0.29985010
   0.12757071  0.31225874  0.39957933
   0.51264991  0.06435014  0.19578008
   0.60577733  0.42686581  0.49887036
   0.37304000  0.44194000  0.09637000
   0.64877982  0.18814032  0.29907005
   0.46022053  0.31250978  0.39975998
   0.84613996  0.06462002  0.19571008
   0.94729816  0.42857150  0.50210022
   0.70637000  0.44194000  0.09637000
   0.98221036  0.18823987  0.29927008
   0.79380902  0.31150973  0.39805981
   0.18137999  0.56495987  0.19582001
   0.24724226  0.93709611  0.50586958
   0.03971000  0.94194000  0.09637000
   0.31710970  0.69007999  0.30057964
   0.11054040  0.81647112  0.40383941
   0.51430010  0.56455959  0.19515014
   0.58163900  0.94026373  0.50575947
   0.37304000  0.94194000  0.09637000
   0.64978051  0.68973938  0.29925973
   0.44581885  0.81720183  0.40433950
   0.84805940  0.56456965  0.19517023
   0.91733435  0.93861699  0.50514983
   0.70637000  0.94194000  0.09637000
   0.98424897  0.68979953  0.29903989
   0.77683146  0.81486197  0.40429910
   0.17417000  0.33753000  0.11288000
   0.25962188  0.20459070  0.41257998
   0.07803247  0.32210704  0.51429275
   0.31567976  0.46177004  0.21582977
   0.11528953  0.08357962  0.31688977
   0.23858000  0.04636000  0.07986000
   0.04601950  0.17127986  0.18045995
   0.32701909  0.41685125  0.38306032
   0.11902939  0.04867484  0.48866254
   0.18267975  0.29383014  0.28140995
   0.50750000  0.33753000  0.11288000
   0.59510025  0.20844926  0.41702027
   0.40981849  0.31937938  0.51415805
   0.64830998  0.46051022  0.21405949
   0.44978005  0.08549924  0.31891991
   0.57191000  0.04636000  0.07986000
   0.37881992  0.17034996  0.18012990
   0.66009857  0.41510881  0.38015032
   0.45213110  0.05266662  0.49126962
   0.51558951  0.29257929  0.28033981
   0.84083000  0.33753000  0.11288000
   0.92613878  0.20577156  0.41364008
   0.74262017  0.32664182  0.52518783
   0.98208038  0.46104008  0.21491992
   0.78200987  0.08432955  0.31759001
   0.90524000  0.04636000  0.07986000
   0.71226005  0.17079995  0.18030994
   0.99319111  0.41581105  0.38230067
   0.78606465  0.05183364  0.48938864
   0.84916038  0.29310001  0.28092998
   0.17417000  0.83753000  0.11288000
   0.24513050  0.70951024  0.41507039
   0.04720917  0.82946971  0.51137092
   0.31384002  0.96188981  0.21628002
   0.11748038  0.58486044  0.31746032
   0.23858000  0.54636000  0.07986000
   0.04755997  0.67103022  0.18042001
   0.31103994  0.92160843  0.38519023
   0.14631894  0.54049863  0.48767016
   0.18306008  0.79400996  0.28153012
   0.50750000  0.83753000  0.11288000
   0.57608349  0.71040854  0.42045078
   0.38017994  0.83269948  0.51549011
   0.64699001  0.96153982  0.21569993
   0.45165017  0.58623090  0.31895022
   0.57191000  0.54636000  0.07986000
   0.38071982  0.67081025  0.18023999
   0.64367911  0.91994770  0.38414023
   0.47760770  0.53676625  0.48692263
   0.51553013  0.79343010  0.28111039
   0.84083000  0.83753000  0.11288000
   0.71548010  0.83813211  0.51189264
   0.98009998  0.96132984  0.21526989
   0.78391111  0.58430157  0.31501923
   0.90524000  0.54636000  0.07986000
   0.71388993  0.67044039  0.18006998
   0.97523867  0.91895775  0.38357010
   0.81043060  0.52860938  0.47814788
   0.84878990  0.79292000  0.28054026
   0.91189708  0.70655262  0.41546036
   0.09599841  0.18979062  0.58576651
   0.75946271  0.48953960  0.59282118
