   0.93711001  0.68925679  0.50037079
   0.03971000  0.19194000  0.09637000
   0.31896756  0.43853595  0.29813374
   0.11601230  0.06252947  0.40045987
   0.18006915  0.31517502  0.19630520
   0.25274464  0.19798005  0.49633415
   0.37304000  0.19194000  0.09637000
   0.65240026  0.43904210  0.29878999
   0.44983886  0.06320594  0.40232352
   0.51307347  0.31574324  0.19748975
   0.58774338  0.19615109  0.49917503
   0.70637000  0.19194000  0.09637000
   0.98573601  0.43881104  0.29820159
   0.78123148  0.06235594  0.40131772
   0.84610164  0.31556387  0.19733417
   0.92257028  0.19295739  0.49692577
   0.03971000  0.69194000  0.09637000
   0.31265059  0.94015480  0.30004968
   0.12706113  0.56002401  0.39994313
   0.17939212  0.81633704  0.19790285
   0.25197456  0.68890728  0.49926985
   0.37304000  0.69194000  0.09637000
   0.64555847  0.93971463  0.29939427
   0.45774646  0.56056163  0.40079758
   0.51254078  0.81597360  0.19773079
   0.59506225  0.69370680  0.49621856
   0.70637000  0.69194000  0.09637000
   0.97916587  0.93957072  0.29884854
   0.84593728  0.81578692  0.19755533
   0.79209274  0.56062840  0.40098092
   0.17952312  0.06452679  0.19596464
   0.28118513  0.43175213  0.50278853
   0.03971000  0.44194000  0.09637000
   0.31593666  0.18875319  0.29944746
   0.12641512  0.31204986  0.39909068
   0.51249032  0.06442284  0.19598542
   0.61255472  0.43308190  0.50404505
   0.37304000  0.44194000  0.09637000
   0.64898527  0.18829979  0.29940829
   0.46019611  0.31279591  0.39992806
   0.84591684  0.06430374  0.19563961
   0.94904224  0.42962581  0.50271026
   0.70637000  0.44194000  0.09637000
   0.98249956  0.18836313  0.29877942
   0.79294830  0.31217608  0.39912577
   0.18066309  0.56459268  0.19540809
   0.25190781  0.94194382  0.50420406
   0.03971000  0.94194000  0.09637000
   0.31634993  0.68944468  0.29946610
   0.10967111  0.81691408  0.40432833
   0.51404852  0.56445071  0.19539609
   0.58190663  0.93862013  0.50591091
   0.37304000  0.94194000  0.09637000
   0.64933095  0.68888698  0.29932547
   0.44326221  0.81691081  0.40279943
   0.84730017  0.56459447  0.19565937
   0.91590361  0.94041130  0.50260058
   0.70637000  0.94194000  0.09637000
   0.98305819  0.68955843  0.29979254
   0.77810022  0.81605276  0.40139905
   0.17311140  0.33288913  0.10950269
   0.26026187  0.20508159  0.41195635
   0.08039531  0.31940319  0.51320352
   0.31475317  0.46026800  0.21387348
   0.11588621  0.08393814  0.31612266
   0.23858000  0.04636000  0.07986000
   0.04560799  0.17068506  0.18009625
   0.32541559  0.41627094  0.38200546
   0.11855991  0.05214349  0.48809395
   0.18272367  0.29302713  0.27997603
   0.50750000  0.33753000  0.11288000
   0.59356633  0.20614923  0.41492792
   0.41355303  0.32280187  0.51273579
   0.64824306  0.46091443  0.21492153
   0.44935317  0.08452782  0.31782100
   0.57191000  0.04636000  0.07986000
   0.37902103  0.17075796  0.18027314
   0.65902062  0.41619423  0.38239359
   0.45403397  0.05012660  0.49011290
   0.51609855  0.29308102  0.28083368
   0.84083000  0.33753000  0.11288000
   0.92529556  0.20509879  0.41325770
   0.74484104  0.32348196  0.51837385
   0.98164241  0.46086663  0.21442271
   0.78244980  0.08397017  0.31700691
   0.90524000  0.04636000  0.07986000
   0.71216842  0.17054620  0.18005336
   0.99210141  0.41548109  0.38152768
   0.78378366  0.04867886  0.48924835
   0.84896728  0.29285514  0.28054137
   0.17417000  0.83753000  0.11288000
   0.24481124  0.70926854  0.41615606
   0.05230016  0.83981911  0.50515101
   0.31369475  0.96150307  0.21570039
   0.11730670  0.58478887  0.31665405
   0.23858000  0.54636000  0.07986000
   0.04670571  0.67089280  0.18019351
   0.30931235  0.92115073  0.38434524
   0.14844714  0.53553377  0.48335822
   0.18185017  0.79357740  0.28123169
   0.50750000  0.83753000  0.11288000
   0.57724514  0.70969498  0.41445554
   0.37995162  0.83210078  0.51424841
   0.64683163  0.96119276  0.21514716
   0.44986387  0.58433858  0.31690982
   0.57191000  0.54636000  0.07986000
   0.37998746  0.67065292  0.18009301
   0.64280502  0.91987665  0.38362713
   0.48072828  0.54265471  0.48727136
   0.51524951  0.79293883  0.28091128
   0.84083000  0.83753000  0.11288000
   0.71563577  0.83330145  0.51493221
   0.98017514  0.96094420  0.21472173
   0.78379898  0.58498888  0.31703046
   0.90524000  0.54636000  0.07986000
   0.71323553  0.67053029  0.18011079
   0.97586935  0.92044186  0.38266792
   0.81328731  0.53780190  0.48563725
   0.84813204  0.79285466  0.28075724
   0.90831237  0.70892086  0.41727550
   0.03767534  0.65364020  0.59149244
   0.80225857  0.49535118  0.60300595
