   0.93096743  0.68506490  0.50299834
   0.03971000  0.19194000  0.09637000
   0.31905568  0.43917667  0.29726006
   0.11890727  0.06278346  0.39998737
   0.17988623  0.31554102  0.19581238
   0.24872924  0.19974593  0.49571654
   0.37304000  0.19194000  0.09637000
   0.65264441  0.44071521  0.29806789
   0.45185251  0.06589308  0.40180432
   0.51277929  0.31635774  0.19726813
   0.58057343  0.19499851  0.50088935
   0.70637000  0.19194000  0.09637000
   0.98589115  0.43998970  0.29759478
   0.78444835  0.06366744  0.40024961
   0.84573751  0.31623554  0.19712468
   0.92088087  0.19598366  0.49541394
   0.03971000  0.69194000  0.09637000
   0.31355589  0.94220248  0.29936817
   0.12914968  0.56265539  0.39851667
   0.17911952  0.81701944  0.19761662
   0.26846405  0.69456045  0.49355837
   0.37304000  0.69194000  0.09637000
   0.64753071  0.94102991  0.29851781
   0.46002487  0.56109482  0.39910444
   0.51214884  0.81650544  0.19744699
   0.60169155  0.69307245  0.49399972
   0.70637000  0.69194000  0.09637000
   0.97997472  0.94052238  0.29855260
   0.84547973  0.81636924  0.19732840
   0.79500662  0.56259686  0.40010856
   0.17930067  0.06508659  0.19566611
   0.28482789  0.43512501  0.50150017
   0.03971000  0.44194000  0.09637000
   0.31611301  0.19010108  0.29915979
   0.12748453  0.31348943  0.39849205
   0.51251610  0.06510592  0.19548147
   0.61193849  0.43193717  0.50142736
   0.37304000  0.44194000  0.09637000
   0.64942099  0.19001287  0.29850961
   0.46118805  0.31386107  0.39933737
   0.84577849  0.06480269  0.19521976
   0.95571102  0.43175577  0.49667305
   0.70637000  0.44194000  0.09637000
   0.98276672  0.18946210  0.29818223
   0.79360498  0.31430857  0.39817742
   0.18037071  0.56491364  0.19505817
   0.25429646  0.93995393  0.50439639
   0.03971000  0.94194000  0.09637000
   0.31618364  0.69057903  0.29850802
   0.11184394  0.81821630  0.40319811
   0.51381714  0.56482968  0.19502459
   0.58809992  0.93940019  0.50352033
   0.37304000  0.94194000  0.09637000
   0.64949766  0.69041836  0.29891503
   0.44768190  0.81925031  0.39926111
   0.84720975  0.56507559  0.19517899
   0.92239309  0.93906504  0.50281005
   0.70637000  0.94194000  0.09637000
   0.98305143  0.69089778  0.29870647
   0.78159620  0.81701887  0.40192339
   0.17310575  0.33269568  0.10918317
   0.26127969  0.20571961  0.41087133
   0.08688262  0.31979140  0.50961567
   0.31452951  0.46048293  0.21309475
   0.11611665  0.08475172  0.31566531
   0.23858000  0.04636000  0.07986000
   0.04527549  0.17114484  0.17998915
   0.32675943  0.41718700  0.38110038
   0.12263437  0.05030793  0.48753991
   0.18238874  0.29396250  0.27952856
   0.50750000  0.33753000  0.11288000
   0.59544572  0.20898443  0.41632454
   0.41236765  0.32382125  0.51255344
   0.64839880  0.46160996  0.21426020
   0.45090115  0.08659103  0.31736524
   0.57191000  0.04636000  0.07986000
   0.37864777  0.17134973  0.18024227
   0.65954536  0.41779967  0.38140273
   0.45533436  0.04879353  0.48910844
   0.51595927  0.29473964  0.28055646
   0.84083000  0.33753000  0.11288000
   0.92525290  0.20713636  0.41192467
   0.73933211  0.31862742  0.52363655
   0.98153157  0.46133205  0.21387654
   0.78296575  0.08559988  0.31589622
   0.90524000  0.04636000  0.07986000
   0.71195929  0.17112437  0.18009178
   0.99379735  0.41792020  0.38116758
   0.78964445  0.04923846  0.48782650
   0.84927587  0.29434116  0.28039706
   0.17417000  0.83753000  0.11288000
   0.24896178  0.71250545  0.41176070
   0.05633265  0.83515444  0.51084363
   0.31390652  0.96217674  0.21513721
   0.11701607  0.58593267  0.31510981
   0.23858000  0.54636000  0.07986000
   0.04657617  0.67142844  0.18021012
   0.31161014  0.92361631  0.38352443
   0.15899599  0.54455974  0.48272381
   0.18193023  0.79543837  0.28089605
   0.50750000  0.83753000  0.11288000
   0.57948158  0.71066884  0.41250604
   0.38766421  0.83354368  0.51377067
   0.64681594  0.96165994  0.21452052
   0.45008288  0.58519426  0.31538828
   0.57191000  0.54636000  0.07986000
   0.37972903  0.67113067  0.18018737
   0.64693591  0.92128814  0.38252733
   0.48476808  0.54319798  0.48538348
   0.51510793  0.79465628  0.28078242
   0.84083000  0.83753000  0.11288000
   0.72036429  0.83374485  0.51152547
   0.98017734  0.96149241  0.21442978
   0.78464460  0.58675853  0.31646520
   0.90524000  0.54636000  0.07986000
   0.71300805  0.67114069  0.18007384
   0.97787600  0.92095491  0.38267664
   0.81090601  0.53494092  0.48241090
   0.84808435  0.79458412  0.28059376
   0.91373243  0.71041969  0.41901996
  -0.06877856  0.63767436  0.60289615
   0.81397717  0.44147298  0.59547229
