   0.94021200  0.18653632  0.49704157
   0.03971000  0.19194000  0.09637000
   0.30993348  0.44122511  0.29859991
   0.13062179  0.06164550  0.40078642
   0.17876242  0.31627709  0.19725162
   0.25700283  0.19512955  0.49841301
   0.37304000  0.19194000  0.09637000
   0.64377242  0.44133259  0.29889075
   0.46347977  0.06343762  0.40168640
   0.51198896  0.31656402  0.19731959
   0.59151513  0.19443826  0.49918865
   0.70637000  0.19194000  0.09637000
   0.97667939  0.44159889  0.29792574
   0.79663624  0.06073249  0.39925315
   0.84543500  0.31625307  0.19705640
   0.03971000  0.69194000  0.09637000
   0.32002457  0.94122702  0.29928108
   0.11202207  0.56625447  0.39936773
   0.17881609  0.81710678  0.19768321
   0.25581855  0.70126249  0.49524586
   0.37304000  0.69194000  0.09637000
   0.65321726  0.93954784  0.29784723
   0.44507261  0.56586152  0.40016728
   0.51188507  0.81624301  0.19720338
   0.58974364  0.69787327  0.49586666
   0.70637000  0.69194000  0.09637000
   0.98688329  0.94012878  0.29874438
   0.84529431  0.81659101  0.19749041
   0.92232375  0.69715528  0.49685162
   0.77775614  0.56534764  0.40095757
   0.18057087  0.06502012  0.19549580
   0.24295217  0.44593237  0.50330637
   0.03971000  0.44194000  0.09637000
   0.31640299  0.19084194  0.29935391
   0.10738261  0.31976342  0.40233558
   0.51368339  0.06473848  0.19504706
   0.56989627  0.44561869  0.50846898
   0.37304000  0.44194000  0.09637000
   0.64959151  0.19008960  0.29818377
   0.44170558  0.32015650  0.40223186
   0.84718443  0.06480329  0.19541995
   0.90880369  0.44675212  0.50111855
   0.70637000  0.44194000  0.09637000
   0.98306821  0.19044072  0.29884182
   0.77639169  0.31815081  0.40024786
   0.17793561  0.56521552  0.19526146
   0.29218947  0.93326392  0.50284816
   0.03971000  0.94194000  0.09637000
   0.31395339  0.69028988  0.29860967
   0.12943611  0.81369935  0.39894591
   0.51123004  0.56512894  0.19547488
   0.62635070  0.93214928  0.50189537
   0.37304000  0.94194000  0.09637000
   0.64722142  0.68985792  0.29891637
   0.46326134  0.81431592  0.39839707
   0.84459335  0.56531989  0.19533186
   0.95908975  0.93158903  0.50253108
   0.70637000  0.94194000  0.09637000
   0.98039811  0.69028551  0.29887153
   0.79636824  0.81332121  0.39894810
   0.17417000  0.33753000  0.11288000
   0.24272309  0.21304939  0.41650120
   0.04231996  0.34174584  0.50590348
   0.31210336  0.46163127  0.21457556
   0.11788372  0.08653462  0.31746833
   0.23858000  0.04636000  0.07986000
   0.04633077  0.17093195  0.18027821
   0.30682042  0.42271070  0.38314042
   0.15932026  0.04051087  0.48595573
   0.18152942  0.29409059  0.28067434
   0.50750000  0.33753000  0.11288000
   0.57633497  0.21492660  0.41797773
   0.37066884  0.33808799  0.51645535
   0.64562242  0.46190406  0.21488375
   0.45154723  0.08752875  0.31825440
   0.57191000  0.04636000  0.07986000
   0.37975288  0.17110232  0.18027765
   0.64079959  0.42197845  0.38363962
   0.49260083  0.04233636  0.48786136
   0.51490434  0.29433251  0.28078882
   0.84083000  0.33753000  0.11288000
   0.90764106  0.21115628  0.41562039
   0.69777297  0.33802957  0.52441840
   0.97877670  0.46174678  0.21413642
   0.78408419  0.08597310  0.31590647
   0.90524000  0.04636000  0.07986000
   0.71293329  0.17083749  0.18022362
   0.97286876  0.42254810  0.38180346
   0.82468216  0.03607772  0.48288744
   0.84800813  0.29407192  0.28038710
   0.17417000  0.83753000  0.11288000
   0.26342682  0.70666879  0.41005494
   0.09118057  0.82031567  0.51197096
   0.31523731  0.96214428  0.21542257
   0.11369412  0.58546413  0.31512639
   0.23858000  0.54636000  0.07986000
   0.04444554  0.67197695  0.18051672
   0.32924365  0.91977154  0.38328973
   0.11545504  0.55742958  0.48640228
   0.18117651  0.79599678  0.28138612
   0.50750000  0.83753000  0.11288000
   0.59525563  0.70580816  0.41117754
   0.42429112  0.82323399  0.51144104
   0.64801917  0.96126762  0.21433498
   0.44701057  0.58494421  0.31574677
   0.57191000  0.54636000  0.07986000
   0.37753081  0.67139355  0.18029234
   0.66232693  0.91729578  0.38137361
   0.44538157  0.55488556  0.48856234
   0.51430335  0.79470499  0.28065897
   0.84083000  0.83753000  0.11288000
   0.75706876  0.82022689  0.51149085
   0.98177354  0.96155292  0.21502184
   0.78034965  0.58510776  0.31644149
   0.90524000  0.54636000  0.07986000
   0.71089948  0.67163624  0.18042117
   0.99586341  0.91780024  0.38250452
   0.77402599  0.55418033  0.48950028
   0.84746666  0.79514811  0.28115240
   0.92865621  0.70512622  0.41195363
   0.00341916  0.14694027  0.59871803
   0.82278657  0.26770287  0.58964468
