   0.57964370  0.68747853  0.50108255
   0.03971000  0.19194000  0.09637000
   0.31845447  0.43835655  0.29707869
   0.11533674  0.06164365  0.40062673
   0.17960409  0.31490204  0.19595791
   0.25415597  0.19349414  0.49653446
   0.37304000  0.19194000  0.09637000
   0.65217104  0.43807580  0.29771401
   0.45038250  0.06409915  0.40156872
   0.51370550  0.31481028  0.19600654
   0.58387428  0.20101437  0.49947259
   0.70637000  0.19194000  0.09637000
   0.98669221  0.44009849  0.29945586
   0.78162712  0.06215146  0.40105293
   0.84678370  0.31617550  0.19772907
   0.92611616  0.19271580  0.49635272
   0.03971000  0.69194000  0.09637000
   0.31330486  0.94005380  0.29916499
   0.12643462  0.56132280  0.40304629
   0.17966175  0.81560247  0.19666996
   0.27526428  0.68937803  0.50269182
   0.37304000  0.69194000  0.09637000
   0.64527158  0.93923952  0.29903353
   0.45920090  0.56003178  0.39850239
   0.51331576  0.81543013  0.19639849
   0.70637000  0.69194000  0.09637000
   0.97909262  0.93906537  0.29905875
   0.84612412  0.81555894  0.19740839
   0.93121453  0.69476634  0.49549764
   0.79050413  0.56082628  0.39996532
   0.17900042  0.06411290  0.19545284
   0.28088761  0.43040698  0.50400860
   0.03971000  0.44194000  0.09637000
   0.31549982  0.18844574  0.29873581
   0.12668509  0.31268208  0.39918557
   0.51256954  0.06421867  0.19521968
   0.60944771  0.43134497  0.49986798
   0.37304000  0.44194000  0.09637000
   0.64916290  0.18843890  0.29880144
   0.45933419  0.31217730  0.39885580
   0.84568510  0.06416380  0.19542668
   0.95033727  0.43240455  0.50444554
   0.70637000  0.44194000  0.09637000
   0.98226821  0.18828727  0.29871401
   0.79363060  0.31244100  0.39875396
   0.18061933  0.56447094  0.19517268
   0.24984029  0.94234260  0.50250179
   0.03971000  0.94194000  0.09637000
   0.31629629  0.68991326  0.29933682
   0.11263667  0.81594834  0.40184042
   0.51385077  0.56412137  0.19488867
   0.58552627  0.94279163  0.50447699
   0.37304000  0.94194000  0.09637000
   0.64935163  0.68920609  0.29865562
   0.44385523  0.81643605  0.40529202
   0.84744762  0.56435392  0.19529013
   0.91474763  0.93835008  0.50497732
   0.70637000  0.94194000  0.09637000
   0.98335230  0.68925942  0.29959029
   0.77606238  0.81607119  0.40290549
   0.17299234  0.33277402  0.10956312
   0.25888015  0.20472045  0.41246197
   0.07843618  0.32073049  0.51408506
   0.31463691  0.45977533  0.21311826
   0.11530873  0.08369053  0.31646534
   0.23858000  0.04636000  0.07986000
   0.04525046  0.17043126  0.18009412
   0.32516762  0.41480845  0.38011420
   0.11581095  0.04997457  0.48859041
   0.18211100  0.29251070  0.27956617
   0.50659371  0.33271340  0.10954275
   0.59480007  0.20725679  0.41436713
   0.41312467  0.31808521  0.51362730
   0.64808171  0.45987768  0.21355294
   0.44939923  0.08467136  0.31709289
   0.57191000  0.04636000  0.07986000
   0.37874746  0.17050323  0.18014642
   0.65965770  0.41639022  0.38212642
   0.45293850  0.05467387  0.48940702
   0.51603222  0.29289126  0.27986713
   0.84083000  0.33753000  0.11288000
   0.92529631  0.20546017  0.41320439
   0.74362434  0.32856002  0.51956450
   0.98220660  0.46149786  0.21542991
   0.78206442  0.08380187  0.31670029
   0.90524000  0.04636000  0.07986000
   0.71238095  0.17108620  0.18046361
   0.99223319  0.41717309  0.38326342
   0.78708123  0.04963305  0.48898481
   0.84969343  0.29394236  0.28137881
   0.17306761  0.83292992  0.10988894
   0.24241162  0.70930802  0.41955438
   0.04934670  0.83449367  0.51410306
   0.31348721  0.96055426  0.21434490
   0.11782768  0.58598417  0.31860964
   0.23858000  0.54636000  0.07986000
   0.04661021  0.67082433  0.18019838
   0.31027095  0.92086271  0.38337782
   0.14775422  0.53836087  0.48815592
   0.18190828  0.79367025  0.28055083
   0.50662249  0.83287543  0.10971241
   0.57895491  0.70847689  0.41700211
   0.38504702  0.84205449  0.50585737
   0.64642655  0.96059605  0.21430835
   0.44999209  0.58484947  0.31535049
   0.57191000  0.54636000  0.07986000
   0.37999800  0.67061659  0.18011130
   0.64217536  0.91995389  0.38335743
   0.47839519  0.53238682  0.48028631
   0.51525439  0.79329273  0.28003212
   0.84083000  0.83753000  0.11288000
   0.71403665  0.83372536  0.51243489
   0.98003694  0.96086844  0.21495126
   0.78317446  0.58393976  0.31626314
   0.90524000  0.54636000  0.07986000
   0.71321410  0.67035520  0.18011619
   0.97627140  0.91923946  0.38321730
   0.81602173  0.54305810  0.48872337
   0.84859626  0.79260669  0.28062990
   0.91141411  0.70869646  0.41383293
   0.42007721  0.65436299  0.58480509
   0.76627918  0.48291177  0.59883812
