   0.92421212  0.68679446  0.49961706
   0.03971000  0.19194000  0.09637000
   0.31982281  0.44015227  0.29964257
   0.11582546  0.06107750  0.40087155
   0.17985013  0.31635406  0.19781925
   0.26146991  0.19063177  0.49643119
   0.37304000  0.19194000  0.09637000
   0.65193678  0.43817475  0.29720134
   0.45068057  0.06476305  0.40334793
   0.51259890  0.31526506  0.19714993
   0.59325138  0.19582666  0.50173931
   0.70637000  0.19194000  0.09637000
   0.98695925  0.43897043  0.29864645
   0.78236718  0.06248961  0.40186093
   0.84653202  0.31576668  0.19746848
   0.93115004  0.19199214  0.49684319
   0.03971000  0.69194000  0.09637000
   0.31348829  0.94073795  0.30067641
   0.12560030  0.56028915  0.40171021
   0.18003743  0.81657863  0.19806980
   0.24910781  0.69064651  0.50047029
   0.37304000  0.69194000  0.09637000
   0.64616253  0.93970911  0.29983972
   0.45755971  0.56191020  0.40247315
   0.51281202  0.81621582  0.19778087
   0.60071724  0.68881780  0.49967626
   0.70637000  0.69194000  0.09637000
   0.97877568  0.93909605  0.29932948
   0.84619506  0.81592336  0.19744910
   0.79377120  0.55925013  0.39695752
   0.17940474  0.06469377  0.19611817
   0.27658156  0.43042780  0.50414371
   0.03971000  0.44194000  0.09637000
   0.31566076  0.18884553  0.29982364
   0.12753455  0.31255387  0.39969652
   0.51259437  0.06439070  0.19585629
   0.60689211  0.42631026  0.49922087
   0.37304000  0.44194000  0.09637000
   0.64873108  0.18832442  0.29909800
   0.46080687  0.31267923  0.39956265
   0.84610240  0.06460595  0.19577175
   0.94841250  0.42952882  0.50249198
   0.70637000  0.44194000  0.09637000
   0.98230595  0.18831491  0.29928642
   0.79364856  0.31186083  0.39806860
   0.18130577  0.56494431  0.19592162
   0.25034994  0.93852523  0.50563343
   0.03971000  0.94194000  0.09637000
   0.31665308  0.69002172  0.30063030
   0.11092511  0.81594777  0.40347847
   0.51432885  0.56440987  0.19526769
   0.58002982  0.94037174  0.50560186
   0.37304000  0.94194000  0.09637000
   0.65002842  0.68941059  0.29915157
   0.44448745  0.81756548  0.40447827
   0.84783563  0.56443555  0.19536591
   0.91686355  0.94104400  0.50441829
   0.70637000  0.94194000  0.09637000
   0.98394510  0.68947192  0.29911855
   0.77766962  0.81541377  0.40378075
   0.17135156  0.33231715  0.11142781
   0.25951425  0.20427441  0.41266641
   0.07816921  0.32120702  0.51416591
   0.31551511  0.46168052  0.21561971
   0.11524987  0.08347300  0.31696218
   0.23858000  0.04636000  0.07986000
   0.04573991  0.17114935  0.18046575
   0.32688691  0.41686299  0.38304780
   0.11828989  0.04735423  0.48885028
   0.18257996  0.29372754  0.28135696
   0.50750000  0.33753000  0.11288000
   0.59503636  0.20793221  0.41712623
   0.40952032  0.31964943  0.51387471
   0.64824368  0.46051698  0.21376121
   0.44979756  0.08526147  0.31886254
   0.57191000  0.04636000  0.07986000
   0.37878872  0.17034346  0.18005004
   0.65891888  0.41413454  0.38018683
   0.45202554  0.05218713  0.49123925
   0.51528391  0.29216805  0.28020899
   0.84083000  0.33753000  0.11288000
   0.92602666  0.20544216  0.41368541
   0.74169210  0.32580630  0.52395980
   0.98221981  0.46097583  0.21477237
   0.78208490  0.08423180  0.31763335
   0.90524000  0.04636000  0.07986000
   0.71226457  0.17077129  0.18023005
   0.99291344  0.41558643  0.38214284
   0.78591169  0.05019299  0.48978749
   0.84925061  0.29289991  0.28087652
   0.17417000  0.83753000  0.11288000
   0.24686950  0.71000895  0.41485339
   0.04166328  0.83929754  0.50696679
   0.31387616  0.96186601  0.21622622
   0.11737664  0.58496125  0.31729897
   0.23858000  0.54636000  0.07986000
   0.04748391  0.67111500  0.18032804
   0.31083977  0.92176027  0.38520865
   0.14747683  0.53615545  0.48472637
   0.18302922  0.79415368  0.28146808
   0.50750000  0.83753000  0.11288000
   0.57809383  0.70949272  0.42060226
   0.38459747  0.83690460  0.51460811
   0.64701105  0.96150928  0.21560212
   0.45183248  0.58656237  0.31892408
   0.57191000  0.54636000  0.07986000
   0.38063851  0.67090308  0.18015557
   0.64366991  0.91926556  0.38423923
   0.48147776  0.53958082  0.48815228
   0.51570872  0.79354055  0.28123154
   0.84083000  0.83753000  0.11288000
   0.71718788  0.83098462  0.51337180
   0.98015021  0.96134078  0.21516692
   0.78416782  0.58478910  0.31442691
   0.90524000  0.54636000  0.07986000
   0.71379985  0.67061576  0.17998577
   0.97532928  0.91897319  0.38372004
   0.80878147  0.53262847  0.48159485
   0.84874386  0.79309527  0.28058740
   0.90865333  0.70800879  0.41587503
   0.07540051  0.68237599  0.58660264
   0.76441299  0.49105879  0.59402076
