   0.27103015  0.43600936  0.48955942
   0.03971000  0.19194000  0.08602000
   0.31628920  0.43867627  0.28834273
   0.12189620  0.05925496  0.38969599
   0.17908030  0.31493843  0.18719002
   0.26136307  0.19368555  0.48426107
   0.37304000  0.19194000  0.08602000
   0.64994027  0.43861988  0.28667497
   0.45390229  0.06164480  0.38974929
   0.51115530  0.31454677  0.18701875
   0.59373158  0.19390812  0.48511959
   0.70637000  0.19194000  0.08602000
   0.98269206  0.43907497  0.28843306
   0.78756310  0.06090900  0.39014673
   0.84677155  0.31538581  0.18706516
   0.93111361  0.19398076  0.48392055
   0.03971000  0.69194000  0.08602000
   0.31310410  0.93884315  0.28859849
   0.11802392  0.56176566  0.39039480
   0.17831640  0.81592672  0.18712673
   0.26062607  0.69318644  0.48603384
   0.37304000  0.69194000  0.08602000
   0.64618753  0.93887215  0.28888888
   0.46030941  0.56072217  0.39018116
   0.51079760  0.81606594  0.18718575
   0.59797693  0.69338504  0.48536690
   0.70637000  0.69194000  0.08602000
   0.97976085  0.93846818  0.28864015
   0.84540439  0.81573272  0.18679022
   0.92658729  0.69433405  0.49492759
   0.78474596  0.56335811  0.38696939
   0.17972245  0.06372241  0.18533357
   0.03971000  0.44194000  0.08602000
   0.31574498  0.18764988  0.28898510
   0.12142376  0.31323878  0.38876668
   0.51344936  0.06458037  0.18571809
   0.60542118  0.43507979  0.49696342
   0.37304000  0.44194000  0.08602000
   0.64948380  0.18877070  0.28936772
   0.45507844  0.31555980  0.38981792
   0.84632199  0.06351527  0.18560232
   0.93929626  0.43455604  0.49843561
   0.70637000  0.44194000  0.08602000
   0.98219755  0.18712707  0.28846297
   0.78841605  0.31435163  0.38921681
   0.17849276  0.56374262  0.18428974
   0.26507021  0.93728357  0.49298193
   0.03971000  0.94194000  0.08602000
   0.31464219  0.68777783  0.28904907
   0.11134555  0.81234661  0.39292056
   0.51189919  0.56396226  0.18509754
   0.59779228  0.93723813  0.49221631
   0.37304000  0.94194000  0.08602000
   0.64779707  0.68860238  0.28620645
   0.44744111  0.81631089  0.39060485
   0.84507401  0.56461855  0.18666066
   0.93191197  0.93865663  0.49279262
   0.70637000  0.94194000  0.08602000
   0.98232012  0.68947168  0.28644441
   0.78149771  0.81402815  0.39285060
   0.17417000  0.33753000  0.10253000
   0.25426659  0.20598214  0.40123565
   0.07186196  0.32659727  0.50196941
   0.31270622  0.46073048  0.20440314
   0.11568033  0.08230358  0.30579159
   0.23858000  0.04636000  0.06951000
   0.04622280  0.16962307  0.16947767
   0.31999855  0.41842885  0.37203401
   0.13290687  0.04670028  0.47648224
   0.18232116  0.29153800  0.27023348
   0.50750000  0.33753000  0.10253000
   0.58811331  0.20795551  0.40230745
   0.40432633  0.32766700  0.49651812
   0.64500232  0.45896750  0.20285307
   0.44997854  0.08327625  0.30588736
   0.57191000  0.04636000  0.06951000
   0.37913973  0.16992468  0.16945629
   0.65599818  0.41885721  0.37060553
   0.46563483  0.04653906  0.47618449
   0.51483871  0.29249138  0.27053892
   0.84083000  0.33753000  0.10253000
   0.92149250  0.20615133  0.40145123
   0.73512472  0.32519306  0.50571111
   0.98031691  0.46069209  0.20464556
   0.78202979  0.08330772  0.30637268
   0.90524000  0.04636000  0.06951000
   0.71370558  0.17018908  0.16945674
   0.98678527  0.41683004  0.37195050
   0.79869316  0.04799911  0.47678788
   0.84929410  0.29216910  0.27028830
   0.17417000  0.83753000  0.10253000
   0.24734461  0.70854722  0.40382605
   0.06406748  0.83229695  0.50335319
   0.31406603  0.96078238  0.20471483
   0.11418585  0.58477736  0.30642914
   0.23858000  0.54636000  0.06951000
   0.04451382  0.67051684  0.16945447
   0.31196728  0.91910291  0.37252801
   0.13497381  0.54517328  0.47616548
   0.18175372  0.79263936  0.27010272
   0.50750000  0.83753000  0.10253000
   0.57976906  0.70989658  0.40313096
   0.39691309  0.82959515  0.50128701
   0.64639803  0.96083586  0.20490396
   0.45010213  0.58378868  0.30626204
   0.57191000  0.54636000  0.06951000
   0.37819105  0.67029710  0.16949899
   0.64832484  0.91912763  0.37296100
   0.47709331  0.54439593  0.47640535
   0.51276482  0.79285987  0.27032310
   0.84083000  0.83753000  0.10253000
   0.73105265  0.83060314  0.50049136
   0.98075927  0.96039126  0.20436376
   0.78323589  0.58484535  0.29806740
   0.90524000  0.54636000  0.06951000
   0.71115054  0.67033705  0.16948904
   0.98059927  0.91607700  0.37280937
   0.80355825  0.54763888  0.50925984
   0.84687813  0.79449917  0.26979090
   0.90822348  0.70290160  0.41154570
   0.09009845  0.53020171  0.65609623
   0.86444733  0.49941059  0.59819542
