   0.94241402  0.93355672  0.49258098
   0.03971000  0.19194000  0.08602000
   0.31285438  0.43930688  0.28717623
   0.12470826  0.06226874  0.39028283
   0.17995595  0.31520569  0.18522400
   0.25954730  0.19490966  0.48666646
   0.37304000  0.19194000  0.08602000
   0.64705629  0.43951789  0.28737370
   0.45840542  0.06187785  0.38942678
   0.51287518  0.31560476  0.18660721
   0.58838795  0.19346002  0.48713997
   0.70637000  0.19194000  0.08602000
   0.98021127  0.43976250  0.28802861
   0.79150677  0.06190876  0.39099134
   0.84629196  0.31592081  0.18680826
   0.92947334  0.18558780  0.49161604
   0.03971000  0.69194000  0.08602000
   0.31740736  0.93907475  0.28718519
   0.11380705  0.56352906  0.38962099
   0.17970032  0.81516574  0.18549427
   0.25101571  0.69821329  0.48480074
   0.37304000  0.69194000  0.08602000
   0.65150128  0.94065637  0.28819989
   0.44501300  0.56370796  0.38891282
   0.51309056  0.81631928  0.18698853
   0.58708951  0.69715364  0.48389269
   0.70637000  0.69194000  0.08602000
   0.98435886  0.94030972  0.28804867
   0.84606607  0.81616269  0.18694089
   0.91738919  0.69784295  0.48524471
   0.77963119  0.56420937  0.38962882
   0.18096564  0.06394958  0.18428747
   0.24424878  0.44173789  0.49395217
   0.03971000  0.44194000  0.08602000
   0.31632038  0.18902781  0.28774225
   0.11184522  0.31697495  0.39238605
   0.51457818  0.06436743  0.18462125
   0.57198365  0.44493641  0.49469574
   0.37304000  0.44194000  0.08602000
   0.64991004  0.18948865  0.28890025
   0.44682200  0.31704919  0.38912903
   0.84782841  0.06444263  0.18459684
   0.91170303  0.44427381  0.49207136
   0.70637000  0.44194000  0.08602000
   0.98381828  0.18975740  0.28812189
   0.78060578  0.31525014  0.38994622
   0.17960302  0.56426685  0.18443651
   0.27725633  0.93445013  0.49195712
   0.03971000  0.94194000  0.08602000
   0.31456518  0.68902897  0.28748758
   0.12226270  0.81447621  0.38851648
   0.51298141  0.56448052  0.18446344
   0.60817413  0.93314582  0.49289244
   0.37304000  0.94194000  0.08602000
   0.64788323  0.68909783  0.28790124
   0.45539419  0.81483470  0.38803346
   0.84635397  0.56441217  0.18471610
   0.70637000  0.94194000  0.08602000
   0.98142065  0.68926269  0.28779838
   0.78904177  0.81468918  0.38792299
   0.17325436  0.33245783  0.09885235
   0.24764566  0.21098799  0.40412990
   0.04217580  0.33828413  0.50087338
   0.31335977  0.46015020  0.20272562
   0.11784951  0.08571587  0.30647609
   0.23858000  0.04636000  0.06951000
   0.04706647  0.17031555  0.16941545
   0.31035599  0.41994653  0.37143438
   0.14515370  0.04286015  0.47605003
   0.18251714  0.29293520  0.26878955
   0.50750000  0.33753000  0.10253000
   0.58084464  0.21111166  0.40168628
   0.37535065  0.33608194  0.50548519
   0.64713166  0.46100979  0.20378106
   0.45032433  0.08436168  0.30535631
   0.57191000  0.04636000  0.06951000
   0.38022357  0.17029867  0.16968173
   0.64689528  0.42010199  0.37133245
   0.47667107  0.04180736  0.47526776
   0.51552836  0.29314780  0.26978946
   0.84083000  0.33753000  0.10253000
   0.91313936  0.20952551  0.40918570
   0.70527007  0.34240830  0.50805555
   0.98062333  0.46083759  0.20400824
   0.78538792  0.08629634  0.30719316
   0.90524000  0.04636000  0.06951000
   0.71381567  0.17073569  0.16976202
   0.97778228  0.41958824  0.37217785
   0.80728000  0.03720961  0.47481198
   0.84869413  0.29338682  0.27012490
   0.17323503  0.83245261  0.09903587
   0.25537104  0.70694110  0.40109961
   0.07531661  0.82462273  0.50022000
   0.31496011  0.95986928  0.20284496
   0.11485998  0.58453736  0.30550247
   0.23858000  0.54636000  0.06951000
   0.04573606  0.67067757  0.16960394
   0.32089553  0.91851697  0.37120249
   0.11462671  0.55162938  0.47684471
   0.18146363  0.79369814  0.26922896
   0.50750000  0.83753000  0.10253000
   0.58818710  0.70679974  0.40049960
   0.40739388  0.82441674  0.50182226
   0.64882694  0.96133067  0.20464103
   0.44786393  0.58418981  0.30464254
   0.57191000  0.54636000  0.06951000
   0.37955771  0.67127508  0.16999375
   0.65490833  0.91887414  0.37162146
   0.44525190  0.55358569  0.47625030
   0.51485088  0.79426222  0.27029587
   0.84083000  0.83753000  0.10253000
   0.74102647  0.82294846  0.50382634
   0.98222471  0.96094242  0.20410984
   0.78144499  0.58445654  0.30493209
   0.90524000  0.54636000  0.06951000
   0.71274528  0.67087609  0.16982699
   0.98892987  0.91906183  0.37173668
   0.77891625  0.55278595  0.47751744
   0.84805356  0.79421080  0.27039760
   0.92063280  0.70730741  0.40171271
   0.94268669  0.13482719  0.59569108
   0.77145912  0.25748086  0.58153847
