   0.92314762  0.93700055  0.50067786
   0.03971000  0.19194000  0.08602000
   0.31822763  0.43899669  0.28858647
   0.11599816  0.06087513  0.38986536
   0.17933849  0.31608751  0.18729226
   0.25991470  0.19104782  0.48600490
   0.37304000  0.19194000  0.08602000
   0.65105258  0.43659270  0.28703193
   0.44942723  0.06309530  0.39312332
   0.51254838  0.31502384  0.18675939
   0.59410364  0.19288935  0.49010771
   0.70637000  0.19194000  0.08602000
   0.98529942  0.43848212  0.28847695
   0.78424950  0.06087872  0.39209432
   0.84624681  0.31575899  0.18721567
   0.93406933  0.18660580  0.48689185
   0.03971000  0.69194000  0.08602000
   0.31264334  0.94066655  0.28972843
   0.12369513  0.56028179  0.39066207
   0.17949225  0.81624839  0.18750835
   0.25636724  0.69513575  0.48611411
   0.37304000  0.69194000  0.08602000
   0.64619754  0.94030845  0.28924570
   0.45603759  0.56148319  0.39070440
   0.51247729  0.81613262  0.18755477
   0.59339296  0.69378847  0.48656754
   0.70637000  0.69194000  0.08602000
   0.97954847  0.93895183  0.28805413
   0.84544896  0.81536659  0.18691605
   0.92101477  0.68825062  0.48385941
   0.78860169  0.55816267  0.38831670
   0.17920014  0.06473460  0.18579757
   0.27497587  0.43255362  0.49269569
   0.03971000  0.44194000  0.08602000
   0.31542883  0.18867028  0.28965547
   0.12514026  0.31205569  0.38980176
   0.51241040  0.06450073  0.18559966
   0.60321704  0.43158170  0.49121106
   0.37304000  0.44194000  0.08602000
   0.64905839  0.18819085  0.28928371
   0.45791915  0.31269653  0.39051813
   0.84570673  0.06444261  0.18532090
   0.94408438  0.43006338  0.49257567
   0.70637000  0.44194000  0.08602000
   0.98236928  0.18803957  0.28900269
   0.79173609  0.31092088  0.38915284
   0.18097483  0.56470031  0.18548355
   0.25290783  0.94098731  0.50203246
   0.03971000  0.94194000  0.08602000
   0.31612567  0.68959769  0.28934102
   0.11178985  0.81754677  0.39318935
   0.51387637  0.56401954  0.18484367
   0.58579455  0.93714815  0.49702329
   0.37304000  0.94194000  0.08602000
   0.64930678  0.68843454  0.28814715
   0.44536587  0.81756044  0.39192036
   0.84777217  0.56433102  0.18520945
   0.70637000  0.94194000  0.08602000
   0.98295953  0.68898326  0.28928395
   0.77806661  0.81513205  0.39007604
   0.17417000  0.33753000  0.10253000
   0.25917092  0.20560663  0.40184402
   0.07485145  0.32255910  0.50212272
   0.31506756  0.46109658  0.20475606
   0.11573353  0.08309861  0.30579901
   0.23858000  0.04636000  0.06951000
   0.04550647  0.17095043  0.16986726
   0.32418529  0.41698533  0.37244086
   0.12162591  0.04913759  0.47379617
   0.18207302  0.29317778  0.27048762
   0.50750000  0.33753000  0.10253000
   0.59254802  0.20635600  0.40624363
   0.40659281  0.32344603  0.50180153
   0.64812866  0.46006769  0.20366528
   0.44976966  0.08482628  0.30795231
   0.57191000  0.04636000  0.06951000
   0.37873745  0.17032123  0.16966985
   0.65816119  0.41428781  0.37095334
   0.45683299  0.05021350  0.48076944
   0.51526604  0.29199937  0.26987977
   0.84083000  0.33753000  0.10253000
   0.92377771  0.20520502  0.40394538
   0.73840103  0.32760679  0.50981412
   0.98190951  0.46082431  0.20463148
   0.78276891  0.08431680  0.30717591
   0.90524000  0.04636000  0.06951000
   0.71220480  0.17068515  0.16977573
   0.98997281  0.41595907  0.37252040
   0.78659580  0.04779987  0.47956066
   0.84888602  0.29297971  0.27055483
   0.17417000  0.83753000  0.10253000
   0.24655878  0.70891325  0.40368143
   0.05467424  0.82380624  0.49169221
   0.31348949  0.96140947  0.20536747
   0.11679908  0.58418005  0.30680609
   0.23858000  0.54636000  0.06951000
   0.04722788  0.67067129  0.16974174
   0.31115672  0.92115016  0.37374841
   0.14210744  0.54186586  0.47703092
   0.18180948  0.79328269  0.27072286
   0.50750000  0.83753000  0.10253000
   0.57841091  0.70995162  0.40481478
   0.38513683  0.83108731  0.50492039
   0.64657658  0.96131769  0.20516367
   0.45028500  0.58499445  0.30681133
   0.57191000  0.54636000  0.06951000
   0.38065123  0.67063460  0.16974374
   0.64392957  0.91987600  0.37317416
   0.47607396  0.54237840  0.47674890
   0.51549281  0.79320345  0.27077166
   0.84083000  0.83753000  0.10253000
   0.71850572  0.82959573  0.50723004
   0.97977931  0.96064827  0.20399416
   0.78244634  0.58224871  0.30434484
   0.90524000  0.54636000  0.06951000
   0.71332743  0.66984644  0.16942939
   0.97542036  0.91866078  0.37153220
   0.80635926  0.53824784  0.47768334
   0.84817426  0.79204106  0.26988533
   0.90777962  0.70525871  0.40167276
   0.08908913  0.95867413  0.59623491
   0.77638486  0.48183451  0.58723517
