   0.60480029  0.93330475  0.49337995
   0.03971000  0.19194000  0.08602000
   0.31332703  0.43932641  0.28818872
   0.12336603  0.06124451  0.39094183
   0.17862280  0.31566678  0.18717178
   0.25871559  0.19387623  0.48635893
   0.37304000  0.19194000  0.08602000
   0.64615822  0.43876744  0.28785655
   0.45744997  0.06189832  0.39176641
   0.51203628  0.31549173  0.18703235
   0.58395817  0.18511223  0.49409030
   0.70637000  0.19194000  0.08602000
   0.97897464  0.43961148  0.28893801
   0.78957681  0.06133885  0.39080490
   0.84538919  0.31605111  0.18745805
   0.92249986  0.19295232  0.48710214
   0.03971000  0.69194000  0.08602000
   0.31723310  0.94053554  0.28916301
   0.11579968  0.56248284  0.39055277
   0.17851071  0.81630129  0.18763002
   0.26096233  0.69248686  0.48524472
   0.37304000  0.69194000  0.08602000
   0.65028581  0.93940153  0.28847896
   0.44798869  0.56329062  0.38967367
   0.51172805  0.81565684  0.18741877
   0.58930952  0.69564583  0.48497710
   0.70637000  0.69194000  0.08602000
   0.98339414  0.93946955  0.28871875
   0.84524232  0.81577205  0.18741112
   0.92232061  0.69715371  0.48485397
   0.78187774  0.56276770  0.38988725
   0.17962684  0.06451408  0.18581123
   0.24820873  0.43789897  0.49498364
   0.03971000  0.44194000  0.08602000
   0.31604845  0.18936488  0.28950772
   0.11453428  0.31605941  0.38947286
   0.51323941  0.06463435  0.18564061
   0.58205663  0.44134714  0.49321758
   0.37304000  0.44194000  0.08602000
   0.64907615  0.18922401  0.28901850
   0.44852848  0.31660229  0.39307590
   0.84641042  0.06445031  0.18543191
   0.91849877  0.44259828  0.49352715
   0.70637000  0.44194000  0.08602000
   0.98217544  0.18882882  0.28871665
   0.77867028  0.31517654  0.39239758
   0.17859698  0.56504093  0.18565752
   0.27079100  0.93200792  0.49401990
   0.03971000  0.94194000  0.08602000
   0.31400279  0.68906283  0.28890661
   0.12309624  0.81434724  0.38918116
   0.51197028  0.56446187  0.18537548
   0.37304000  0.94194000  0.08602000
   0.64751343  0.68882444  0.28875310
   0.45547371  0.81440483  0.38915033
   0.84553646  0.56511880  0.18601443
   0.94064163  0.93467573  0.49287744
   0.70637000  0.94194000  0.08602000
   0.98081193  0.68895774  0.28912928
   0.78888280  0.81442884  0.38933773
   0.17417000  0.33753000  0.10253000
   0.24717432  0.20991983  0.40426466
   0.04308132  0.33143857  0.50981047
   0.31257638  0.46075928  0.20429409
   0.11687329  0.08488758  0.30688482
   0.23858000  0.04636000  0.06951000
   0.04573068  0.17037770  0.16953264
   0.31303839  0.41952019  0.37236229
   0.14093871  0.04440218  0.47748884
   0.18114369  0.29309154  0.27040498
   0.50750000  0.33753000  0.10253000
   0.58118301  0.20994589  0.41059396
   0.38181606  0.33392070  0.50319540
   0.64602588  0.46061411  0.20424534
   0.45091875  0.08618248  0.30813447
   0.57191000  0.04636000  0.06951000
   0.37896027  0.17026808  0.16946907
   0.64670091  0.41856962  0.37194258
   0.46766413  0.03648283  0.47486881
   0.51461311  0.29285748  0.27002979
   0.84083000  0.33753000  0.10253000
   0.91544028  0.21006522  0.40492445
   0.71671894  0.33679472  0.50432545
   0.97957345  0.46132807  0.20484232
   0.78321088  0.08513321  0.30687963
   0.90524000  0.04636000  0.06951000
   0.71250991  0.17062947  0.16953002
   0.97846575  0.41913982  0.37330753
   0.80762093  0.04259370  0.47657409
   0.84767566  0.29305006  0.27050969
   0.17417000  0.83753000  0.10253000
   0.25564884  0.70667543  0.40223838
   0.07063155  0.82637257  0.50227337
   0.31434591  0.96141992  0.20515398
   0.11427760  0.58398262  0.30660125
   0.23858000  0.54636000  0.06951000
   0.04502764  0.67141653  0.16979941
   0.32118770  0.91825923  0.37237068
   0.12065716  0.54865314  0.47784585
   0.18055396  0.79399573  0.27102241
   0.50750000  0.83753000  0.10253000
   0.58846257  0.70661783  0.40107652
   0.40418549  0.82266620  0.50516865
   0.64736053  0.96096576  0.20458876
   0.44725754  0.58397999  0.30558458
   0.57191000  0.54636000  0.06951000
   0.37827666  0.67075880  0.16954155
   0.65431564  0.91827009  0.37207367
   0.45118006  0.55063608  0.47717193
   0.51391738  0.79351379  0.27062144
   0.84083000  0.83753000  0.10253000
   0.73995692  0.82518574  0.50021060
   0.98053914  0.96094414  0.20474870
   0.78128882  0.58318792  0.30513493
   0.90524000  0.54636000  0.06951000
   0.71159863  0.67087515  0.16956620
   0.98830605  0.91856661  0.37247962
   0.78642953  0.55123212  0.47724037
   0.84746420  0.79358896  0.27072674
   0.92221693  0.70709559  0.40167211
   0.57094345  0.13915604  0.59287308
   0.78288784  0.30808000  0.59657999
