   0.27683620  0.43127460  0.49386930
   0.03971000  0.19194000  0.08602000
   0.31983550  0.44023019  0.28919356
   0.11584090  0.06108541  0.39068598
   0.17989637  0.31650628  0.18743700
   0.26096623  0.18931509  0.48627158
   0.37304000  0.19194000  0.08602000
   0.65178615  0.43808641  0.28668057
   0.45063520  0.06473598  0.39309315
   0.51251858  0.31522257  0.18665925
   0.59389015  0.19532200  0.49129703
   0.70637000  0.19194000  0.08602000
   0.98691863  0.43881037  0.28816932
   0.78239673  0.06246188  0.39155437
   0.84663201  0.31574139  0.18702181
   0.93165475  0.19169663  0.48645350
   0.03971000  0.69194000  0.08602000
   0.31348004  0.94080106  0.29025953
   0.12509016  0.56039285  0.39103009
   0.18006631  0.81662370  0.18759460
   0.25685515  0.69347816  0.48677261
   0.37304000  0.69194000  0.08602000
   0.64619666  0.93976026  0.28946469
   0.45815548  0.56235730  0.39258019
   0.51282778  0.81627787  0.18734667
   0.60676780  0.68642495  0.49211636
   0.70637000  0.69194000  0.08602000
   0.97872503  0.93915688  0.28895840
   0.84625368  0.81595990  0.18701527
   0.91048756  0.68702945  0.48825804
   0.79384895  0.55898585  0.38648745
   0.17929859  0.06469836  0.18571901
   0.03971000  0.44194000  0.08602000
   0.31552396  0.18881808  0.28946110
   0.12757234  0.31234636  0.38923322
   0.51261355  0.06438345  0.18541753
   0.60806994  0.42730975  0.48840470
   0.37304000  0.44194000  0.08602000
   0.64878741  0.18823833  0.28867244
   0.46025044  0.31274456  0.38925184
   0.84610130  0.06462631  0.18534659
   0.94662334  0.42834480  0.49201156
   0.70637000  0.44194000  0.08602000
   0.98225655  0.18830991  0.28889039
   0.79380577  0.31178125  0.38773147
   0.18137568  0.56494299  0.18545692
   0.24811234  0.93769149  0.49547295
   0.03971000  0.94194000  0.08602000
   0.31707930  0.69000766  0.29018223
   0.11094682  0.81644928  0.39331403
   0.51431777  0.56450225  0.18480976
   0.58110736  0.94061460  0.49533677
   0.37304000  0.94194000  0.08602000
   0.64981663  0.68952512  0.28886117
   0.44559863  0.81739986  0.39391911
   0.84795325  0.56452705  0.18485711
   0.91754332  0.93916799  0.49466046
   0.70637000  0.94194000  0.08602000
   0.98400475  0.68961236  0.28864006
   0.77683644  0.81501123  0.39377449
   0.17417000  0.33753000  0.10253000
   0.25993354  0.20468480  0.40214591
   0.07777485  0.32183562  0.50392291
   0.31563108  0.46176618  0.20546731
   0.11526653  0.08349675  0.30659420
   0.23858000  0.04636000  0.06951000
   0.04595717  0.17124404  0.17011995
   0.32683958  0.41676687  0.37277437
   0.11852787  0.04791656  0.47833806
   0.18262446  0.29377561  0.27106050
   0.50750000  0.33753000  0.10253000
   0.59486911  0.20821296  0.40687860
   0.40867774  0.31526434  0.50116085
   0.64830633  0.46051286  0.20365209
   0.44977524  0.08539542  0.30861161
   0.57191000  0.04636000  0.06951000
   0.37876756  0.17027733  0.16978133
   0.65990557  0.41462232  0.36965225
   0.45198318  0.05215687  0.48094853
   0.51549650  0.29244280  0.26999619
   0.84083000  0.33753000  0.10253000
   0.92606018  0.20550621  0.40328053
   0.74238113  0.32579662  0.51398708
   0.98214922  0.46102875  0.20457533
   0.78201261  0.08425559  0.30727046
   0.90524000  0.04636000  0.06951000
   0.71226936  0.17075144  0.16995860
   0.99328739  0.41584035  0.37195365
   0.78594981  0.05122065  0.47914468
   0.84919887  0.29303475  0.27058278
   0.17290025  0.83542628  0.10208965
   0.24527777  0.70978694  0.40478421
   0.04519891  0.82796356  0.50122454
   0.31385836  0.96187448  0.20596844
   0.11750781  0.58496841  0.30713551
   0.23858000  0.54636000  0.06951000
   0.04757873  0.67107200  0.17006786
   0.31081080  0.92144977  0.37492813
   0.14596970  0.54079836  0.47717033
   0.18308421  0.79407198  0.27121515
   0.50617824  0.83541974  0.10204857
   0.57702732  0.71042299  0.41030000
   0.38023436  0.83298242  0.50518784
   0.64697493  0.96151141  0.20537297
   0.45163811  0.58642463  0.30857766
   0.57191000  0.54636000  0.06951000
   0.38070946  0.67084346  0.16988894
   0.64365622  0.91966915  0.37388028
   0.47980743  0.53876425  0.47533744
   0.51557494  0.79352160  0.27081779
   0.83948881  0.83538754  0.10198565
   0.71583956  0.83506429  0.50208787
   0.98012075  0.96132393  0.20494543
   0.78400424  0.58452546  0.30437123
   0.90524000  0.54636000  0.06951000
   0.71390810  0.67049428  0.16970658
   0.97519094  0.91888589  0.37331570
   0.81040809  0.53061701  0.46922564
   0.84888939  0.79304688  0.27026015
   0.91118150  0.70717619  0.40554152
   0.44430640  0.43330942  0.58756009
   0.75834883  0.48966329  0.58306437
