   0.92156619  0.69848040  0.49570163
   0.03971000  0.19194000  0.09637000
   0.31106336  0.44056549  0.29842904
   0.13130158  0.06125371  0.40076479
   0.17970039  0.31595680  0.19710665
   0.26069157  0.19605097  0.49728696
   0.37304000  0.19194000  0.09637000
   0.64528419  0.44035347  0.29830806
   0.46518945  0.06214372  0.40086541
   0.51288494  0.31599018  0.19714297
   0.59175133  0.19429920  0.49776553
   0.70637000  0.19194000  0.09637000
   0.97833737  0.44062855  0.29797272
   0.79855605  0.06111595  0.40078468
   0.84636706  0.31593454  0.19702950
   0.93919137  0.18719972  0.50024071
   0.03971000  0.69194000  0.09637000
   0.32167042  0.94020901  0.29889674
   0.11313718  0.56545489  0.39930717
   0.17913596  0.81676964  0.19761495
   0.25690855  0.70040594  0.49491472
   0.37304000  0.69194000  0.09637000
   0.65556007  0.93976905  0.29847619
   0.44536799  0.56541088  0.39994001
   0.51260910  0.81642791  0.19742104
   0.58997462  0.69802499  0.49543917
   0.70637000  0.69194000  0.09637000
   0.98829611  0.93953914  0.29860755
   0.84595357  0.81629269  0.19742198
   0.77893186  0.56473851  0.40004512
   0.18129839  0.06463683  0.19532278
   0.24225545  0.44592536  0.50395075
   0.03971000  0.44194000  0.09637000
   0.31866161  0.18958288  0.29885681
   0.10894379  0.31896298  0.40277271
   0.51470453  0.06459480  0.19522894
   0.56914416  0.44703131  0.50677408
   0.37304000  0.44194000  0.09637000
   0.65237363  0.18944132  0.29847791
   0.44343413  0.31899349  0.40062869
   0.84803214  0.06441740  0.19517953
   0.90910985  0.44734636  0.50142285
   0.70637000  0.44194000  0.09637000
   0.98559550  0.18962782  0.29887495
   0.77841296  0.31752449  0.40060005
   0.17822246  0.56524132  0.19537243
   0.29243157  0.93348420  0.50231862
   0.03971000  0.94194000  0.09637000
   0.31489214  0.68976928  0.29874613
   0.13104515  0.81317094  0.39843880
   0.51140820  0.56498141  0.19541068
   0.62656760  0.93181060  0.50210531
   0.37304000  0.94194000  0.09637000
   0.64797521  0.68926682  0.29874960
   0.46488732  0.81362447  0.39813894
   0.84491168  0.56516408  0.19533365
   0.95964480  0.93233625  0.50311573
   0.70637000  0.94194000  0.09637000
   0.98134825  0.68953873  0.29880118
   0.79795596  0.81296495  0.39856780
   0.17417000  0.33753000  0.11288000
   0.24460179  0.21236935  0.41560530
   0.04174319  0.34225947  0.50917078
   0.31234501  0.46148056  0.21453537
   0.12025579  0.08560516  0.31726895
   0.23858000  0.04636000  0.07986000
   0.04718616  0.17063510  0.18016632
   0.30803759  0.42186736  0.38290081
   0.15970099  0.04197471  0.48652979
   0.18410574  0.29303158  0.28036691
   0.50750000  0.33753000  0.11288000
   0.57764679  0.21362025  0.41649556
   0.37109143  0.33847578  0.51629438
   0.64580795  0.46149405  0.21448704
   0.45396007  0.08629560  0.31760634
   0.57191000  0.04636000  0.07986000
   0.38048668  0.17068843  0.18019957
   0.64272900  0.42090424  0.38287694
   0.49306469  0.04201103  0.48715023
   0.51742157  0.29308771  0.28050841
   0.84083000  0.33753000  0.11288000
   0.90989190  0.21135552  0.41822031
   0.69653096  0.33992648  0.52104818
   0.97906496  0.46153684  0.21418680
   0.78711716  0.08606729  0.31725370
   0.90524000  0.04636000  0.07986000
   0.71384223  0.17064840  0.18018166
   0.97480442  0.42144065  0.38195674
   0.82481094  0.03631198  0.48456074
   0.85061114  0.29314749  0.28030900
   0.17417000  0.83753000  0.11288000
   0.26467986  0.70601031  0.40978558
   0.09132599  0.82096864  0.51099269
   0.31603451  0.96169436  0.21515794
   0.11472552  0.58456406  0.31509626
   0.23858000  0.54636000  0.07986000
   0.04450198  0.67188927  0.18051178
   0.33076016  0.91883063  0.38291838
   0.11508504  0.55694875  0.48620315
   0.18187083  0.79532059  0.28129343
   0.50750000  0.83753000  0.11288000
   0.59684596  0.70513823  0.41067323
   0.42472827  0.82305574  0.51111258
   0.64924555  0.96133230  0.21488333
   0.44772818  0.58438025  0.31558663
   0.57191000  0.54636000  0.07986000
   0.37789735  0.67162641  0.18042740
   0.66390119  0.91760651  0.38208591
   0.44405666  0.55584836  0.48818444
   0.51547282  0.79483279  0.28105081
   0.84083000  0.83753000  0.11288000
   0.75794943  0.81947445  0.51134473
   0.98265108  0.96118025  0.21490202
   0.78109822  0.58422188  0.31563019
   0.90524000  0.54636000  0.07986000
   0.71110835  0.67153156  0.18042090
   0.99736041  0.91758595  0.38244702
   0.77449025  0.55504747  0.48826193
   0.84845457  0.79465289  0.28108430
   0.93052452  0.70453954  0.41062858
   0.97933798  0.14754470  0.60371098
   0.80223218  0.26776178  0.59018823
