   0.57876140  0.68692720  0.49995669
   0.03971000  0.19194000  0.09637000
   0.31828059  0.43799890  0.29623379
   0.11549822  0.06199426  0.40016398
   0.17967980  0.31455918  0.19553254
   0.25307751  0.19440411  0.49586752
   0.37304000  0.19194000  0.09637000
   0.65227452  0.43889519  0.29789991
   0.45055563  0.06391215  0.40093347
   0.51372206  0.31511479  0.19618957
   0.58301291  0.20058251  0.49885516
   0.70637000  0.19194000  0.09637000
   0.98649583  0.44032702  0.29915568
   0.78194066  0.06227741  0.40055273
   0.84655288  0.31623346  0.19764110
   0.92509186  0.19304320  0.49606726
   0.03971000  0.69194000  0.09637000
   0.31336899  0.93980451  0.29860212
   0.12697989  0.56173764  0.40238870
   0.17974855  0.81542988  0.19636363
   0.27503110  0.68969071  0.50211000
   0.37304000  0.69194000  0.09637000
   0.64552006  0.93950900  0.29856115
   0.45941670  0.55976193  0.39742766
   0.51318357  0.81547499  0.19620941
   0.70637000  0.69194000  0.09637000
   0.97930460  0.93917156  0.29881242
   0.84608959  0.81568916  0.19734133
   0.92998784  0.69541496  0.49615531
   0.79113176  0.56133600  0.40032237
   0.17918057  0.06395117  0.19521826
   0.28150651  0.43046243  0.50320073
   0.03971000  0.44194000  0.09637000
   0.31552895  0.18829327  0.29821263
   0.12624616  0.31275049  0.39845529
   0.51275774  0.06431433  0.19511701
   0.61010846  0.43122843  0.49934696
   0.37304000  0.44194000  0.09637000
   0.64914506  0.18859847  0.29855536
   0.45905314  0.31221955  0.39798524
   0.84582328  0.06411398  0.19516804
   0.95120289  0.43253650  0.50384434
   0.70637000  0.44194000  0.09637000
   0.98231919  0.18829204  0.29819039
   0.79327769  0.31261633  0.39820661
   0.18050200  0.56418238  0.19481836
   0.24937528  0.94293512  0.50255872
   0.03971000  0.94194000  0.09637000
   0.31611061  0.68969424  0.29857891
   0.11287307  0.81633263  0.40178248
   0.51403595  0.56420794  0.19480051
   0.58497105  0.94248064  0.50370355
   0.37304000  0.94194000  0.09637000
   0.64938122  0.68966704  0.29851521
   0.44407062  0.81625346  0.40404432
   0.84749165  0.56445431  0.19529970
   0.91438852  0.93886796  0.50454857
   0.70637000  0.94194000  0.09637000
   0.98329408  0.68950771  0.29938424
   0.77647849  0.81635713  0.40277959
   0.17295310  0.33268100  0.10931892
   0.25873519  0.20502551  0.41179272
   0.07864008  0.32058426  0.51370837
   0.31455559  0.45949877  0.21241629
   0.11543431  0.08364980  0.31597463
   0.23858000  0.04636000  0.07986000
   0.04521938  0.17019686  0.17993306
   0.32468514  0.41482656  0.37919649
   0.11596905  0.05025255  0.48808840
   0.18207191  0.29226105  0.27899879
   0.50669970  0.33274325  0.10969647
   0.59441384  0.20732952  0.41372919
   0.41356581  0.31825959  0.51326642
   0.64831588  0.46015175  0.21376613
   0.44945288  0.08440092  0.31645580
   0.57191000  0.04636000  0.07986000
   0.37877194  0.17069539  0.18030892
   0.65948842  0.41705947  0.38223182
   0.45272716  0.05453991  0.48866801
   0.51618349  0.29337017  0.28006017
   0.84083000  0.33753000  0.11288000
   0.92500047  0.20579543  0.41290614
   0.74441623  0.32758959  0.51941579
   0.98209189  0.46142173  0.21517751
   0.78225834  0.08398187  0.31622790
   0.90524000  0.04636000  0.07986000
   0.71244486  0.17113880  0.18046599
   0.99213011  0.41746456  0.38291607
   0.78665460  0.04967030  0.48839697
   0.84954140  0.29409986  0.28121697
   0.17308761  0.83285993  0.10969373
   0.24303551  0.70990259  0.41880211
   0.04888099  0.83497460  0.51469161
   0.31367377  0.96029722  0.21391193
   0.11783055  0.58612782  0.31810596
   0.23858000  0.54636000  0.07986000
   0.04661677  0.67059372  0.18011119
   0.31038923  0.92085487  0.38276705
   0.14856948  0.53835226  0.48720543
   0.18163790  0.79352480  0.28013339
   0.50659095  0.83284730  0.10962465
   0.57884580  0.70817818  0.41572762
   0.38394877  0.84242005  0.50641136
   0.64668483  0.96056204  0.21394642
   0.45008463  0.58450351  0.31425009
   0.57191000  0.54636000  0.07986000
   0.37980762  0.67056074  0.18007748
   0.64252869  0.92003930  0.38281589
   0.47922063  0.53186097  0.47915082
   0.51499706  0.79355549  0.27974701
   0.84083000  0.83753000  0.11288000
   0.71378211  0.83323576  0.51102209
   0.98023917  0.96074582  0.21464085
   0.78327138  0.58473814  0.31661036
   0.90524000  0.54636000  0.07986000
   0.71325714  0.67047226  0.18016723
   0.97671530  0.91942963  0.38307509
   0.81652165  0.54310893  0.48872449
   0.84851071  0.79289932  0.28052313
   0.91179887  0.70927216  0.41447958
   0.42048349  0.65427013  0.58379451
   0.76657755  0.47220045  0.59904177
