   0.60193724  0.94222334  0.49974587
   0.03971000  0.19194000  0.08602000
   0.31482692  0.43685353  0.28833065
   0.12314955  0.06003341  0.39169579
   0.17956660  0.31420425  0.18703822
   0.27374032  0.18828503  0.48572636
   0.37304000  0.19194000  0.08602000
   0.64750105  0.44053735  0.29033554
   0.45867307  0.06357848  0.38801928
   0.51154495  0.31585260  0.18845315
   0.59266824  0.18124345  0.49060524
   0.70637000  0.19194000  0.08602000
   0.98115778  0.43517961  0.28552826
   0.78743533  0.06148244  0.39225775
   0.84411138  0.31298849  0.18623792
   0.93183488  0.19209514  0.48580874
   0.03971000  0.69194000  0.08602000
   0.31298807  0.93914130  0.28725248
   0.11618264  0.55826897  0.38558439
   0.17731402  0.81404909  0.18696449
   0.25319706  0.69237114  0.48050031
   0.37304000  0.69194000  0.08602000
   0.64840607  0.93877958  0.28944167
   0.45139938  0.56300155  0.38909239
   0.51241908  0.81534330  0.18735637
   0.57941755  0.70173700  0.48706141
   0.70637000  0.69194000  0.08602000
   0.98054806  0.93904619  0.28954538
   0.84438816  0.81479612  0.18777795
   0.91878483  0.69865663  0.49143163
   0.78558096  0.56724566  0.39272175
   0.17812454  0.06314424  0.18598061
   0.25971982  0.43571753  0.49045431
   0.03971000  0.44194000  0.08602000
   0.31463604  0.18777118  0.28970569
   0.11704349  0.31231011  0.38921421
   0.51148993  0.06357466  0.18658025
   0.59258240  0.43976458  0.49492570
   0.37304000  0.44194000  0.08602000
   0.64754883  0.18814961  0.28898481
   0.45361735  0.31722600  0.39323032
   0.84468369  0.06213391  0.18515014
   0.92848084  0.43752784  0.49111504
   0.70637000  0.44194000  0.08602000
   0.98005679  0.18541299  0.28979963
   0.78561078  0.31544162  0.38858156
   0.17933335  0.56250577  0.18502988
   0.27088801  0.93471460  0.49847696
   0.03971000  0.94194000  0.08602000
   0.31391364  0.68825852  0.28783518
   0.11629158  0.81579642  0.39015377
   0.51332346  0.56413817  0.18628445
   0.37304000  0.94194000  0.08602000
   0.64706512  0.68959964  0.29105348
   0.45123585  0.81885290  0.39168359
   0.84603429  0.56338444  0.18520277
   0.93721240  0.93567388  0.49864800
   0.70637000  0.94194000  0.08602000
   0.98054946  0.68774383  0.28767755
   0.78428223  0.81709584  0.39293052
   0.17417000  0.33753000  0.10253000
   0.25285891  0.20658381  0.40269558
   0.05836579  0.33104943  0.50117943
   0.31452100  0.45957180  0.20432689
   0.11640276  0.08198945  0.30752721
   0.23858000  0.04636000  0.06951000
   0.04429827  0.16927891  0.16960153
   0.31568200  0.41811727  0.37233240
   0.13807242  0.04604773  0.47898803
   0.17984500  0.29069051  0.27035505
   0.50750000  0.33753000  0.10253000
   0.59035223  0.21261524  0.40618079
   0.39496488  0.33127049  0.49864782
   0.64719405  0.46159884  0.20588529
   0.44884208  0.08313213  0.30309605
   0.57191000  0.04636000  0.06951000
   0.37785797  0.16982701  0.17027060
   0.65313884  0.42191529  0.37381534
   0.46716133  0.04133180  0.46870396
   0.51538415  0.29403795  0.27160382
   0.84083000  0.33753000  0.10253000
   0.91585286  0.20835768  0.40329011
   0.72145217  0.32676013  0.50933817
   0.97895748  0.45804745  0.20214064
   0.78058934  0.08329627  0.30766763
   0.90524000  0.04636000  0.06951000
   0.71153625  0.16804991  0.16935986
   0.98226826  0.41543310  0.36913881
   0.80880322  0.04683281  0.47969335
   0.84757355  0.28966957  0.26905698
   0.17417000  0.83753000  0.10253000
   0.24739693  0.70610071  0.39617180
   0.06565813  0.82724479  0.51043797
   0.31165240  0.95890996  0.20346583
   0.11326823  0.58095639  0.30134815
   0.23858000  0.54636000  0.06951000
   0.04569462  0.66866972  0.16896371
   0.31408150  0.91969287  0.37047771
   0.12913528  0.54546317  0.47178548
   0.17938708  0.79235885  0.26949726
   0.50750000  0.83753000  0.10253000
   0.58572772  0.70880755  0.40317949
   0.40150900  0.82099176  0.49687662
   0.64634456  0.96019344  0.20561571
   0.44843144  0.58296330  0.30520834
   0.57191000  0.54636000  0.06951000
   0.37937036  0.66937026  0.16965223
   0.64950081  0.92046372  0.37327739
   0.46008364  0.54854939  0.47703104
   0.51308252  0.79329628  0.27058725
   0.84083000  0.83753000  0.10253000
   0.73302588  0.82893227  0.50501419
   0.97924723  0.96029313  0.20558198
   0.78218282  0.58615443  0.30844226
   0.90524000  0.54636000  0.06951000
   0.71219657  0.66944970  0.16919498
   0.97954770  0.92037407  0.37413784
   0.79681433  0.54785355  0.47916882
   0.84664152  0.79293379  0.27114959
   0.91872424  0.71194177  0.40924189
   0.48323831  0.04095552  0.58734727
   0.78051065  0.40100051  0.59811816
