   0.95604877  0.93192149  0.49167765
   0.03971000  0.19194000  0.08602000
   0.31084141  0.44082128  0.28821467
   0.12788196  0.05863910  0.38814250
   0.17876452  0.31687654  0.18681858
   0.25036737  0.18857512  0.48943861
   0.37304000  0.19194000  0.08602000
   0.64339803  0.43994111  0.28821944
   0.46072239  0.06218263  0.39169361
   0.51202371  0.31652147  0.18697510
   0.58977996  0.19342009  0.48927511
   0.70637000  0.19194000  0.08602000
   0.97775835  0.44092771  0.28827213
   0.79545266  0.06187256  0.39186259
   0.84565769  0.31642813  0.18710142
   0.94026296  0.19123685  0.49084704
   0.03971000  0.69194000  0.08602000
   0.31978306  0.94070849  0.28886496
   0.11261166  0.56405825  0.39025867
   0.17903856  0.81683216  0.18735708
   0.25333208  0.69817617  0.48539984
   0.37304000  0.69194000  0.08602000
   0.65250615  0.94041487  0.28882697
   0.44487492  0.56585905  0.39003094
   0.51223867  0.81655712  0.18743375
   0.58679742  0.70100914  0.48512808
   0.70637000  0.69194000  0.08602000
   0.98491937  0.93845092  0.28708090
   0.84471383  0.81557958  0.18661997
   0.91998842  0.69678980  0.48644487
   0.77791625  0.56261547  0.39054209
   0.18076442  0.06540610  0.18514203
   0.24315474  0.44284679  0.49235172
   0.03971000  0.44194000  0.08602000
   0.31625226  0.19116952  0.29007692
   0.10987679  0.31633110  0.39125894
   0.51383809  0.06542024  0.18515455
   0.57477969  0.44683516  0.49541323
   0.37304000  0.44194000  0.08602000
   0.64927493  0.19034935  0.28870374
   0.44111110  0.31959658  0.39609173
   0.84725101  0.06513129  0.18485088
   0.91125833  0.44550609  0.49413806
   0.70637000  0.44194000  0.08602000
   0.98214085  0.19010012  0.28870455
   0.77647679  0.31749655  0.39197272
   0.17874940  0.56546073  0.18571350
   0.28804559  0.93117723  0.49122445
   0.03971000  0.94194000  0.08602000
   0.31382887  0.69007397  0.28908358
   0.12794970  0.81222391  0.38874981
   0.51177127  0.56496698  0.18553775
   0.62204151  0.93355046  0.49357984
   0.37304000  0.94194000  0.08602000
   0.64666174  0.68929977  0.28861560
   0.46150392  0.81424182  0.38880263
   0.84501454  0.56494600  0.18563676
   0.70637000  0.94194000  0.08602000
   0.97978235  0.68942252  0.28872867
   0.79500372  0.81290264  0.38782566
   0.17417000  0.33753000  0.10253000
   0.24183758  0.20863441  0.40571414
   0.04002484  0.34117083  0.50423348
   0.31252902  0.46181295  0.20405230
   0.11616491  0.08475948  0.30467097
   0.23858000  0.04636000  0.06951000
   0.04639520  0.17141814  0.16934161
   0.30607884  0.42221880  0.37242758
   0.15383448  0.03249801  0.47054608
   0.18082384  0.29412484  0.26998459
   0.50750000  0.33753000  0.10253000
   0.57766529  0.21201272  0.40794932
   0.37827581  0.33900111  0.49418893
   0.64580642  0.46153859  0.20421714
   0.45122018  0.08681639  0.30806861
   0.57191000  0.04636000  0.06951000
   0.37998166  0.17115875  0.16935084
   0.64113045  0.41987839  0.37251294
   0.48730389  0.04062212  0.47771629
   0.51426221  0.29381639  0.27003623
   0.84083000  0.33753000  0.10253000
   0.91015590  0.21238027  0.40805404
   0.70462886  0.33739530  0.51009851
   0.97938363  0.46176169  0.20410554
   0.78333753  0.08644953  0.30769744
   0.90524000  0.04636000  0.06951000
   0.71306094  0.17117370  0.16962159
   0.97518551  0.42062566  0.37250891
   0.82386412  0.04062248  0.47790999
   0.84791739  0.29428969  0.27027588
   0.17417000  0.83753000  0.10253000
   0.26151348  0.70497338  0.40083046
   0.08838862  0.81932335  0.49971151
   0.31527419  0.96214026  0.20502499
   0.11345343  0.58516197  0.30559664
   0.23858000  0.54636000  0.06951000
   0.04507158  0.67157610  0.16982245
   0.32688062  0.91836308  0.37241990
   0.11491981  0.55353435  0.47799398
   0.18074144  0.79487300  0.27065639
   0.50750000  0.83753000  0.10253000
   0.59385941  0.70565094  0.40067570
   0.42164996  0.82233397  0.50111908
   0.64789419  0.96208139  0.20476257
   0.44659949  0.58511212  0.30544458
   0.57191000  0.54636000  0.06951000
   0.37850309  0.67169342  0.16978616
   0.66154253  0.91851457  0.37243801
   0.44501592  0.55715244  0.47823379
   0.51397538  0.79480843  0.27068735
   0.84083000  0.83753000  0.10253000
   0.75422523  0.82301266  0.50386955
   0.98072055  0.96084392  0.20351228
   0.77924518  0.58410954  0.30558517
   0.90524000  0.54636000  0.06951000
   0.71124073  0.67057391  0.16934147
   0.99380213  0.91544038  0.36994669
   0.77911884  0.55319891  0.47980661
   0.84608909  0.79320544  0.26973355
   0.92571240  0.70439666  0.40169141
   0.15507024  0.16288301  0.57990652
   0.79419811  0.27686954  0.59117039
