   0.27769201  0.43079733  0.49376860
   0.03971000  0.19194000  0.08602000
   0.31980746  0.44025031  0.28920186
   0.11580002  0.06101699  0.39072338
   0.17988305  0.31650816  0.18743851
   0.26137740  0.18958031  0.48615457
   0.37304000  0.19194000  0.08602000
   0.65180326  0.43810843  0.28668533
   0.45064268  0.06469759  0.39312187
   0.51249909  0.31520106  0.18664447
   0.59340502  0.19512394  0.49135411
   0.70637000  0.19194000  0.08602000
   0.98696985  0.43881524  0.28816461
   0.78231754  0.06237504  0.39159258
   0.84665120  0.31573564  0.18702090
   0.93145025  0.19142044  0.48651237
   0.03971000  0.69194000  0.08602000
   0.31349518  0.94081063  0.29030019
   0.12512545  0.56051772  0.39103510
   0.18007828  0.81664709  0.18760743
   0.25685255  0.69380751  0.48680666
   0.37304000  0.69194000  0.08602000
   0.64621351  0.93976013  0.28951790
   0.45818808  0.56254561  0.39256999
   0.51284911  0.81629915  0.18736351
   0.60856260  0.68588182  0.49283062
   0.70637000  0.69194000  0.08602000
   0.97874775  0.93916351  0.28900974
   0.84628214  0.81598521  0.18703282
   0.90864458  0.68669625  0.48881482
   0.79406169  0.55912942  0.38654432
   0.17927909  0.06468403  0.18572962
   0.03971000  0.44194000  0.08602000
   0.31549165  0.18877357  0.28948076
   0.12757116  0.31230273  0.38923159
   0.51263197  0.06436655  0.18542383
   0.60691292  0.42708756  0.48846296
   0.37304000  0.44194000  0.08602000
   0.64878366  0.18818865  0.28869647
   0.46023506  0.31262605  0.38933175
   0.84612086  0.06462312  0.18535337
   0.94696523  0.42845858  0.49187940
   0.70637000  0.44194000  0.08602000
   0.98223303  0.18827459  0.28890535
   0.79380791  0.31164420  0.38772062
   0.18137786  0.56495158  0.18546353
   0.24767158  0.93738758  0.49549672
   0.03971000  0.94194000  0.08602000
   0.31709481  0.69004421  0.29020636
   0.11074127  0.81645975  0.39340294
   0.51430879  0.56453143  0.18480483
   0.58137648  0.94043543  0.49537377
   0.37304000  0.94194000  0.08602000
   0.64979812  0.68963369  0.28888584
   0.44571048  0.81729888  0.39395493
   0.84800719  0.56454875  0.18483836
   0.91743554  0.93888606  0.49473097
   0.70637000  0.94194000  0.08602000
   0.98412867  0.68970717  0.28866529
   0.77683319  0.81493482  0.39386317
   0.17417000  0.33753000  0.10253000
   0.25977512  0.20463690  0.40218840
   0.07790377  0.32195910  0.50393660
   0.31565580  0.46176811  0.20547372
   0.11527839  0.08353881  0.30656681
   0.23858000  0.04636000  0.06951000
   0.04598892  0.17126221  0.17011492
   0.32693074  0.41680887  0.37274185
   0.11878158  0.04830735  0.47832894
   0.18265252  0.29380309  0.27106025
   0.50750000  0.33753000  0.10253000
   0.59498577  0.20833273  0.40677320
   0.40924983  0.31733878  0.50249937
   0.64830819  0.46051141  0.20368135
   0.44977765  0.08544826  0.30859059
   0.57191000  0.04636000  0.06951000
   0.37879406  0.17031405  0.16978066
   0.66000381  0.41486872  0.36972690
   0.45205736  0.05241614  0.48093411
   0.51554374  0.29251212  0.26999306
   0.84083000  0.33753000  0.10253000
   0.92610051  0.20563949  0.40328531
   0.74250182  0.32622275  0.51441803
   0.98211425  0.46103443  0.20457264
   0.78201129  0.08429319  0.30725507
   0.90524000  0.04636000  0.06951000
   0.71226463  0.17077598  0.16995931
   0.99323818  0.41582501  0.37195180
   0.78601054  0.05153358  0.47909179
   0.84917923  0.29306772  0.27058138
   0.17354181  0.83648921  0.10231214
   0.24520311  0.70964701  0.40475177
   0.04622009  0.82872976  0.50112120
   0.31384908  0.96188232  0.20594902
   0.11749376  0.58491363  0.30712262
   0.23858000  0.54636000  0.06951000
   0.04756927  0.67105078  0.17006894
   0.31092660  0.92153073  0.37488360
   0.14614670  0.54064761  0.47724595
   0.18307198  0.79404066  0.27119739
   0.50684607  0.83648598  0.10229182
   0.57654867  0.71041643  0.41019895
   0.38020690  0.83283972  0.50516367
   0.64698255  0.96152586  0.20536136
   0.45164412  0.58632629  0.30858895
   0.57191000  0.54636000  0.06951000
   0.38071479  0.67082656  0.16988947
   0.64366823  0.91981105  0.37383467
   0.47869210  0.53775158  0.47596021
   0.51555223  0.79347532  0.27078859
   0.84016646  0.83647005  0.10226069
   0.71565789  0.83662338  0.50181105
   0.98011027  0.96132700  0.20493258
   0.78395662  0.58441154  0.30452219
   0.90524000  0.54636000  0.06951000
   0.71389895  0.67046685  0.16971336
   0.97521573  0.91892333  0.37326735
   0.81041916  0.52959789  0.46850026
   0.84883917  0.79298277  0.27022471
   0.91154453  0.70685980  0.40532349
   0.44309053  0.43178887  0.58534194
   0.75891026  0.48960100  0.58276406
