   0.59293104  0.19492270  0.50176269
   0.03971000  0.19194000  0.09637000
   0.31978004  0.44026945  0.29955999
   0.11576021  0.06095094  0.40110975
   0.17987010  0.31650985  0.19779010
   0.26177946  0.18984033  0.49638996
   0.37304000  0.19194000  0.09637000
   0.65181995  0.43812971  0.29704011
   0.45065074  0.06466066  0.40350036
   0.51248023  0.31518016  0.19698029
   0.70637000  0.19194000  0.09637000
   0.98701943  0.43881969  0.29852000
   0.78224115  0.06229032  0.40198127
   0.84666965  0.31572998  0.19737013
   0.93123985  0.19114522  0.49692497
   0.03971000  0.69194000  0.09637000
   0.31351021  0.94082021  0.30069976
   0.12515928  0.56063877  0.40138943
   0.18008988  0.81666983  0.19796995
   0.25685018  0.69412821  0.49718955
   0.37304000  0.69194000  0.09637000
   0.64623009  0.93976035  0.29991979
   0.45821925  0.56272832  0.40290863
   0.51286987  0.81631984  0.19772989
   0.61030518  0.68535723  0.50387329
   0.70637000  0.69194000  0.09637000
   0.97876999  0.93917017  0.29940968
   0.84630969  0.81600982  0.19739986
   0.90685837  0.68637579  0.49970514
   0.79426804  0.55926902  0.39694863
   0.17926035  0.06467011  0.19608999
   0.27852424  0.43032663  0.50402042
   0.03971000  0.44194000  0.09637000
   0.31546052  0.18873028  0.29984993
   0.12756896  0.31225952  0.39958038
   0.51264999  0.06435013  0.19578009
   0.60577852  0.42687067  0.49886992
   0.37304000  0.44194000  0.09637000
   0.64878002  0.18814019  0.29907006
   0.46022143  0.31250992  0.39975950
   0.84613985  0.06462004  0.19571010
   0.94730667  0.42857067  0.50210007
   0.70637000  0.44194000  0.09637000
   0.98220981  0.18824004  0.29927018
   0.79380993  0.31150939  0.39805957
   0.18137997  0.56495986  0.19582003
   0.24724641  0.93709472  0.50586953
   0.03971000  0.94194000  0.09637000
   0.31710974  0.69007995  0.30057965
   0.11054096  0.81647071  0.40383915
   0.51430008  0.56455960  0.19515015
   0.58164057  0.94026550  0.50575995
   0.37304000  0.94194000  0.09637000
   0.64978032  0.68973938  0.29925976
   0.44581936  0.81720171  0.40433951
   0.84805944  0.56456963  0.19517024
   0.91732829  0.93861572  0.50514905
   0.70637000  0.94194000  0.09637000
   0.98424907  0.68979942  0.29903984
   0.77683029  0.81486214  0.40429917
   0.17417000  0.33753000  0.11288000
   0.25961987  0.20458931  0.41258020
   0.07803830  0.32208745  0.51429858
   0.31567975  0.46177002  0.21582977
   0.11528997  0.08357947  0.31689021
   0.23858000  0.04636000  0.07986000
   0.04601954  0.17127984  0.18045997
   0.32701984  0.41685104  0.38306025
   0.11902998  0.04868642  0.48867013
   0.18267989  0.29382996  0.28140996
   0.50750000  0.33753000  0.11288000
   0.59509806  0.20845079  0.41702061
   0.40981172  0.31937347  0.51415941
   0.64830997  0.46051020  0.21405949
   0.44977968  0.08549924  0.31891986
   0.57191000  0.04636000  0.07986000
   0.37881988  0.17034995  0.18012991
   0.66009850  0.41510896  0.38015058
   0.45212464  0.05266401  0.49126847
   0.51558938  0.29257932  0.28033983
   0.84083000  0.33753000  0.11288000
   0.92614211  0.20577060  0.41363968
   0.74261939  0.32667038  0.52518042
   0.98208039  0.46104007  0.21491988
   0.78200980  0.08432967  0.31758971
   0.90524000  0.04636000  0.07986000
   0.71226003  0.17079995  0.18030992
   0.99319033  0.41581116  0.38230019
   0.78607053  0.05182428  0.48938259
   0.84916032  0.29310000  0.28092996
   0.17417000  0.83753000  0.11288000
   0.24513017  0.70951050  0.41507034
   0.04720932  0.82946969  0.51137100
   0.31383996  0.96188982  0.21628004
   0.11748040  0.58486057  0.31746026
   0.23858000  0.54636000  0.07986000
   0.04755996  0.67103024  0.18042001
   0.31103897  0.92160864  0.38519034
   0.14632092  0.54050207  0.48767009
   0.18306002  0.79401003  0.28153014
   0.50749311  0.83751884  0.11287737
   0.57608348  0.71040874  0.42045039
   0.38017881  0.83270009  0.51549020
   0.64698999  0.96153981  0.21569987
   0.45165015  0.58623084  0.31895017
   0.57191000  0.54636000  0.07986000
   0.38071981  0.67081024  0.18023998
   0.64367880  0.91994724  0.38413999
   0.47760810  0.53676554  0.48692266
   0.51553008  0.79343005  0.28111034
   0.84082301  0.83751868  0.11287704
   0.71548130  0.83813194  0.51189260
   0.98010008  0.96132988  0.21526995
   0.78391110  0.58430160  0.31501923
   0.90524000  0.54636000  0.07986000
   0.71388995  0.67044040  0.18006998
   0.97524001  0.91895827  0.38357040
   0.81042726  0.52860529  0.47814736
   0.84879005  0.79292009  0.28054031
   0.91189739  0.70655258  0.41546092
   0.76200079  0.18978526  0.58577018
   0.75946282  0.48954182  0.59282174
