   0.93898769  0.69002172  0.49938498
   0.03971000  0.19194000  0.09637000
   0.31880206  0.43873053  0.29869983
   0.11628295  0.06227884  0.40053064
   0.18010320  0.31560282  0.19650025
   0.25621035  0.19651475  0.49624989
   0.37304000  0.19194000  0.09637000
   0.65274881  0.43858725  0.29818740
   0.45080048  0.06357680  0.40270815
   0.51276763  0.31518958  0.19719544
   0.58996775  0.19610585  0.50009204
   0.70637000  0.19194000  0.09637000
   0.98614377  0.43912164  0.29825429
   0.78102269  0.06244389  0.40179508
   0.84612552  0.31551266  0.19731659
   0.92431095  0.19228655  0.49714581
   0.03971000  0.69194000  0.09637000
   0.31328030  0.94060741  0.30042609
   0.12742617  0.55987058  0.40014539
   0.17973634  0.81642852  0.19807596
   0.24694807  0.68804088  0.50125413
   0.37304000  0.69194000  0.09637000
   0.64584669  0.93950639  0.29988148
   0.45675340  0.56027553  0.40127993
   0.51257200  0.81607662  0.19780524
   0.59380415  0.69406835  0.49678726
   0.70637000  0.69194000  0.09637000
   0.97913668  0.93950855  0.29882019
   0.84579731  0.81573464  0.19742413
   0.79155325  0.56006585  0.40077480
   0.17933561  0.06482663  0.19613753
   0.28057790  0.43026045  0.50306581
   0.03971000  0.44194000  0.09637000
   0.31616045  0.18909983  0.29968513
   0.12672796  0.31204368  0.39971603
   0.51257697  0.06430260  0.19602120
   0.61134295  0.43332040  0.50399887
   0.37304000  0.44194000  0.09637000
   0.64880370  0.18817348  0.29922527
   0.46095703  0.31274706  0.40008768
   0.84605957  0.06465983  0.19582574
   0.94773057  0.42947643  0.50302046
   0.70637000  0.44194000  0.09637000
   0.98262193  0.18859678  0.29927026
   0.79341560  0.31216748  0.39895437
   0.18086191  0.56495037  0.19584970
   0.25185936  0.94282752  0.50376721
   0.03971000  0.94194000  0.09637000
   0.31669278  0.69009169  0.29995282
   0.11044024  0.81707309  0.40464828
   0.51410712  0.56424146  0.19518038
   0.58115091  0.93792526  0.50691502
   0.37304000  0.94194000  0.09637000
   0.64946883  0.68859611  0.29954532
   0.44294703  0.81673881  0.40447265
   0.84757766  0.56462553  0.19558852
   0.91556304  0.93982094  0.50228209
   0.70637000  0.94194000  0.09637000
   0.98358696  0.68960038  0.29961837
   0.77841679  0.81557194  0.40170534
   0.17298363  0.33281101  0.10966851
   0.26065846  0.20474118  0.41220107
   0.07931177  0.31969467  0.51371990
   0.31495018  0.46078659  0.21436180
   0.11604281  0.08403542  0.31631705
   0.23858000  0.04636000  0.07986000
   0.04562719  0.17116590  0.18015221
   0.32572104  0.41592565  0.38247948
   0.11801687  0.05322554  0.48827410
   0.18249824  0.29342830  0.28031734
   0.50750000  0.33753000  0.11288000
   0.59417704  0.20633774  0.41570686
   0.41392264  0.32250348  0.51314288
   0.64838985  0.46054469  0.21423087
   0.44959687  0.08507491  0.31839139
   0.57191000  0.04636000  0.07986000
   0.37872231  0.17031455  0.18008594
   0.65983114  0.41616766  0.38205107
   0.45433224  0.05083501  0.49089561
   0.51620686  0.29289282  0.28042583
   0.84083000  0.33753000  0.11288000
   0.92540871  0.20517894  0.41344707
   0.74437758  0.32493654  0.51900657
   0.98185407  0.46087859  0.21453776
   0.78226121  0.08389573  0.31729236
   0.90524000  0.04636000  0.07986000
   0.71205118  0.17051491  0.18007594
   0.99265510  0.41575796  0.38145469
   0.78284629  0.04954833  0.48965792
   0.84901760  0.29280746  0.28060987
   0.17417000  0.83753000  0.11288000
   0.24434172  0.70914139  0.41789965
   0.05337027  0.83974919  0.50261641
   0.31383324  0.96158973  0.21601102
   0.11815550  0.58536955  0.31685264
   0.23858000  0.54636000  0.07986000
   0.04701444  0.67107822  0.18033500
   0.31009116  0.92146059  0.38476493
   0.14672282  0.53389748  0.48331151
   0.18250453  0.79415079  0.28150863
   0.50750000  0.83753000  0.11288000
   0.57757487  0.70959857  0.41509131
   0.37767307  0.83171753  0.51401710
   0.64687508  0.96121483  0.21560441
   0.44975728  0.58467857  0.31760488
   0.57191000  0.54636000  0.07986000
   0.38025586  0.67076587  0.18017562
   0.64268733  0.91969972  0.38431304
   0.47894968  0.54168848  0.48743488
   0.51583937  0.79310034  0.28118437
   0.84083000  0.83753000  0.11288000
   0.71340781  0.83362832  0.51552355
   0.98012975  0.96119005  0.21475238
   0.78407075  0.58438670  0.31686526
   0.90524000  0.54636000  0.07986000
   0.71316476  0.67040153  0.18006102
   0.97565900  0.91972796  0.38244210
   0.81286916  0.53813056  0.48620571
   0.84796337  0.79270285  0.28061812
   0.90870457  0.70787714  0.41640311
   0.04804188  0.65075461  0.58887461
   0.79416145  0.49990930  0.59977204
