   0.60799649  0.43530962  0.49774397
   0.03971000  0.19194000  0.08602000
   0.31643947  0.43952946  0.28889790
   0.11981721  0.06035953  0.39045449
   0.17844433  0.31585982  0.18745742
   0.26563476  0.19417221  0.48436357
   0.37304000  0.19194000  0.08602000
   0.64954021  0.43792584  0.28645320
   0.45276781  0.06176975  0.39065204
   0.51099177  0.31426117  0.18677195
   0.59776888  0.19335056  0.48515130
   0.70637000  0.19194000  0.08602000
   0.98270563  0.43944013  0.28889499
   0.78604098  0.06154438  0.39051673
   0.84542407  0.31569292  0.18729852
   0.93065404  0.19334260  0.48488979
   0.03971000  0.69194000  0.08602000
   0.31289557  0.93910640  0.28905425
   0.11898100  0.56147734  0.39156882
   0.17877462  0.81588739  0.18729877
   0.26357828  0.69316572  0.48644333
   0.37304000  0.69194000  0.08602000
   0.64699692  0.93909986  0.28890776
   0.45917363  0.56081996  0.39088890
   0.51112289  0.81590544  0.18732125
   0.59875211  0.69276363  0.48662814
   0.70637000  0.69194000  0.08602000
   0.97966073  0.93910730  0.28896745
   0.84482340  0.81614649  0.18714413
   0.92732030  0.69460135  0.49359044
   0.78705093  0.56376215  0.38522540
   0.17894353  0.06422009  0.18547698
   0.27437301  0.43516399  0.49323217
   0.03971000  0.44194000  0.08602000
   0.31461679  0.18821838  0.28942833
   0.12268203  0.31458082  0.39030734
   0.51241896  0.06406522  0.18543989
   0.37304000  0.44194000  0.08602000
   0.64814738  0.18850237  0.28929422
   0.45703953  0.31584588  0.38980680
   0.84575502  0.06457016  0.18551213
   0.94519689  0.43505301  0.50074672
   0.70637000  0.44194000  0.08602000
   0.98165735  0.18876471  0.28928628
   0.78950470  0.31664344  0.39123914
   0.17901232  0.56438562  0.18552699
   0.26470042  0.93815406  0.49396179
   0.03971000  0.94194000  0.08602000
   0.31447521  0.68889319  0.28962588
   0.11223132  0.81276077  0.39299782
   0.51204465  0.56371836  0.18482566
   0.59709516  0.93670788  0.49402105
   0.37304000  0.94194000  0.08602000
   0.64762220  0.68894298  0.28707151
   0.44808762  0.81629632  0.39126825
   0.84541203  0.56447076  0.18622718
   0.93066976  0.93823896  0.49380937
   0.70637000  0.94194000  0.08602000
   0.98222303  0.68934751  0.28716996
   0.78142043  0.81342354  0.39244078
   0.17417000  0.33753000  0.10253000
   0.25672842  0.20635852  0.40151200
   0.07483175  0.32571917  0.50066564
   0.31305371  0.46115851  0.20488629
   0.11462499  0.08330031  0.30659203
   0.23858000  0.04636000  0.06951000
   0.04553219  0.17051403  0.16966660
   0.32152939  0.41890127  0.37275457
   0.13221173  0.04822540  0.47742280
   0.18139601  0.29304632  0.27071483
   0.50750000  0.33753000  0.10253000
   0.58905918  0.20756831  0.40226946
   0.40662177  0.32730318  0.50188840
   0.64549393  0.45899437  0.20275866
   0.44842716  0.08338865  0.30652878
   0.57191000  0.04636000  0.06951000
   0.37822358  0.16971259  0.16946784
   0.65587736  0.41977468  0.37046770
   0.46588116  0.04706803  0.47768456
   0.51397376  0.29189454  0.27004917
   0.84083000  0.33753000  0.10253000
   0.92199637  0.20677047  0.40232269
   0.74159681  0.32671514  0.49973718
   0.98037517  0.46084171  0.20481179
   0.78207852  0.08389809  0.30633167
   0.90524000  0.04636000  0.06951000
   0.71180405  0.17032914  0.16961897
   0.98824050  0.41817577  0.37254154
   0.79770324  0.04704283  0.47768748
   0.84787082  0.29303856  0.27050295
   0.17417000  0.83753000  0.10253000
   0.24850506  0.70803737  0.40424159
   0.06460544  0.83253797  0.50240828
   0.31324033  0.96084300  0.20483646
   0.11486378  0.58508694  0.30711147
   0.23858000  0.54636000  0.06951000
   0.04543785  0.67064554  0.16974655
   0.31192408  0.91886362  0.37325087
   0.14071251  0.54441913  0.47850021
   0.18079449  0.79347902  0.27058768
   0.50750000  0.83753000  0.10253000
   0.58065247  0.70928983  0.40444158
   0.39570173  0.82987990  0.50264390
   0.64676637  0.96070773  0.20470635
   0.44940975  0.58492068  0.30679311
   0.57191000  0.54636000  0.06951000
   0.37862600  0.67055234  0.16965406
   0.64806093  0.91893737  0.37302932
   0.47681063  0.54446246  0.47783056
   0.51313738  0.79342577  0.27057541
   0.84083000  0.83753000  0.10253000
   0.73022214  0.82999394  0.50307195
   0.97990508  0.96121982  0.20466134
   0.78311550  0.58453448  0.29780728
   0.90524000  0.54636000  0.06951000
   0.71173381  0.67060622  0.16956366
   0.97970779  0.91628416  0.37329341
   0.81218541  0.54784134  0.50950424
   0.84749317  0.79451373  0.27033923
   0.90993675  0.70288669  0.41019888
   0.78864259  0.49057338  0.69628560
   0.80283347  0.52834817  0.60078727
