   0.92227205  0.68869544  0.49553131
   0.03971000  0.19194000  0.09637000
   0.31989396  0.44010246  0.29950911
   0.11580159  0.06076915  0.40095841
   0.17986182  0.31629751  0.19775282
   0.26093192  0.18972156  0.49641070
   0.37304000  0.19194000  0.09637000
   0.65185490  0.43802752  0.29698928
   0.45053919  0.06461827  0.40338927
   0.51250931  0.31517497  0.19696800
   0.59233903  0.19451368  0.50160046
   0.70637000  0.19194000  0.09637000
   0.98686331  0.43887780  0.29852502
   0.78190196  0.06220327  0.40189485
   0.84647079  0.31573851  0.19737067
   0.93010071  0.19068377  0.49693477
   0.03971000  0.69194000  0.09637000
   0.31356086  0.94067859  0.30066077
   0.12565278  0.56063220  0.40119626
   0.18004916  0.81660140  0.19796564
   0.25722647  0.69469010  0.49732210
   0.37304000  0.69194000  0.09637000
   0.64621060  0.93976255  0.29989603
   0.45800223  0.56133730  0.40242047
   0.51285532  0.81623996  0.19772351
   0.59035584  0.68766192  0.49748454
   0.70637000  0.69194000  0.09637000
   0.97887665  0.93916206  0.29942429
   0.84621877  0.81601799  0.19740471
   0.79274334  0.55942557  0.39800234
   0.17934564  0.06460282  0.19598329
   0.27830159  0.43066463  0.50434372
   0.03971000  0.44194000  0.09637000
   0.31538613  0.18846343  0.29975698
   0.12740854  0.31212194  0.39969972
   0.51262126  0.06431850  0.19576059
   0.60654365  0.42738910  0.49987898
   0.37304000  0.44194000  0.09637000
   0.64883221  0.18796554  0.29906708
   0.45998489  0.31206400  0.39952140
   0.84603779  0.06447890  0.19568583
   0.94684902  0.42967554  0.50299248
   0.70637000  0.44194000  0.09637000
   0.98231476  0.18799247  0.29923676
   0.79357262  0.31123676  0.39811161
   0.18128438  0.56492396  0.19572169
   0.24881240  0.93753553  0.50589795
   0.03971000  0.94194000  0.09637000
   0.31688671  0.69013850  0.30029495
   0.11072671  0.81683399  0.40371464
   0.51413737  0.56446028  0.19513432
   0.58213409  0.93817901  0.50603469
   0.37304000  0.94194000  0.09637000
   0.64976919  0.68968179  0.29896376
   0.44525056  0.81754858  0.40398698
   0.84789024  0.56450611  0.19525603
   0.91684207  0.93714256  0.50963069
   0.70637000  0.94194000  0.09637000
   0.98429059  0.68983775  0.29881613
   0.77768242  0.81651392  0.40368149
   0.17417000  0.33753000  0.11288000
   0.25999666  0.20484878  0.41264976
   0.07773030  0.32189866  0.51393786
   0.31549847  0.46163961  0.21569929
   0.11537999  0.08356796  0.31695452
   0.23858000  0.04636000  0.07986000
   0.04571490  0.17124629  0.18057259
   0.32652990  0.41716834  0.38325692
   0.12048207  0.04795208  0.48795005
   0.18265339  0.29383480  0.28144912
   0.50750000  0.33753000  0.11288000
   0.59506565  0.20792541  0.41705727
   0.40890897  0.31999800  0.51364102
   0.64821080  0.46039042  0.21385746
   0.44986091  0.08526155  0.31881269
   0.57191000  0.04636000  0.07986000
   0.37878071  0.17045177  0.18017563
   0.65977207  0.41517878  0.38054301
   0.45264260  0.05301939  0.49123528
   0.51542295  0.29235361  0.28028366
   0.84083000  0.33753000  0.11288000
   0.92609982  0.20600560  0.41378300
   0.74216756  0.32624633  0.52250259
   0.98221457  0.46095767  0.21488229
   0.78208679  0.08427779  0.31764083
   0.90524000  0.04636000  0.07986000
   0.71221944  0.17082174  0.18038072
   0.99254182  0.41620755  0.38250876
   0.78496957  0.05030924  0.48878027
   0.84928711  0.29307029  0.28099654
   0.17417000  0.83753000  0.11288000
   0.24555976  0.70923224  0.41487547
   0.05528575  0.82581886  0.50379269
   0.31387415  0.96178623  0.21625740
   0.11733776  0.58495054  0.31751576
   0.23858000  0.54636000  0.07986000
   0.04727332  0.67105893  0.18053532
   0.31126412  0.92180420  0.38505235
   0.14653261  0.54049876  0.48759897
   0.18289948  0.79404401  0.28155258
   0.50750000  0.83753000  0.11288000
   0.57622628  0.70854679  0.41709146
   0.38063238  0.83330665  0.51518854
   0.64694319  0.96141933  0.21556606
   0.45143813  0.58622710  0.31880737
   0.57191000  0.54636000  0.07986000
   0.38053014  0.67088238  0.18035883
   0.64340136  0.91957199  0.38397761
   0.47936113  0.53800090  0.48877043
   0.51556249  0.79351760  0.28122814
   0.84083000  0.83753000  0.11288000
   0.71131288  0.83072308  0.50737252
   0.98018240  0.96128214  0.21512701
   0.78416371  0.58419519  0.31450875
   0.90524000  0.54636000  0.07986000
   0.71359862  0.67060358  0.18017120
   0.97569941  0.91911433  0.38334210
   0.81046088  0.53693199  0.48561415
   0.84875124  0.79312165  0.28064258
   0.90775005  0.70663022  0.41385647
   0.88967379  0.86089778  0.61535074
   0.76369938  0.49001013  0.59516666
