   0.94072027  0.93416851  0.49205092
   0.03971000  0.19194000  0.08602000
   0.31276541  0.43925625  0.28657465
   0.12530576  0.06338156  0.39059263
   0.17973282  0.31433348  0.18508610
   0.26094567  0.19555046  0.48650890
   0.37304000  0.19194000  0.08602000
   0.64801735  0.43959211  0.28734603
   0.45782956  0.06194603  0.38911816
   0.51238887  0.31536513  0.18671162
   0.59057311  0.19331047  0.48559980
   0.70637000  0.19194000  0.08602000
   0.98065246  0.43955628  0.28810675
   0.79132761  0.06344754  0.39206186
   0.84591219  0.31526025  0.18675785
   0.92608066  0.18698924  0.49424112
   0.03971000  0.69194000  0.08602000
   0.31772934  0.93870126  0.28702516
   0.11574128  0.56279718  0.38976885
   0.17912337  0.81467604  0.18571682
   0.25230329  0.69746076  0.48462159
   0.37304000  0.69194000  0.08602000
   0.65250041  0.94136405  0.28862863
   0.44658549  0.56341323  0.38818370
   0.51316901  0.81610009  0.18707231
   0.58830340  0.69576427  0.48317675
   0.70637000  0.69194000  0.08602000
   0.98517934  0.94011249  0.28837676
   0.84602652  0.81548411  0.18716532
   0.91925437  0.69803698  0.48491676
   0.78156672  0.56482736  0.38915482
   0.18047779  0.06366918  0.18455579
   0.24731587  0.44072375  0.49400412
   0.03971000  0.44194000  0.08602000
   0.31682130  0.18856010  0.28707349
   0.11236735  0.31644358  0.39244641
   0.51418899  0.06449524  0.18502856
   0.57471979  0.44508757  0.49305507
   0.37304000  0.44194000  0.08602000
   0.65035763  0.18987534  0.28907966
   0.44747422  0.31695815  0.38830562
   0.84735460  0.06361348  0.18431524
   0.91437634  0.44416072  0.49236378
   0.70637000  0.44194000  0.08602000
   0.98417649  0.18934568  0.28787081
   0.78166015  0.31559785  0.38995953
   0.17965953  0.56422733  0.18464053
   0.27561899  0.93460090  0.49214451
   0.03971000  0.94194000  0.08602000
   0.31574927  0.68914141  0.28783683
   0.12337953  0.81503831  0.38856898
   0.51318767  0.56420924  0.18465840
   0.60568434  0.93276407  0.49272276
   0.37304000  0.94194000  0.08602000
   0.64912253  0.68907090  0.28762358
   0.45640806  0.81512452  0.38836840
   0.84652877  0.56439761  0.18511699
   0.70637000  0.94194000  0.08602000
   0.98306912  0.68902645  0.28813478
   0.79006376  0.81537839  0.38805190
   0.17283765  0.33230921  0.09917983
   0.24860365  0.21155542  0.40425560
   0.04426814  0.33775036  0.50286908
   0.31369518  0.45959441  0.20228147
   0.11810582  0.08570313  0.30650270
   0.23858000  0.04636000  0.06951000
   0.04643411  0.16937084  0.16960287
   0.31103471  0.41975454  0.37082739
   0.14448535  0.04372659  0.47664429
   0.18296487  0.29253076  0.26856666
   0.50750000  0.33753000  0.10253000
   0.58101048  0.21071412  0.40117121
   0.37858140  0.33581341  0.50519775
   0.64750517  0.46045758  0.20399548
   0.45080354  0.08395959  0.30494989
   0.57191000  0.04636000  0.06951000
   0.37966091  0.17014309  0.17010299
   0.64826323  0.42021314  0.37116695
   0.47567272  0.04245864  0.47530545
   0.51597457  0.29321288  0.27010777
   0.84083000  0.33753000  0.10253000
   0.91358460  0.21070342  0.41090799
   0.70673035  0.34265248  0.50598916
   0.98070150  0.46048408  0.20419943
   0.78560739  0.08732994  0.30837465
   0.90524000  0.04636000  0.06951000
   0.71359160  0.16993905  0.16979952
   0.97910322  0.41931158  0.37231294
   0.80436160  0.03778707  0.47542954
   0.84965392  0.29317788  0.27027097
   0.17285139  0.83239689  0.09956384
   0.25598708  0.70712542  0.40110559
   0.07351980  0.82577310  0.50125008
   0.31479871  0.95951890  0.20297798
   0.11603870  0.58421217  0.30585424
   0.23858000  0.54636000  0.06951000
   0.04552827  0.67019299  0.17000716
   0.32199991  0.91855442  0.37130094
   0.11812461  0.55101450  0.47685877
   0.18230333  0.79327567  0.26967249
   0.50750000  0.83753000  0.10253000
   0.58913912  0.70713406  0.40001593
   0.40540739  0.82499640  0.50170646
   0.64885384  0.96128110  0.20510057
   0.44878645  0.58392246  0.30422378
   0.57191000  0.54636000  0.06951000
   0.37961873  0.67086915  0.17026038
   0.65611430  0.91969408  0.37197646
   0.44705293  0.55226128  0.47527129
   0.51620157  0.79458039  0.27061468
   0.84083000  0.83753000  0.10253000
   0.73918395  0.82316656  0.50269234
   0.98188088  0.96044983  0.20449394
   0.78295060  0.58429097  0.30472265
   0.90524000  0.54636000  0.06951000
   0.71245910  0.67064181  0.17036204
   0.98975972  0.91994917  0.37228428
   0.78175087  0.55293464  0.47664829
   0.84956245  0.79416352  0.27096753
   0.92208812  0.70837967  0.40152288
   0.92151119  0.13730733  0.59633231
   0.74993561  0.26232258  0.58496462
