   0.93178957  0.68723636  0.50379421
   0.03971000  0.19194000  0.09637000
   0.31774079  0.43827998  0.29725943
   0.11759082  0.06345177  0.40004860
   0.17971153  0.31510791  0.19587662
   0.25306429  0.20014263  0.49550744
   0.37304000  0.19194000  0.09637000
   0.65109025  0.44060085  0.29905801
   0.45069249  0.06416466  0.40004925
   0.51280057  0.31646038  0.19758367
   0.58874255  0.19521980  0.49840893
   0.70637000  0.19194000  0.09637000
   0.98479028  0.43961720  0.29807115
   0.78318544  0.06342148  0.39963001
   0.84570622  0.31585954  0.19723132
   0.91943970  0.19907742  0.49518670
   0.03971000  0.69194000  0.09637000
   0.31148656  0.94009745  0.29846074
   0.12703175  0.56209628  0.39944988
   0.17790332  0.81582365  0.19728827
   0.26751969  0.69456767  0.49398352
   0.37304000  0.69194000  0.09637000
   0.64601657  0.93951513  0.29798727
   0.45807432  0.56084340  0.39906164
   0.51167976  0.81539513  0.19713760
   0.60152955  0.69450634  0.49354326
   0.70637000  0.69194000  0.09637000
   0.97910302  0.93995982  0.29882879
   0.84523173  0.81590554  0.19746163
   0.79413395  0.56219977  0.40195536
   0.17889350  0.06455167  0.19536174
   0.28478011  0.43570741  0.50150402
   0.03971000  0.44194000  0.09637000
   0.31533860  0.18927500  0.29862557
   0.12509766  0.31385430  0.39851328
   0.51206595  0.06444310  0.19521287
   0.61391327  0.43332876  0.50289464
   0.37304000  0.44194000  0.09637000
   0.64845748  0.18900713  0.29802533
   0.45928677  0.31442217  0.39918233
   0.84535697  0.06442283  0.19536489
   0.95595275  0.43453307  0.49982246
   0.70637000  0.44194000  0.09637000
   0.98192590  0.18879207  0.29814103
   0.79230446  0.31386377  0.39706871
   0.17957268  0.56373646  0.19480170
   0.25436161  0.94212226  0.50339177
   0.03971000  0.94194000  0.09637000
   0.31488830  0.68875436  0.29821368
   0.11025831  0.81778346  0.40406720
   0.51341602  0.56445166  0.19544014
   0.58769411  0.94025299  0.50242266
   0.37304000  0.94194000  0.09637000
   0.64854607  0.68929494  0.29925660
   0.44603348  0.81794205  0.39869272
   0.84667119  0.56447912  0.19530634
   0.92303995  0.94130090  0.50164919
   0.70637000  0.94194000  0.09637000
   0.98192464  0.68978182  0.29948057
   0.78017835  0.81670928  0.40201434
   0.17315711  0.33286849  0.10933098
   0.25921365  0.20647956  0.41098542
   0.08546966  0.32324561  0.50992441
   0.31414684  0.45983342  0.21299911
   0.11535137  0.08416360  0.31578092
   0.23858000  0.04636000  0.07986000
   0.04511044  0.17086308  0.17994941
   0.32428354  0.41741757  0.38117527
   0.12303928  0.05299076  0.48765469
   0.18158380  0.29317246  0.27952412
   0.50750000  0.33753000  0.11288000
   0.59384954  0.20789016  0.41394188
   0.41397159  0.32537369  0.51162681
   0.64789857  0.46178579  0.21502485
   0.44916162  0.08467371  0.31600480
   0.57191000  0.04636000  0.07986000
   0.37850876  0.17127811  0.18032664
   0.65831588  0.41803008  0.38252880
   0.45689662  0.05037480  0.48739607
   0.51532779  0.29433060  0.28101815
   0.84083000  0.33753000  0.11288000
   0.92387869  0.20651651  0.41108311
   0.74624923  0.31941970  0.52419652
   0.98083495  0.46080125  0.21423876
   0.78164527  0.08398598  0.31500325
   0.90524000  0.04636000  0.07986000
   0.71180254  0.17072308  0.18011907
   0.99092695  0.41812899  0.38170234
   0.78846938  0.05168601  0.48716595
   0.84857851  0.29351856  0.28057558
   0.17417000  0.83753000  0.11288000
   0.24745612  0.71176434  0.41273794
   0.05811892  0.83793041  0.50879285
   0.31296115  0.96093584  0.21443524
   0.11587980  0.58535651  0.31589641
   0.23858000  0.54636000  0.07986000
   0.04611357  0.67032538  0.17981822
   0.31010704  0.92171579  0.38241857
   0.15728770  0.54500041  0.48393640
   0.18085607  0.79347152  0.28022159
   0.50750000  0.83753000  0.11288000
   0.57898005  0.71055499  0.41182274
   0.38778247  0.83549878  0.51283609
   0.64614284  0.96057922  0.21405747
   0.44948362  0.58403716  0.31522906
   0.57191000  0.54636000  0.07986000
   0.37933923  0.67024413  0.18003522
   0.64488213  0.92104231  0.38205848
   0.48408124  0.54440042  0.48544842
   0.51380765  0.79337163  0.28034524
   0.84083000  0.83753000  0.11288000
   0.72000835  0.83565501  0.50980925
   0.97983516  0.96111794  0.21458599
   0.78339754  0.58622356  0.31803416
   0.90524000  0.54636000  0.07986000
   0.71267638  0.67100033  0.18007060
   0.97649521  0.92116579  0.38297456
   0.81288629  0.53633859  0.48512632
   0.84755815  0.79390248  0.28083171
   0.91195094  0.70994361  0.42003819
  -0.05123317  0.63817950  0.60238112
   0.82868278  0.44218966  0.60130446
