   0.60975585  0.43225700  0.49216105
   0.17886900  0.06402269  0.18484928
   0.28014567  0.43358095  0.49153392
   0.03971000  0.44194000  0.08602000
   0.31516821  0.18783323  0.28881513
   0.12522551  0.31269312  0.38953580
   0.51219137  0.06418422  0.18488066
   0.37304000  0.44194000  0.08602000
   0.64868330  0.18823931  0.28890128
   0.45860799  0.31287304  0.38981979
   0.84544556  0.06398664  0.18481036
   0.94995713  0.43242425  0.49423683
   0.70637000  0.44194000  0.08602000
   0.98186902  0.18781007  0.28866963
   0.79237920  0.31296629  0.39070601
   0.18068691  0.56333599  0.18461451
   0.25574812  0.93870674  0.49410888
   0.03971000  0.94194000  0.08602000
   0.31647074  0.68796800  0.28810052
   0.11167162  0.81474465  0.39101317
   0.51417720  0.56354922  0.18487735
   0.58868560  0.93725786  0.49391354
   0.37304000  0.94194000  0.08602000
   0.64996571  0.68834697  0.28849729
   0.44643467  0.81632785  0.38993099
   0.84744270  0.56344250  0.18473197
   0.92181961  0.93863456  0.49417717
   0.70637000  0.94194000  0.08602000
   0.98352471  0.68802075  0.28837904
   0.77955260  0.81541111  0.39081643
   0.03971000  0.19194000  0.08602000
   0.31861802  0.43796251  0.28809283
   0.11656356  0.06124604  0.38999077
   0.17929266  0.31509939  0.18695268
   0.25948669  0.19371973  0.48467909
   0.37304000  0.19194000  0.08602000
   0.65233807  0.43882552  0.28922203
   0.44961630  0.06172796  0.38994692
   0.51288181  0.31578964  0.18739052
   0.59422656  0.19175507  0.48475995
   0.70637000  0.19194000  0.08602000
   0.98507534  0.43827712  0.28855691
   0.78316616  0.06185495  0.38997976
   0.84598918  0.31545715  0.18711004
   0.92886428  0.19192048  0.48498009
   0.03971000  0.69194000  0.08602000
   0.31217402  0.93917461  0.28809773
   0.12583386  0.56027856  0.39025957
   0.17914627  0.81525918  0.18675723
   0.26098400  0.69373778  0.48527151
   0.37304000  0.69194000  0.08602000
   0.64610070  0.93937607  0.28802839
   0.45854639  0.56062609  0.38975991
   0.51249853  0.81530285  0.18676472
   0.59574886  0.69263254  0.48574925
   0.70637000  0.69194000  0.08602000
   0.97933780  0.93870844  0.28819791
   0.84593536  0.81518977  0.18678732
   0.92691193  0.69628289  0.48954200
   0.79128808  0.56079133  0.39146681
   0.17417000  0.33753000  0.10253000
   0.25839137  0.20446069  0.40099465
   0.08078384  0.32242493  0.49888396
   0.31523817  0.46014717  0.20448935
   0.11505954  0.08260775  0.30585376
   0.23858000  0.04636000  0.06951000
   0.04513123  0.17025177  0.16984723
   0.32432518  0.41709425  0.37201778
   0.12346246  0.04956882  0.47750003
   0.18189587  0.29258768  0.27046279
   0.50750000  0.33753000  0.10253000
   0.59117616  0.20479519  0.40132331
   0.41126375  0.32377175  0.49883810
   0.64880557  0.46076109  0.20541739
   0.44871755  0.08308252  0.30576969
   0.57191000  0.04636000  0.06951000
   0.37870847  0.17083030  0.17009993
   0.65874963  0.41876398  0.37399990
   0.45708399  0.04785506  0.47741105
   0.51549112  0.29361803  0.27128779
   0.84083000  0.33753000  0.10253000
   0.92518252  0.20471931  0.40149714
   0.74537328  0.32334517  0.49734206
   0.98182697  0.46038512  0.20480422
   0.78207945  0.08331859  0.30577716
   0.90524000  0.04636000  0.06951000
   0.71194497  0.17054934  0.16995309
   0.99039058  0.41763330  0.37282560
   0.78976140  0.04832043  0.47752135
   0.84860327  0.29306378  0.27074410
   0.17417000  0.83753000  0.10253000
   0.24665425  0.70930803  0.40336824
   0.05585109  0.83348402  0.50381282
   0.31300155  0.96068620  0.20434091
   0.11758355  0.58388588  0.30658568
   0.23858000  0.54636000  0.06951000
   0.04685351  0.66968443  0.16976441
   0.31015316  0.91931936  0.37237540
   0.14687837  0.54267558  0.47679520
   0.18208794  0.79200505  0.27008449
   0.50750000  0.83753000  0.10253000
   0.57959280  0.70962420  0.40364713
   0.38723509  0.83082462  0.50370087
   0.64636963  0.96071820  0.20431785
   0.45105113  0.58390068  0.30610723
   0.57191000  0.54636000  0.06951000
   0.38018376  0.66969582  0.16978228
   0.64479319  0.91925761  0.37222101
   0.47980880  0.54274843  0.47574200
   0.51555679  0.79228755  0.27012820
   0.84083000  0.83753000  0.10253000
   0.72152692  0.83065872  0.50376879
   0.97964183  0.96054731  0.20441010
   0.78457318  0.58460838  0.30774344
   0.90524000  0.54636000  0.06951000
   0.71358617  0.66967075  0.16980519
   0.97777344  0.91786616  0.37254942
   0.81302970  0.54447189  0.48826775
   0.84896027  0.79175364  0.27017325
   0.91121268  0.70701454  0.40691167
   0.61441346  0.62416454  0.62552841
   0.83284218  0.38357903  0.67145123
   0.79673657  0.48208780  0.58984245
   0.53047168  0.71424542  0.63261649
   0.48149046  0.60957966  0.66492941
   0.37662471  0.54820741  0.65155249
   0.51243983  0.60804124  0.71034153
   0.46336589  0.73106672  0.59502568
   0.59887075  0.78834289  0.65404074
