   0.18171625  0.06513127  0.19543626
   0.25483560  0.43628608  0.50311128
   0.03971000  0.44194000  0.09637000
   0.31832417  0.19042067  0.29991818
   0.11808637  0.31513464  0.40115397
   0.51443988  0.06445937  0.19459755
   0.58449099  0.44176543  0.49739026
   0.37304000  0.44194000  0.09637000
   0.65096977  0.18912134  0.29780307
   0.45384353  0.31620452  0.40156752
   0.84811961  0.06467204  0.19444561
   0.92967615  0.43908044  0.49864418
   0.70637000  0.44194000  0.09637000
   0.98479773  0.18945258  0.29770814
   0.78517731  0.31285487  0.39962566
   0.18018018  0.56540402  0.19534301
   0.26632977  0.93537452  0.50396619
   0.03971000  0.94194000  0.09637000
   0.31709651  0.69094837  0.29864414
   0.12261887  0.81648698  0.39846959
   0.51303153  0.56433839  0.19447811
   0.60048903  0.93355565  0.50438450
   0.37304000  0.94194000  0.09637000
   0.64947270  0.68934052  0.29668605
   0.45528053  0.81766735  0.39944446
   0.84699642  0.56508901  0.19498028
   0.93196679  0.93116369  0.50101598
   0.70637000  0.94194000  0.09637000
   0.98354129  0.69035651  0.29745530
   0.78741882  0.81536890  0.39701975
   0.60350355  0.18892780  0.50686869
   0.03971000  0.19194000  0.09637000
   0.31693306  0.44065592  0.29871772
   0.12176473  0.06160264  0.39980002
   0.18043464  0.31673992  0.19744617
   0.25775483  0.19336664  0.49491907
   0.37304000  0.19194000  0.09637000
   0.64979818  0.43881413  0.29629404
   0.45777774  0.06680989  0.40519611
   0.51279537  0.31531706  0.19657024
   0.70637000  0.19194000  0.09637000
   0.98370467  0.44004290  0.29759755
   0.79010325  0.06063483  0.39728704
   0.84681739  0.31617605  0.19688293
   0.91300905  0.18507340  0.49913646
   0.03971000  0.69194000  0.09637000
   0.31988167  0.94368751  0.30077629
   0.12139197  0.56279732  0.39875181
   0.18106791  0.81799461  0.19806883
   0.25899438  0.69481364  0.49463300
   0.37304000  0.69194000  0.09637000
   0.65056105  0.93914857  0.29605866
   0.45128192  0.56402556  0.39977160
   0.51295060  0.81547735  0.19530458
   0.58885213  0.69548553  0.49472180
   0.70637000  0.69194000  0.09637000
   0.98485530  0.93980778  0.29703545
   0.84738917  0.81582760  0.19544906
   0.92822277  0.69415713  0.49127835
   0.78710943  0.56185273  0.39642316
   0.17417000  0.33753000  0.11288000
   0.25322517  0.20783491  0.41231280
   0.05363477  0.32870692  0.51041111
   0.31451624  0.46201175  0.21485678
   0.11857822  0.08456343  0.31543520
   0.23858000  0.04636000  0.07986000
   0.04737462  0.17132750  0.18027163
   0.31848021  0.41929761  0.38271747
   0.13307677  0.04446774  0.48669302
   0.18425262  0.29434287  0.28075139
   0.50750000  0.33753000  0.11288000
   0.58619661  0.21252916  0.42268113
   0.38848263  0.33084698  0.51294282
   0.64756620  0.46052974  0.21273495
   0.45395412  0.08858504  0.32041355
   0.57191000  0.04636000  0.07986000
   0.38026914  0.17038663  0.17978116
   0.65237337  0.41753802  0.38053418
   0.46659403  0.04357084  0.49085042
   0.51694764  0.29300413  0.27961085
   0.84083000  0.33753000  0.11288000
   0.91845953  0.20704899  0.41451836
   0.72117930  0.34165433  0.51501438
   0.98147242  0.46155540  0.21380893
   0.78518376  0.08451375  0.31358629
   0.90524000  0.04636000  0.07986000
   0.71367339  0.17081260  0.17999092
   0.98384427  0.41889316  0.38165154
   0.79970625  0.03412236  0.47974056
   0.85040698  0.29388239  0.28002823
   0.17417000  0.83753000  0.11288000
   0.25514718  0.70917622  0.41162926
   0.06665754  0.82487214  0.51182466
   0.31709236  0.96291766  0.21621366
   0.11737300  0.58556398  0.31507357
   0.23858000  0.54636000  0.07986000
   0.04663997  0.67248537  0.18078489
   0.32185079  0.92321540  0.38504295
   0.12827461  0.54801445  0.48545732
   0.18422188  0.79697848  0.28181039
   0.50619000  0.83294000  0.10916000
   0.58756059  0.70921179  0.41140817
   0.39833842  0.82635929  0.51409721
   0.64874646  0.96004728  0.21205665
   0.45029913  0.58585011  0.31613362
   0.57191000  0.54636000  0.07986000
   0.37926019  0.67096623  0.17987046
   0.65285599  0.91826621  0.37933272
   0.45638136  0.54979197  0.48637772
   0.51559185  0.79380731  0.27869540
   0.83992000  0.83287000  0.10930000
   0.73155683  0.82373686  0.51576763
   0.98266876  0.96064366  0.21280768
   0.78332969  0.58390387  0.31291025
   0.90524000  0.54636000  0.07986000
   0.71255849  0.67115535  0.18006894
   0.98713225  0.91905492  0.38109628
   0.79505940  0.54933477  0.48325840
   0.84933434  0.79458937  0.27899607
   0.92147200  0.70765927  0.40785715
   0.78669163  0.57268748  0.65415795
   0.75544633  0.15150081  0.58801382
   0.74417064  0.42544344  0.59614658
   0.80567909  0.68596394  0.67591534
   0.77411274  0.58966742  0.71495578
   0.65396373  0.56021832  0.73222333
   0.86926921  0.56826938  0.74037768
   0.71094012  0.72782067  0.66411078
   0.92605154  0.73682394  0.67165186
