   0.17769167  0.06424215  0.19532203
   0.28810657  0.42915100  0.50129109
   0.03971000  0.44194000  0.09637000
   0.31396059  0.18785408  0.29851692
   0.12920927  0.31060773  0.39857843
   0.51099137  0.06426156  0.19541287
   0.62174979  0.43081472  0.50141266
   0.37304000  0.44194000  0.09637000
   0.64748741  0.18790550  0.29875844
   0.46245858  0.31070820  0.39854408
   0.84416334  0.06420476  0.19536865
   0.95544968  0.42808425  0.50136036
   0.70637000  0.44194000  0.09637000
   0.98073820  0.18786369  0.29848035
   0.79613090  0.31094018  0.39860198
   0.17996055  0.56403288  0.19508627
   0.24589213  0.93885202  0.50334452
   0.03971000  0.94194000  0.09637000
   0.31487689  0.68870278  0.29893555
   0.10896278  0.81545939  0.40039886
   0.51333130  0.56395931  0.19512823
   0.57964855  0.94084007  0.50423582
   0.37304000  0.94194000  0.09637000
   0.64783751  0.68831578  0.29861991
   0.43946783  0.81700013  0.40362248
   0.84663423  0.56399862  0.19522594
   0.91093981  0.93793791  0.50543291
   0.70637000  0.94194000  0.09637000
   0.98161780  0.68842624  0.29863262
   0.77448887  0.81656876  0.39950702
   0.92843050  0.69282296  0.49567114
   0.03971000  0.19194000  0.09637000
   0.31904120  0.43761336  0.29772602
   0.11303691  0.06197819  0.40031976
   0.17902693  0.31495699  0.19611346
   0.25921887  0.19276383  0.49594172
   0.37304000  0.19194000  0.09637000
   0.65277065  0.43823090  0.29855946
   0.44578835  0.06269561  0.40011365
   0.51226021  0.31562522  0.19741333
   0.59230243  0.19516803  0.49520093
   0.70637000  0.19194000  0.09637000
   0.98649423  0.43821397  0.29820176
   0.77926318  0.06201227  0.40022892
   0.84528382  0.31553596  0.19728992
   0.92754988  0.19105574  0.49528182
   0.03971000  0.69194000  0.09637000
   0.30984685  0.93945381  0.29840007
   0.12829163  0.55904022  0.40041654
   0.17792570  0.81558760  0.19723157
   0.25938935  0.68805512  0.50066457
   0.37304000  0.69194000  0.09637000
   0.64239890  0.93926123  0.29855562
   0.46062482  0.55914089  0.39988936
   0.51123797  0.81547876  0.19721613
   0.59365864  0.69361559  0.49507685
   0.70637000  0.69194000  0.09637000
   0.97675927  0.93947768  0.29830397
   0.84441485  0.81555109  0.19721745
   0.79481407  0.55964970  0.40030796
   0.17310000  0.33301000  0.10976000
   0.26189818  0.20280692  0.41112016
   0.08766102  0.31682066  0.51131751
   0.31409007  0.45984571  0.21367281
   0.11377942  0.08309851  0.31580689
   0.23858000  0.04636000  0.07986000
   0.04397865  0.17062472  0.18014745
   0.32869943  0.41489084  0.38166717
   0.11412521  0.04931445  0.48828360
   0.18114273  0.29274652  0.27987423
   0.50750000  0.33753000  0.11288000
   0.59577615  0.20327042  0.41069021
   0.42083354  0.31988311  0.51143568
   0.64772556  0.46073628  0.21486761
   0.44722625  0.08297615  0.31566432
   0.57191000  0.04636000  0.07986000
   0.37751114  0.17085989  0.18033848
   0.66211027  0.41590450  0.38254436
   0.44832088  0.05299301  0.48771927
   0.51463157  0.29313398  0.28087863
   0.84083000  0.33753000  0.11288000
   0.92828452  0.20278869  0.41114385
   0.75325466  0.32111465  0.51100058
   0.98122125  0.46059926  0.21451541
   0.78046469  0.08280472  0.31577797
   0.90524000  0.04636000  0.07986000
   0.71071981  0.17071330  0.18021283
   0.99501311  0.41479391  0.38165087
   0.78258380  0.04927154  0.48811073
   0.84790524  0.29294130  0.28060193
   0.17417000  0.83753000  0.11288000
   0.23963643  0.70884396  0.41747730
   0.04237945  0.83165063  0.51803985
   0.31177154  0.96070745  0.21445630
   0.11623129  0.58468970  0.31689214
   0.23858000  0.54636000  0.07986000
   0.04584587  0.67021691  0.18009378
   0.30562500  0.91999433  0.38250796
   0.15290431  0.53396329  0.48406067
   0.18011330  0.79251527  0.28048887
   0.50750000  0.83753000  0.11288000
   0.57554036  0.70975241  0.41370231
   0.38153915  0.83603508  0.50744451
   0.64506367  0.96065362  0.21458550
   0.44895663  0.58380864  0.31635619
   0.57191000  0.54636000  0.07986000
   0.37923748  0.67007376  0.18005712
   0.63916177  0.91985065  0.38287391
   0.48887267  0.53993885  0.48617191
   0.51344659  0.79220996  0.28033185
   0.84083000  0.83753000  0.11288000
   0.70949720  0.83186503  0.51720563
   0.97840621  0.96069466  0.21445557
   0.78277447  0.58440717  0.31696649
   0.90524000  0.54636000  0.07986000
   0.71252442  0.67013597  0.18009723
   0.97381758  0.91941363  0.38259265
   0.82286851  0.54005834  0.48691759
   0.84678971  0.79235694  0.28050258
   0.90777853  0.71048928  0.41436820
   0.74982069  0.57052847  0.64272800
   0.25951220  0.65548880  0.60274865
   0.98602026  0.64932339  0.60864881
   0.59775721  0.60469072  0.63946036
   0.66306090  0.58331608  0.69557981
   0.61745530  0.50415550  0.71733846
   0.71844955  0.65325753  0.72283362
   0.50421579  0.54125776  0.62003654
   0.60650425  0.69042255  0.62518609
