   0.18086815  0.06404539  0.19461299
   0.24813862  0.44019546  0.50233397
   0.03971000  0.44194000  0.09637000
   0.31734605  0.18892467  0.29858237
   0.11526244  0.31639368  0.40129260
   0.51378610  0.06440727  0.19445437
   0.58040221  0.44699177  0.50095435
   0.37304000  0.44194000  0.09637000
   0.65037827  0.18880945  0.29814636
   0.45079875  0.31735035  0.40120540
   0.84739112  0.06389919  0.19391998
   0.92079169  0.44694816  0.49969289
   0.70637000  0.44194000  0.09637000
   0.98398682  0.18899643  0.29790174
   0.78191877  0.31504833  0.40045747
   0.17893480  0.56369458  0.19463499
   0.27971562  0.93503527  0.50348059
   0.03971000  0.94194000  0.09637000
   0.31601480  0.68881059  0.29708676
   0.12357535  0.81551404  0.39865568
   0.51260613  0.56411016  0.19485667
   0.61219365  0.93236502  0.50256767
   0.37304000  0.94194000  0.09637000
   0.64925953  0.68923331  0.29692443
   0.45654191  0.81523671  0.39734428
   0.84589974  0.56424249  0.19535487
   0.94643930  0.93495104  0.50219664
   0.70637000  0.94194000  0.09637000
   0.98289388  0.68947448  0.29774827
   0.78997114  0.81484157  0.39718084
   0.60312591  0.19273365  0.50172709
   0.03971000  0.19194000  0.09637000
   0.31490042  0.43899522  0.29769693
   0.12666306  0.06175568  0.39994722
   0.17981111  0.31527347  0.19692363
   0.26186750  0.19591760  0.49500547
   0.37304000  0.19194000  0.09637000
   0.64801228  0.43983701  0.29808913
   0.46130341  0.06288014  0.40180053
   0.51224278  0.31577462  0.19725325
   0.70637000  0.19194000  0.09637000
   0.98113004  0.43932957  0.29793466
   0.79407867  0.06035531  0.39920715
   0.84586069  0.31569703  0.19706986
   0.91564057  0.19222268  0.49881005
   0.03971000  0.69194000  0.09637000
   0.31917259  0.94022160  0.29842685
   0.11727421  0.56415004  0.39859449
   0.17978559  0.81606473  0.19707210
   0.25625560  0.69691491  0.49438763
   0.37304000  0.69194000  0.09637000
   0.65129653  0.93952034  0.29646028
   0.44879921  0.56448574  0.39865591
   0.51265034  0.81520466  0.19519516
   0.58817113  0.69635029  0.49440158
   0.70637000  0.69194000  0.09637000
   0.98509784  0.93952879  0.29747415
   0.84734795  0.81538391  0.19560719
   0.91527676  0.70316122  0.49542516
   0.78369465  0.56507533  0.39892914
   0.17417000  0.33753000  0.11288000
   0.25074361  0.20986434  0.41298821
   0.04614192  0.33558531  0.51042694
   0.31379867  0.46045632  0.21386917
   0.11802741  0.08451320  0.31586487
   0.23858000  0.04636000  0.07986000
   0.04659291  0.17024682  0.17983929
   0.31463423  0.41992010  0.38169044
   0.14685489  0.04480911  0.48701563
   0.18299973  0.29265903  0.28003325
   0.50750000  0.33753000  0.11288000
   0.58239036  0.21076255  0.41851482
   0.38311018  0.33558763  0.51292378
   0.64681479  0.46063146  0.21421442
   0.45233901  0.08564995  0.31726411
   0.57191000  0.04636000  0.07986000
   0.37968280  0.17070511  0.18002358
   0.64891393  0.42003424  0.38194565
   0.48026830  0.04181408  0.48774188
   0.51616129  0.29323432  0.28057570
   0.84083000  0.33753000  0.11288000
   0.91574154  0.20839601  0.41523507
   0.71591936  0.34596758  0.50888260
   0.98015412  0.46060082  0.21415198
   0.78526000  0.08459672  0.31511570
   0.90524000  0.04636000  0.07986000
   0.71319118  0.17056568  0.17991263
   0.98080340  0.41928447  0.38176460
   0.81127048  0.03836172  0.48410667
   0.84915760  0.29304667  0.28026105
   0.17417000  0.83753000  0.11288000
   0.25717447  0.70849654  0.41050234
   0.07758583  0.82638545  0.51315324
   0.31581686  0.96118843  0.21443694
   0.11636931  0.58423640  0.31474086
   0.23858000  0.54636000  0.07986000
   0.04551974  0.67069873  0.18014025
   0.32248050  0.92044683  0.38240846
   0.12135427  0.55237765  0.48540471
   0.18291259  0.79432329  0.28028277
   0.50619000  0.83294000  0.10916000
   0.58983929  0.70814118  0.41048688
   0.41021116  0.82368511  0.51329905
   0.64814176  0.96004216  0.21219200
   0.44964835  0.58426174  0.31458644
   0.57191000  0.54636000  0.07986000
   0.37842006  0.67043014  0.17974470
   0.65532834  0.91856282  0.38028274
   0.44861095  0.55340860  0.48611348
   0.51558709  0.79371341  0.27869490
   0.83992000  0.83287000  0.10930000
   0.74547620  0.82177131  0.51259933
   0.98199094  0.96015055  0.21303794
   0.78296138  0.58502317  0.31486160
   0.90524000  0.54636000  0.07986000
   0.71221941  0.67084613  0.18021193
   0.98917183  0.91950863  0.38172402
   0.78475200  0.55709160  0.48600823
   0.84929208  0.79435992  0.27938863
   0.92419514  0.70873438  0.41086808
   0.78687949  0.55160895  0.66243328
   0.73978578  0.17535030  0.59324311
   0.75593307  0.38211172  0.60683174
   0.80391644  0.67102751  0.67270387
   0.77360686  0.59043830  0.72056337
   0.65498825  0.56688481  0.73921892
   0.87085218  0.58185956  0.74916283
   0.70831505  0.70677454  0.65611546
   0.92325633  0.72074299  0.66621052
