   0.18188842  0.06422927  0.19401230
   0.24715536  0.44377087  0.49972056
   0.03971000  0.44194000  0.09637000
   0.31804029  0.19042863  0.29691110
   0.11195758  0.31672540  0.40097832
   0.51521168  0.06402930  0.19380149
   0.57455200  0.44306294  0.50056843
   0.37304000  0.44194000  0.09637000
   0.65146774  0.18966387  0.29653908
   0.44477027  0.31745123  0.40096263
   0.84831322  0.06373003  0.19365899
   0.91603780  0.44678219  0.49787030
   0.70637000  0.44194000  0.09637000
   0.98430675  0.18938796  0.29660927
   0.78094616  0.31613300  0.39761167
   0.18072825  0.56388710  0.19374830
   0.28284621  0.93131385  0.49934067
   0.03971000  0.94194000  0.09637000
   0.31692165  0.68926873  0.29635973
   0.12576232  0.81398404  0.39502902
   0.51397028  0.56374941  0.19395080
   0.61788965  0.93295891  0.50062000
   0.37304000  0.94194000  0.09637000
   0.64990621  0.68875319  0.29630149
   0.45971007  0.81474465  0.39594822
   0.84726423  0.56367259  0.19370332
   0.95069739  0.93167928  0.50064789
   0.70637000  0.94194000  0.09637000
   0.98322857  0.68886797  0.29597324
   0.79245420  0.81415701  0.39539265
   0.94026137  0.19094790  0.49825594
   0.03971000  0.19194000  0.09637000
   0.31384890  0.43915200  0.29615640
   0.12918354  0.06033169  0.39657573
   0.18062007  0.31500151  0.19489433
   0.24324028  0.18946976  0.49828371
   0.37304000  0.19194000  0.09637000
   0.64763532  0.43939440  0.29660374
   0.46065869  0.06332751  0.39960415
   0.51391931  0.31538847  0.19529984
   0.58688416  0.19374330  0.49756281
   0.70637000  0.19194000  0.09637000
   0.98158586  0.43936353  0.29558756
   0.79472537  0.06195771  0.39942027
   0.84725689  0.31500443  0.19486769
   0.03971000  0.69194000  0.09637000
   0.32035661  0.94110536  0.29675848
   0.11578985  0.56433440  0.39648588
   0.18106302  0.81569394  0.19559620
   0.25269523  0.70053406  0.49194863
   0.37304000  0.69194000  0.09637000
   0.65341981  0.94030842  0.29668175
   0.44776868  0.56371172  0.39693158
   0.51416807  0.81544765  0.19556735
   0.58667803  0.69810879  0.49198593
   0.70637000  0.69194000  0.09637000
   0.98621945  0.93923806  0.29518095
   0.84725885  0.81477890  0.19482096
   0.92047362  0.69716120  0.49268096
   0.78206133  0.56418264  0.39730799
   0.17330002  0.33257774  0.10879193
   0.24732442  0.20921491  0.41410864
   0.04489875  0.34412816  0.50228959
   0.31512395  0.45950686  0.21180725
   0.11927829  0.08496455  0.31308709
   0.23858000  0.04636000  0.07986000
   0.04718948  0.17026245  0.17970455
   0.31048755  0.42032473  0.38029502
   0.14980630  0.03317016  0.47886473
   0.18262014  0.29355009  0.27827757
   0.50660723  0.33264854  0.10911693
   0.58198098  0.21273395  0.41587727
   0.37895739  0.33529928  0.50944641
   0.64855293  0.45976872  0.21224734
   0.45310450  0.08665326  0.31569156
   0.57191000  0.04636000  0.07986000
   0.38092393  0.17059136  0.17998693
   0.64525273  0.42014156  0.38117463
   0.48373402  0.04308566  0.48609344
   0.51686345  0.29373252  0.27875526
   0.83989790  0.33253183  0.10879202
   0.91065992  0.21019330  0.41499600
   0.70858894  0.33557088  0.52111202
   0.98180931  0.45950935  0.21131049
   0.78557679  0.08580889  0.31506402
   0.90524000  0.04636000  0.07986000
   0.71425423  0.17023528  0.17975699
   0.97757455  0.42067544  0.37937085
   0.81600315  0.03907638  0.48432544
   0.84966465  0.29344970  0.27838527
   0.17351955  0.83260922  0.10928485
   0.26009660  0.70718117  0.40717527
   0.08276955  0.81900210  0.51137422
   0.31668107  0.96048206  0.21262766
   0.11656409  0.58391721  0.31230367
   0.23858000  0.54636000  0.07986000
   0.04645968  0.67117092  0.18023643
   0.32584294  0.91992044  0.38045513
   0.11646034  0.55695899  0.48362589
   0.18390531  0.79521227  0.27931580
   0.50665087  0.83273300  0.10933457
   0.59255351  0.70647036  0.40793585
   0.41711849  0.82337980  0.50941508
   0.64968697  0.96011233  0.21254223
   0.45004788  0.58349215  0.31274180
   0.57191000  0.54636000  0.07986000
   0.37998109  0.67085003  0.18021174
   0.65856923  0.91914661  0.38033401
   0.44845261  0.55365021  0.48440931
   0.51718762  0.79462374  0.27919702
   0.84012917  0.83245998  0.10870232
   0.74824088  0.82074580  0.51147797
   0.98277525  0.95930069  0.21124458
   0.78325679  0.58365280  0.31329180
   0.90524000  0.54636000  0.07986000
   0.71314685  0.67042682  0.17985847
   0.99096641  0.91754387  0.37822263
   0.77940623  0.55203841  0.48549520
   0.84974052  0.79362992  0.27834966
   0.92570670  0.70681717  0.40839974
   0.78859785  0.54008570  0.67158572
   0.07788549  0.15977323  0.58184688
   0.73042999  0.40866194  0.60405355
   0.80141410  0.66069857  0.67179564
   0.76991930  0.59642487  0.72558625
   0.65033035  0.57782891  0.74341870
   0.86586427  0.59693447  0.75598145
   0.70453540  0.68833948  0.65014008
   0.92017386  0.70851618  0.66217533
