   0.18212427  0.06447238  0.19404684
   0.24762159  0.44392779  0.49851681
   0.03971000  0.44194000  0.09637000
   0.31954281  0.19029908  0.29749242
   0.11840307  0.31677414  0.39864864
   0.51540713  0.06412479  0.19371460
   0.58118236  0.44836546  0.49891857
   0.37304000  0.44194000  0.09637000
   0.65272268  0.18970627  0.29616853
   0.44981878  0.31728032  0.40243465
   0.84881897  0.06414062  0.19406073
   0.91706965  0.44226962  0.50070169
   0.70637000  0.44194000  0.09637000
   0.98628603  0.18940922  0.29707974
   0.78270453  0.31578875  0.39780743
   0.18064723  0.56422227  0.19388829
   0.28333795  0.93186604  0.50123095
   0.03971000  0.94194000  0.09637000
   0.31743197  0.68958711  0.29623686
   0.12674986  0.81523278  0.39598294
   0.51402561  0.56429530  0.19396306
   0.61744626  0.93315454  0.49972242
   0.37304000  0.94194000  0.09637000
   0.65101492  0.68948155  0.29655467
   0.45949748  0.81528563  0.39567581
   0.84730416  0.56438516  0.19395594
   0.95088896  0.93413520  0.50123300
   0.70637000  0.94194000  0.09637000
   0.98418809  0.68962823  0.29631538
   0.79363401  0.81501631  0.39608956
   0.57679055  0.18865115  0.50164023
   0.03971000  0.19194000  0.09637000
   0.31640582  0.43954121  0.29604253
   0.12990588  0.06242325  0.40059531
   0.18101759  0.31519266  0.19531177
   0.27458920  0.19311612  0.49972482
   0.37304000  0.19194000  0.09637000
   0.64886814  0.43948070  0.29631680
   0.46449211  0.06306584  0.39845252
   0.51431784  0.31548959  0.19502171
   0.70637000  0.19194000  0.09637000
   0.98294720  0.43957776  0.29584523
   0.79489153  0.06177436  0.39823936
   0.84781976  0.31514556  0.19503269
   0.93249581  0.19445665  0.49273657
   0.03971000  0.69194000  0.09637000
   0.32050679  0.94116272  0.29644218
   0.11671852  0.56428444  0.39687060
   0.18101109  0.81593668  0.19555216
   0.25618070  0.69627110  0.49246225
   0.37304000  0.69194000  0.09637000
   0.65385621  0.93989041  0.29625622
   0.45002345  0.56538030  0.39674483
   0.51431691  0.81554202  0.19544290
   0.58672610  0.70223767  0.49224908
   0.70637000  0.69194000  0.09637000
   0.98794989  0.94092032  0.29717065
   0.84788152  0.81602474  0.19572578
   0.92412749  0.69709392  0.49236197
   0.78457026  0.56406305  0.39704174
   0.17333000  0.33321000  0.10959000
   0.24864455  0.21001499  0.41612811
   0.04629935  0.33548887  0.51175596
   0.31508125  0.45992459  0.21182965
   0.12134324  0.08603341  0.31588806
   0.23858000  0.04636000  0.07986000
   0.04767315  0.17058451  0.17993720
   0.31564143  0.42042664  0.37983732
   0.15080538  0.04169692  0.48647301
   0.18470215  0.29351765  0.27878041
   0.50648000  0.33297000  0.10887000
   0.58729113  0.21168520  0.41788946
   0.38460060  0.34464345  0.50293847
   0.64850041  0.46017469  0.21189989
   0.45482834  0.08682911  0.31487534
   0.57191000  0.04636000  0.07986000
   0.38124131  0.17067783  0.17973780
   0.64867978  0.41969717  0.38078313
   0.48238951  0.03517197  0.48091790
   0.51825111  0.29385803  0.27842218
   0.83998000  0.33294000  0.10911000
   0.91730915  0.21033335  0.41113448
   0.71103844  0.33722005  0.51846807
   0.98166024  0.45995327  0.21167196
   0.78683567  0.08511824  0.31413810
   0.90524000  0.04636000  0.07986000
   0.71447605  0.17044447  0.17985478
   0.98177524  0.41995230  0.38000621
   0.81819284  0.04351792  0.48485982
   0.85175417  0.29346560  0.27855166
   0.17323000  0.83311000  0.10949000
   0.25935854  0.70760174  0.40817400
   0.08102994  0.82224885  0.51118067
   0.31687066  0.96069732  0.21234217
   0.11737587  0.58432757  0.31264267
   0.23858000  0.54636000  0.07986000
   0.04662556  0.67121708  0.18017822
   0.32534780  0.91979665  0.37974068
   0.11589019  0.55311048  0.48421045
   0.18420668  0.79519051  0.27918099
   0.50655000  0.83318000  0.10951000
   0.59395278  0.70820985  0.40760560
   0.41671038  0.82020370  0.51039201
   0.65004968  0.96012116  0.21219179
   0.45100238  0.58421735  0.31254187
   0.57191000  0.54636000  0.07986000
   0.37989159  0.67101847  0.18008901
   0.65919077  0.91941635  0.38014530
   0.45000999  0.55839985  0.48373985
   0.51776083  0.79466779  0.27905002
   0.83988000  0.83312000  0.10940000
   0.74948283  0.82455186  0.51078690
   0.98378178  0.96064065  0.21289211
   0.78430168  0.58397566  0.31296461
   0.90524000  0.54636000  0.07986000
   0.71341285  0.67133762  0.18018400
   0.99240825  0.92001327  0.38109216
   0.78656206  0.55223498  0.48436586
   0.85115379  0.79520611  0.27949363
   0.92670557  0.70748233  0.40851695
   0.78808499  0.54104465  0.66719992
   0.42590063  0.16533460  0.58599116
   0.70891003  0.40178246  0.60365253
   0.79399875  0.66002060  0.67174774
   0.76439991  0.58830035  0.72298043
   0.64415953  0.56424580  0.73995259
   0.86097109  0.58752370  0.75321483
   0.69587517  0.68835177  0.65188661
   0.91187092  0.71197157  0.66464672
