   0.60819278  0.43091964  0.49337520
   0.17921313  0.06419427  0.18507715
   0.27799693  0.43279663  0.49189416
   0.03971000  0.44194000  0.08602000
   0.31523961  0.18816130  0.28883822
   0.12261193  0.31352762  0.38953311
   0.51255539  0.06427968  0.18506899
   0.37304000  0.44194000  0.08602000
   0.64882922  0.18841289  0.28886967
   0.45615141  0.31364191  0.38956971
   0.84583484  0.06405093  0.18498830
   0.94767283  0.43261911  0.49470957
   0.70637000  0.44194000  0.08602000
   0.98202882  0.18804098  0.28865658
   0.78976864  0.31402858  0.39031586
   0.18097172  0.56374255  0.18482236
   0.25797530  0.93743293  0.49426273
   0.03971000  0.94194000  0.08602000
   0.31666398  0.68828577  0.28842312
   0.11355059  0.81444640  0.39064307
   0.51434140  0.56396152  0.18495998
   0.59043129  0.93590654  0.49275745
   0.37304000  0.94194000  0.08602000
   0.64988541  0.68883092  0.28878076
   0.44775227  0.81529698  0.38997407
   0.84763838  0.56369252  0.18474804
   0.92442439  0.93826613  0.49386223
   0.70637000  0.94194000  0.08602000
   0.98364589  0.68839198  0.28832301
   0.78084137  0.81506659  0.39178125
   0.03971000  0.19194000  0.08602000
   0.31757551  0.43857182  0.28821815
   0.11747716  0.06094961  0.38989467
   0.17935284  0.31541609  0.18702741
   0.25971178  0.19278405  0.48444076
   0.37304000  0.19194000  0.08602000
   0.65104414  0.43934450  0.28882885
   0.45006235  0.06114198  0.38956543
   0.51271523  0.31581547  0.18730162
   0.59493549  0.19056515  0.48381343
   0.70637000  0.19194000  0.08602000
   0.98416030  0.43870714  0.28841132
   0.78431616  0.06137992  0.38971558
   0.84603217  0.31545230  0.18708073
   0.92673162  0.19281807  0.48444394
   0.03971000  0.69194000  0.08602000
   0.31328041  0.93893678  0.28808684
   0.12472246  0.56054176  0.39026121
   0.17953259  0.81543223  0.18680686
   0.26137730  0.69285710  0.48552654
   0.37304000  0.69194000  0.08602000
   0.64692516  0.93908897  0.28819508
   0.45736921  0.55988447  0.39020478
   0.51276984  0.81553444  0.18689073
   0.59578292  0.69073055  0.48612274
   0.70637000  0.69194000  0.08602000
   0.98001130  0.93858743  0.28833845
   0.84620097  0.81539769  0.18686886
   0.92925263  0.69619744  0.48949792
   0.78965221  0.56148416  0.39083076
   0.17417000  0.33753000  0.10253000
   0.25640192  0.20528798  0.40094759
   0.07841569  0.32326493  0.49816412
   0.31527615  0.46039422  0.20461034
   0.11524712  0.08272853  0.30594167
   0.23858000  0.04636000  0.06951000
   0.04544955  0.17046667  0.16994735
   0.32151326  0.41736042  0.37226278
   0.12579576  0.04773689  0.47704599
   0.18186191  0.29283904  0.27064907
   0.50750000  0.33753000  0.10253000
   0.58873767  0.20540811  0.40057709
   0.40922505  0.32321633  0.49973942
   0.64863590  0.46078715  0.20515113
   0.44872091  0.08311162  0.30564695
   0.57191000  0.04636000  0.06951000
   0.37895154  0.17084396  0.17013187
   0.65593683  0.41986028  0.37372273
   0.45890284  0.04611320  0.47674251
   0.51541553  0.29365777  0.27121645
   0.84083000  0.33753000  0.10253000
   0.92288538  0.20535968  0.40091262
   0.74446925  0.32269471  0.49606224
   0.98184265  0.46043299  0.20470491
   0.78216576  0.08315811  0.30577987
   0.90524000  0.04636000  0.06951000
   0.71218449  0.17054405  0.16995588
   0.98774899  0.41851663  0.37268623
   0.79157417  0.04759426  0.47700627
   0.84865759  0.29307533  0.27072088
   0.17417000  0.83753000  0.10253000
   0.24799590  0.70889246  0.40358023
   0.05783958  0.83276377  0.50518846
   0.31338090  0.96067614  0.20445636
   0.11751277  0.58416168  0.30654137
   0.23858000  0.54636000  0.06951000
   0.04713651  0.66995834  0.16985197
   0.31204843  0.91842261  0.37236282
   0.14495795  0.54287060  0.47684622
   0.18234183  0.79233732  0.27023904
   0.50750000  0.83753000  0.10253000
   0.58087057  0.70794930  0.40385237
   0.38943175  0.82912209  0.50439674
   0.64664181  0.96067775  0.20451970
   0.45091411  0.58402228  0.30653404
   0.57191000  0.54636000  0.06951000
   0.38047399  0.67009667  0.16988154
   0.64650889  0.91850945  0.37249489
   0.47783720  0.54147868  0.47650351
   0.51557355  0.79254317  0.27041586
   0.84083000  0.83753000  0.10253000
   0.72415530  0.82962159  0.50136517
   0.98001547  0.96060470  0.20460123
   0.78458302  0.58486271  0.30723468
   0.90524000  0.54636000  0.06951000
   0.71389180  0.66997919  0.16986366
   0.97936585  0.91751295  0.37281683
   0.81146062  0.54565670  0.48946429
   0.84910633  0.79216420  0.27032551
   0.91332244  0.70625619  0.40676887
   0.60825012  0.62580000  0.62081490
   0.83789269  0.39592038  0.66923505
   0.80660866  0.50312596  0.58988058
   0.52928825  0.71607816  0.63361192
   0.48346964  0.60932583  0.66382771
   0.37500749  0.54950181  0.65141600
   0.52331697  0.60196381  0.70793655
   0.45632774  0.73668184  0.59851781
   0.60400050  0.78749945  0.65535960
