   0.18103788  0.06433094  0.19497832
   0.24638286  0.44108979  0.50280894
   0.03971000  0.44194000  0.09637000
   0.31810470  0.18949002  0.29888027
   0.11420315  0.31711109  0.40064682
   0.51416137  0.06422031  0.19465466
   0.57816967  0.44686356  0.49940105
   0.37304000  0.44194000  0.09637000
   0.65117151  0.18932488  0.29827228
   0.44963637  0.31717333  0.40074919
   0.84758491  0.06430951  0.19461887
   0.91851006  0.44815931  0.49983406
   0.70637000  0.44194000  0.09637000
   0.98431392  0.18888216  0.29801007
   0.78181042  0.31666027  0.40118181
   0.17930194  0.56433884  0.19512531
   0.28166926  0.93506137  0.50325498
   0.03971000  0.94194000  0.09637000
   0.31610395  0.68938707  0.29757140
   0.12468887  0.81612200  0.39767058
   0.51270979  0.56424234  0.19494801
   0.61464517  0.93334688  0.50325363
   0.37304000  0.94194000  0.09637000
   0.64946705  0.68932577  0.29758132
   0.45739682  0.81565184  0.39797903
   0.84623063  0.56448802  0.19489306
   0.94748539  0.93545771  0.50216791
   0.70637000  0.94194000  0.09637000
   0.98269636  0.68950300  0.29791691
   0.79048551  0.81515691  0.39743213
   0.60447170  0.19244029  0.50141389
   0.03971000  0.19194000  0.09637000
   0.31403406  0.43943970  0.29795986
   0.12616093  0.06178956  0.39996177
   0.17933701  0.31564154  0.19705486
   0.26223034  0.19658935  0.49490332
   0.37304000  0.19194000  0.09637000
   0.64802409  0.44004525  0.29811643
   0.46119020  0.06323143  0.40202727
   0.51288596  0.31587744  0.19713054
   0.70637000  0.19194000  0.09637000
   0.98094642  0.43965844  0.29793808
   0.79418271  0.06137191  0.39938585
   0.84592296  0.31571305  0.19705369
   0.91719254  0.19313158  0.49905315
   0.03971000  0.69194000  0.09637000
   0.31936230  0.94131876  0.29857017
   0.11636470  0.56465921  0.39887343
   0.18002991  0.81604352  0.19741769
   0.25606470  0.69745840  0.49416673
   0.37304000  0.69194000  0.09637000
   0.65203394  0.93945506  0.29703480
   0.44756146  0.56474272  0.39872325
   0.51319375  0.81529143  0.19576285
   0.58628833  0.69848607  0.49435294
   0.70637000  0.69194000  0.09637000
   0.98520249  0.93977925  0.29745680
   0.84670635  0.81541754  0.19596784
   0.92073328  0.70297082  0.49447018
   0.78273854  0.56608500  0.39928843
   0.17417000  0.33753000  0.11288000
   0.24911467  0.21043925  0.41280313
   0.04377372  0.33715018  0.51197447
   0.31351823  0.46066739  0.21405120
   0.11914299  0.08462962  0.31578945
   0.23858000  0.04636000  0.07986000
   0.04663406  0.17042005  0.18006643
   0.31381850  0.42016904  0.38221586
   0.14893535  0.04458341  0.48688550
   0.18300155  0.29296894  0.28027425
   0.50750000  0.33753000  0.11288000
   0.58246329  0.21162694  0.41789606
   0.38078614  0.33648396  0.51386415
   0.64723319  0.46109152  0.21418462
   0.45339125  0.08616915  0.31757338
   0.57191000  0.04636000  0.07986000
   0.38021070  0.17067638  0.18005842
   0.64781400  0.42096437  0.38238023
   0.48085607  0.04197705  0.48774315
   0.51661434  0.29350585  0.28031073
   0.84083000  0.33753000  0.11288000
   0.91557839  0.20993078  0.41537807
   0.71513255  0.34618536  0.50961820
   0.98024429  0.46078236  0.21394510
   0.78567814  0.08484683  0.31545954
   0.90524000  0.04636000  0.07986000
   0.71331818  0.17044979  0.18000960
   0.97989369  0.42055687  0.38215680
   0.81305659  0.03889036  0.48384853
   0.84999899  0.29310160  0.28019238
   0.17417000  0.83753000  0.11288000
   0.25735504  0.70853496  0.41030960
   0.08031175  0.82787045  0.51322582
   0.31588724  0.96117722  0.21439865
   0.11627825  0.58437349  0.31477190
   0.23858000  0.54636000  0.07986000
   0.04584099  0.67113481  0.18039110
   0.32383888  0.92043703  0.38260551
   0.11938521  0.55334380  0.48604328
   0.18316251  0.79514757  0.28091839
   0.50619000  0.83294000  0.10916000
   0.59008684  0.70801149  0.40979189
   0.41233423  0.82353316  0.51258557
   0.64880196  0.95996477  0.21280332
   0.44931247  0.58421578  0.31451602
   0.57191000  0.54636000  0.07986000
   0.37899869  0.67081304  0.18015176
   0.65609833  0.91862579  0.38080758
   0.44635786  0.55385569  0.48602540
   0.51592308  0.79411028  0.27950785
   0.83992000  0.83287000  0.10930000
   0.74710728  0.82224671  0.51295052
   0.98174076  0.96026697  0.21320407
   0.78296617  0.58459211  0.31511562
   0.90524000  0.54636000  0.07986000
   0.71223465  0.67098049  0.18013609
   0.98933430  0.91942656  0.38144592
   0.78324709  0.55911430  0.48656285
   0.84941817  0.79423423  0.27984710
   0.92560900  0.70911577  0.40977923
   0.78666901  0.54544297  0.66372214
   0.73338532  0.16649039  0.59337788
   0.75778502  0.37835827  0.60775354
   0.80380674  0.66498404  0.67119500
   0.77344777  0.58868724  0.72093478
   0.65472048  0.56791356  0.73939977
   0.87147841  0.58335627  0.74974804
   0.70689653  0.69912369  0.65413010
   0.92237103  0.71447631  0.66431239
