   0.61010159  0.43219809  0.49179964
   0.17880902  0.06399030  0.18473358
   0.28092081  0.43355527  0.49131889
   0.03971000  0.44194000  0.08602000
   0.31521483  0.18794285  0.28873543
   0.12587175  0.31264867  0.38964284
   0.51213136  0.06417331  0.18479020
   0.37304000  0.44194000  0.08602000
   0.64870625  0.18844037  0.28883144
   0.45901409  0.31267368  0.38984482
   0.84536405  0.06394161  0.18474299
   0.95097608  0.43239444  0.49469547
   0.70637000  0.44194000  0.08602000
   0.98197285  0.18802587  0.28862927
   0.79292159  0.31287260  0.39080194
   0.18064458  0.56333239  0.18460559
   0.25532578  0.93919321  0.49405699
   0.03971000  0.94194000  0.08602000
   0.31636923  0.68789903  0.28793464
   0.11160396  0.81491669  0.39092644
   0.51405235  0.56345873  0.18486308
   0.58799280  0.93751387  0.49417062
   0.37304000  0.94194000  0.08602000
   0.64984865  0.68814839  0.28826510
   0.44563065  0.81651227  0.38976112
   0.84739722  0.56339698  0.18468128
   0.92118312  0.93902827  0.49421739
   0.70637000  0.94194000  0.08602000
   0.98343428  0.68796181  0.28832365
   0.77911362  0.81552451  0.39064150
   0.03971000  0.19194000  0.08602000
   0.31881819  0.43773306  0.28797853
   0.11642820  0.06121785  0.38999263
   0.17921501  0.31507167  0.18683445
   0.25964926  0.19380038  0.48498814
   0.37304000  0.19194000  0.08602000
   0.65252631  0.43866799  0.28919518
   0.44946231  0.06180475  0.38995999
   0.51296760  0.31575632  0.18727949
   0.59385191  0.19232516  0.48507893
   0.70637000  0.19194000  0.08602000
   0.98521737  0.43817629  0.28854951
   0.78275554  0.06184026  0.38999387
   0.84592687  0.31548581  0.18708905
   0.92959978  0.19167592  0.48509799
   0.03971000  0.69194000  0.08602000
   0.31188657  0.93913807  0.28797821
   0.12604923  0.56007062  0.39025588
   0.17900957  0.81523720  0.18668200
   0.26103511  0.69375088  0.48521079
   0.37304000  0.69194000  0.08602000
   0.64566391  0.93933608  0.28788588
   0.45902828  0.56072666  0.38957602
   0.51240839  0.81520269  0.18665160
   0.59618396  0.69319997  0.48555596
   0.70637000  0.69194000  0.08602000
   0.97887400  0.93878390  0.28806717
   0.84571777  0.81512940  0.18672898
   0.92620071  0.69648370  0.48946568
   0.79189643  0.56060220  0.39151022
   0.17417000  0.33753000  0.10253000
   0.25861516  0.20442549  0.40111471
   0.08152249  0.32252499  0.49906817
   0.31508952  0.45998810  0.20433458
   0.11498840  0.08274797  0.30593231
   0.23858000  0.04636000  0.06951000
   0.04506808  0.17014557  0.16976981
   0.32511737  0.41679134  0.37214876
   0.12248665  0.04959277  0.47753872
   0.18187755  0.29249855  0.27041490
   0.50750000  0.33753000  0.10253000
   0.59178501  0.20472423  0.40146440
   0.41160549  0.32397023  0.49877367
   0.64880739  0.46068296  0.20543737
   0.44878976  0.08310508  0.30579935
   0.57191000  0.04636000  0.06951000
   0.37870302  0.17079247  0.17002136
   0.65948519  0.41849929  0.37418124
   0.45638882  0.04806869  0.47751066
   0.51550624  0.29353685  0.27122568
   0.84083000  0.33753000  0.10253000
   0.92537712  0.20442927  0.40164506
   0.74555396  0.32363260  0.49789375
   0.98177291  0.46029464  0.20477955
   0.78194181  0.08342463  0.30583858
   0.90524000  0.04636000  0.06951000
   0.71191391  0.17056684  0.16996367
   0.99087012  0.41717857  0.37295121
   0.78893639  0.04827291  0.47759465
   0.84879161  0.29307004  0.27078673
   0.17417000  0.83753000  0.10253000
   0.24631720  0.70929269  0.40339448
   0.05526315  0.83358143  0.50338128
   0.31289738  0.96064923  0.20431429
   0.11740449  0.58377202  0.30666646
   0.23858000  0.54636000  0.06951000
   0.04675127  0.66965635  0.16973988
   0.30985088  0.91930883  0.37232174
   0.14754421  0.54293904  0.47676565
   0.18186812  0.79196080  0.26999837
   0.50750000  0.83753000  0.10253000
   0.57912472  0.71003716  0.40364787
   0.38674344  0.83101462  0.50364910
   0.64618977  0.96063783  0.20425455
   0.45098549  0.58372553  0.30596049
   0.57191000  0.54636000  0.06951000
   0.38013192  0.66962364  0.16977039
   0.64479747  0.91927090  0.37216295
   0.48064844  0.54324064  0.47563584
   0.51551081  0.79212766  0.26998961
   0.84083000  0.83753000  0.10253000
   0.72107288  0.83074535  0.50439334
   0.97949587  0.96046822  0.20437382
   0.78468572  0.58445945  0.30785716
   0.90524000  0.54636000  0.06951000
   0.71346417  0.66962732  0.16982440
   0.97758814  0.91776889  0.37246765
   0.81394278  0.54453950  0.48796026
   0.84890840  0.79171549  0.27011278
   0.91076521  0.70708800  0.40694883
   0.61522300  0.62419586  0.62634634
   0.83166892  0.38176849  0.67203627
   0.79457483  0.47777985  0.58953380
   0.53067408  0.71370936  0.63239206
   0.48074590  0.60985525  0.66517640
   0.37674277  0.54720320  0.65186382
   0.50987330  0.60842982  0.71092283
   0.46579100  0.73067206  0.59422073
   0.59821522  0.78884610  0.65351889
