   0.18042433  0.06465906  0.19449586
   0.26295335  0.44004750  0.50147886
   0.03971000  0.44194000  0.09637000
   0.31675355  0.19034359  0.29783946
   0.11760061  0.31511727  0.40305537
   0.51381108  0.06473228  0.19464471
   0.58898104  0.43842024  0.50084678
   0.37304000  0.44194000  0.09637000
   0.64996644  0.18930193  0.29800558
   0.44969216  0.31493461  0.40173423
   0.84721320  0.06452658  0.19425166
   0.93093665  0.44241558  0.49746223
   0.70637000  0.44194000  0.09637000
   0.98338210  0.19000623  0.29816712
   0.78560913  0.31342105  0.39870119
   0.18042142  0.56432442  0.19467036
   0.26691545  0.93300876  0.50254556
   0.03971000  0.94194000  0.09637000
   0.31688553  0.68985426  0.29744736
   0.12064542  0.81561091  0.39696407
   0.51348524  0.56414642  0.19445405
   0.60216238  0.93570350  0.50472525
   0.37304000  0.94194000  0.09637000
   0.64931650  0.68905454  0.29709010
   0.45457366  0.81628664  0.39787642
   0.84694676  0.56400243  0.19453189
   0.93422856  0.93235885  0.50408693
   0.70637000  0.94194000  0.09637000
   0.98310431  0.68921362  0.29698625
   0.78773490  0.81553317  0.39704592
   0.94042167  0.18975355  0.50090100
   0.03971000  0.19194000  0.09637000
   0.31572149  0.43904892  0.29747967
   0.12384464  0.06138513  0.39824837
   0.18011771  0.31553796  0.19574492
   0.24414214  0.18740460  0.50048778
   0.37304000  0.19194000  0.09637000
   0.64889935  0.43825270  0.29694647
   0.45447161  0.06367253  0.40135421
   0.51319189  0.31500783  0.19553266
   0.58558365  0.19346435  0.49913472
   0.70637000  0.19194000  0.09637000
   0.98312723  0.43909843  0.29703219
   0.78895424  0.06290227  0.40208436
   0.84661310  0.31520303  0.19572500
   0.03971000  0.69194000  0.09637000
   0.31787283  0.94078711  0.29779156
   0.12216845  0.56378843  0.39791028
   0.18042945  0.81579175  0.19583289
   0.25596790  0.69900052  0.49401140
   0.37304000  0.69194000  0.09637000
   0.65103852  0.94098761  0.29800656
   0.45256260  0.56301344  0.39869031
   0.51335982  0.81594290  0.19588252
   0.59035038  0.69660387  0.49481155
   0.70637000  0.69194000  0.09637000
   0.98344450  0.93962038  0.29624479
   0.84668955  0.81506361  0.19506357
   0.92195763  0.69447436  0.49374892
   0.78611134  0.56214756  0.39763766
   0.17366421  0.33293309  0.10953753
   0.25237888  0.20725496  0.41587678
   0.06043005  0.34040148  0.50244759
   0.31491586  0.46029261  0.21293193
   0.11773365  0.08527231  0.31433082
   0.23858000  0.04636000  0.07986000
   0.04636771  0.17093079  0.17993836
   0.31641681  0.41871163  0.38173513
   0.13320643  0.03502071  0.48109131
   0.18230318  0.29421569  0.27940426
   0.50698457  0.33278023  0.10962436
   0.58636045  0.20994280  0.41638231
   0.39339700  0.32908662  0.51114974
   0.64784197  0.45970215  0.21235175
   0.45064625  0.08615687  0.31688461
   0.57191000  0.04636000  0.07986000
   0.37927349  0.17062254  0.17990246
   0.65063315  0.41760778  0.38172071
   0.46879920  0.04520028  0.48836810
   0.51622667  0.29341086  0.27906630
   0.84007390  0.33290392  0.10965160
   0.91542129  0.20811713  0.41679056
   0.72328047  0.33231133  0.52014816
   0.98164174  0.45977438  0.21252155
   0.78429407  0.08593500  0.31693254
   0.90524000  0.04636000  0.07986000
   0.71267773  0.17081035  0.18013710
   0.98338043  0.41897224  0.38107324
   0.80263748  0.04184517  0.48781477
   0.84873243  0.29383975  0.27945582
   0.17377481  0.83274705  0.10979000
   0.25525104  0.71039695  0.41040338
   0.06708762  0.82209514  0.51425111
   0.31516381  0.96102173  0.21329548
   0.11757571  0.58455475  0.31421754
   0.23858000  0.54636000  0.07986000
   0.04613432  0.67079207  0.18032084
   0.32020074  0.92075722  0.38209225
   0.12960557  0.55349267  0.48433011
   0.18300895  0.79474526  0.27950954
   0.50712431  0.83283025  0.11002261
   0.58804867  0.70936390  0.41174226
   0.40174670  0.82744655  0.51428140
   0.64837016  0.96114585  0.21332657
   0.45011417  0.58455900  0.31497160
   0.57191000  0.54636000  0.07986000
   0.37948782  0.67081342  0.18016409
   0.65290761  0.92044704  0.38250593
   0.46295271  0.54861493  0.48532260
   0.51651701  0.79465402  0.27953367
   0.84031485  0.83281729  0.10943150
   0.73166889  0.82599679  0.51631942
   0.98157979  0.96016782  0.21215642
   0.78291874  0.58372156  0.31391229
   0.90524000  0.54636000  0.07986000
   0.71246539  0.67028421  0.18002664
   0.98593708  0.91813535  0.37964975
   0.79346392  0.54630638  0.48466431
   0.84867215  0.79346037  0.27849891
   0.92094626  0.70799173  0.41055006
   0.77767503  0.56409837  0.65786764
   0.07919679  0.15899835  0.58513776
   0.75246095  0.42162201  0.59881287
   0.80059554  0.68151561  0.67391757
   0.76712284  0.59271069  0.71810342
   0.64840949  0.56659526  0.73554782
   0.86557892  0.57537137  0.74412077
   0.70436712  0.71984392  0.65952523
   0.92076125  0.72880277  0.66781991
