   0.18218832  0.06444684  0.19401744
   0.24738347  0.44410848  0.49852036
   0.03971000  0.44194000  0.09637000
   0.31965678  0.19034531  0.29747230
   0.11835376  0.31686452  0.39866951
   0.51544904  0.06414972  0.19369773
   0.58099094  0.44838382  0.49891857
   0.37304000  0.44194000  0.09637000
   0.65280333  0.18971314  0.29616458
   0.44972337  0.31730899  0.40244810
   0.84888339  0.06415875  0.19404818
   0.91684860  0.44226104  0.50078478
   0.70637000  0.44194000  0.09637000
   0.98636349  0.18941333  0.29707601
   0.78272364  0.31582621  0.39780066
   0.18063083  0.56420954  0.19389835
   0.28361008  0.93193912  0.50117938
   0.03971000  0.94194000  0.09637000
   0.31739021  0.68960377  0.29621436
   0.12690982  0.81523365  0.39601014
   0.51399710  0.56433850  0.19400932
   0.61762206  0.93314942  0.49974979
   0.37304000  0.94194000  0.09637000
   0.65096879  0.68952261  0.29651111
   0.45964978  0.81524630  0.39560879
   0.84726964  0.56437525  0.19394840
   0.95118706  0.93409495  0.50121195
   0.70637000  0.94194000  0.09637000
   0.98414026  0.68960846  0.29632975
   0.79380657  0.81506869  0.39604283
   0.57673936  0.18864608  0.50164555
   0.03971000  0.19194000  0.09637000
   0.31639158  0.43953769  0.29602581
   0.13004546  0.06244469  0.40057119
   0.18099975  0.31517886  0.19530989
   0.27473895  0.19320978  0.49973536
   0.37304000  0.19194000  0.09637000
   0.64881754  0.43950258  0.29630311
   0.46476433  0.06307720  0.39843689
   0.51433754  0.31549519  0.19501188
   0.70637000  0.19194000  0.09637000
   0.98287398  0.43960553  0.29587089
   0.79490851  0.06181233  0.39826113
   0.84783303  0.31520169  0.19504046
   0.93246259  0.19448209  0.49272919
   0.03971000  0.69194000  0.09637000
   0.32059638  0.94115654  0.29643057
   0.11660898  0.56432208  0.39686419
   0.18095943  0.81593104  0.19551954
   0.25617422  0.69633339  0.49247604
   0.37304000  0.69194000  0.09637000
   0.65395895  0.93990219  0.29626084
   0.45001148  0.56542047  0.39672351
   0.51433916  0.81554817  0.19541211
   0.58673325  0.70234498  0.49223838
   0.70637000  0.69194000  0.09637000
   0.98797458  0.94092520  0.29719401
   0.84789336  0.81603463  0.19570013
   0.92396844  0.69723657  0.49235866
   0.78448625  0.56407358  0.39705490
   0.17333000  0.33321000  0.10959000
   0.24858920  0.21003471  0.41616168
   0.04609063  0.33549461  0.51175854
   0.31508866  0.45990730  0.21178443
   0.12136833  0.08607202  0.31592042
   0.23858000  0.04636000  0.07986000
   0.04764764  0.17056044  0.17992159
   0.31563937  0.42045840  0.37978947
   0.15090234  0.04146022  0.48644032
   0.18475751  0.29352341  0.27876372
   0.50648000  0.33297000  0.10887000
   0.58719125  0.21178682  0.41791166
   0.38441673  0.34484838  0.50295944
   0.64843945  0.46013887  0.21191060
   0.45483969  0.08683602  0.31493069
   0.57191000  0.04636000  0.07986000
   0.38129041  0.17072134  0.17975597
   0.64869433  0.41978176  0.38082519
   0.48265007  0.03521632  0.48092603
   0.51839710  0.29392346  0.27844633
   0.83998000  0.33294000  0.10911000
   0.91728828  0.21027830  0.41114958
   0.71093226  0.33726864  0.51842843
   0.98165625  0.45995269  0.21168814
   0.78690699  0.08520040  0.31419432
   0.90524000  0.04636000  0.07986000
   0.71455222  0.17049081  0.17985368
   0.98172905  0.41990593  0.37998629
   0.81857933  0.04352039  0.48487984
   0.85186970  0.29348518  0.27852750
   0.17323000  0.83311000  0.10949000
   0.25952220  0.70761238  0.40815689
   0.08134586  0.82223976  0.51118593
   0.31689057  0.96065294  0.21238163
   0.11743438  0.58432553  0.31268479
   0.23858000  0.54636000  0.07986000
   0.04664261  0.67118833  0.18013184
   0.32554202  0.91988801  0.37972363
   0.11573383  0.55313657  0.48416938
   0.18424695  0.79520066  0.27910083
   0.50655000  0.83318000  0.10951000
   0.59408808  0.70816265  0.40754121
   0.41673566  0.82028083  0.51038860
   0.65009615  0.96013498  0.21215789
   0.45096071  0.58426280  0.31254307
   0.57191000  0.54636000  0.07986000
   0.37987164  0.67101374  0.18007240
   0.65935266  0.91943543  0.38017534
   0.44976975  0.55847618  0.48381167
   0.51762759  0.79469262  0.27901987
   0.83988000  0.83312000  0.10940000
   0.74979885  0.82458918  0.51081490
   0.98377840  0.96060981  0.21287520
   0.78419188  0.58392836  0.31299004
   0.90524000  0.54636000  0.07986000
   0.71339027  0.67136575  0.18016806
   0.99261273  0.92005086  0.38115082
   0.78643169  0.55219047  0.48453728
   0.85110840  0.79520868  0.27946776
   0.92665469  0.70738331  0.40844289
   0.78832228  0.54034385  0.66741036
   0.42614472  0.16550858  0.58601056
   0.70831812  0.40115571  0.60379017
   0.79400931  0.65984095  0.67172996
   0.76421672  0.58801837  0.72303493
   0.64414042  0.56379038  0.74002447
   0.86026679  0.58734333  0.75342199
   0.69588256  0.68786759  0.65147299
   0.91167812  0.71182713  0.66439322
