   0.18023009  0.06515323  0.19568470
   0.26912814  0.43797773  0.50250363
   0.03971000  0.44194000  0.09637000
   0.31715909  0.19045459  0.29942842
   0.12057455  0.31467278  0.40384164
   0.51346380  0.06477555  0.19564977
   0.59387934  0.43467545  0.50033691
   0.37304000  0.44194000  0.09637000
   0.65028361  0.18930556  0.29912525
   0.45282237  0.31492430  0.40218865
   0.84685779  0.06504295  0.19528880
   0.93549394  0.43728558  0.49796734
   0.70637000  0.44194000  0.09637000
   0.98378516  0.19006392  0.29939565
   0.78819165  0.31360200  0.39878742
   0.18067900  0.56546754  0.19582070
   0.25844561  0.93456310  0.50335131
   0.03971000  0.94194000  0.09637000
   0.31718563  0.69099627  0.29998150
   0.11948212  0.81618274  0.39991032
   0.51323678  0.56470076  0.19507669
   0.59361880  0.94162324  0.50503674
   0.37304000  0.94194000  0.09637000
   0.64932208  0.69001461  0.29801244
   0.45532306  0.81783789  0.40187580
   0.84713097  0.56476965  0.19513196
   0.92847479  0.93574448  0.50327614
   0.70637000  0.94194000  0.09637000
   0.98377144  0.69025439  0.29782331
   0.78646130  0.81513438  0.40075422
   0.93907034  0.19034419  0.50197440
   0.03971000  0.19194000  0.09637000
   0.31725604  0.44088171  0.29976212
   0.12164851  0.06092060  0.39867345
   0.17988012  0.31689439  0.19768613
   0.24242178  0.18625862  0.50103049
   0.37304000  0.19194000  0.09637000
   0.64914899  0.43800133  0.29599535
   0.45414883  0.06659548  0.40394759
   0.51241200  0.31517949  0.19651853
   0.58098058  0.20136960  0.50295409
   0.70637000  0.19194000  0.09637000
   0.98488725  0.43937850  0.29783185
   0.78727066  0.06384059  0.40297177
   0.84651921  0.31584929  0.19709598
   0.03971000  0.69194000  0.09637000
   0.31794400  0.94204594  0.30037336
   0.12301107  0.56290572  0.39936507
   0.18034519  0.81718392  0.19796028
   0.26294107  0.69770725  0.49476800
   0.37304000  0.69194000  0.09637000
   0.65060384  0.94144777  0.29970931
   0.45658716  0.56432883  0.40203733
   0.51291160  0.81702164  0.19778005
   0.61033703  0.69142655  0.50033799
   0.70637000  0.69194000  0.09637000
   0.98263038  0.93996244  0.29749585
   0.84591438  0.81606881  0.19687662
   0.91758319  0.68513959  0.49491757
   0.78994098  0.56006678  0.39428145
   0.17314470  0.33578018  0.11236500
   0.25418918  0.20620178  0.41630127
   0.06778744  0.33775672  0.50306843
   0.31485066  0.46220770  0.21550904
   0.11768863  0.08545218  0.31541201
   0.23858000  0.04636000  0.07986000
   0.04639037  0.17149217  0.18022730
   0.32059659  0.41957990  0.38371477
   0.12796207  0.03546636  0.48104883
   0.18337032  0.29478808  0.28098232
   0.50626589  0.33566052  0.11216410
   0.59027581  0.21209505  0.41925004
   0.39836594  0.32509251  0.51215349
   0.64740646  0.46042700  0.21293834
   0.45171099  0.08733680  0.31929513
   0.57191000  0.04636000  0.07986000
   0.37928252  0.17036245  0.17986759
   0.65269193  0.41563483  0.37894107
   0.46223937  0.05165685  0.49136379
   0.51614880  0.29232759  0.27929712
   0.83970244  0.33567889  0.11226574
   0.91728345  0.20858034  0.41761126
   0.72944219  0.33637665  0.52810653
   0.98157779  0.46119161  0.21410601
   0.78449751  0.08645284  0.31826687
   0.90524000  0.04636000  0.07986000
   0.71261348  0.17086809  0.18007104
   0.98703287  0.41829677  0.38136062
   0.79726007  0.04618458  0.48863678
   0.84949419  0.29352485  0.28034847
   0.17315595  0.83575396  0.11242174
   0.25508544  0.71002552  0.41195568
   0.05414993  0.82224848  0.51184798
   0.31500083  0.96236582  0.21603356
   0.11721662  0.58536914  0.31565815
   0.23858000  0.54636000  0.07986000
   0.04670128  0.67173745  0.18054930
   0.32031853  0.92178328  0.38454479
   0.13721613  0.55059211  0.48592229
   0.18357759  0.79563536  0.28160478
   0.50643583  0.83576769  0.11239845
   0.58660294  0.71025913  0.41798058
   0.39298113  0.83261285  0.51537411
   0.64813877  0.96215239  0.21555648
   0.45119382  0.58666690  0.31807869
   0.57191000  0.54636000  0.07986000
   0.37999632  0.67161054  0.18041992
   0.65304184  0.91992369  0.38340391
   0.47138570  0.54628019  0.48830000
   0.51619883  0.79519061  0.28130506
   0.83966492  0.83568908  0.11224051
   0.72505445  0.83458934  0.51321936
   0.98106105  0.96143746  0.21395833
   0.78315123  0.58436583  0.31238243
   0.90524000  0.54636000  0.07986000
   0.71275637  0.67074026  0.18001265
   0.98367731  0.91747860  0.38037457
   0.79702564  0.53552931  0.47722408
   0.84876342  0.79389606  0.27985020
   0.92007193  0.70661549  0.41200205
   0.77605515  0.57446253  0.65057010
   0.07991594  0.15767325  0.58558976
   0.75276803  0.44836865  0.59431685
   0.80005612  0.68720753  0.67278072
   0.76547029  0.58437717  0.71254202
   0.64694780  0.55401116  0.72732600
   0.86293029  0.56152629  0.73435867
   0.70413759  0.72375966  0.66092945
   0.91992829  0.73031349  0.66775764
