   0.61706058  0.43113316  0.49237098
   0.17891033  0.06405027  0.18480335
   0.28587100  0.43127506  0.49206133
   0.03971000  0.44194000  0.08602000
   0.31531024  0.18788554  0.28855967
   0.12723094  0.31194748  0.38966390
   0.51235507  0.06412703  0.18478604
   0.37304000  0.44194000  0.08602000
   0.64876142  0.18798397  0.28852847
   0.46080416  0.31167173  0.38925176
   0.84558219  0.06407724  0.18482154
   0.95473877  0.43210778  0.49436661
   0.70637000  0.44194000  0.08602000
   0.98201855  0.18799180  0.28859434
   0.79439694  0.31212281  0.38958315
   0.18070648  0.56359440  0.18460576
   0.25047541  0.93893553  0.49453312
   0.03971000  0.94194000  0.08602000
   0.31624663  0.68792354  0.28810815
   0.10992445  0.81627322  0.38998931
   0.51412619  0.56368723  0.18471851
   0.58273084  0.93832901  0.49349056
   0.37304000  0.94194000  0.08602000
   0.64951611  0.68819397  0.28848498
   0.44365818  0.81605437  0.38917165
   0.84749590  0.56373383  0.18467162
   0.91643648  0.93908711  0.49391367
   0.70637000  0.94194000  0.08602000
   0.98314712  0.68832560  0.28842027
   0.77690633  0.81610073  0.38999642
   0.03971000  0.19194000  0.08602000
   0.31884297  0.43742230  0.28797715
   0.11428004  0.06239864  0.39015932
   0.17933394  0.31528610  0.18692005
   0.25950701  0.19322523  0.48525081
   0.37304000  0.19194000  0.08602000
   0.65281480  0.43828111  0.28840296
   0.44760688  0.06241229  0.39000498
   0.51275983  0.31545754  0.18705297
   0.59294812  0.19224839  0.48536411
   0.70637000  0.19194000  0.08602000
   0.98601333  0.43840744  0.28841911
   0.78103220  0.06252957  0.39001359
   0.84615436  0.31554801  0.18706505
   0.92643464  0.19333144  0.48525882
   0.03971000  0.69194000  0.08602000
   0.31162208  0.93966107  0.28801778
   0.12820262  0.56000412  0.39028507
   0.17908067  0.81539326  0.18681225
   0.26276631  0.69352019  0.48537464
   0.37304000  0.69194000  0.08602000
   0.64502662  0.93952707  0.28806899
   0.46076300  0.55876192  0.38931780
   0.51235831  0.81539511  0.18679532
   0.59598062  0.69211148  0.48433427
   0.70637000  0.69194000  0.08602000
   0.97829590  0.93947984  0.28821961
   0.84575308  0.81540868  0.18685207
   0.93035357  0.69521408  0.48679034
   0.79363159  0.55977108  0.39066223
   0.17417000  0.33753000  0.10253000
   0.26042856  0.20382403  0.40135554
   0.08498026  0.32148233  0.49909255
   0.31509059  0.46029720  0.20443083
   0.11529472  0.08307715  0.30585485
   0.23858000  0.04636000  0.06951000
   0.04528926  0.17039531  0.16985974
   0.32626688  0.41548173  0.37187051
   0.11868652  0.05022209  0.47781922
   0.18199579  0.29254042  0.27042062
   0.50750000  0.33753000  0.10253000
   0.59349196  0.20402350  0.40131671
   0.41781871  0.32106664  0.50003346
   0.64863474  0.46046804  0.20467799
   0.44870716  0.08326811  0.30571956
   0.57191000  0.04636000  0.06951000
   0.37864671  0.17055936  0.16994823
   0.66053585  0.41723672  0.37300653
   0.45209441  0.04898677  0.47765904
   0.51563958  0.29317184  0.27079358
   0.84083000  0.33753000  0.10253000
   0.92685905  0.20414442  0.40121865
   0.75102074  0.32151850  0.49892972
   0.98179599  0.46058196  0.20475365
   0.78208807  0.08318903  0.30565442
   0.90524000  0.04636000  0.06951000
   0.71204508  0.17059679  0.16993279
   0.99334770  0.41693151  0.37253755
   0.78514131  0.05006800  0.47759459
   0.84892082  0.29310394  0.27072139
   0.17417000  0.83753000  0.10253000
   0.24408901  0.71046237  0.40375368
   0.05024872  0.83356900  0.50434613
   0.31315006  0.96068860  0.20429777
   0.11765278  0.58427157  0.30671264
   0.23858000  0.54636000  0.06951000
   0.04690929  0.66993229  0.16978487
   0.30819787  0.92016286  0.37229435
   0.15344009  0.54149007  0.47701612
   0.18193370  0.79231312  0.27026366
   0.50750000  0.83753000  0.10253000
   0.57737726  0.70910191  0.40289013
   0.38227697  0.83152624  0.50501495
   0.64639718  0.96061846  0.20435326
   0.45062141  0.58336063  0.30603772
   0.57191000  0.54636000  0.06951000
   0.38018048  0.66993064  0.16977889
   0.64152575  0.91994046  0.37228631
   0.48526081  0.54041626  0.47524134
   0.51497747  0.79219639  0.27030465
   0.84083000  0.83753000  0.10253000
   0.71539448  0.83197094  0.50178397
   0.97973528  0.96064829  0.20445989
   0.78425147  0.58416999  0.30701500
   0.90524000  0.54636000  0.06951000
   0.71354882  0.66994750  0.16980775
   0.97497243  0.91954711  0.37258755
   0.82007223  0.54244281  0.48305283
   0.84828886  0.79219206  0.27038559
   0.91024939  0.70834655  0.40484836
   0.61866918  0.62108086  0.63021937
   0.81964830  0.37734019  0.67786635
   0.78119277  0.47869488  0.59647791
   0.53321658  0.71072156  0.63164061
   0.47824208  0.60975671  0.66607454
   0.37661093  0.54720091  0.65091535
   0.50210132  0.61286432  0.71198099
   0.47172088  0.72167617  0.59145335
   0.59936842  0.78632676  0.65267705
