   0.28812552  0.43135127  0.49232667
   0.18093907  0.06374065  0.18366963
   0.03971000  0.44194000  0.08602000
   0.31698474  0.18780154  0.28740154
   0.12943400  0.31222792  0.38806670
   0.51427966  0.06362185  0.18362247
   0.62220861  0.42973557  0.48907070
   0.37304000  0.44194000  0.08602000
   0.65034959  0.18750572  0.28719850
   0.46233010  0.31185111  0.38800137
   0.84768519  0.06380963  0.18367410
   0.95551778  0.43155818  0.49064430
   0.70637000  0.44194000  0.08602000
   0.98376338  0.18780509  0.28747029
   0.79587217  0.31154533  0.38752610
   0.18128531  0.56348473  0.18425100
   0.24950576  0.93901271  0.49225785
   0.03971000  0.94194000  0.08602000
   0.31836016  0.68850130  0.28707709
   0.11220321  0.81633091  0.38818559
   0.51445479  0.56327023  0.18403658
   0.58267041  0.93954751  0.49290335
   0.37304000  0.94194000  0.08602000
   0.65163400  0.68811863  0.28648779
   0.44552055  0.81668818  0.38907809
   0.84786262  0.56328321  0.18410967
   0.91616607  0.93934983  0.49232050
   0.70637000  0.94194000  0.08602000
   0.98504370  0.68812939  0.28662434
   0.77857127  0.81609135  0.38815568
   0.03971000  0.19194000  0.08602000
   0.32107689  0.43898792  0.28801334
   0.11510838  0.06172683  0.38778772
   0.18043104  0.31580425  0.18692266
   0.26026706  0.19299244  0.48271483
   0.37304000  0.19194000  0.08602000
   0.65408173  0.43814892  0.28738255
   0.44892360  0.06194746  0.38792677
   0.51360865  0.31534213  0.18666195
   0.59389999  0.19290960  0.48313194
   0.70637000  0.19194000  0.08602000
   0.98789275  0.43856344  0.28773823
   0.78203618  0.06187617  0.38800187
   0.84717603  0.31557284  0.18678217
   0.92730033  0.19353339  0.48303110
   0.03971000  0.69194000  0.08602000
   0.31382646  0.93875387  0.28594627
   0.13011801  0.55994457  0.38952972
   0.18048118  0.81444467  0.18482465
   0.26340864  0.69370184  0.48478183
   0.37304000  0.69194000  0.08602000
   0.64706074  0.93860005  0.28593664
   0.46303531  0.56075151  0.38971902
   0.51384445  0.81446868  0.18469834
   0.59729178  0.69501003  0.48587862
   0.70637000  0.69194000  0.08602000
   0.98031003  0.93868627  0.28578987
   0.84714446  0.81442640  0.18472000
   0.93041707  0.69353686  0.48388904
   0.79646201  0.55981685  0.38857134
   0.17417000  0.33753000  0.10253000
   0.26131180  0.20304602  0.39847322
   0.08690299  0.32080281  0.49728148
   0.31607133  0.46064864  0.20443823
   0.11677508  0.08207595  0.30338743
   0.23858000  0.04636000  0.06951000
   0.04727866  0.17062277  0.16986598
   0.32909747  0.41763229  0.37207277
   0.11812526  0.04939505  0.47551311
   0.18412031  0.29346948  0.27047621
   0.50750000  0.33753000  0.10253000
   0.59538095  0.20315040  0.39869946
   0.42127650  0.32044470  0.49485063
   0.64910788  0.46016642  0.20389478
   0.45023298  0.08212664  0.30345852
   0.57191000  0.04636000  0.06951000
   0.38050824  0.17026905  0.16974194
   0.66188978  0.41677807  0.37150015
   0.45162259  0.04963424  0.47561440
   0.51732953  0.29287418  0.27008900
   0.84083000  0.33753000  0.10253000
   0.92874689  0.20315203  0.39874362
   0.75424378  0.32058008  0.49692194
   0.98276198  0.46042875  0.20418947
   0.78354202  0.08202232  0.30352873
   0.90524000  0.04636000  0.06951000
   0.71386600  0.17045163  0.16980728
   0.99512756  0.41689320  0.37180325
   0.78508635  0.05006618  0.47575390
   0.85070334  0.29311315  0.27026902
   0.17316000  0.83290000  0.09904000
   0.24580724  0.71020069  0.40311262
   0.04836581  0.83243166  0.50267045
   0.31493962  0.95913769  0.20176899
   0.11962191  0.58456821  0.30593712
   0.23858000  0.54636000  0.06951000
   0.04706725  0.66969160  0.16960788
   0.31041830  0.91946873  0.37044426
   0.15533345  0.54160612  0.47629020
   0.18377319  0.79220686  0.26846330
   0.50645000  0.83283000  0.09878000
   0.57927556  0.71029552  0.40398576
   0.38209839  0.83288591  0.50306003
   0.64836421  0.95917930  0.20171767
   0.45309476  0.58505766  0.30627657
   0.57191000  0.54636000  0.06951000
   0.38050205  0.66973453  0.16955524
   0.64371640  0.91917456  0.37047569
   0.48920980  0.54212702  0.47780464
   0.51717738  0.79215636  0.26833577
   0.83986000  0.83290000  0.09896000
   0.71581528  0.83393605  0.50427714
   0.98163619  0.95920693  0.20167135
   0.78600002  0.58405956  0.30518906
   0.90524000  0.54636000  0.06951000
   0.71372199  0.66961377  0.16957366
   0.97684318  0.91920715  0.37019478
   0.82160476  0.54120889  0.47583957
   0.85048180  0.79207176  0.26828921
   0.91228196  0.70966555  0.40218643
   0.80220447  0.64954994  0.63857605
   0.41252505  0.41980592  0.65708050
   0.58910714  0.52654766  0.59216762
   0.92080015  0.74738997  0.65515447
   0.81770131  0.68140434  0.69889022
   0.71795593  0.71264353  0.71626410
   0.86268583  0.62274204  0.72612677
   0.89685836  0.82639732  0.64055969
   0.04239247  0.73710308  0.65029809
