   0.18023444  0.06514056  0.19567861
   0.26944698  0.43820190  0.50249331
   0.03971000  0.44194000  0.09637000
   0.31720445  0.19047620  0.29942557
   0.12062057  0.31478071  0.40386346
   0.51345349  0.06475509  0.19565358
   0.59483970  0.43477929  0.50057013
   0.37304000  0.44194000  0.09637000
   0.65026792  0.18931452  0.29914477
   0.45295723  0.31499266  0.40223106
   0.84684456  0.06504925  0.19528000
   0.93458942  0.43723117  0.49808097
   0.70637000  0.44194000  0.09637000
   0.98378734  0.19012996  0.29938875
   0.78812420  0.31368624  0.39887402
   0.18067101  0.56545128  0.19583010
   0.25830502  0.93446154  0.50337761
   0.03971000  0.94194000  0.09637000
   0.31718842  0.69095509  0.30001401
   0.11935213  0.81604895  0.39992938
   0.51320801  0.56469460  0.19508916
   0.59368983  0.94156552  0.50505587
   0.37304000  0.94194000  0.09637000
   0.64925437  0.68997956  0.29807187
   0.45542824  0.81769115  0.40188868
   0.84715749  0.56476408  0.19513472
   0.92828494  0.93550282  0.50330756
   0.70637000  0.94194000  0.09637000
   0.98378387  0.69022487  0.29787633
   0.78629075  0.81489067  0.40082871
   0.93898195  0.19059565  0.50209207
   0.03971000  0.19194000  0.09637000
   0.31728190  0.44094191  0.29980129
   0.12158263  0.06088805  0.39863481
   0.17989082  0.31693020  0.19769818
   0.24253117  0.18651612  0.50113436
   0.37304000  0.19194000  0.09637000
   0.64916881  0.43804586  0.29602525
   0.45423810  0.06662845  0.40396463
   0.51241802  0.31520052  0.19652657
   0.58148321  0.20196417  0.50308051
   0.70637000  0.19194000  0.09637000
   0.98493168  0.43940924  0.29787125
   0.78718005  0.06383625  0.40295091
   0.84655024  0.31587560  0.19711003
   0.03971000  0.69194000  0.09637000
   0.31795717  0.94201385  0.30040641
   0.12297514  0.56291561  0.39944919
   0.18036024  0.81718974  0.19798125
   0.26300532  0.69745664  0.49472770
   0.37304000  0.69194000  0.09637000
   0.65054679  0.94140255  0.29973077
   0.45671933  0.56444181  0.40218744
   0.51290430  0.81702294  0.19779468
   0.61215370  0.69054641  0.50117615
   0.70637000  0.69194000  0.09637000
   0.98258824  0.93989453  0.29750099
   0.84590505  0.81605834  0.19689006
   0.91544470  0.68394007  0.49554289
   0.79004378  0.56003204  0.39444630
   0.17380077  0.33691233  0.11270699
   0.25401895  0.20606392  0.41630155
   0.06786043  0.33755505  0.50300269
   0.31485150  0.46219435  0.21550279
   0.11768235  0.08544856  0.31545793
   0.23858000  0.04636000  0.07986000
   0.04639899  0.17148778  0.18022276
   0.32054929  0.41943904  0.38365156
   0.12780008  0.03537858  0.48104173
   0.18335395  0.29471991  0.28097035
   0.50705639  0.33687008  0.11263684
   0.59017990  0.21200231  0.41914086
   0.39801856  0.32476105  0.51207258
   0.64739354  0.46040354  0.21297180
   0.45168305  0.08735697  0.31926939
   0.57191000  0.04636000  0.07986000
   0.37932055  0.17039514  0.17986907
   0.65266251  0.41556815  0.37878591
   0.46209010  0.05134053  0.49135353
   0.51618134  0.29234183  0.27927532
   0.84042459  0.33687687  0.11267310
   0.91733359  0.20847312  0.41758481
   0.72928932  0.33641681  0.52800178
   0.98155702  0.46119584  0.21410886
   0.78451777  0.08645183  0.31829239
   0.90524000  0.04636000  0.07986000
   0.71260569  0.17087250  0.18007055
   0.98712461  0.41817866  0.38129183
   0.79733795  0.04598689  0.48858855
   0.84947916  0.29347036  0.28033228
   0.17380373  0.83690226  0.11272666
   0.25504505  0.71005462  0.41198034
   0.05498526  0.82356993  0.51172708
   0.31499623  0.96239781  0.21603721
   0.11721610  0.58536475  0.31562105
   0.23858000  0.54636000  0.07986000
   0.04670386  0.67174950  0.18053717
   0.32027948  0.92185567  0.38453019
   0.13730930  0.55060581  0.48583992
   0.18357914  0.79566642  0.28158673
   0.50711661  0.83690647  0.11271848
   0.58629874  0.71043620  0.41796424
   0.39301957  0.83286647  0.51535755
   0.64815988  0.96217247  0.21557766
   0.45115166  0.58663145  0.31800977
   0.57191000  0.54636000  0.07986000
   0.38002282  0.67163113  0.18040703
   0.65315820  0.92012944  0.38335609
   0.47069632  0.54591249  0.48804234
   0.51623398  0.79523745  0.28127403
   0.84041127  0.83688054  0.11266466
   0.72515919  0.83668162  0.51283774
   0.98107558  0.96145706  0.21399847
   0.78307519  0.58431451  0.31235436
   0.90524000  0.54636000  0.07986000
   0.71278361  0.67076140  0.18000492
   0.98381766  0.91772581  0.38033385
   0.79707706  0.53441265  0.47618963
   0.84880192  0.79396427  0.27982898
   0.92052797  0.70667156  0.41201144
   0.77573558  0.57662348  0.65158749
   0.07996643  0.15766018  0.58545206
   0.75364243  0.45425182  0.59677848
   0.79890422  0.68137803  0.67181030
   0.76600745  0.58371827  0.71020157
   0.64717803  0.55393720  0.72714266
   0.86278050  0.56155952  0.73431199
   0.70415495  0.72323173  0.66082356
   0.91979298  0.72998445  0.66771779
