   0.17965634  0.06452722  0.19493373
   0.28920083  0.43018727  0.50087131
   0.03971000  0.44194000  0.09637000
   0.31730450  0.18940736  0.29752679
   0.13093411  0.31337083  0.39713430
   0.51306249  0.06422558  0.19449117
   0.61740458  0.43282835  0.49559526
   0.37304000  0.44194000  0.09637000
   0.65080811  0.18889297  0.29691913
   0.46334298  0.31235624  0.39699614
   0.84629154  0.06419337  0.19473066
   0.95963976  0.43166319  0.49796466
   0.70637000  0.44194000  0.09637000
   0.98390477  0.18872244  0.29712097
   0.79755666  0.31207826  0.39549995
   0.18174053  0.56467102  0.19432620
   0.24202979  0.94277840  0.50076841
   0.03971000  0.94194000  0.09637000
   0.31739434  0.69090539  0.29734069
   0.10904590  0.81814320  0.39879022
   0.51499409  0.56418884  0.19409966
   0.57804067  0.94370432  0.50343057
   0.37304000  0.94194000  0.09637000
   0.65004658  0.68974079  0.29690897
   0.44064332  0.81915836  0.40342066
   0.84847541  0.56429607  0.19406139
   0.90660284  0.93789988  0.50310696
   0.70637000  0.94194000  0.09637000
   0.98379391  0.68976401  0.29752844
   0.77279264  0.81716721  0.39983853
   0.57191224  0.69063360  0.49933940
   0.03971000  0.19194000  0.09637000
   0.32108690  0.43892138  0.29579874
   0.11405237  0.06390074  0.39911753
   0.18029363  0.31511848  0.19534313
   0.26360291  0.19350440  0.49524323
   0.37304000  0.19194000  0.09637000
   0.65412639  0.43811221  0.29606862
   0.44904590  0.06610890  0.40024616
   0.51421090  0.31495260  0.19517302
   0.59048967  0.19936151  0.49845117
   0.70637000  0.19194000  0.09637000
   0.98858383  0.43959227  0.29649790
   0.78025622  0.06364289  0.39941639
   0.84758939  0.31520245  0.19573220
   0.93819791  0.18887963  0.49406644
   0.03971000  0.69194000  0.09637000
   0.31309287  0.94200896  0.29786163
   0.12954741  0.56170157  0.39850539
   0.17974440  0.81624265  0.19625992
   0.26708153  0.69121708  0.49822153
   0.37304000  0.69194000  0.09637000
   0.64510031  0.94074408  0.29775931
   0.46244757  0.56183534  0.39708291
   0.51362026  0.81584581  0.19594162
   0.70637000  0.69194000  0.09637000
   0.97894490  0.94067520  0.29769739
   0.84618305  0.81594087  0.19702903
   0.92811129  0.69346703  0.49145500
   0.79531153  0.56078971  0.39672503
   0.17293000  0.33291000  0.10959000
   0.26288438  0.20549904  0.41072614
   0.08663477  0.32002946  0.51036694
   0.31598606  0.45993690  0.21194161
   0.11746653  0.08448263  0.31494310
   0.23858000  0.04636000  0.07986000
   0.04548989  0.17077597  0.18014916
   0.32996541  0.41581054  0.37890804
   0.11137900  0.05357529  0.48744154
   0.18381477  0.29355212  0.27885560
   0.50633000  0.33253000  0.10912000
   0.59955949  0.20736687  0.41278128
   0.42330905  0.31891293  0.51295409
   0.64961039  0.45968280  0.21215904
   0.45145196  0.08556998  0.31558811
   0.57191000  0.04636000  0.07986000
   0.37919732  0.17077743  0.18004785
   0.66331777  0.41556658  0.38025698
   0.44806085  0.05875961  0.48838939
   0.51766229  0.29364159  0.27881461
   0.83947000  0.33230000  0.10978000
   0.92840152  0.20575029  0.41104705
   0.75185386  0.32831068  0.52033512
   0.98295505  0.46030639  0.21261492
   0.78370017  0.08443985  0.31500462
   0.90524000  0.04636000  0.07986000
   0.71245113  0.17087942  0.18032517
   0.99611610  0.41671093  0.38018253
   0.78236677  0.05238254  0.48767077
   0.85112974  0.29420153  0.27952740
   0.17282000  0.83289000  0.10962000
   0.23900442  0.71148130  0.41481781
   0.04060400  0.83365807  0.51258245
   0.31421200  0.96083234  0.21341869
   0.11873817  0.58581362  0.31463103
   0.23858000  0.54636000  0.07986000
   0.04744365  0.67109067  0.18026004
   0.30720571  0.92424322  0.38186658
   0.15498711  0.53719336  0.48257990
   0.18211244  0.79521543  0.28009341
   0.50615000  0.83297000  0.10968000
   0.57569867  0.71140837  0.41575313
   0.37693409  0.84349319  0.50354661
   0.64723386  0.96069154  0.21333509
   0.45133325  0.58565658  0.31373552
   0.57191000  0.54636000  0.07986000
   0.38078605  0.67083668  0.18016367
   0.64018684  0.92185842  0.38194050
   0.48567828  0.53397724  0.47883319
   0.51609807  0.79445316  0.27947215
   0.84083000  0.83753000  0.11288000
   0.70583043  0.83475290  0.51439036
   0.98096940  0.96097224  0.21385279
   0.78387417  0.58419100  0.31380803
   0.90524000  0.54636000  0.07986000
   0.71405253  0.67049131  0.18006429
   0.97284791  0.92232227  0.38172668
   0.82316075  0.53991296  0.48220792
   0.84897053  0.79368235  0.28016548
   0.90826029  0.71112661  0.41043806
   0.81527752  0.60607597  0.63496972
   0.39808521  0.65289669  0.58219168
   0.77699368  0.43840687  0.59503665
   0.80708171  0.72488440  0.63243667
   0.76643102  0.66006094  0.68543196
   0.64163364  0.63285341  0.69655815
   0.85161368  0.66854018  0.72045065
   0.71377245  0.74542488  0.60553442
   0.92371469  0.78069102  0.62740173
