   0.18165402  0.06520209  0.19556706
   0.25640497  0.43596538  0.50266701
   0.03971000  0.44194000  0.09637000
   0.31846354  0.19074549  0.30001097
   0.11878812  0.31481093  0.40080618
   0.51432443  0.06444401  0.19463583
   0.58645860  0.43966416  0.49865405
   0.37304000  0.44194000  0.09637000
   0.65099417  0.18941166  0.29784434
   0.45461628  0.31684988  0.40199199
   0.84812718  0.06457470  0.19420610
   0.92829730  0.43596941  0.49924449
   0.70637000  0.44194000  0.09637000
   0.98503421  0.18948558  0.29742234
   0.78579196  0.31310300  0.39927178
   0.18024027  0.56556766  0.19545918
   0.26356073  0.93550729  0.50408635
   0.03971000  0.94194000  0.09637000
   0.31701414  0.69129082  0.29907392
   0.12145439  0.81618741  0.40026410
   0.51306984  0.56446835  0.19447340
   0.59715275  0.93763020  0.50330918
   0.37304000  0.94194000  0.09637000
   0.64931009  0.68998090  0.29666846
   0.45629170  0.81771571  0.40092997
   0.84718350  0.56519011  0.19486857
   0.93216178  0.93414716  0.50033474
   0.70637000  0.94194000  0.09637000
   0.98416437  0.69098894  0.29736382
   0.78706708  0.81422974  0.39910140
   0.60343773  0.19433389  0.50930365
   0.03971000  0.19194000  0.09637000
   0.31738141  0.44124143  0.29881511
   0.12198641  0.06118293  0.39943350
   0.18050622  0.31683164  0.19735807
   0.25485885  0.19406392  0.49501251
   0.37304000  0.19194000  0.09637000
   0.64948352  0.43853184  0.29547115
   0.45864248  0.06826056  0.40569770
   0.51286548  0.31525018  0.19634100
   0.70637000  0.19194000  0.09637000
   0.98423354  0.43971671  0.29739919
   0.79035646  0.06089723  0.39718594
   0.84698743  0.31606474  0.19677644
   0.91077061  0.18599167  0.49961396
   0.03971000  0.69194000  0.09637000
   0.31977861  0.94375207  0.30104479
   0.12016864  0.56267757  0.39891242
   0.18106924  0.81811275  0.19812632
   0.26346720  0.69352782  0.49412585
   0.37304000  0.69194000  0.09637000
   0.65098734  0.93930143  0.29609939
   0.45293636  0.56564595  0.40090905
   0.51303793  0.81555307  0.19531830
   0.60828764  0.69002592  0.49936075
   0.70637000  0.69194000  0.09637000
   0.98469873  0.93944410  0.29709206
   0.84742272  0.81569755  0.19545515
   0.91580748  0.68633687  0.49502132
   0.78925020  0.56137439  0.39360605
   0.17417000  0.33753000  0.11288000
   0.25327589  0.20766787  0.41221901
   0.05503325  0.32781705  0.51012183
   0.31459973  0.46214412  0.21477192
   0.11844095  0.08461007  0.31520305
   0.23858000  0.04636000  0.07986000
   0.04738579  0.17137062  0.18023817
   0.31956546  0.42007175  0.38263865
   0.13346394  0.04420444  0.48650532
   0.18452550  0.29454144  0.28058457
   0.50750000  0.33753000  0.11288000
   0.58835666  0.21507776  0.42405273
   0.38849191  0.33022951  0.51245801
   0.64751429  0.46058940  0.21249792
   0.45404480  0.08908137  0.32061843
   0.57191000  0.04636000  0.07986000
   0.38030065  0.17038535  0.17973008
   0.65291481  0.41611606  0.37819240
   0.46697901  0.04744792  0.49122110
   0.51693350  0.29269385  0.27905127
   0.84083000  0.33753000  0.11288000
   0.91859360  0.20746697  0.41500655
   0.72167306  0.34729877  0.52484243
   0.98142134  0.46160605  0.21375624
   0.78514006  0.08504163  0.31390390
   0.90524000  0.04636000  0.07986000
   0.71358541  0.17071188  0.17991084
   0.98504698  0.41793064  0.38098917
   0.79935031  0.03690491  0.47921248
   0.85063540  0.29361922  0.27972922
   0.17417000  0.83753000  0.11288000
   0.25542932  0.70886143  0.41149156
   0.05932970  0.82417844  0.51094307
   0.31699130  0.96306067  0.21634585
   0.11682120  0.58570297  0.31514462
   0.23858000  0.54636000  0.07986000
   0.04680784  0.67255892  0.18074350
   0.32191473  0.92302009  0.38515822
   0.12962100  0.54700828  0.48532271
   0.18425402  0.79712987  0.28181810
   0.50619000  0.83294000  0.10916000
   0.58723667  0.70996659  0.41630496
   0.39459053  0.82912512  0.51387906
   0.64877488  0.96019954  0.21219582
   0.45104802  0.58688527  0.31674612
   0.57191000  0.54636000  0.07986000
   0.37945241  0.67109260  0.17987375
   0.65369209  0.91745690  0.37895571
   0.45973376  0.54910690  0.48706321
   0.51578894  0.79412440  0.27872341
   0.83992000  0.83287000  0.10930000
   0.73003134  0.83208681  0.51084300
   0.98248587  0.96061639  0.21279704
   0.78342382  0.58486631  0.31163536
   0.90524000  0.54636000  0.07986000
   0.71257222  0.67111576  0.17996106
   0.98614155  0.91828650  0.38092752
   0.79400959  0.53862142  0.47577809
   0.84924851  0.79456992  0.27899341
   0.92178759  0.70712467  0.41147469
   0.78323794  0.57574671  0.65262163
   0.75849701  0.14942724  0.58671700
   0.74442358  0.44984096  0.59585882
   0.80533905  0.68483150  0.67387756
   0.77175052  0.58469446  0.71297248
   0.65304885  0.55462924  0.72886500
   0.86885443  0.56217541  0.73595047
   0.71012154  0.72416608  0.66249786
   0.92580692  0.73076284  0.66934783
