   0.18166500  0.06520681  0.19556460
   0.25625474  0.43588079  0.50267064
   0.03971000  0.44194000  0.09637000
   0.31848166  0.19074671  0.29999950
   0.11872182  0.31476794  0.40081461
   0.51433602  0.06444700  0.19463999
   0.58614230  0.43965749  0.49857020
   0.37304000  0.44194000  0.09637000
   0.65101187  0.18939903  0.29784050
   0.45461164  0.31683437  0.40195945
   0.84810784  0.06457078  0.19421797
   0.92867200  0.43596237  0.49921377
   0.70637000  0.44194000  0.09637000
   0.98498907  0.18946497  0.29743264
   0.78583192  0.31305867  0.39923605
   0.18024737  0.56557149  0.19545395
   0.26363879  0.93552609  0.50408086
   0.03971000  0.94194000  0.09637000
   0.31703110  0.69131409  0.29905709
   0.12149959  0.81622006  0.40025822
   0.51307901  0.56446657  0.19447296
   0.59715325  0.93766341  0.50329785
   0.37304000  0.94194000  0.09637000
   0.64932595  0.68999599  0.29664890
   0.45627049  0.81778043  0.40091744
   0.84716342  0.56518183  0.19487356
   0.93217734  0.93422454  0.50031751
   0.70637000  0.94194000  0.09637000
   0.98415485  0.69098631  0.29734937
   0.78710267  0.81433723  0.39907756
   0.60328947  0.19407755  0.50924878
   0.03971000  0.19194000  0.09637000
   0.31737576  0.44121472  0.29879912
   0.12196600  0.06118919  0.39943776
   0.18050779  0.31682449  0.19735861
   0.25483295  0.19394360  0.49498457
   0.37304000  0.19194000  0.09637000
   0.64947676  0.43851777  0.29546414
   0.45864493  0.06823090  0.40569246
   0.51287171  0.31525525  0.19635218
   0.70637000  0.19194000  0.09637000
   0.98420927  0.43970389  0.29738406
   0.79038603  0.06090472  0.39720407
   0.84697564  0.31606290  0.19677934
   0.91083531  0.18589487  0.49955058
   0.03971000  0.69194000  0.09637000
   0.31978987  0.94375390  0.30103046
   0.12017848  0.56268041  0.39887770
   0.18107143  0.81810890  0.19812310
   0.26343477  0.69365440  0.49414058
   0.37304000  0.69194000  0.09637000
   0.65100359  0.93932632  0.29610437
   0.45289498  0.56560254  0.40084341
   0.51304873  0.81556217  0.19532611
   0.60751581  0.69039662  0.49899929
   0.70637000  0.69194000  0.09637000
   0.98468719  0.93946212  0.29708431
   0.84741639  0.81569990  0.19545497
   0.91673404  0.68687510  0.49472307
   0.78920794  0.56138991  0.39354698
   0.17417000  0.33753000  0.11288000
   0.25331228  0.20768453  0.41223286
   0.05506750  0.32793914  0.51015861
   0.31459710  0.46214889  0.21478147
   0.11845129  0.08460037  0.31521314
   0.23858000  0.04636000  0.07986000
   0.04738699  0.17137016  0.18023570
   0.31958111  0.42010697  0.38266987
   0.13353205  0.04428818  0.48651672
   0.18453157  0.29455697  0.28059222
   0.50750000  0.33753000  0.11288000
   0.58838050  0.21513112  0.42410461
   0.38859833  0.33032385  0.51248854
   0.64752241  0.46060570  0.21248569
   0.45403281  0.08906851  0.32063088
   0.57191000  0.04636000  0.07986000
   0.38027812  0.17037050  0.17972469
   0.65290239  0.41613125  0.37826775
   0.46699044  0.04759307  0.49122578
   0.51689234  0.29267516  0.27906154
   0.84083000  0.33753000  0.11288000
   0.91862329  0.20755038  0.41499734
   0.72158939  0.34722476  0.52485052
   0.98143196  0.46160771  0.21376005
   0.78515209  0.08505273  0.31387313
   0.90524000  0.04636000  0.07986000
   0.71359448  0.17071691  0.17990635
   0.98502776  0.41798267  0.38101830
   0.79936397  0.03692535  0.47922498
   0.85065168  0.29364241  0.27973547
   0.17417000  0.83753000  0.11288000
   0.25544025  0.70884207  0.41149043
   0.05902250  0.82371673  0.51098017
   0.31698660  0.96305353  0.21634628
   0.11682363  0.58570054  0.31516295
   0.23858000  0.54636000  0.07986000
   0.04680586  0.67255787  0.18074649
   0.32189241  0.92299394  0.38516423
   0.12958320  0.54700298  0.48536004
   0.18424561  0.79711701  0.28182533
   0.50619000  0.83294000  0.10916000
   0.58734662  0.70988572  0.41630917
   0.39456708  0.82898822  0.51388973
   0.64877301  0.96019904  0.21217579
   0.45105526  0.58689022  0.31677889
   0.57191000  0.54636000  0.07986000
   0.37943372  0.67107998  0.17987306
   0.65360067  0.91733253  0.37897859
   0.46000893  0.54922645  0.48717139
   0.51575055  0.79408373  0.27873266
   0.83992000  0.83287000  0.10930000
   0.73002534  0.83120188  0.51102411
   0.98249545  0.96060811  0.21279773
   0.78346353  0.58489716  0.31163626
   0.90524000  0.54636000  0.07986000
   0.71258029  0.67112150  0.17996334
   0.98615538  0.91823909  0.38093727
   0.79395220  0.53910701  0.47623058
   0.84926292  0.79456458  0.27900305
   0.92162965  0.70712254  0.41145283
   0.78356915  0.57480613  0.65219809
   0.75842112  0.14946182  0.58676882
   0.74396302  0.44771260  0.59494719
   0.80578153  0.68703045  0.67424094
   0.77161142  0.58495279  0.71388407
   0.65294080  0.55465702  0.72893561
   0.86888722  0.56216947  0.73597303
   0.71008964  0.72437069  0.66253380
   0.92582054  0.73088100  0.66936578
