   0.18016003  0.06511973  0.19564072
   0.26867981  0.43788036  0.50280153
   0.03971000  0.44194000  0.09637000
   0.31707240  0.19038517  0.29941230
   0.12015689  0.31458518  0.40372721
   0.51340851  0.06475465  0.19555040
   0.59236553  0.43454816  0.49868558
   0.37304000  0.44194000  0.09637000
   0.65023503  0.18921064  0.29899798
   0.45272141  0.31465074  0.40198307
   0.84678926  0.06498722  0.19524714
   0.93770052  0.43967421  0.49690741
   0.70637000  0.44194000  0.09637000
   0.98370060  0.18995011  0.29934715
   0.78776821  0.31315074  0.39864956
   0.18062897  0.56544085  0.19571564
   0.25872194  0.93388829  0.50333553
   0.03971000  0.94194000  0.09637000
   0.31719190  0.69103069  0.29982910
   0.12014452  0.81630041  0.39938623
   0.51314978  0.56467565  0.19491498
   0.59591413  0.93887585  0.50554465
   0.37304000  0.94194000  0.09637000
   0.64946525  0.68992487  0.29766600
   0.45493946  0.81792770  0.40162728
   0.84706013  0.56474277  0.19504147
   0.92730748  0.93359347  0.50366732
   0.70637000  0.94194000  0.09637000
   0.98373837  0.69020589  0.29749280
   0.78664016  0.81592797  0.39998438
   0.94002841  0.18964786  0.50174951
   0.03971000  0.19194000  0.09637000
   0.31733167  0.44082487  0.29967010
   0.12191558  0.06097594  0.39874863
   0.17968463  0.31636876  0.19705570
   0.24329638  0.18593887  0.50088969
   0.37304000  0.19194000  0.09637000
   0.64930895  0.43796502  0.29612289
   0.45408758  0.06688413  0.40402200
   0.51214079  0.31466878  0.19564887
   0.57836319  0.19690815  0.50235784
   0.70637000  0.19194000  0.09637000
   0.98472922  0.43944780  0.29778988
   0.78727869  0.06383020  0.40318768
   0.84627321  0.31536813  0.19633971
   0.03971000  0.69194000  0.09637000
   0.31791154  0.94208616  0.30021795
   0.12388536  0.56302001  0.39916459
   0.18008904  0.81663688  0.19735628
   0.26081324  0.69871306  0.49512053
   0.37304000  0.69194000  0.09637000
   0.65061563  0.94133795  0.29965599
   0.45578027  0.56361871  0.40155873
   0.51262249  0.81646624  0.19721575
   0.59649714  0.69485770  0.49655605
   0.70637000  0.69194000  0.09637000
   0.98261270  0.93991700  0.29738410
   0.84566109  0.81562267  0.19606934
   0.92686892  0.68875219  0.49170725
   0.78894694  0.56003975  0.39596465
   0.17252028  0.33261310  0.11001213
   0.25457364  0.20655402  0.41600176
   0.06781004  0.33800392  0.50328683
   0.31454680  0.46169437  0.21510947
   0.11771819  0.08524237  0.31527828
   0.23858000  0.04636000  0.07986000
   0.04617799  0.17143116  0.18063725
   0.32005854  0.41980989  0.38388812
   0.12792898  0.03500492  0.48100955
   0.18326151  0.29504225  0.28097055
   0.50544274  0.33227548  0.10911568
   0.58969115  0.21204922  0.41884556
   0.39744550  0.32602248  0.51254789
   0.64697242  0.45963225  0.21234859
   0.45176985  0.08721510  0.31929196
   0.57191000  0.04636000  0.07986000
   0.37915009  0.17030481  0.18019701
   0.65300654  0.41659660  0.37997236
   0.46088717  0.05042957  0.49106183
   0.51606877  0.29253058  0.27928685
   0.83902963  0.33233228  0.10954179
   0.91746320  0.20859531  0.41733503
   0.72935266  0.32863870  0.52195486
   0.98124279  0.46054575  0.21361585
   0.78443025  0.08620697  0.31814705
   0.90524000  0.04636000  0.07986000
   0.71257781  0.17080851  0.18044729
   0.98640132  0.41912873  0.38171911
   0.79631961  0.04504425  0.48882554
   0.84951304  0.29384463  0.28033679
   0.17262371  0.83251501  0.11022975
   0.25511380  0.71001967  0.41179680
   0.05786455  0.82157533  0.51306879
   0.31476100  0.96177663  0.21558860
   0.11718249  0.58532422  0.31558351
   0.23858000  0.54636000  0.07986000
   0.04646726  0.67159581  0.18094870
   0.32038192  0.92178010  0.38447057
   0.13801515  0.55139348  0.48590738
   0.18360771  0.79581057  0.28150561
   0.50574289  0.83258062  0.11014079
   0.58700808  0.70981317  0.41485731
   0.39431299  0.83189562  0.51527524
   0.64770629  0.96155918  0.21507021
   0.45111879  0.58652346  0.31798445
   0.57191000  0.54636000  0.07986000
   0.37979192  0.67147381  0.18081551
   0.65298735  0.91994094  0.38368911
   0.46880202  0.54767989  0.48871711
   0.51622406  0.79535923  0.28126108
   0.83897474  0.83232757  0.10940741
   0.72620185  0.82880398  0.51622284
   0.98069343  0.96077501  0.21337937
   0.78313018  0.58391583  0.31248032
   0.90524000  0.54636000  0.07986000
   0.71260428  0.67072440  0.18037875
   0.98421825  0.91748393  0.38047810
   0.79778556  0.54226744  0.48287971
   0.84885874  0.79417367  0.27966352
   0.91856771  0.70698336  0.40982164
   0.77783331  0.57245293  0.65120655
   0.07966102  0.15771855  0.58619885
   0.75300498  0.43510603  0.59509850
   0.79977273  0.68677507  0.67386670
   0.76678127  0.58860659  0.71289307
   0.64686072  0.55704742  0.72998955
   0.86268810  0.56408007  0.73669702
   0.70618877  0.72856295  0.66253332
   0.91919577  0.73492560  0.66922536
