   0.29293063  0.43101470  0.49217887
   0.17887378  0.06427546  0.18485786
   0.03971000  0.44194000  0.08602000
   0.31551898  0.18806436  0.28832302
   0.13062604  0.31176292  0.38885958
   0.51224259  0.06422414  0.18473492
   0.62348292  0.42875924  0.49094729
   0.37304000  0.44194000  0.08602000
   0.64900342  0.18798341  0.28813062
   0.46387053  0.31138966  0.38786972
   0.84559614  0.06424896  0.18482831
   0.96352963  0.42891474  0.49281933
   0.70637000  0.44194000  0.08602000
   0.98242634  0.18811408  0.28835575
   0.79736142  0.31172590  0.38824379
   0.18133144  0.56379552  0.18460430
   0.24800885  0.93993100  0.49372318
   0.03971000  0.94194000  0.08602000
   0.31636669  0.68862003  0.28810825
   0.10865448  0.81715669  0.38999994
   0.51471253  0.56386939  0.18463889
   0.58033822  0.93920060  0.49253361
   0.37304000  0.94194000  0.08602000
   0.64961856  0.68892994  0.28833943
   0.44187463  0.81719232  0.38961408
   0.84803419  0.56380367  0.18457174
   0.91455184  0.94061901  0.49297983
   0.70637000  0.94194000  0.08602000
   0.98329152  0.68882136  0.28800840
   0.77530221  0.81737121  0.39056277
   0.03971000  0.19194000  0.08602000
   0.32068379  0.43822877  0.28790845
   0.11451420  0.06289964  0.38936334
   0.17975843  0.31558450  0.18695147
   0.26099864  0.19390569  0.48443248
   0.37304000  0.19194000  0.08602000
   0.65430832  0.43860719  0.28808211
   0.44684778  0.06312292  0.38928581
   0.51310690  0.31565637  0.18703001
   0.59496770  0.19265142  0.48426562
   0.70637000  0.19194000  0.08602000
   0.98756461  0.43846299  0.28804629
   0.78030319  0.06283326  0.38901772
   0.84648804  0.31562106  0.18698817
   0.92776539  0.19323258  0.48368428
   0.03971000  0.69194000  0.08602000
   0.31097751  0.93972902  0.28770194
   0.13013452  0.55981204  0.38969385
   0.17896609  0.81556419  0.18668864
   0.26408901  0.69284228  0.48509613
   0.37304000  0.69194000  0.08602000
   0.64428839  0.93951099  0.28766038
   0.46232846  0.55898079  0.38963325
   0.51227411  0.81547041  0.18664857
   0.59749946  0.69238585  0.48414099
   0.70637000  0.69194000  0.08602000
   0.97743666  0.93959182  0.28795460
   0.84569709  0.81557751  0.18672750
   0.93258235  0.69528917  0.48617347
   0.79564436  0.56054926  0.38972081
   0.17417000  0.33753000  0.10253000
   0.26416892  0.20310002  0.39949354
   0.09433098  0.31756944  0.49538056
   0.31590131  0.46056116  0.20431271
   0.11534768  0.08269890  0.30500991
   0.23858000  0.04636000  0.06951000
   0.04533399  0.17070575  0.16985905
   0.32978640  0.41582846  0.37175450
   0.11691813  0.05137720  0.47697560
   0.18269455  0.29324164  0.27040104
   0.50750000  0.33753000  0.10253000
   0.59660817  0.20354896  0.39973602
   0.42430150  0.31936124  0.49951719
   0.64923787  0.46061110  0.20447378
   0.44881751  0.08291732  0.30492297
   0.57191000  0.04636000  0.06951000
   0.37871876  0.17079339  0.16991049
   0.66357792  0.41731074  0.37245351
   0.44988486  0.05056628  0.47697435
   0.51622136  0.29350819  0.27065932
   0.84083000  0.33753000  0.10253000
   0.92942868  0.20298973  0.39916087
   0.75788791  0.31934514  0.49801614
   0.98252431  0.46060534  0.20442874
   0.78199732  0.08268412  0.30466924
   0.90524000  0.04636000  0.06951000
   0.71201582  0.17074269  0.16987959
   0.99605892  0.41658372  0.37196782
   0.78267410  0.05107036  0.47681200
   0.84939598  0.29332328  0.27048999
   0.17417000  0.83753000  0.10253000
   0.24221232  0.71103215  0.40377384
   0.04731804  0.83500543  0.50417214
   0.31303990  0.96070813  0.20395393
   0.11781591  0.58481271  0.30634809
   0.23858000  0.54636000  0.06951000
   0.04727793  0.66997728  0.16969522
   0.30675339  0.92073063  0.37206356
   0.15975690  0.53989066  0.47513981
   0.18168546  0.79265622  0.26997841
   0.50750000  0.83753000  0.10253000
   0.57512199  0.70977923  0.40297453
   0.38007028  0.83280918  0.50374851
   0.64628615  0.96059753  0.20389205
   0.45098336  0.58439666  0.30625369
   0.57191000  0.54636000  0.06951000
   0.38057934  0.66993618  0.16964877
   0.64021698  0.92046905  0.37208257
   0.49235791  0.53962361  0.47614390
   0.51472657  0.79255920  0.26995559
   0.84083000  0.83753000  0.10253000
   0.71373481  0.83297677  0.50130993
   0.97967331  0.96072537  0.20413782
   0.78465250  0.58494383  0.30640730
   0.90524000  0.54636000  0.06951000
   0.71399218  0.66998173  0.16967585
   0.97371730  0.92038949  0.37247990
   0.82430706  0.54160610  0.47932549
   0.84823662  0.79260171  0.27003833
   0.90869501  0.71004617  0.40458983
   0.71548299  0.63364614  0.63688746
   0.03775593  0.44915513  0.63424563
   0.85738733  0.52616487  0.58270560
   0.62370092  0.71429735  0.65388364
   0.65476230  0.63084100  0.69517443
   0.56096407  0.55837327  0.70489740
   0.74552297  0.65567498  0.72818791
   0.50780939  0.70244801  0.63346407
   0.69260674  0.80013616  0.65615459
