   0.18085356  0.06398041  0.19379820
   0.25642531  0.44163526  0.49988954
   0.03971000  0.44194000  0.09637000
   0.31644051  0.18968262  0.29689112
   0.11543797  0.31561676  0.40208597
   0.51424301  0.06445939  0.19393833
   0.58299820  0.43991783  0.50109066
   0.37304000  0.44194000  0.09637000
   0.64967147  0.18887169  0.29717795
   0.44798908  0.31603031  0.40163371
   0.84774929  0.06410343  0.19357657
   0.92548418  0.44483791  0.49755760
   0.70637000  0.44194000  0.09637000
   0.98299055  0.18938457  0.29732552
   0.78417628  0.31448757  0.39815599
   0.18050606  0.56336153  0.19383288
   0.27311315  0.93232019  0.50162053
   0.03971000  0.94194000  0.09637000
   0.31701263  0.68889476  0.29575297
   0.12128678  0.81533308  0.39628954
   0.51389292  0.56373393  0.19408595
   0.60826867  0.93340974  0.50244247
   0.37304000  0.94194000  0.09637000
   0.64995946  0.68905326  0.29648761
   0.45540338  0.81567423  0.39618080
   0.84711059  0.56354852  0.19418623
   0.94104823  0.93247418  0.50339258
   0.70637000  0.94194000  0.09637000
   0.98320203  0.68890650  0.29624799
   0.78857867  0.81559351  0.39656736
   0.94105999  0.19014464  0.49961182
   0.03971000  0.19194000  0.09637000
   0.31509854  0.43855414  0.29631705
   0.12579288  0.06094554  0.39787151
   0.18007408  0.31499840  0.19504989
   0.24418766  0.18858145  0.49969191
   0.37304000  0.19194000  0.09637000
   0.64889823  0.43915053  0.29718429
   0.45652947  0.06273609  0.39954065
   0.51327781  0.31529692  0.19558107
   0.58922891  0.19115668  0.49747404
   0.70637000  0.19194000  0.09637000
   0.98257998  0.43903078  0.29626261
   0.79101420  0.06198131  0.40082451
   0.84617001  0.31506241  0.19535832
   0.03971000  0.69194000  0.09637000
   0.31837303  0.93999871  0.29624030
   0.11860696  0.56381960  0.39695655
   0.18063316  0.81523680  0.19495226
   0.25342789  0.69990529  0.49289235
   0.37304000  0.69194000  0.09637000
   0.65181217  0.94070404  0.29691736
   0.45078118  0.56295611  0.39723399
   0.51385332  0.81566698  0.19522051
   0.58726122  0.69618626  0.49300373
   0.70637000  0.69194000  0.09637000
   0.98456762  0.93972596  0.29580519
   0.84702102  0.81507235  0.19503411
   0.91904235  0.69691754  0.49483321
   0.78432221  0.56338069  0.39856030
   0.17344534  0.33254546  0.10889313
   0.25049531  0.20782388  0.41521292
   0.05472061  0.34195355  0.50198728
   0.31535801  0.45930124  0.21191192
   0.11789298  0.08522910  0.31379693
   0.23858000  0.04636000  0.07986000
   0.04659912  0.17055469  0.17960781
   0.31404612  0.41900407  0.38025246
   0.14039583  0.03418292  0.48068516
   0.18157877  0.29346805  0.27836587
   0.50675799  0.33268244  0.10957369
   0.58482581  0.21000948  0.41537359
   0.38732290  0.33215885  0.50970806
   0.64849234  0.45969418  0.21272799
   0.45081748  0.08562702  0.31537268
   0.57191000  0.04636000  0.07986000
   0.37959462  0.17079437  0.18003033
   0.64871392  0.41905917  0.38184647
   0.47458959  0.04273345  0.48659563
   0.51584499  0.29359833  0.27913804
   0.83997280  0.33256239  0.10923480
   0.91360307  0.20859539  0.41601347
   0.71811377  0.33268249  0.52051883
   0.98179841  0.45923820  0.21202718
   0.78445277  0.08565103  0.31587440
   0.90524000  0.04636000  0.07986000
   0.71314874  0.17065136  0.17987975
   0.98121340  0.41963437  0.37999758
   0.80757404  0.04091649  0.48654573
   0.84804716  0.29352147  0.27899605
   0.17372196  0.83250635  0.10899823
   0.25626726  0.70916180  0.40878981
   0.07281919  0.82173137  0.51488880
   0.31596524  0.96010119  0.21206459
   0.11729258  0.58411536  0.31296691
   0.23858000  0.54636000  0.07986000
   0.04625700  0.67026563  0.17990253
   0.32079665  0.91991255  0.38010447
   0.12389468  0.55467136  0.48348662
   0.18333772  0.79386692  0.27838442
   0.50702805  0.83264510  0.10923879
   0.58854648  0.70819532  0.40939681
   0.40682435  0.82540187  0.51284741
   0.64906514  0.96064060  0.21241898
   0.45015208  0.58373286  0.31328920
   0.57191000  0.54636000  0.07986000
   0.37955523  0.67049000  0.17989777
   0.65401359  0.91980319  0.38101682
   0.45734259  0.54984517  0.48420005
   0.51686393  0.79453304  0.27877554
   0.84022697  0.83252074  0.10898674
   0.73804227  0.82245990  0.51429906
   0.98205499  0.95974749  0.21179865
   0.78338354  0.58422465  0.31452064
   0.90524000  0.54636000  0.07986000
   0.71295395  0.67038139  0.17988201
   0.98682313  0.91856447  0.37899190
   0.78697475  0.54983084  0.48640909
   0.84939005  0.79350549  0.27851929
   0.92106024  0.70859391  0.41097036
   0.77914605  0.55340956  0.66382408
   0.07889345  0.16042631  0.58396511
   0.74907257  0.41762095  0.60127470
   0.79975961  0.67402425  0.67319621
   0.76821100  0.59516221  0.72192944
   0.65020322  0.57391173  0.74087007
   0.86531445  0.58465348  0.75023145
   0.70544041  0.71081658  0.65602866
   0.91996790  0.72149776  0.66524068
