   0.29111716  0.43162530  0.49191483
   0.17893781  0.06423262  0.18479156
   0.03971000  0.44194000  0.08602000
   0.31572482  0.18816827  0.28855662
   0.12989146  0.31176715  0.38945658
   0.51227982  0.06423779  0.18472247
   0.62170974  0.43037515  0.49131983
   0.37304000  0.44194000  0.08602000
   0.64919075  0.18815796  0.28831753
   0.46319804  0.31189254  0.38851094
   0.84559544  0.06416811  0.18481247
   0.96073990  0.42881334  0.49218041
   0.70637000  0.44194000  0.08602000
   0.98242506  0.18811082  0.28853352
   0.79650586  0.31201476  0.38887342
   0.18125922  0.56355134  0.18461313
   0.25042295  0.93977967  0.49364536
   0.03971000  0.94194000  0.08602000
   0.31633928  0.68828322  0.28790802
   0.10985368  0.81690225  0.38995170
   0.51462332  0.56360554  0.18470262
   0.58238428  0.93843964  0.49353563
   0.37304000  0.94194000  0.08602000
   0.64957871  0.68845608  0.28809748
   0.44308536  0.81696888  0.38956931
   0.84799897  0.56361041  0.18458043
   0.91620481  0.93963764  0.49349756
   0.70637000  0.94194000  0.08602000
   0.98329276  0.68860507  0.28802354
   0.77646817  0.81670887  0.38964865
   0.03971000  0.19194000  0.08602000
   0.32019635  0.43781544  0.28789778
   0.11505903  0.06247934  0.38944917
   0.17960665  0.31535534  0.18688841
   0.26133137  0.19467502  0.48461314
   0.37304000  0.19194000  0.08602000
   0.65386506  0.43855399  0.28836419
   0.44763249  0.06277741  0.38940354
   0.51308439  0.31565410  0.18708496
   0.59605090  0.19286011  0.48416143
   0.70637000  0.19194000  0.08602000
   0.98706698  0.43822877  0.28815051
   0.78051346  0.06201319  0.38912639
   0.84640356  0.31555584  0.18700145
   0.92983385  0.19071948  0.48360129
   0.03971000  0.69194000  0.08602000
   0.31125954  0.93973971  0.28765421
   0.12987561  0.55970838  0.38955693
   0.17902282  0.81545541  0.18666299
   0.26346810  0.69237808  0.48503475
   0.37304000  0.69194000  0.08602000
   0.64442728  0.93943652  0.28754668
   0.46208845  0.55952005  0.38950376
   0.51223810  0.81532667  0.18666489
   0.59719776  0.69340566  0.48471157
   0.70637000  0.69194000  0.08602000
   0.97795107  0.93956151  0.28775536
   0.84558429  0.81543049  0.18672995
   0.93191425  0.69554228  0.48646991
   0.79504897  0.56076494  0.39010770
   0.17417000  0.33753000  0.10253000
   0.26386406  0.20298828  0.39962575
   0.09244716  0.31740956  0.49445510
   0.31574497  0.46026704  0.20433680
   0.11554634  0.08270630  0.30510426
   0.23858000  0.04636000  0.06951000
   0.04524356  0.17050103  0.16978041
   0.32901537  0.41602368  0.37183193
   0.11861311  0.05115729  0.47718241
   0.18255522  0.29286949  0.27028180
   0.50750000  0.33753000  0.10253000
   0.59574258  0.20373330  0.40000037
   0.42282999  0.32102003  0.49956608
   0.64926447  0.46052241  0.20468644
   0.44911547  0.08295116  0.30498493
   0.57191000  0.04636000  0.06951000
   0.37877596  0.17079676  0.16987774
   0.66290659  0.41759122  0.37278172
   0.45231952  0.04996039  0.47717362
   0.51622397  0.29350303  0.27071431
   0.84083000  0.33753000  0.10253000
   0.92798271  0.20266892  0.39948052
   0.75565198  0.32105705  0.49763998
   0.98242634  0.46043921  0.20446665
   0.78200931  0.08268859  0.30483686
   0.90524000  0.04636000  0.06951000
   0.71205679  0.17069029  0.16986460
   0.99519151  0.41651196  0.37218386
   0.78410359  0.04934945  0.47707410
   0.84936596  0.29324100  0.27052250
   0.17417000  0.83753000  0.10253000
   0.24357599  0.71060928  0.40356023
   0.04987476  0.83465691  0.50367437
   0.31303681  0.96069397  0.20393188
   0.11763871  0.58447453  0.30622194
   0.23858000  0.54636000  0.06951000
   0.04728964  0.66981583  0.16967845
   0.30810155  0.92035161  0.37200447
   0.15752416  0.53971621  0.47493027
   0.18179497  0.79254989  0.26993661
   0.50750000  0.83753000  0.10253000
   0.57687242  0.71009762  0.40311735
   0.38170231  0.83190751  0.50384982
   0.64624135  0.96054576  0.20388470
   0.45094363  0.58401795  0.30604596
   0.57191000  0.54636000  0.06951000
   0.38055677  0.66973618  0.16967209
   0.64143045  0.91991021  0.37185376
   0.49058860  0.54099812  0.47597653
   0.51493816  0.79224178  0.26990472
   0.84083000  0.83753000  0.10253000
   0.71551145  0.83220904  0.50401995
   0.97968433  0.96058542  0.20403559
   0.78465302  0.58478536  0.30669173
   0.90524000  0.54636000  0.06951000
   0.71393490  0.66980991  0.16970966
   0.97475315  0.92000031  0.37213307
   0.82259992  0.54249639  0.48015228
   0.84830220  0.79241696  0.27006041
   0.90977590  0.70991283  0.40467546
   0.70998856  0.63415881  0.63643185
   0.04950238  0.45234906  0.63471548
   0.86670616  0.53243446  0.58506948
   0.62065701  0.71573999  0.65421097
   0.65248402  0.63179066  0.69509959
   0.55861031  0.55947041  0.70529017
   0.74515767  0.65588527  0.72748017
   0.50357821  0.70467557  0.63466523
   0.69011206  0.80116174  0.65640829
