   0.18186703  0.06421591  0.19401253
   0.24681156  0.44388638  0.49984230
   0.03971000  0.44194000  0.09637000
   0.31805624  0.19025764  0.29692484
   0.11165586  0.31686705  0.40101433
   0.51521108  0.06407153  0.19386586
   0.57418480  0.44328481  0.50074689
   0.37304000  0.44194000  0.09637000
   0.65138254  0.18941571  0.29662819
   0.44440493  0.31757686  0.40102481
   0.84834232  0.06368676  0.19360183
   0.91570980  0.44680762  0.49804202
   0.70637000  0.44194000  0.09637000
   0.98449908  0.18938868  0.29661825
   0.78065523  0.31605615  0.39757036
   0.18067877  0.56414190  0.19386772
   0.28374679  0.93160231  0.49931304
   0.03971000  0.94194000  0.09637000
   0.31685649  0.68941336  0.29643246
   0.12634636  0.81411475  0.39498189
   0.51381170  0.56385769  0.19392433
   0.61865840  0.93316970  0.50068518
   0.37304000  0.94194000  0.09637000
   0.64983401  0.68888764  0.29622399
   0.46031248  0.81468144  0.39591351
   0.84721686  0.56385849  0.19377753
   0.95118109  0.93157603  0.50046831
   0.70637000  0.94194000  0.09637000
   0.98321643  0.68900537  0.29596727
   0.79315189  0.81409205  0.39525130
   0.93996123  0.19097081  0.49828544
   0.03971000  0.19194000  0.09637000
   0.31364482  0.43927586  0.29623285
   0.12955370  0.06043428  0.39652221
   0.18062063  0.31506687  0.19492800
   0.24335938  0.18940569  0.49827444
   0.37304000  0.19194000  0.09637000
   0.64756083  0.43936994  0.29643036
   0.46101885  0.06354528  0.39964640
   0.51393626  0.31533944  0.19516101
   0.58670085  0.19383494  0.49764295
   0.70637000  0.19194000  0.09637000
   0.98134995  0.43945840  0.29558504
   0.79506391  0.06195548  0.39945971
   0.84725210  0.31495049  0.19484300
   0.03971000  0.69194000  0.09637000
   0.32060413  0.94090117  0.29686110
   0.11570677  0.56442085  0.39647832
   0.18111361  0.81584778  0.19559547
   0.25298137  0.70062308  0.49203791
   0.37304000  0.69194000  0.09637000
   0.65360702  0.94029944  0.29669116
   0.44763685  0.56410534  0.39702899
   0.51416105  0.81559239  0.19555054
   0.58705847  0.69826194  0.49214153
   0.70637000  0.69194000  0.09637000
   0.98649030  0.93917198  0.29513829
   0.84728143  0.81484270  0.19479836
   0.92022304  0.69683632  0.49249022
   0.78147345  0.56397286  0.39716542
   0.17324546  0.33246025  0.10884771
   0.24673854  0.20945977  0.41415720
   0.04468731  0.34420878  0.50243615
   0.31494527  0.45956040  0.21176136
   0.11952444  0.08513221  0.31303283
   0.23858000  0.04636000  0.07986000
   0.04739317  0.17038426  0.17977535
   0.31037435  0.42055849  0.38039289
   0.15020872  0.03338641  0.47890786
   0.18288401  0.29370947  0.27833676
   0.50656048  0.33260524  0.10910227
   0.58158755  0.21304000  0.41601560
   0.37837930  0.33522853  0.50950536
   0.64840289  0.45966226  0.21207304
   0.45314088  0.08670098  0.31589774
   0.57191000  0.04636000  0.07986000
   0.38101063  0.17061928  0.17995393
   0.64487216  0.42020452  0.38109492
   0.48402348  0.04301325  0.48616455
   0.51707466  0.29365251  0.27869549
   0.83976530  0.33247871  0.10882314
   0.91045613  0.21037045  0.41508440
   0.70816298  0.33603211  0.52133455
   0.98170029  0.45948070  0.21133600
   0.78581984  0.08589797  0.31501709
   0.90524000  0.04636000  0.07986000
   0.71433755  0.17028154  0.17978468
   0.97724645  0.42091339  0.37950111
   0.81693902  0.03920457  0.48429235
   0.84979960  0.29344564  0.27839240
   0.17347119  0.83261091  0.10935695
   0.26030010  0.70711893  0.40716861
   0.08343444  0.81886534  0.51093199
   0.31680308  0.96056739  0.21268255
   0.11668503  0.58384014  0.31224981
   0.23858000  0.54636000  0.07986000
   0.04657464  0.67109039  0.18024251
   0.32660693  0.91988271  0.38075518
   0.11568098  0.55738709  0.48353646
   0.18379995  0.79527912  0.27938007
   0.50661870  0.83265751  0.10933403
   0.59314428  0.70644481  0.40802258
   0.41740516  0.82325758  0.50939147
   0.64974461  0.96019372  0.21246622
   0.44978555  0.58349401  0.31279032
   0.57191000  0.54636000  0.07986000
   0.38001627  0.67090843  0.18016131
   0.65892714  0.91904220  0.38047404
   0.44847673  0.55419340  0.48446938
   0.51718699  0.79457412  0.27921578
   0.83988850  0.83234246  0.10873883
   0.74890001  0.82074958  0.51142628
   0.98296518  0.95936761  0.21125644
   0.78307014  0.58360901  0.31297685
   0.90524000  0.54636000  0.07986000
   0.71306185  0.67042170  0.17986919
   0.99169812  0.91740324  0.37830138
   0.77932418  0.55221895  0.48529738
   0.84968384  0.79371907  0.27829969
   0.92571967  0.70636391  0.40817051
   0.79003230  0.53933434  0.67169843
   0.07806188  0.15960704  0.58182306
   0.72938988  0.40857120  0.60435243
   0.80152408  0.65962268  0.67135165
   0.76998851  0.59587218  0.72550885
   0.64992293  0.57677099  0.74306213
   0.86564951  0.59707277  0.75611435
   0.70467085  0.68654979  0.64960611
   0.92034025  0.70799273  0.66211419
