   0.60852408  0.43088846  0.49338572
   0.17924603  0.06422907  0.18512118
   0.27811140  0.43274972  0.49194843
   0.03971000  0.44194000  0.08602000
   0.31525011  0.18814571  0.28889642
   0.12272630  0.31341503  0.38944335
   0.51254871  0.06431662  0.18510272
   0.37304000  0.44194000  0.08602000
   0.64882185  0.18838590  0.28889414
   0.45639971  0.31358762  0.38953992
   0.84583664  0.06404900  0.18500891
   0.94793847  0.43266360  0.49447999
   0.70637000  0.44194000  0.08602000
   0.98213890  0.18799427  0.28862564
   0.78991505  0.31394867  0.39020070
   0.18103240  0.56376416  0.18486661
   0.25775298  0.93749105  0.49433670
   0.03971000  0.94194000  0.08602000
   0.31673044  0.68837655  0.28848996
   0.11334159  0.81460388  0.39065389
   0.51438425  0.56399214  0.18500636
   0.59012196  0.93599295  0.49274239
   0.37304000  0.94194000  0.08602000
   0.64995984  0.68891327  0.28886746
   0.44755498  0.81537633  0.39003176
   0.84769074  0.56371447  0.18479068
   0.92417711  0.93820989  0.49388570
   0.70637000  0.94194000  0.08602000
   0.98375165  0.68840305  0.28838004
   0.78067636  0.81512075  0.39179580
   0.03971000  0.19194000  0.08602000
   0.31753909  0.43854968  0.28825964
   0.11740926  0.06108330  0.38990846
   0.17941079  0.31544544  0.18703890
   0.25965877  0.19291358  0.48438657
   0.37304000  0.19194000  0.08602000
   0.65105929  0.43933900  0.28881156
   0.45001086  0.06125527  0.38960849
   0.51268644  0.31582647  0.18731656
   0.59514032  0.19051790  0.48379752
   0.70637000  0.19194000  0.08602000
   0.98418808  0.43869532  0.28842725
   0.78437574  0.06148304  0.38975367
   0.84601964  0.31544614  0.18707795
   0.92665222  0.19293045  0.48447791
   0.03971000  0.69194000  0.08602000
   0.31330121  0.93894768  0.28814921
   0.12491678  0.56057663  0.39024887
   0.17961054  0.81540699  0.18681737
   0.26118453  0.69284185  0.48555014
   0.37304000  0.69194000  0.08602000
   0.64691171  0.93914807  0.28826064
   0.45735320  0.55980925  0.39021444
   0.51276421  0.81553532  0.18690581
   0.59564706  0.69081150  0.48610627
   0.70637000  0.69194000  0.08602000
   0.98005550  0.93860680  0.28838676
   0.84620168  0.81535886  0.18688489
   0.92940786  0.69607623  0.48940300
   0.78952469  0.56147112  0.39084462
   0.17417000  0.33753000  0.10253000
   0.25653652  0.20530899  0.40085022
   0.07850097  0.32322240  0.49805507
   0.31531909  0.46039139  0.20454560
   0.11523851  0.08270801  0.30591257
   0.23858000  0.04636000  0.06951000
   0.04548775  0.17051892  0.16996993
   0.32162756  0.41738156  0.37227737
   0.12550014  0.04767334  0.47699556
   0.18184804  0.29287632  0.27071295
   0.50750000  0.33753000  0.10253000
   0.58899288  0.20535110  0.40049257
   0.40920703  0.32296582  0.49970393
   0.64863153  0.46076524  0.20509950
   0.44874500  0.08306916  0.30566928
   0.57191000  0.04636000  0.06951000
   0.37896976  0.17086689  0.17017174
   0.65598594  0.42003476  0.37366947
   0.45879431  0.04603194  0.47677052
   0.51542357  0.29361528  0.27124459
   0.84083000  0.33753000  0.10253000
   0.92305502  0.20532031  0.40087605
   0.74478733  0.32250470  0.49591951
   0.98183736  0.46039836  0.20467800
   0.78224027  0.08322523  0.30577334
   0.90524000  0.04636000  0.06951000
   0.71217402  0.17051695  0.16996988
   0.98792593  0.41857335  0.37267015
   0.79144377  0.04765658  0.47698763
   0.84874043  0.29303697  0.27074001
   0.17417000  0.83753000  0.10253000
   0.24777466  0.70894978  0.40360215
   0.05765718  0.83261123  0.50532587
   0.31344765  0.96070343  0.20450841
   0.11761307  0.58414172  0.30652751
   0.23858000  0.54636000  0.06951000
   0.04721083  0.67000276  0.16985495
   0.31186875  0.91855358  0.37244513
   0.14500836  0.54294669  0.47675482
   0.18227120  0.79240996  0.27028147
   0.50750000  0.83753000  0.10253000
   0.58064630  0.70788050  0.40380343
   0.38919670  0.82907634  0.50434217
   0.64666369  0.96069371  0.20452691
   0.45093304  0.58404257  0.30658243
   0.57191000  0.54636000  0.06951000
   0.38059631  0.67018338  0.16989318
   0.64631801  0.91853016  0.37256642
   0.47761467  0.54144840  0.47650782
   0.51569024  0.79265865  0.27045203
   0.84083000  0.83753000  0.10253000
   0.72373140  0.82972984  0.50118746
   0.98007566  0.96057983  0.20462030
   0.78460916  0.58487720  0.30724687
   0.90524000  0.54636000  0.06951000
   0.71396939  0.67002897  0.16987563
   0.97908802  0.91757334  0.37286703
   0.81179453  0.54545968  0.48927329
   0.84916917  0.79224267  0.27036276
   0.91328672  0.70634063  0.40671878
   0.60837390  0.62570714  0.62144509
   0.83722070  0.39410719  0.66957367
   0.80583393  0.50270538  0.59033369
   0.52935869  0.71598138  0.63340978
   0.48361135  0.60952665  0.66408958
   0.37534075  0.54944731  0.65128606
   0.52236336  0.60247874  0.70808419
   0.45650512  0.73537752  0.59804879
   0.60414229  0.78747431  0.65542103
