   0.18161330  0.06451917  0.19438408
   0.25973111  0.43938357  0.49873310
   0.03971000  0.44194000  0.09637000
   0.31848641  0.19014595  0.29786799
   0.12115223  0.31475688  0.39880920
   0.51486379  0.06396260  0.19385105
   0.58930233  0.44062939  0.49534828
   0.37304000  0.44194000  0.09637000
   0.65158078  0.18921229  0.29611349
   0.45230933  0.31543650  0.40235689
   0.84844211  0.06431059  0.19418745
   0.93143750  0.43544784  0.49901400
   0.70637000  0.44194000  0.09637000
   0.98537113  0.18920652  0.29724031
   0.78490724  0.31355095  0.39689094
   0.18111127  0.56472763  0.19430601
   0.26466332  0.93268279  0.50252182
   0.03971000  0.94194000  0.09637000
   0.31818959  0.69028201  0.29737074
   0.12250940  0.81547027  0.39830963
   0.51397543  0.56431531  0.19353988
   0.59962695  0.93482514  0.50089071
   0.37304000  0.94194000  0.09637000
   0.65130380  0.68979253  0.29592274
   0.45611452  0.81665713  0.39896179
   0.84768163  0.56447698  0.19378823
   0.93311884  0.93436321  0.50142734
   0.70637000  0.94194000  0.09637000
   0.98537635  0.69006266  0.29583226
   0.78924311  0.81516082  0.39842205
   0.56887884  0.18940429  0.50558029
   0.03971000  0.19194000  0.09637000
   0.31840941  0.44048811  0.29710178
   0.12367483  0.06148222  0.40038939
   0.18111738  0.31581040  0.19570740
   0.26818135  0.19017504  0.49956189
   0.37304000  0.19194000  0.09637000
   0.64937795  0.43786348  0.29413341
   0.45962696  0.06553759  0.40041143
   0.51364088  0.31455942  0.19429906
   0.70637000  0.19194000  0.09637000
   0.98492943  0.43889472  0.29580572
   0.78860725  0.06225320  0.39899081
   0.84792264  0.31510283  0.19495084
   0.92973960  0.19250387  0.49338144
   0.03971000  0.69194000  0.09637000
   0.31935460  0.94156196  0.29759466
   0.12083371  0.56227022  0.39731356
   0.18144957  0.81621704  0.19580760
   0.26225950  0.69350195  0.49289011
   0.37304000  0.69194000  0.09637000
   0.65223109  0.93985748  0.29674662
   0.45509546  0.56471687  0.39882704
   0.51423123  0.81566355  0.19556105
   0.59713492  0.69597044  0.49331710
   0.70637000  0.69194000  0.09637000
   0.98578828  0.94046406  0.29717490
   0.84790711  0.81600674  0.19553285
   0.92931385  0.68869146  0.48968211
   0.78970847  0.55978923  0.39385941
   0.17333000  0.33321000  0.10959000
   0.24986502  0.20735157  0.41539981
   0.05821895  0.32916775  0.51165418
   0.31566127  0.46080935  0.21282253
   0.11948489  0.08546263  0.31563947
   0.23858000  0.04636000  0.07986000
   0.04739684  0.17105558  0.18007274
   0.31945579  0.42032798  0.38081946
   0.13403622  0.04197410  0.48637030
   0.18452782  0.29443135  0.27937780
   0.50648000  0.33297000  0.10887000
   0.59109806  0.21273781  0.42114727
   0.39360265  0.33797391  0.50102177
   0.64821603  0.45956950  0.21041101
   0.45383434  0.08732475  0.31654338
   0.57191000  0.04636000  0.07986000
   0.38040807  0.16993436  0.17941008
   0.65163764  0.41631764  0.37780848
   0.46633220  0.04021675  0.48262279
   0.51710276  0.29250713  0.27727193
   0.83998000  0.33294000  0.10911000
   0.91886387  0.20907433  0.41139040
   0.71993291  0.32668470  0.52107395
   0.98222065  0.46003576  0.21177120
   0.78525684  0.08507372  0.31470951
   0.90524000  0.04636000  0.07986000
   0.71399739  0.17044814  0.17982844
   0.98527137  0.41827625  0.37993924
   0.80211390  0.04625830  0.48558444
   0.85129231  0.29327152  0.27843829
   0.17323000  0.83311000  0.10949000
   0.25611162  0.70801542  0.40976578
   0.05929391  0.82017188  0.51061372
   0.31657043  0.96096910  0.21326191
   0.11792771  0.58454203  0.31346066
   0.23858000  0.54636000  0.07986000
   0.04696577  0.67142023  0.18025867
   0.32153638  0.92026166  0.38104907
   0.12887438  0.54795966  0.48451083
   0.18498750  0.79516697  0.27947616
   0.50655000  0.83318000  0.10951000
   0.59009632  0.70968011  0.41287739
   0.39824151  0.82646027  0.51236358
   0.64955532  0.96026691  0.21253856
   0.45268683  0.58610434  0.31506916
   0.57191000  0.54636000  0.07986000
   0.38012140  0.67117135  0.18011482
   0.65510343  0.91860519  0.38071228
   0.46615633  0.55340168  0.48616053
   0.51776561  0.79450988  0.27924732
   0.83988000  0.83312000  0.10940000
   0.73380917  0.82796128  0.51264548
   0.98313350  0.96073408  0.21284130
   0.78478854  0.58377959  0.31027736
   0.90524000  0.54636000  0.07986000
   0.71339985  0.67130507  0.18005199
   0.98742112  0.91837520  0.38100390
   0.79800387  0.54255063  0.48081295
   0.85118729  0.79488947  0.27911795
   0.92055896  0.70619773  0.40889978
   0.77958201  0.57122715  0.65279249
   0.40252779  0.16121011  0.58726230
   0.73528616  0.43423840  0.59505822
   0.79785655  0.68317619  0.67411273
   0.76461710  0.58439021  0.71351987
   0.64682515  0.55407978  0.72975363
   0.86107964  0.56118363  0.73669814
   0.70319503  0.72604162  0.66268698
   0.91974251  0.73264031  0.66948852
