   0.17921635  0.06403594  0.19479324
   0.28924707  0.43179034  0.50288823
   0.03971000  0.44194000  0.09637000
   0.31728083  0.18902380  0.29753878
   0.13211208  0.31230076  0.39698156
   0.51254599  0.06372275  0.19440623
   0.61946121  0.43189133  0.49747689
   0.37304000  0.44194000  0.09637000
   0.64999283  0.18828561  0.29681561
   0.46513504  0.31298003  0.39713342
   0.84600810  0.06400626  0.19445716
   0.95640383  0.42843732  0.50028118
   0.70637000  0.44194000  0.09637000
   0.98375783  0.18854070  0.29692243
   0.79806939  0.31222473  0.39485638
   0.18179873  0.56473639  0.19438909
   0.24140825  0.94511546  0.50099203
   0.03971000  0.94194000  0.09637000
   0.31734535  0.69127692  0.29851972
   0.11060324  0.81797786  0.40221142
   0.51459131  0.56405242  0.19369425
   0.57636438  0.94783540  0.50336736
   0.37304000  0.94194000  0.09637000
   0.64963625  0.69009041  0.29664319
   0.44280920  0.81889017  0.40483439
   0.84848049  0.56462361  0.19428428
   0.90805279  0.94174752  0.50243145
   0.70637000  0.94194000  0.09637000
   0.98421564  0.69077045  0.29722425
   0.77527158  0.81642306  0.40113518
   0.59797638  0.68861959  0.50306559
   0.03971000  0.19194000  0.09637000
   0.32194818  0.43990568  0.29686480
   0.11458316  0.06364027  0.39883495
   0.18062912  0.31537694  0.19567885
   0.25340762  0.19713588  0.49526375
   0.37304000  0.19194000  0.09637000
   0.65346855  0.43749042  0.29389742
   0.45035082  0.06797821  0.40174956
   0.51319261  0.31404822  0.19441151
   0.58461295  0.20606227  0.50176162
   0.70637000  0.19194000  0.09637000
   0.98998755  0.43944823  0.29638631
   0.78003523  0.06423775  0.39986824
   0.84702734  0.31524579  0.19575317
   0.92847425  0.19251009  0.49524394
   0.03971000  0.69194000  0.09637000
   0.31374982  0.94110998  0.29912875
   0.12876527  0.56128595  0.39931993
   0.18033596  0.81626314  0.19620994
   0.27171424  0.68896547  0.49964432
   0.37304000  0.69194000  0.09637000
   0.64551457  0.94026818  0.29820652
   0.46361143  0.56274069  0.39934930
   0.51317447  0.81591339  0.19592150
   0.70637000  0.69194000  0.09637000
   0.97910133  0.93998955  0.29781178
   0.84603462  0.81609301  0.19667943
   0.91400485  0.68761768  0.49387027
   0.79677030  0.55928783  0.39369346
   0.17293000  0.33291000  0.10959000
   0.26435457  0.20486827  0.41016432
   0.08724209  0.31801263  0.51304172
   0.31594098  0.46046122  0.21283000
   0.11682876  0.08414562  0.31447270
   0.23858000  0.04636000  0.07986000
   0.04555632  0.17086203  0.18016035
   0.33137025  0.41668357  0.37984571
   0.10987765  0.05407465  0.48690219
   0.18437160  0.29408883  0.27922237
   0.50633000  0.33253000  0.10912000
   0.60117667  0.20976560  0.41518423
   0.42124622  0.31847204  0.51241969
   0.64875595  0.45897843  0.21045524
   0.45127431  0.08553703  0.31674201
   0.57191000  0.04636000  0.07986000
   0.37848296  0.16986295  0.17963288
   0.66371876  0.41453823  0.37660278
   0.44717338  0.06060371  0.48968510
   0.51696308  0.29213451  0.27755428
   0.83947000  0.33230000  0.10978000
   0.92892285  0.20627154  0.41202008
   0.75017035  0.33238800  0.52790913
   0.98293457  0.46043875  0.21274865
   0.78318048  0.08459306  0.31540624
   0.90524000  0.04636000  0.07986000
   0.71198988  0.17073350  0.18032754
   0.99861023  0.41549258  0.37921315
   0.78061315  0.05393997  0.48773831
   0.85110189  0.29373600  0.27940409
   0.17282000  0.83289000  0.10962000
   0.24128642  0.71033814  0.41706240
   0.03857138  0.83528339  0.50822934
   0.31396171  0.96089634  0.21398568
   0.11832160  0.58645700  0.31559026
   0.23858000  0.54636000  0.07986000
   0.04757497  0.67112241  0.18023135
   0.30967775  0.92379870  0.38353740
   0.15277179  0.53422260  0.48222615
   0.18286859  0.79505523  0.27988460
   0.50615000  0.83297000  0.10968000
   0.57644957  0.71177996  0.41903290
   0.37673467  0.84493245  0.50511217
   0.64700464  0.96067374  0.21351421
   0.45178238  0.58680506  0.31583180
   0.57191000  0.54636000  0.07986000
   0.38079437  0.67079465  0.18012286
   0.64210662  0.92113341  0.38238638
   0.48951431  0.53512612  0.48156503
   0.51544761  0.79454054  0.27945518
   0.84083000  0.83753000  0.11288000
   0.70588818  0.84099553  0.51312425
   0.98064440  0.96088221  0.21362656
   0.78397554  0.58441966  0.31107052
   0.90524000  0.54636000  0.07986000
   0.71382188  0.67059186  0.17998788
   0.97478911  0.92113411  0.38176059
   0.82237014  0.52972739  0.47535009
   0.84845558  0.79427250  0.27955869
   0.91006520  0.70908141  0.41106983
   0.80387086  0.61592086  0.62739018
   0.35977137  0.64705190  0.58644713
   0.82284786  0.46924215  0.59752367
   0.80331875  0.72461585  0.62783737
   0.76627241  0.65423814  0.67933960
   0.64349208  0.62339401  0.69188508
   0.85547916  0.65882845  0.71288326
   0.70737542  0.74543254  0.60264276
   0.91962802  0.77981235  0.62349795
