   0.17769630  0.06423866  0.19532012
   0.28800658  0.42913727  0.50131330
   0.03971000  0.44194000  0.09637000
   0.31396908  0.18785265  0.29852016
   0.12918176  0.31061527  0.39858235
   0.51099113  0.06426341  0.19541265
   0.62169228  0.43082325  0.50143984
   0.37304000  0.44194000  0.09637000
   0.64749155  0.18789855  0.29876195
   0.46242945  0.31071388  0.39854398
   0.84416797  0.06420255  0.19536476
   0.95535479  0.42808767  0.50137910
   0.70637000  0.44194000  0.09637000
   0.98074743  0.18786677  0.29847983
   0.79610414  0.31094063  0.39860654
   0.17996563  0.56402890  0.19508410
   0.24594952  0.93886424  0.50334908
   0.03971000  0.94194000  0.09637000
   0.31490086  0.68870655  0.29894128
   0.10897965  0.81545856  0.40039970
   0.51333782  0.56395690  0.19512186
   0.57970094  0.94084681  0.50423337
   0.37304000  0.94194000  0.09637000
   0.64785034  0.68832379  0.29861818
   0.43950515  0.81699292  0.40362019
   0.84663596  0.56399615  0.19522643
   0.91099315  0.93791471  0.50542899
   0.70637000  0.94194000  0.09637000
   0.98162357  0.68842708  0.29863276
   0.77453662  0.81657970  0.39951331
   0.92844625  0.69283448  0.49567122
   0.03971000  0.19194000  0.09637000
   0.31903721  0.43761135  0.29772806
   0.11304837  0.06196508  0.40031905
   0.17903450  0.31495451  0.19611899
   0.25921213  0.19276126  0.49592612
   0.37304000  0.19194000  0.09637000
   0.65276141  0.43823019  0.29856242
   0.44580265  0.06268346  0.40011747
   0.51225974  0.31562316  0.19741679
   0.59230959  0.19514584  0.49519865
   0.70637000  0.19194000  0.09637000
   0.98648017  0.43821120  0.29820452
   0.77929496  0.06200605  0.40022753
   0.84528586  0.31553602  0.19729638
   0.92754986  0.19103461  0.49527762
   0.03971000  0.69194000  0.09637000
   0.30988064  0.93944440  0.29840853
   0.12829611  0.55906416  0.40041233
   0.17793569  0.81558778  0.19723156
   0.25939122  0.68805634  0.50066542
   0.37304000  0.69194000  0.09637000
   0.64242258  0.93925661  0.29856387
   0.46060726  0.55915822  0.39988708
   0.51124372  0.81548707  0.19721473
   0.59368036  0.69362710  0.49507693
   0.70637000  0.69194000  0.09637000
   0.97678617  0.93946939  0.29831561
   0.84443381  0.81555653  0.19721835
   0.79480369  0.55966821  0.40030577
   0.17310000  0.33301000  0.10976000
   0.26188040  0.20281154  0.41112664
   0.08757533  0.31685555  0.51131558
   0.31410241  0.45983746  0.21368094
   0.11377917  0.08309687  0.31580205
   0.23858000  0.04636000  0.07986000
   0.04399641  0.17063895  0.18014828
   0.32864583  0.41489254  0.38165961
   0.11416213  0.04934134  0.48828950
   0.18115047  0.29274459  0.27988578
   0.50750000  0.33753000  0.11288000
   0.59574524  0.20326966  0.41069166
   0.42077613  0.31987467  0.51141463
   0.64773490  0.46073067  0.21487055
   0.44721836  0.08297875  0.31566550
   0.57191000  0.04636000  0.07986000
   0.37751486  0.17086527  0.18033631
   0.66208494  0.41590733  0.38253904
   0.44836372  0.05298936  0.48772643
   0.51463580  0.29313622  0.28088480
   0.84083000  0.33753000  0.11288000
   0.92829035  0.20279956  0.41113880
   0.75321726  0.32110800  0.51099142
   0.98121830  0.46059985  0.21452544
   0.78047644  0.08280724  0.31577173
   0.90524000  0.04636000  0.07986000
   0.71072463  0.17072329  0.18021150
   0.99500427  0.41479512  0.38163452
   0.78265808  0.04927084  0.48811745
   0.84789349  0.29293854  0.28060913
   0.17417000  0.83753000  0.11288000
   0.23968116  0.70887090  0.41748105
   0.04245907  0.83163798  0.51804090
   0.31178108  0.96070796  0.21446418
   0.11625245  0.58469154  0.31688368
   0.23858000  0.54636000  0.07986000
   0.04584872  0.67021970  0.18008858
   0.30562908  0.92000126  0.38251843
   0.15281721  0.53396075  0.48406061
   0.18012714  0.79250983  0.28049207
   0.50750000  0.83753000  0.11288000
   0.57562537  0.70975296  0.41370611
   0.38157507  0.83601697  0.50744512
   0.64506620  0.96066165  0.21458821
   0.44897607  0.58381485  0.31636684
   0.57191000  0.54636000  0.07986000
   0.37923765  0.67007761  0.18004670
   0.63917381  0.91984371  0.38288684
   0.48876817  0.53991705  0.48614599
   0.51346322  0.79221058  0.28033309
   0.84083000  0.83753000  0.11288000
   0.70952080  0.83185368  0.51718152
   0.97841840  0.96069614  0.21446725
   0.78276601  0.58441700  0.31695941
   0.90524000  0.54636000  0.07986000
   0.71253271  0.67014031  0.18009458
   0.97385149  0.91940876  0.38260679
   0.82283010  0.54007008  0.48690324
   0.84679421  0.79235812  0.28050654
   0.90781685  0.71049923  0.41437519
   0.74978598  0.57057045  0.64271828
   0.25951029  0.65549794  0.60274422
   0.98604695  0.64933332  0.60865052
   0.59767490  0.60473103  0.63941735
   0.66318320  0.58337639  0.69557461
   0.61749278  0.50416565  0.71734160
   0.71851482  0.65329070  0.72280733
   0.50426025  0.54135220  0.62004634
   0.60651784  0.69043250  0.62519057
