   0.29385620  0.43081866  0.49172622
   0.17888455  0.06431741  0.18490927
   0.03971000  0.44194000  0.08602000
   0.31553670  0.18806693  0.28828571
   0.13083447  0.31173795  0.38847156
   0.51224942  0.06423354  0.18476645
   0.62388528  0.42766722  0.49038670
   0.37304000  0.44194000  0.08602000
   0.64897803  0.18802725  0.28815577
   0.46400704  0.31120844  0.38759736
   0.84557293  0.06428600  0.18487365
   0.96389201  0.42966884  0.49370390
   0.70637000  0.44194000  0.08602000
   0.98240055  0.18816142  0.28832446
   0.79767354  0.31151201  0.38801081
   0.18133922  0.56394107  0.18463901
   0.24634151  0.93964735  0.49375250
   0.03971000  0.94194000  0.08602000
   0.31633859  0.68890377  0.28823164
   0.10833251  0.81722012  0.39027942
   0.51478323  0.56395814  0.18462963
   0.58010263  0.93925890  0.49186832
   0.37304000  0.94194000  0.08602000
   0.64988356  0.68920582  0.28833901
   0.44156465  0.81734179  0.39008703
   0.84806276  0.56387044  0.18459688
   0.91385690  0.94125121  0.49264289
   0.70637000  0.94194000  0.08602000
   0.98329848  0.68893767  0.28809215
   0.77498911  0.81784779  0.39155146
   0.03971000  0.19194000  0.08602000
   0.32099114  0.43862499  0.28785962
   0.11445032  0.06295216  0.38936505
   0.17979294  0.31563940  0.18691469
   0.26141061  0.19370581  0.48442751
   0.37304000  0.19194000  0.08602000
   0.65441996  0.43861101  0.28802467
   0.44659364  0.06316261  0.38926642
   0.51315170  0.31565509  0.18699250
   0.59459490  0.19287348  0.48427154
   0.70637000  0.19194000  0.08602000
   0.98764563  0.43848152  0.28804638
   0.78026920  0.06303003  0.38893376
   0.84650273  0.31562892  0.18696875
   0.92739229  0.19446767  0.48362672
   0.03971000  0.69194000  0.08602000
   0.31097031  0.93958308  0.28776909
   0.13005046  0.55967671  0.38978396
   0.17895817  0.81559339  0.18668184
   0.26434172  0.69308583  0.48506845
   0.37304000  0.69194000  0.08602000
   0.64422414  0.93940521  0.28766681
   0.46257602  0.55903835  0.38981234
   0.51233270  0.81544907  0.18665423
   0.59857908  0.69151986  0.48420630
   0.70637000  0.69194000  0.08602000
   0.97720163  0.93951627  0.28801492
   0.84571122  0.81559272  0.18671323
   0.93185297  0.69473638  0.48632137
   0.79633434  0.56037557  0.38951268
   0.17417000  0.33753000  0.10253000
   0.26422870  0.20324682  0.39941607
   0.09421756  0.31847120  0.49604716
   0.31593357  0.46069390  0.20432487
   0.11526596  0.08267587  0.30491906
   0.23858000  0.04636000  0.06951000
   0.04535498  0.17076493  0.16986772
   0.33039893  0.41622349  0.37168612
   0.11681931  0.05129825  0.47690577
   0.18287414  0.29336167  0.27037392
   0.50750000  0.33753000  0.10253000
   0.59683587  0.20351447  0.39959750
   0.42466462  0.31904092  0.49958249
   0.64924094  0.46068586  0.20449635
   0.44866472  0.08286463  0.30481268
   0.57191000  0.04636000  0.06951000
   0.37873237  0.17079908  0.16989349
   0.66393717  0.41701569  0.37217913
   0.44867551  0.05123823  0.47688396
   0.51624004  0.29346833  0.27060104
   0.84083000  0.33753000  0.10253000
   0.93007249  0.20305607  0.39895130
   0.75869169  0.31898580  0.49832684
   0.98252166  0.46064182  0.20443055
   0.78192156  0.08268376  0.30455563
   0.90524000  0.04636000  0.06951000
   0.71201348  0.17076660  0.16988208
   0.99616093  0.41659382  0.37189080
   0.78205676  0.05185127  0.47669566
   0.84935158  0.29337435  0.27048293
   0.17417000  0.83753000  0.10253000
   0.24184057  0.71088650  0.40372980
   0.04517859  0.83491154  0.50429582
   0.31296319  0.96071398  0.20398917
   0.11767012  0.58487944  0.30641832
   0.23858000  0.54636000  0.06951000
   0.04728384  0.67002986  0.16968932
   0.30674869  0.92050652  0.37213462
   0.16054481  0.54004090  0.47511787
   0.18159228  0.79268903  0.26997148
   0.50750000  0.83753000  0.10253000
   0.57364442  0.70974423  0.40288737
   0.37933559  0.83344122  0.50367745
   0.64628563  0.96058028  0.20386225
   0.45110743  0.58486117  0.30633611
   0.57191000  0.54636000  0.06951000
   0.38061129  0.66998558  0.16964811
   0.64006628  0.92042734  0.37208543
   0.49427172  0.53873830  0.47680774
   0.51481277  0.79265846  0.26992800
   0.84083000  0.83753000  0.10253000
   0.71412925  0.83318562  0.49977006
   0.97962751  0.96073050  0.20416283
   0.78469657  0.58507680  0.30642020
   0.90524000  0.54636000  0.06951000
   0.71400666  0.67001190  0.16970012
   0.97343807  0.92043201  0.37254960
   0.82432733  0.54082347  0.47838761
   0.84832652  0.79264984  0.26998474
   0.90817317  0.71020144  0.40471872
   0.71782265  0.63298319  0.63718594
   0.03554097  0.44764989  0.63487656
   0.85042518  0.52636628  0.58190564
   0.62441173  0.71412763  0.65354739
   0.65441693  0.63053376  0.69546253
   0.56326912  0.55674813  0.70519677
   0.74644169  0.65384867  0.72844329
   0.50983409  0.70286933  0.63237793
   0.69326382  0.79967819  0.65519109
