   0.61905762  0.42902664  0.49237594
   0.17892759  0.06400979  0.18489171
   0.28773093  0.43100786  0.49203108
   0.03971000  0.44194000  0.08602000
   0.31514711  0.18780079  0.28841649
   0.12769865  0.31196726  0.38908756
   0.51228492  0.06402935  0.18483188
   0.37304000  0.44194000  0.08602000
   0.64860417  0.18788981  0.28842927
   0.46100845  0.31150385  0.38861776
   0.84562943  0.06401728  0.18487886
   0.95571543  0.43191112  0.49361364
   0.70637000  0.44194000  0.08602000
   0.98201096  0.18792224  0.28848578
   0.79452654  0.31177043  0.38891860
   0.18070351  0.56369559  0.18463072
   0.24792413  0.93906524  0.49485336
   0.03971000  0.94194000  0.08602000
   0.31633199  0.68830253  0.28825515
   0.10999112  0.81680579  0.39039527
   0.51408020  0.56377597  0.18470105
   0.58133384  0.93791899  0.49276140
   0.37304000  0.94194000  0.08602000
   0.64965831  0.68863447  0.28848619
   0.44296509  0.81674162  0.38963501
   0.84743276  0.56376886  0.18469599
   0.91517525  0.93970517  0.49345500
   0.70637000  0.94194000  0.08602000
   0.98321013  0.68857350  0.28835715
   0.77650508  0.81719644  0.39119769
   0.03971000  0.19194000  0.08602000
   0.31930961  0.43809366  0.28791276
   0.11432142  0.06258051  0.39023455
   0.17944230  0.31535561  0.18690118
   0.26000459  0.19269909  0.48542458
   0.37304000  0.19194000  0.08602000
   0.65306063  0.43840895  0.28816341
   0.44685054  0.06261611  0.39014737
   0.51288909  0.31548232  0.18701100
   0.59270932  0.19225570  0.48551922
   0.70637000  0.19194000  0.08602000
   0.98613381  0.43852462  0.28840936
   0.78068603  0.06277311  0.38992878
   0.84626691  0.31559597  0.18708047
   0.92523094  0.19451576  0.48532301
   0.03971000  0.69194000  0.08602000
   0.31166904  0.93940850  0.28814261
   0.12838156  0.55973540  0.39028177
   0.17915099  0.81549087  0.18680813
   0.26301916  0.69348899  0.48543144
   0.37304000  0.69194000  0.08602000
   0.64506471  0.93934531  0.28808304
   0.46092421  0.55820048  0.38956092
   0.51248894  0.81541490  0.18679379
   0.59754031  0.69084854  0.48357602
   0.70637000  0.69194000  0.08602000
   0.97812157  0.93935560  0.28835379
   0.84589515  0.81549699  0.18684882
   0.93149750  0.69432704  0.48612867
   0.79420957  0.55964283  0.39019370
   0.17417000  0.33753000  0.10253000
   0.26066707  0.20398442  0.40111815
   0.08648948  0.32173721  0.49947938
   0.31505487  0.46040411  0.20441121
   0.11509728  0.08287977  0.30585333
   0.23858000  0.04636000  0.06951000
   0.04529348  0.17040625  0.16990571
   0.32706024  0.41586917  0.37207974
   0.11726209  0.04980752  0.47775768
   0.18226587  0.29283113  0.27049057
   0.50750000  0.33753000  0.10253000
   0.59376102  0.20397682  0.40119187
   0.41876040  0.32021895  0.50049312
   0.64852343  0.46052112  0.20467687
   0.44852144  0.08300887  0.30575750
   0.57191000  0.04636000  0.06951000
   0.37871182  0.17051201  0.16995396
   0.66092159  0.41689035  0.37249840
   0.44981581  0.04933548  0.47771019
   0.51568537  0.29304337  0.27070979
   0.84083000  0.33753000  0.10253000
   0.92734201  0.20393072  0.40086391
   0.75347348  0.32023213  0.49923595
   0.98181173  0.46064282  0.20480953
   0.78187026  0.08291721  0.30557867
   0.90524000  0.04636000  0.06951000
   0.71207816  0.17060231  0.17000341
   0.99343958  0.41688525  0.37259229
   0.78323096  0.05021110  0.47743938
   0.84896278  0.29314080  0.27076098
   0.17417000  0.83753000  0.10253000
   0.24344540  0.71026132  0.40405381
   0.04717706  0.83329551  0.50478609
   0.31311494  0.96062842  0.20445869
   0.11745524  0.58448386  0.30692935
   0.23858000  0.54636000  0.06951000
   0.04688048  0.67003140  0.16983807
   0.30816254  0.91995034  0.37262403
   0.15523419  0.54150608  0.47683820
   0.18188281  0.79244109  0.27025226
   0.50750000  0.83753000  0.10253000
   0.57559014  0.70860473  0.40196205
   0.38061864  0.83220530  0.50511442
   0.64644951  0.96059578  0.20437707
   0.45047605  0.58372688  0.30620029
   0.57191000  0.54636000  0.06951000
   0.38017832  0.66998719  0.16981293
   0.64171282  0.92017677  0.37261696
   0.48843586  0.53904545  0.47659882
   0.51502662  0.79245873  0.27022348
   0.84083000  0.83753000  0.10253000
   0.71497058  0.83109064  0.50002839
   0.97980202  0.96063206  0.20456691
   0.78442359  0.58436863  0.30673237
   0.90524000  0.54636000  0.06951000
   0.71359155  0.67003928  0.16984537
   0.97502894  0.91998235  0.37297857
   0.82045021  0.54182336  0.48056636
   0.84863031  0.79250589  0.27027970
   0.90987148  0.70904816  0.40433224
   0.61990667  0.61852967  0.63111408
   0.81435814  0.37777463  0.67954163
   0.77581532  0.48380428  0.59954640
   0.53655355  0.70833627  0.63113055
   0.47799356  0.60838586  0.66617745
   0.37651103  0.54596152  0.65196623
   0.49791129  0.61084479  0.71256218
   0.47616317  0.72221616  0.59092631
   0.59972320  0.78687548  0.65068884
