   0.29076877  0.43200129  0.49238119
   0.18083474  0.06370844  0.18371472
   0.03971000  0.44194000  0.08602000
   0.31682777  0.18770250  0.28721713
   0.13074858  0.31204640  0.38762630
   0.51415777  0.06340688  0.18365297
   0.62336154  0.42837858  0.48925068
   0.37304000  0.44194000  0.08602000
   0.65005171  0.18721434  0.28693016
   0.46347110  0.31163650  0.38712165
   0.84770152  0.06386304  0.18374980
   0.95737202  0.42951319  0.48865983
   0.70637000  0.44194000  0.08602000
   0.98377667  0.18795213  0.28748940
   0.79658298  0.31094350  0.38619800
   0.18136679  0.56378358  0.18450745
   0.24592186  0.93910227  0.49212234
   0.03971000  0.94194000  0.08602000
   0.31831977  0.68885215  0.28764334
   0.11151603  0.81680501  0.38971978
   0.51429901  0.56343125  0.18392082
   0.57976547  0.94110273  0.49251993
   0.37304000  0.94194000  0.08602000
   0.65126523  0.68850806  0.28642728
   0.44564023  0.81699737  0.38927433
   0.84793051  0.56350909  0.18404929
   0.91409276  0.94076678  0.49126980
   0.70637000  0.94194000  0.08602000
   0.98528499  0.68884191  0.28638873
   0.77841411  0.81625938  0.38879871
   0.03971000  0.19194000  0.08602000
   0.32158498  0.43962413  0.28850324
   0.11532523  0.06219527  0.38770698
   0.18044460  0.31618365  0.18704763
   0.25927257  0.19419507  0.48289083
   0.37304000  0.19194000  0.08602000
   0.65370230  0.43771712  0.28599208
   0.44823951  0.06233728  0.38786371
   0.51312660  0.31494511  0.18624201
   0.59273344  0.19314041  0.48324805
   0.70637000  0.19194000  0.08602000
   0.98836541  0.43849169  0.28736946
   0.78209740  0.06241579  0.38777772
   0.84704851  0.31544438  0.18663509
   0.92543544  0.19538634  0.48305029
   0.03971000  0.69194000  0.08602000
   0.31335291  0.93857757  0.28614200
   0.13056506  0.56009483  0.38919710
   0.18046901  0.81450891  0.18483401
   0.26263351  0.69423537  0.48453009
   0.37304000  0.69194000  0.08602000
   0.64706985  0.93854665  0.28597691
   0.46435115  0.56120827  0.39066338
   0.51355405  0.81450078  0.18475162
   0.59858034  0.69544941  0.48673085
   0.70637000  0.69194000  0.08602000
   0.98013803  0.93884275  0.28592623
   0.84694578  0.81466490  0.18470693
   0.92410061  0.69039009  0.48291569
   0.79722430  0.55885104  0.38626721
   0.17417000  0.33753000  0.10253000
   0.26290345  0.20324104  0.39840658
   0.08963933  0.32040906  0.49759783
   0.31609543  0.46112849  0.20488226
   0.11678749  0.08221555  0.30334137
   0.23858000  0.04636000  0.06951000
   0.04735743  0.17084988  0.16996173
   0.33042159  0.41796670  0.37259869
   0.11690057  0.05023197  0.47545909
   0.18426710  0.29396255  0.27072584
   0.50750000  0.33753000  0.10253000
   0.59612332  0.20319045  0.39860103
   0.42201839  0.32006551  0.49646306
   0.64882352  0.45997138  0.20297053
   0.44994513  0.08193323  0.30344904
   0.57191000  0.04636000  0.06951000
   0.38026216  0.16986892  0.16959856
   0.66262004  0.41561987  0.36943789
   0.44853148  0.05099944  0.47558841
   0.51682382  0.29229765  0.26941994
   0.84083000  0.33753000  0.10253000
   0.93012804  0.20340807  0.39827842
   0.75607088  0.31848265  0.49805125
   0.98269600  0.46042731  0.20398521
   0.78351758  0.08200087  0.30333983
   0.90524000  0.04636000  0.06951000
   0.71373017  0.17028870  0.16977964
   0.99630107  0.41664943  0.37131932
   0.78268529  0.05234903  0.47542449
   0.85049933  0.29309823  0.27011514
   0.17316000  0.83290000  0.09904000
   0.24598310  0.71042662  0.40283421
   0.04273575  0.83039393  0.50010407
   0.31485769  0.95914226  0.20189746
   0.11925354  0.58480082  0.30574956
   0.23858000  0.54636000  0.06951000
   0.04710064  0.66981725  0.16964969
   0.30996916  0.91963898  0.37076266
   0.15699430  0.54119702  0.47568722
   0.18384460  0.79235272  0.26847887
   0.50645000  0.83283000  0.09878000
   0.57906920  0.71090290  0.40512436
   0.37879051  0.83419952  0.50350536
   0.64831211  0.95907853  0.20176001
   0.45338909  0.58567610  0.30712678
   0.57191000  0.54636000  0.06951000
   0.38044935  0.66984012  0.16958152
   0.64383509  0.91928757  0.37050525
   0.49270089  0.54215013  0.47816741
   0.51673671  0.79229829  0.26849006
   0.83986000  0.83290000  0.09896000
   0.71380441  0.83588890  0.50362135
   0.98158963  0.95937361  0.20171369
   0.78612758  0.58426087  0.30344346
   0.90524000  0.54636000  0.06951000
   0.71365768  0.66982636  0.16959070
   0.97643836  0.91936778  0.37044053
   0.82234767  0.53726639  0.47252673
   0.85014227  0.79260081  0.26835140
   0.91060656  0.70896485  0.40196030
   0.79503160  0.65044047  0.64138841
   0.43257304  0.42477544  0.65945118
   0.61225744  0.52349994  0.59088590
   0.91650893  0.74510630  0.65504519
   0.81343787  0.68049956  0.70073060
   0.71562230  0.71177909  0.71835685
   0.85589951  0.61899407  0.72616745
   0.89029966  0.82216819  0.63829759
   0.03293534  0.72726786  0.64639356
