   0.60969803  0.43225157  0.49203918
   0.17882572  0.06398874  0.18477309
   0.28032199  0.43352467  0.49145940
   0.03971000  0.44194000  0.08602000
   0.31517015  0.18789815  0.28875018
   0.12555963  0.31276297  0.38957303
   0.51214676  0.06416681  0.18482747
   0.37304000  0.44194000  0.08602000
   0.64872071  0.18835208  0.28884826
   0.45878696  0.31290990  0.38981567
   0.84540793  0.06393965  0.18475839
   0.95047332  0.43235442  0.49444807
   0.70637000  0.44194000  0.08602000
   0.98193139  0.18795032  0.28862332
   0.79264098  0.31298403  0.39077331
   0.18065639  0.56331472  0.18459737
   0.25562736  0.93910411  0.49406602
   0.03971000  0.94194000  0.08602000
   0.31648005  0.68792467  0.28799736
   0.11173035  0.81486900  0.39100088
   0.51410625  0.56351268  0.18487062
   0.58843108  0.93744045  0.49405758
   0.37304000  0.94194000  0.08602000
   0.64992879  0.68827095  0.28835299
   0.44591739  0.81650122  0.38984084
   0.84740716  0.56340227  0.18470891
   0.92157889  0.93882860  0.49420561
   0.70637000  0.94194000  0.08602000
   0.98347015  0.68796405  0.28833625
   0.77932461  0.81556491  0.39073327
   0.03971000  0.19194000  0.08602000
   0.31875342  0.43786619  0.28801413
   0.11654346  0.06114244  0.38997535
   0.17924663  0.31507857  0.18689288
   0.25961220  0.19384857  0.48482777
   0.37304000  0.19194000  0.08602000
   0.65245170  0.43874504  0.28922602
   0.44952254  0.06169424  0.38996492
   0.51293325  0.31577372  0.18734158
   0.59400483  0.19200943  0.48496704
   0.70637000  0.19194000  0.08602000
   0.98509328  0.43820248  0.28854845
   0.78299712  0.06181475  0.38998133
   0.84596299  0.31545852  0.18710883
   0.92933320  0.19174096  0.48508887
   0.03971000  0.69194000  0.08602000
   0.31205493  0.93912453  0.28803449
   0.12589645  0.56020827  0.39024988
   0.17906668  0.81525751  0.18671212
   0.26097710  0.69376024  0.48525269
   0.37304000  0.69194000  0.08602000
   0.64589417  0.93933675  0.28794399
   0.45877280  0.56074597  0.38964938
   0.51248192  0.81526055  0.18669784
   0.59608648  0.69292931  0.48573460
   0.70637000  0.69194000  0.08602000
   0.97911227  0.93868246  0.28812394
   0.84585686  0.81515834  0.18673778
   0.92636671  0.69643484  0.48958525
   0.79154917  0.56068393  0.39150713
   0.17417000  0.33753000  0.10253000
   0.25852724  0.20447374  0.40101965
   0.08105487  0.32267784  0.49899217
   0.31515227  0.45998967  0.20441571
   0.11498627  0.08265597  0.30589790
   0.23858000  0.04636000  0.06951000
   0.04510985  0.17023865  0.16981056
   0.32466257  0.41690287  0.37209171
   0.12281219  0.04946194  0.47751562
   0.18192623  0.29251917  0.27048839
   0.50750000  0.33753000  0.10253000
   0.59146278  0.20474546  0.40137901
   0.41146278  0.32405910  0.49871764
   0.64881000  0.46068132  0.20546944
   0.44872127  0.08309359  0.30581244
   0.57191000  0.04636000  0.06951000
   0.37872792  0.17085782  0.17006634
   0.65910388  0.41859236  0.37415214
   0.45684717  0.04784147  0.47749115
   0.51546084  0.29358069  0.27130468
   0.84083000  0.33753000  0.10253000
   0.92525397  0.20449814  0.40154087
   0.74538106  0.32348728  0.49758648
   0.98177186  0.46030433  0.20482102
   0.78198757  0.08333892  0.30583877
   0.90524000  0.04636000  0.06951000
   0.71190276  0.17060526  0.16995825
   0.99062109  0.41733986  0.37288604
   0.78942726  0.04821860  0.47755159
   0.84869529  0.29305087  0.27078699
   0.17417000  0.83753000  0.10253000
   0.24658405  0.70928161  0.40338092
   0.05567872  0.83345113  0.50355049
   0.31294028  0.96064539  0.20436075
   0.11750446  0.58381253  0.30664923
   0.23858000  0.54636000  0.06951000
   0.04677855  0.66967677  0.16973547
   0.30995186  0.91935612  0.37238278
   0.14704700  0.54288999  0.47677457
   0.18197345  0.79199271  0.27003839
   0.50750000  0.83753000  0.10253000
   0.57952365  0.70985164  0.40362171
   0.38711850  0.83090497  0.50360562
   0.64625519  0.96065420  0.20429716
   0.45105658  0.58381229  0.30610214
   0.57191000  0.54636000  0.06951000
   0.38014079  0.66969106  0.16974805
   0.64500431  0.91932915  0.37221862
   0.47987897  0.54302465  0.47564404
   0.51554248  0.79220742  0.27004494
   0.84083000  0.83753000  0.10253000
   0.72140800  0.83078448  0.50416020
   0.97954912  0.96049206  0.20443551
   0.78466327  0.58457337  0.30785871
   0.90524000  0.54636000  0.06951000
   0.71353042  0.66965690  0.16978964
   0.97788833  0.91783101  0.37254023
   0.81352897  0.54455275  0.48819785
   0.84894711  0.79174327  0.27011675
   0.91092653  0.70697002  0.40699799
   0.61435893  0.62444291  0.62600446
   0.83256549  0.38249539  0.67176820
   0.79577997  0.47980823  0.58930342
   0.53065468  0.71420423  0.63250869
   0.48091918  0.61017489  0.66496957
   0.37674396  0.54745337  0.65164751
   0.51162872  0.60812515  0.71067234
   0.46436503  0.73068078  0.59455426
   0.59876112  0.78848169  0.65387511
