   0.17922930  0.06406418  0.19479566
   0.28913752  0.43170467  0.50285600
   0.03971000  0.44194000  0.09637000
   0.31722976  0.18900449  0.29751605
   0.13210212  0.31234901  0.39690838
   0.51254448  0.06374591  0.19441373
   0.61910251  0.43167027  0.49765831
   0.37304000  0.44194000  0.09637000
   0.65005236  0.18830428  0.29678630
   0.46505433  0.31294201  0.39706670
   0.84602242  0.06403607  0.19446713
   0.95743333  0.42823751  0.49990784
   0.70637000  0.44194000  0.09637000
   0.98375251  0.18855091  0.29690646
   0.79815390  0.31216762  0.39478560
   0.18177028  0.56472146  0.19439900
   0.24184865  0.94498216  0.50098750
   0.03971000  0.94194000  0.09637000
   0.31727027  0.69124797  0.29851560
   0.11089473  0.81805754  0.40219530
   0.51457875  0.56404729  0.19367675
   0.57602946  0.94766724  0.50339197
   0.37304000  0.94194000  0.09637000
   0.64961749  0.69011535  0.29661179
   0.44262073  0.81902207  0.40492619
   0.84848075  0.56460227  0.19426468
   0.90800822  0.94186238  0.50237150
   0.70637000  0.94194000  0.09637000
   0.98432486  0.69076419  0.29718907
   0.77520671  0.81666329  0.40108488
   0.59548382  0.68937545  0.50219018
   0.03971000  0.19194000  0.09637000
   0.32193456  0.43991667  0.29682234
   0.11464603  0.06362407  0.39883136
   0.18064253  0.31540264  0.19566884
   0.25350003  0.19678969  0.49518496
   0.37304000  0.19194000  0.09637000
   0.65348997  0.43747239  0.29384677
   0.45026008  0.06792110  0.40174472
   0.51321402  0.31404104  0.19442500
   0.58416259  0.20539422  0.50165859
   0.70637000  0.19194000  0.09637000
   0.98999347  0.43945713  0.29634205
   0.78003458  0.06421818  0.39986743
   0.84710740  0.31526204  0.19572929
   0.92847726  0.19217456  0.49514441
   0.03971000  0.69194000  0.09637000
   0.31374762  0.94116529  0.29908557
   0.12889395  0.56130664  0.39922772
   0.18032778  0.81626741  0.19620472
   0.27159951  0.68947945  0.49947138
   0.37304000  0.69194000  0.09637000
   0.64552238  0.94027892  0.29816662
   0.46347235  0.56269604  0.39922069
   0.51318088  0.81591724  0.19591958
   0.70637000  0.69194000  0.09637000
   0.97915550  0.94003651  0.29776792
   0.84604093  0.81609592  0.19667731
   0.91622751  0.68880438  0.49311717
   0.79663728  0.55928507  0.39348752
   0.17293000  0.33291000  0.10959000
   0.26430594  0.20491668  0.41020613
   0.08707193  0.31821009  0.51313759
   0.31599642  0.46047988  0.21283458
   0.11682631  0.08414224  0.31451471
   0.23858000  0.04636000  0.07986000
   0.04555406  0.17086921  0.18016694
   0.33142462  0.41667167  0.37993709
   0.10996233  0.05431533  0.48691983
   0.18435693  0.29405687  0.27924863
   0.50633000  0.33253000  0.10912000
   0.60124973  0.20983067  0.41527131
   0.42137311  0.31869370  0.51247471
   0.64876849  0.45899222  0.21048639
   0.45130915  0.08554236  0.31678689
   0.57191000  0.04636000  0.07986000
   0.37847190  0.16987228  0.17964481
   0.66383208  0.41467594  0.37675942
   0.44728754  0.06114218  0.48966540
   0.51698855  0.29217794  0.27760594
   0.83947000  0.33230000  0.10978000
   0.92898519  0.20630720  0.41203112
   0.75107033  0.33270408  0.52803917
   0.98290828  0.46041650  0.21271364
   0.78323716  0.08458830  0.31543582
   0.90524000  0.04636000  0.07986000
   0.71200193  0.17072410  0.18031119
   0.99835517  0.41547105  0.37932726
   0.78081604  0.05427874  0.48774818
   0.85105665  0.29371964  0.27939538
   0.17282000  0.83289000  0.10962000
   0.24128985  0.71034260  0.41703912
   0.03737056  0.83371370  0.50839706
   0.31400347  0.96087331  0.21399942
   0.11829929  0.58648466  0.31556665
   0.23858000  0.54636000  0.07986000
   0.04758114  0.67114088  0.18022097
   0.30960008  0.92379843  0.38350801
   0.15263216  0.53408622  0.48239586
   0.18286681  0.79508152  0.27993129
   0.50615000  0.83297000  0.10968000
   0.57694669  0.71167754  0.41904663
   0.37669275  0.84476531  0.50511346
   0.64701586  0.96066603  0.21352410
   0.45185839  0.58685964  0.31586217
   0.57191000  0.54636000  0.07986000
   0.38079616  0.67081693  0.18011432
   0.64208260  0.92103737  0.38240985
   0.49010058  0.53544084  0.48180310
   0.51547084  0.79451977  0.27948409
   0.84083000  0.83753000  0.11288000
   0.70607140  0.83934647  0.51339363
   0.98065120  0.96090693  0.21365912
   0.78401022  0.58441509  0.31116523
   0.90524000  0.54636000  0.07986000
   0.71378999  0.67059201  0.17998955
   0.97471925  0.92102934  0.38181277
   0.82237396  0.53101065  0.47626559
   0.84845708  0.79423790  0.27963235
   0.90944488  0.70894464  0.41116351
   0.80542949  0.61258593  0.62685131
   0.36062111  0.64698867  0.58661771
   0.82221713  0.46155128  0.59556025
   0.80312898  0.73143994  0.62788547
   0.76435748  0.65629681  0.68165535
   0.64306763  0.62358070  0.69198095
   0.85571649  0.65887212  0.71295113
   0.70730783  0.74614727  0.60276283
   0.91983134  0.78018688  0.62349083
