   0.29385985  0.43079928  0.49170530
   0.17888518  0.06432006  0.18491149
   0.03971000  0.44194000  0.08602000
   0.31553889  0.18806801  0.28828737
   0.13083836  0.31173781  0.38846548
   0.51225103  0.06423444  0.18476816
   0.62392255  0.42765784  0.49036890
   0.37304000  0.44194000  0.08602000
   0.64897909  0.18802822  0.28815920
   0.46401458  0.31120722  0.38759380
   0.84557373  0.06428945  0.18487617
   0.96386278  0.42969445  0.49370521
   0.70637000  0.44194000  0.08602000
   0.98240091  0.18816540  0.28832663
   0.79767687  0.31150729  0.38800835
   0.18133895  0.56394475  0.18464133
   0.24631807  0.93963479  0.49375110
   0.03971000  0.94194000  0.08602000
   0.31633587  0.68890855  0.28823541
   0.10832160  0.81721983  0.39028928
   0.51478531  0.56395967  0.18463036
   0.58008321  0.93928652  0.49184636
   0.37304000  0.94194000  0.08602000
   0.64989512  0.68920741  0.28834096
   0.44157683  0.81732793  0.39010338
   0.84806428  0.56387419  0.18459896
   0.91385655  0.94128181  0.49263272
   0.70637000  0.94194000  0.08602000
   0.98329655  0.68894160  0.28809656
   0.77498002  0.81784790  0.39157690
   0.03971000  0.19194000  0.08602000
   0.32099231  0.43862762  0.28785806
   0.11444338  0.06295099  0.38935825
   0.17979265  0.31563985  0.18691406
   0.26142108  0.19370669  0.48442257
   0.37304000  0.19194000  0.08602000
   0.65442133  0.43861195  0.28802416
   0.44659012  0.06315954  0.38926044
   0.51315172  0.31565343  0.18699137
   0.59459221  0.19288206  0.48426695
   0.70637000  0.19194000  0.08602000
   0.98764529  0.43848172  0.28804487
   0.78026866  0.06303402  0.38892679
   0.84650235  0.31562799  0.18696745
   0.92739712  0.19449662  0.48362243
   0.03971000  0.69194000  0.08602000
   0.31096730  0.93957875  0.28777035
   0.13004416  0.55968073  0.38978559
   0.17895702  0.81559242  0.18668214
   0.26434854  0.69309524  0.48506286
   0.37304000  0.69194000  0.08602000
   0.64422162  0.93940165  0.28766587
   0.46258687  0.55905880  0.38981132
   0.51233238  0.81544674  0.18665399
   0.59864073  0.69147175  0.48421151
   0.70637000  0.69194000  0.08602000
   0.97719651  0.93951436  0.28801547
   0.84571047  0.81559200  0.18671354
   0.93177157  0.69471002  0.48633057
   0.79636307  0.56037491  0.38951008
   0.17417000  0.33753000  0.10253000
   0.26422756  0.20324719  0.39941809
   0.09420757  0.31847541  0.49606321
   0.31593404  0.46069920  0.20432518
   0.11526500  0.08267836  0.30491950
   0.23858000  0.04636000  0.06951000
   0.04535551  0.17076445  0.16986676
   0.33039673  0.41621768  0.37167877
   0.11683379  0.05130704  0.47690743
   0.18287574  0.29336048  0.27037158
   0.50750000  0.33753000  0.10253000
   0.59683533  0.20351353  0.39959818
   0.42468012  0.31902804  0.49958793
   0.64924005  0.46068783  0.20449652
   0.44866253  0.08286595  0.30481314
   0.57191000  0.04636000  0.06951000
   0.37873293  0.17079786  0.16989225
   0.66393991  0.41699963  0.37217211
   0.44864470  0.05126728  0.47688480
   0.51623992  0.29346656  0.27059905
   0.84083000  0.33753000  0.10253000
   0.93009020  0.20306520  0.39895038
   0.75870338  0.31897555  0.49833455
   0.98252103  0.46064294  0.20442940
   0.78192053  0.08268599  0.30455415
   0.90524000  0.04636000  0.06951000
   0.71201258  0.17076678  0.16988148
   0.99616675  0.41658935  0.37188987
   0.78204762  0.05189297  0.47669517
   0.84935001  0.29337502  0.27048196
   0.17417000  0.83753000  0.10253000
   0.24183819  0.71088512  0.40372556
   0.04510921  0.83489849  0.50429446
   0.31296431  0.96071667  0.20398928
   0.11766532  0.58487963  0.30641874
   0.23858000  0.54636000  0.06951000
   0.04728457  0.67002881  0.16968791
   0.30675339  0.92050148  0.37213576
   0.16055462  0.54003357  0.47512421
   0.18159178  0.79268727  0.26997068
   0.50750000  0.83753000  0.10253000
   0.57362705  0.70974773  0.40294226
   0.37932259  0.83345881  0.50367740
   0.64628475  0.96058041  0.20386124
   0.45111441  0.58488112  0.30633785
   0.57191000  0.54636000  0.06951000
   0.38061263  0.66998549  0.16964761
   0.64005178  0.92042013  0.37208108
   0.49432555  0.53872239  0.47679720
   0.51481608  0.79265634  0.26992884
   0.84083000  0.83753000  0.10253000
   0.71414905  0.83320272  0.49971059
   0.97962769  0.96073257  0.20416231
   0.78469689  0.58508011  0.30642585
   0.90524000  0.54636000  0.06951000
   0.71400624  0.67001032  0.16969947
   0.97342843  0.92043291  0.37254958
   0.82433283  0.54078705  0.47834316
   0.84832297  0.79264792  0.26998474
   0.90816810  0.71020972  0.40473485
   0.71772659  0.63304583  0.63725865
   0.03540747  0.44766134  0.63488817
   0.85019389  0.52645730  0.58196353
   0.62444916  0.71413006  0.65357153
   0.65454237  0.63061635  0.69545974
   0.56327640  0.55660686  0.70518123
   0.74650210  0.65378283  0.72840944
   0.50986319  0.70276894  0.63229968
   0.69345084  0.79961913  0.65514655
