   0.18221767  0.06441760  0.19399445
   0.24715241  0.44423242  0.49853470
   0.03971000  0.44194000  0.09637000
   0.31972905  0.19035878  0.29746864
   0.11833381  0.31689691  0.39869640
   0.51549258  0.06415860  0.19368565
   0.58083551  0.44846632  0.49894429
   0.37304000  0.44194000  0.09637000
   0.65288462  0.18974402  0.29616696
   0.44967151  0.31737408  0.40245229
   0.84892078  0.06416566  0.19403060
   0.91665232  0.44229352  0.50085745
   0.70637000  0.44194000  0.09637000
   0.98644481  0.18944826  0.29707624
   0.78267916  0.31583763  0.39781423
   0.18062710  0.56419995  0.19389642
   0.28388505  0.93197271  0.50113482
   0.03971000  0.94194000  0.09637000
   0.31734230  0.68961429  0.29619252
   0.12707811  0.81522787  0.39603720
   0.51399048  0.56436604  0.19403830
   0.61791681  0.93317895  0.49977315
   0.37304000  0.94194000  0.09637000
   0.65091471  0.68953656  0.29648471
   0.45978232  0.81523086  0.39554540
   0.84724691  0.56437115  0.19393888
   0.95148329  0.93407503  0.50119335
   0.70637000  0.94194000  0.09637000
   0.98412538  0.68960826  0.29634217
   0.79394098  0.81505457  0.39600444
   0.57680288  0.18870643  0.50163579
   0.03971000  0.19194000  0.09637000
   0.31639191  0.43956530  0.29599012
   0.13019439  0.06246718  0.40057977
   0.18098840  0.31516190  0.19529959
   0.27477763  0.19323903  0.49972770
   0.37304000  0.19194000  0.09637000
   0.64878895  0.43953600  0.29632706
   0.46499324  0.06309244  0.39844255
   0.51436649  0.31550734  0.19501924
   0.70637000  0.19194000  0.09637000
   0.98282928  0.43964329  0.29587729
   0.79499155  0.06183529  0.39829727
   0.84784262  0.31523365  0.19503744
   0.93246181  0.19451136  0.49274237
   0.03971000  0.69194000  0.09637000
   0.32068441  0.94114567  0.29642581
   0.11652319  0.56436359  0.39687671
   0.18093911  0.81592919  0.19549165
   0.25611009  0.69637840  0.49248731
   0.37304000  0.69194000  0.09637000
   0.65405655  0.93993406  0.29625364
   0.44996101  0.56544290  0.39672118
   0.51434472  0.81556436  0.19539184
   0.58673001  0.70244418  0.49222809
   0.70637000  0.69194000  0.09637000
   0.98803821  0.94094018  0.29720372
   0.84789954  0.81604042  0.19568771
   0.92381426  0.69735010  0.49236584
   0.78437470  0.56406846  0.39710707
   0.17333000  0.33321000  0.10959000
   0.24854334  0.21012152  0.41621080
   0.04589988  0.33554975  0.51176560
   0.31509258  0.45989308  0.21175128
   0.12143337  0.08612259  0.31592754
   0.23858000  0.04636000  0.07986000
   0.04771913  0.17054404  0.17991470
   0.31561373  0.42047835  0.37976422
   0.15122512  0.04144766  0.48639592
   0.18484111  0.29351998  0.27874244
   0.50648000  0.33297000  0.10887000
   0.58711815  0.21189594  0.41792048
   0.38409277  0.34502363  0.50299533
   0.64841991  0.46015898  0.21191249
   0.45493882  0.08690567  0.31495262
   0.57191000  0.04636000  0.07986000
   0.38130414  0.17072312  0.17976682
   0.64863726  0.41980625  0.38085260
   0.48298522  0.03525481  0.48093458
   0.51850524  0.29392834  0.27846745
   0.83998000  0.33294000  0.10911000
   0.91728212  0.21029964  0.41115080
   0.71073717  0.33726294  0.51839580
   0.98165533  0.45999280  0.21171019
   0.78693513  0.08525337  0.31422928
   0.90524000  0.04636000  0.07986000
   0.71460618  0.17052163  0.17985128
   0.98168186  0.41989464  0.37996833
   0.81893513  0.04345552  0.48489283
   0.85196708  0.29348156  0.27851398
   0.17323000  0.83311000  0.10949000
   0.25969089  0.70762184  0.40812620
   0.08163500  0.82212064  0.51118412
   0.31696701  0.96068885  0.21237482
   0.11743391  0.58436184  0.31270307
   0.23858000  0.54636000  0.07986000
   0.04663739  0.67114664  0.18011234
   0.32572061  0.91988860  0.37971733
   0.11548114  0.55323267  0.48412132
   0.18421310  0.79517050  0.27903195
   0.50655000  0.83318000  0.10951000
   0.59430334  0.70812472  0.40748687
   0.41689032  0.82034559  0.51039098
   0.65014551  0.96016073  0.21214715
   0.45092133  0.58431220  0.31252463
   0.57191000  0.54636000  0.07986000
   0.37986549  0.67101546  0.18006098
   0.65949811  0.91945251  0.38018566
   0.44955868  0.55867249  0.48386207
   0.51756582  0.79476308  0.27898899
   0.83988000  0.83312000  0.10940000
   0.75005940  0.82456568  0.51084900
   0.98382872  0.96060489  0.21287530
   0.78409808  0.58393586  0.31298939
   0.90524000  0.54636000  0.07986000
   0.71335826  0.67136938  0.18016723
   0.99283075  0.92004344  0.38118858
   0.78629133  0.55228691  0.48467794
   0.85109133  0.79522202  0.27945459
   0.92671351  0.70734050  0.40838390
   0.78868829  0.53996212  0.66757907
   0.42636089  0.16566863  0.58603896
   0.70765338  0.40046514  0.60395631
   0.79407614  0.65916506  0.67163302
   0.76408675  0.58780128  0.72314838
   0.64383642  0.56322466  0.74008195
   0.85955724  0.58721405  0.75366594
   0.69591026  0.68707413  0.65102260
   0.91127848  0.71145187  0.66415470
