   0.29113110  0.43159321  0.49190100
   0.17892469  0.06422437  0.18479051
   0.03971000  0.44194000  0.08602000
   0.31572771  0.18818862  0.28856164
   0.12994813  0.31179679  0.38946471
   0.51227755  0.06423141  0.18471982
   0.62169815  0.43033466  0.49130598
   0.37304000  0.44194000  0.08602000
   0.64921408  0.18817639  0.28831151
   0.46323357  0.31193606  0.38851499
   0.84561173  0.06415988  0.18481606
   0.96085105  0.42870286  0.49210220
   0.70637000  0.44194000  0.08602000
   0.98242025  0.18811975  0.28853584
   0.79651530  0.31206000  0.38885527
   0.18126239  0.56354679  0.18461072
   0.25040049  0.93983263  0.49362943
   0.03971000  0.94194000  0.08602000
   0.31634844  0.68827084  0.28789626
   0.10983722  0.81691791  0.38993221
   0.51462283  0.56359644  0.18469978
   0.58227898  0.93853847  0.49353117
   0.37304000  0.94194000  0.08602000
   0.64954733  0.68844315  0.28809046
   0.44302830  0.81701449  0.38954962
   0.84800518  0.56360365  0.18457222
   0.91621528  0.93970944  0.49349086
   0.70637000  0.94194000  0.08602000
   0.98327734  0.68861079  0.28801692
   0.77635442  0.81668999  0.38961546
   0.03971000  0.19194000  0.08602000
   0.32021041  0.43782865  0.28786750
   0.11497871  0.06244436  0.38944528
   0.17960662  0.31536478  0.18687796
   0.26134301  0.19474763  0.48464225
   0.37304000  0.19194000  0.08602000
   0.65385783  0.43854773  0.28835299
   0.44758388  0.06275545  0.38939610
   0.51308097  0.31565837  0.18708038
   0.59608625  0.19291562  0.48416451
   0.70637000  0.19194000  0.08602000
   0.98708453  0.43822724  0.28813961
   0.78041382  0.06196607  0.38911291
   0.84640519  0.31556499  0.18699535
   0.92981539  0.19069176  0.48362567
   0.03971000  0.69194000  0.08602000
   0.31123550  0.93975894  0.28763150
   0.12989937  0.55970269  0.38954215
   0.17902904  0.81546270  0.18665675
   0.26345161  0.69237247  0.48502622
   0.37304000  0.69194000  0.08602000
   0.64440451  0.93945540  0.28752999
   0.46208734  0.55952769  0.38946406
   0.51223341  0.81533378  0.18667957
   0.59713100  0.69340224  0.48469736
   0.70637000  0.69194000  0.08602000
   0.97792222  0.93957550  0.28773108
   0.84556986  0.81544066  0.18673334
   0.93188424  0.69548538  0.48644553
   0.79502679  0.56077018  0.39009120
   0.17417000  0.33753000  0.10253000
   0.26393819  0.20295033  0.39959019
   0.09256380  0.31737824  0.49443175
   0.31572739  0.46025774  0.20435354
   0.11554456  0.08269471  0.30511030
   0.23858000  0.04636000  0.06951000
   0.04523380  0.17050356  0.16977946
   0.32903816  0.41593879  0.37183246
   0.11850852  0.05108695  0.47718586
   0.18254654  0.29285275  0.27026802
   0.50750000  0.33753000  0.10253000
   0.59576512  0.20372162  0.39998344
   0.42294930  0.32101173  0.49957434
   0.64927964  0.46051533  0.20469221
   0.44911080  0.08293978  0.30497812
   0.57191000  0.04636000  0.06951000
   0.37878696  0.17079880  0.16987483
   0.66289212  0.41754381  0.37279426
   0.45217736  0.04992420  0.47717401
   0.51623510  0.29351621  0.27070574
   0.84083000  0.33753000  0.10253000
   0.92793769  0.20263493  0.39946838
   0.75570261  0.32109196  0.49759910
   0.98243329  0.46044671  0.20446540
   0.78198230  0.08266766  0.30486216
   0.90524000  0.04636000  0.06951000
   0.71206429  0.17069834  0.16986088
   0.99520438  0.41651252  0.37222296
   0.78396901  0.04934395  0.47707788
   0.84937361  0.29327136  0.27052051
   0.17417000  0.83753000  0.10253000
   0.24353035  0.71057824  0.40357833
   0.04981154  0.83470670  0.50367357
   0.31302247  0.96069452  0.20393605
   0.11762060  0.58447976  0.30623272
   0.23858000  0.54636000  0.06951000
   0.04729351  0.66981980  0.16967922
   0.30812618  0.92035486  0.37200078
   0.15757398  0.53966731  0.47492103
   0.18178196  0.79256830  0.26993404
   0.50750000  0.83753000  0.10253000
   0.57687697  0.71006818  0.40311606
   0.38165208  0.83188162  0.50387012
   0.64624417  0.96054505  0.20389457
   0.45092311  0.58399773  0.30603442
   0.57191000  0.54636000  0.06951000
   0.38055935  0.66974817  0.16967457
   0.64147036  0.91996707  0.37185562
   0.49077290  0.54103361  0.47595373
   0.51494234  0.79222880  0.26990725
   0.84083000  0.83753000  0.10253000
   0.71550322  0.83218385  0.50406217
   0.97968989  0.96058510  0.20404204
   0.78465781  0.58478199  0.30670163
   0.90524000  0.54636000  0.06951000
   0.71394157  0.66982100  0.16971012
   0.97469428  0.92004553  0.37212722
   0.82259756  0.54255993  0.48015364
   0.84829420  0.79241999  0.27007429
   0.90975419  0.70992945  0.40468368
   0.71035925  0.63411162  0.63642716
   0.04919055  0.45220872  0.63473508
   0.86649762  0.53224743  0.58506226
   0.62079989  0.71567617  0.65415705
   0.65264767  0.63172455  0.69511143
   0.55867297  0.55948407  0.70528791
   0.74506921  0.65590984  0.72751755
   0.50370113  0.70471040  0.63467793
   0.68997754  0.80116940  0.65644129
