   0.17933126  0.06409963  0.19445194
   0.28680459  0.43019871  0.49970925
   0.03971000  0.44194000  0.09637000
   0.31649152  0.18877769  0.29692919
   0.13029156  0.31302571  0.39660209
   0.51280832  0.06419140  0.19421766
   0.61553529  0.43260132  0.49475059
   0.37304000  0.44194000  0.09637000
   0.65010817  0.18859906  0.29653362
   0.46311061  0.31262726  0.39600129
   0.84609345  0.06409658  0.19446799
   0.95709038  0.43252539  0.49947397
   0.70637000  0.44194000  0.09637000
   0.98326229  0.18848342  0.29677502
   0.79722677  0.31227804  0.39485775
   0.18147414  0.56401064  0.19374455
   0.24329614  0.94276073  0.50064750
   0.03971000  0.94194000  0.09637000
   0.31674401  0.69052931  0.29704651
   0.10973252  0.81855355  0.39924949
   0.51490273  0.56419542  0.19401723
   0.57997675  0.94325069  0.50231117
   0.37304000  0.94194000  0.09637000
   0.64996592  0.69044540  0.29688505
   0.44054351  0.81913978  0.40254667
   0.84822138  0.56410628  0.19416414
   0.90866122  0.93837835  0.50348424
   0.70637000  0.94194000  0.09637000
   0.98371653  0.68999747  0.29718049
   0.77335767  0.81879340  0.40058486
   0.57551577  0.68954645  0.49733179
   0.03971000  0.19194000  0.09637000
   0.32031059  0.43866755  0.29517851
   0.11471507  0.06383489  0.39877165
   0.18030353  0.31473172  0.19513530
   0.26526307  0.19171887  0.49381176
   0.37304000  0.19194000  0.09637000
   0.65427386  0.43892621  0.29608029
   0.45000667  0.06613603  0.39946368
   0.51379343  0.31508753  0.19534271
   0.59114491  0.19910575  0.49814265
   0.70637000  0.19194000  0.09637000
   0.98854246  0.43954872  0.29651061
   0.78046207  0.06391029  0.39894196
   0.84724787  0.31519721  0.19566652
   0.93834313  0.18888393  0.49325817
   0.03971000  0.69194000  0.09637000
   0.31262854  0.94114934  0.29730140
   0.12873148  0.56194216  0.39891300
   0.17984062  0.81571033  0.19569508
   0.27133169  0.69107664  0.49823431
   0.37304000  0.69194000  0.09637000
   0.64454543  0.94052968  0.29736941
   0.46153083  0.56151163  0.39555529
   0.51317304  0.81577312  0.19561057
   0.70637000  0.69194000  0.09637000
   0.97860219  0.94055247  0.29777037
   0.84623935  0.81612729  0.19684668
   0.92758352  0.69569326  0.49247317
   0.79456513  0.56226276  0.39731080
   0.17293000  0.33291000  0.10959000
   0.26259676  0.20521257  0.40958693
   0.08416646  0.32103151  0.51000138
   0.31588025  0.45955131  0.21155561
   0.11664196  0.08410953  0.31445554
   0.23858000  0.04636000  0.07986000
   0.04530338  0.17054912  0.17998194
   0.32874085  0.41568877  0.37806919
   0.11218460  0.05375007  0.48725941
   0.18311952  0.29317104  0.27854328
   0.50633000  0.33253000  0.10912000
   0.59928927  0.20817122  0.41250492
   0.42132103  0.31909671  0.51028850
   0.64929394  0.45967953  0.21221365
   0.45093982  0.08501588  0.31481486
   0.57191000  0.04636000  0.07986000
   0.37881603  0.17092445  0.18012502
   0.66371193  0.41700577  0.38023181
   0.44849672  0.05872109  0.48744343
   0.51715382  0.29386277  0.27917297
   0.83947000  0.33230000  0.10978000
   0.92827991  0.20574132  0.41022696
   0.74879320  0.32901400  0.52157120
   0.98281329  0.46000709  0.21250787
   0.78308258  0.08410046  0.31441869
   0.90524000  0.04636000  0.07986000
   0.71214144  0.17094145  0.18028880
   0.99590963  0.41703070  0.38024434
   0.78379764  0.05231066  0.48701079
   0.85050080  0.29408509  0.27950496
   0.17282000  0.83289000  0.10962000
   0.23918465  0.71125523  0.41516443
   0.04246041  0.83426449  0.51438469
   0.31410653  0.96042499  0.21276265
   0.11820210  0.58581870  0.31486187
   0.23858000  0.54636000  0.07986000
   0.04718682  0.67056378  0.18001338
   0.30700671  0.92406818  0.38139614
   0.15375586  0.53833175  0.48333071
   0.18199082  0.79457495  0.27931832
   0.50615000  0.83297000  0.10968000
   0.57590255  0.71133492  0.41365698
   0.37887690  0.84309049  0.50240579
   0.64706960  0.96055016  0.21287923
   0.45105946  0.58547009  0.31264462
   0.57191000  0.54636000  0.07986000
   0.38050428  0.67058159  0.17993559
   0.63938798  0.92276988  0.38179476
   0.48399902  0.53366387  0.47703134
   0.51522071  0.79454978  0.27904771
   0.84083000  0.83753000  0.11288000
   0.70803046  0.83359650  0.51239305
   0.98077990  0.96102029  0.21376089
   0.78407192  0.58505314  0.31389270
   0.90524000  0.54636000  0.07986000
   0.71405860  0.67052594  0.18007389
   0.97361378  0.92250865  0.38214897
   0.82142722  0.54165678  0.48353552
   0.84888822  0.79420232  0.27993090
   0.90868915  0.71210134  0.41129580
   0.82269724  0.60066028  0.64256116
   0.41427826  0.65455957  0.58189074
   0.75821218  0.44137406  0.59552817
   0.81332879  0.71827044  0.63491593
   0.76678897  0.66046645  0.68969557
   0.64085655  0.63322064  0.69909043
   0.84786138  0.67396648  0.72605649
   0.72068827  0.73315704  0.60573183
   0.92939587  0.77356024  0.63000422
