   0.17966584  0.06451424  0.19487545
   0.28861647  0.43014928  0.50065147
   0.03971000  0.44194000  0.09637000
   0.31718870  0.18928663  0.29745238
   0.13079298  0.31329859  0.39720567
   0.51306319  0.06428739  0.19447475
   0.61697539  0.43256003  0.49537084
   0.37304000  0.44194000  0.09637000
   0.65073304  0.18885330  0.29695014
   0.46323688  0.31221459  0.39679861
   0.84626795  0.06417296  0.19470210
   0.95936294  0.43174859  0.49814515
   0.70637000  0.44194000  0.09637000
   0.98385123  0.18871000  0.29713365
   0.79756542  0.31190955  0.39541758
   0.18177035  0.56458924  0.19426087
   0.24205978  0.94315825  0.50072726
   0.03971000  0.94194000  0.09637000
   0.31729023  0.69086114  0.29731837
   0.10900562  0.81829475  0.39875862
   0.51496737  0.56416685  0.19415645
   0.57827579  0.94373961  0.50329719
   0.37304000  0.94194000  0.09637000
   0.65008865  0.68981887  0.29691187
   0.44062274  0.81916069  0.40322161
   0.84842218  0.56428567  0.19412433
   0.90680351  0.93818944  0.50320866
   0.70637000  0.94194000  0.09637000
   0.98375419  0.68978875  0.29748744
   0.77273543  0.81760580  0.39998916
   0.57231011  0.69039908  0.49934131
   0.03971000  0.19194000  0.09637000
   0.32110013  0.43894723  0.29571605
   0.11416491  0.06389915  0.39915586
   0.18033620  0.31504650  0.19527903
   0.26397558  0.19278654  0.49515849
   0.37304000  0.19194000  0.09637000
   0.65404810  0.43823411  0.29618800
   0.44922190  0.06606148  0.40008226
   0.51423938  0.31504612  0.19521842
   0.59087442  0.19907132  0.49834543
   0.70637000  0.19194000  0.09637000
   0.98855595  0.43952829  0.29646706
   0.78029088  0.06360145  0.39940561
   0.84754429  0.31525050  0.19572763
   0.93844614  0.18839744  0.49386034
   0.03971000  0.69194000  0.09637000
   0.31288774  0.94188761  0.29779156
   0.12940358  0.56164675  0.39851065
   0.17961857  0.81616448  0.19614956
   0.26784962  0.69158889  0.49801253
   0.37304000  0.69194000  0.09637000
   0.64503721  0.94065918  0.29769853
   0.46224226  0.56184090  0.39683777
   0.51358825  0.81580147  0.19587901
   0.70637000  0.69194000  0.09637000
   0.97882398  0.94071070  0.29774141
   0.84625077  0.81591028  0.19696803
   0.92782093  0.69417779  0.49166501
   0.79522999  0.56101828  0.39678150
   0.17293000  0.33291000  0.10959000
   0.26269737  0.20548855  0.41072819
   0.08675575  0.32057481  0.51023070
   0.31601664  0.45983816  0.21188472
   0.11733640  0.08450720  0.31487178
   0.23858000  0.04636000  0.07986000
   0.04542854  0.17065021  0.18012572
   0.32990523  0.41582319  0.37879773
   0.11138856  0.05364138  0.48746218
   0.18379649  0.29358915  0.27876604
   0.50633000  0.33253000  0.10912000
   0.59946643  0.20749665  0.41265083
   0.42333093  0.31912130  0.51266885
   0.64958646  0.45974137  0.21226149
   0.45143592  0.08547823  0.31546785
   0.57191000  0.04636000  0.07986000
   0.37919313  0.17083767  0.18006405
   0.66341828  0.41596730  0.38043123
   0.44791591  0.05853226  0.48810482
   0.51766961  0.29377974  0.27892256
   0.83947000  0.33230000  0.10978000
   0.92838037  0.20560888  0.41095108
   0.75221362  0.32874224  0.52043532
   0.98293686  0.46030464  0.21257351
   0.78369311  0.08440183  0.31494482
   0.90524000  0.04636000  0.07986000
   0.71245193  0.17088699  0.18034633
   0.99602610  0.41685626  0.38025258
   0.78275293  0.05234998  0.48755253
   0.85111360  0.29421336  0.27953527
   0.17282000  0.83289000  0.10962000
   0.23873985  0.71135775  0.41478677
   0.04069474  0.83358852  0.51289499
   0.31420020  0.96084015  0.21325866
   0.11855159  0.58568880  0.31462078
   0.23858000  0.54636000  0.07986000
   0.04739625  0.67101596  0.18024459
   0.30721412  0.92407364  0.38181508
   0.15473198  0.53728265  0.48264380
   0.18207960  0.79505649  0.27990917
   0.50615000  0.83297000  0.10968000
   0.57538039  0.71137674  0.41553666
   0.37697785  0.84322040  0.50332295
   0.64724968  0.96070583  0.21325219
   0.45131526  0.58563530  0.31362868
   0.57191000  0.54636000  0.07986000
   0.38080935  0.67080021  0.18019554
   0.63990376  0.92192703  0.38190141
   0.48540379  0.53387127  0.47839666
   0.51596780  0.79439126  0.27934946
   0.84083000  0.83753000  0.11288000
   0.70576222  0.83435730  0.51430988
   0.98096946  0.96096679  0.21382636
   0.78400974  0.58420885  0.31389735
   0.90524000  0.54636000  0.07986000
   0.71407652  0.67045777  0.18009542
   0.97290664  0.92235770  0.38183530
   0.82306269  0.53973330  0.48244442
   0.84898383  0.79369985  0.28008855
   0.90835347  0.71119798  0.41055171
   0.81581056  0.60558680  0.63590207
   0.40138057  0.65344027  0.58188720
   0.77322680  0.43878674  0.59499372
   0.80788574  0.72462373  0.63270794
   0.76641976  0.66002299  0.68587127
   0.64157553  0.63290874  0.69693938
   0.85142518  0.66923735  0.72132828
   0.71471525  0.74384019  0.60550404
   0.92426599  0.77962132  0.62767609
