   0.18161656  0.06452111  0.19438882
   0.25980947  0.43937863  0.49872002
   0.03971000  0.44194000  0.09637000
   0.31849109  0.19016609  0.29786871
   0.12119682  0.31475569  0.39884332
   0.51485086  0.06394982  0.19385691
   0.58967100  0.44033205  0.49565678
   0.37304000  0.44194000  0.09637000
   0.65157864  0.18922548  0.29612341
   0.45232350  0.31547766  0.40236426
   0.84843295  0.06431462  0.19419099
   0.93098447  0.43499803  0.49914653
   0.70637000  0.44194000  0.09637000
   0.98537272  0.18922587  0.29725036
   0.78491514  0.31358971  0.39695176
   0.18110494  0.56471681  0.19431299
   0.26464852  0.93280573  0.50250707
   0.03971000  0.94194000  0.09637000
   0.31818294  0.69027673  0.29738559
   0.12244408  0.81547319  0.39835866
   0.51397268  0.56431166  0.19355694
   0.59925074  0.93529756  0.50079705
   0.37304000  0.94194000  0.09637000
   0.65128924  0.68980462  0.29596789
   0.45614221  0.81666501  0.39896025
   0.84767410  0.56446418  0.19379384
   0.93340537  0.93474145  0.50139887
   0.70637000  0.94194000  0.09637000
   0.98535637  0.69007474  0.29587933
   0.78923933  0.81506232  0.39849843
   0.56929568  0.18981803  0.50566001
   0.03971000  0.19194000  0.09637000
   0.31838352  0.44047078  0.29711221
   0.12363995  0.06149383  0.40037757
   0.18110533  0.31581122  0.19570932
   0.26796976  0.19009260  0.49962390
   0.37304000  0.19194000  0.09637000
   0.64933047  0.43785727  0.29411226
   0.45958435  0.06547625  0.40041044
   0.51364060  0.31457223  0.19429808
   0.70637000  0.19194000  0.09637000
   0.98492592  0.43888846  0.29579769
   0.78861403  0.06223484  0.39896308
   0.84793323  0.31510605  0.19494743
   0.92927428  0.19262111  0.49340112
   0.03971000  0.69194000  0.09637000
   0.31937134  0.94155229  0.29760852
   0.12072880  0.56227786  0.39732555
   0.18146089  0.81622613  0.19581171
   0.26270283  0.69345640  0.49284847
   0.37304000  0.69194000  0.09637000
   0.65221751  0.93985166  0.29675112
   0.45516880  0.56480726  0.39887448
   0.51424134  0.81566753  0.19555795
   0.59949642  0.69539312  0.49408549
   0.70637000  0.69194000  0.09637000
   0.98577812  0.94045641  0.29718305
   0.84791034  0.81601114  0.19552874
   0.92766770  0.68809074  0.49034569
   0.78983786  0.55980081  0.39355052
   0.17333000  0.33321000  0.10959000
   0.24983880  0.20730818  0.41544384
   0.05837928  0.32929391  0.51159426
   0.31564596  0.46079522  0.21281217
   0.11947619  0.08548699  0.31567231
   0.23858000  0.04636000  0.07986000
   0.04740465  0.17104510  0.18007423
   0.31953647  0.42027384  0.38081529
   0.13401898  0.04189639  0.48632882
   0.18452355  0.29440958  0.27935755
   0.50648000  0.33297000  0.10887000
   0.59099141  0.21271680  0.42111716
   0.39379477  0.33805228  0.50100618
   0.64819311  0.45956710  0.21043077
   0.45382649  0.08734896  0.31654097
   0.57191000  0.04636000  0.07986000
   0.38043336  0.16994648  0.17941866
   0.65159589  0.41621053  0.37767626
   0.46638480  0.04023124  0.48269003
   0.51711720  0.29251021  0.27725324
   0.83998000  0.33294000  0.10911000
   0.91884878  0.20901713  0.41142753
   0.72031510  0.32876832  0.52226065
   0.98221103  0.46003830  0.21177380
   0.78526168  0.08508520  0.31469681
   0.90524000  0.04636000  0.07986000
   0.71398157  0.17045846  0.17982902
   0.98534142  0.41819229  0.37988916
   0.80229026  0.04641827  0.48557690
   0.85128621  0.29327435  0.27841281
   0.17323000  0.83311000  0.10949000
   0.25610378  0.70800827  0.40979596
   0.05896136  0.82038445  0.51045476
   0.31654821  0.96097824  0.21326816
   0.11794275  0.58454110  0.31347229
   0.23858000  0.54636000  0.07986000
   0.04698213  0.67142587  0.18026036
   0.32155852  0.92023802  0.38104613
   0.12872616  0.54788480  0.48447957
   0.18498538  0.79515668  0.27947029
   0.50655000  0.83318000  0.10951000
   0.59001557  0.70972676  0.41325495
   0.39800661  0.82654263  0.51234348
   0.64955116  0.96026505  0.21253629
   0.45267040  0.58608523  0.31507664
   0.57191000  0.54636000  0.07986000
   0.38011864  0.67117007  0.18010766
   0.65512353  0.91863122  0.38068045
   0.46617137  0.55314261  0.48606336
   0.51773798  0.79450385  0.27923658
   0.83988000  0.83312000  0.10940000
   0.73352655  0.82882622  0.51219276
   0.98312729  0.96073766  0.21285147
   0.78476934  0.58379712  0.31031908
   0.90524000  0.54636000  0.07986000
   0.71341116  0.67129045  0.18005176
   0.98732908  0.91837089  0.38097533
   0.79787856  0.54121556  0.47985987
   0.85116361  0.79485997  0.27910885
   0.92083589  0.70609653  0.40921891
   0.77904013  0.57116431  0.65241047
   0.40237694  0.16121291  0.58715394
   0.73543415  0.43568461  0.59456261
   0.79792297  0.68323997  0.67430965
   0.76481396  0.58466834  0.71335608
   0.64619313  0.55350425  0.72948332
   0.86149784  0.56071807  0.73644030
   0.70278318  0.72536420  0.66243629
   0.91997692  0.73192901  0.66926202
