   0.60905510  0.43118261  0.49291405
   0.17908829  0.06422866  0.18512512
   0.27912095  0.43269286  0.49194853
   0.03971000  0.44194000  0.08602000
   0.31524949  0.18807395  0.28891693
   0.12412041  0.31320498  0.38931373
   0.51243756  0.06430469  0.18508223
   0.37304000  0.44194000  0.08602000
   0.64867335  0.18824935  0.28894211
   0.45733282  0.31344615  0.38971441
   0.84577486  0.06415298  0.18500108
   0.94794838  0.43199063  0.49361188
   0.70637000  0.44194000  0.08602000
   0.98193029  0.18785114  0.28864062
   0.79102241  0.31366663  0.39028897
   0.18097031  0.56353636  0.18472131
   0.25686844  0.93809115  0.49419894
   0.03971000  0.94194000  0.08602000
   0.31682043  0.68834693  0.28846639
   0.11252637  0.81497102  0.39081544
   0.51440174  0.56384255  0.18493272
   0.58964846  0.93688318  0.49314387
   0.37304000  0.94194000  0.08602000
   0.64990691  0.68888437  0.28894953
   0.44721516  0.81588647  0.39015940
   0.84764970  0.56368386  0.18482045
   0.92325190  0.93855472  0.49397365
   0.70637000  0.94194000  0.08602000
   0.98373736  0.68829798  0.28845501
   0.77983525  0.81524573  0.39116863
   0.03971000  0.19194000  0.08602000
   0.31798974  0.43849105  0.28816220
   0.11662401  0.06120975  0.38998021
   0.17956538  0.31537829  0.18705997
   0.25955920  0.19362287  0.48436185
   0.37304000  0.19194000  0.08602000
   0.65163253  0.43914413  0.28890878
   0.44965818  0.06139832  0.38976518
   0.51264652  0.31586928  0.18746286
   0.59536345  0.19095942  0.48409674
   0.70637000  0.19194000  0.08602000
   0.98477567  0.43854095  0.28838044
   0.78381482  0.06170850  0.38984068
   0.84609037  0.31546962  0.18706888
   0.92692735  0.19277249  0.48471124
   0.03971000  0.69194000  0.08602000
   0.31268844  0.93908461  0.28815697
   0.12558618  0.56057517  0.39014719
   0.17952181  0.81528716  0.18686051
   0.26085919  0.69325866  0.48532018
   0.37304000  0.69194000  0.08602000
   0.64674325  0.93924855  0.28813093
   0.45759113  0.56008099  0.38996153
   0.51261316  0.81547854  0.18698583
   0.59476907  0.69139840  0.48595802
   0.70637000  0.69194000  0.08602000
   0.98003299  0.93850983  0.28821819
   0.84619108  0.81527555  0.18691087
   0.92913642  0.69567608  0.48938598
   0.78996606  0.56115724  0.39106247
   0.17417000  0.33753000  0.10253000
   0.25780294  0.20475326  0.40064620
   0.07976536  0.32243495  0.49833201
   0.31539287  0.46050168  0.20482585
   0.11539383  0.08244711  0.30586758
   0.23858000  0.04636000  0.06951000
   0.04533364  0.17040866  0.16999767
   0.32242668  0.41723521  0.37205429
   0.12507579  0.04850735  0.47737078
   0.18163473  0.29255590  0.27060610
   0.50750000  0.33753000  0.10253000
   0.59019679  0.20509525  0.40083377
   0.41054193  0.32324106  0.49934702
   0.64873758  0.46083444  0.20527743
   0.44880337  0.08302378  0.30571518
   0.57191000  0.04636000  0.06951000
   0.37876320  0.17084040  0.17024582
   0.65707038  0.41928901  0.37358481
   0.45802759  0.04696091  0.47705575
   0.51547539  0.29351541  0.27135939
   0.84083000  0.33753000  0.10253000
   0.92423153  0.20521910  0.40109289
   0.74527923  0.32284306  0.49616600
   0.98188042  0.46049995  0.20479342
   0.78244431  0.08311107  0.30578518
   0.90524000  0.04636000  0.06951000
   0.71209533  0.17046748  0.16993355
   0.98890505  0.41841223  0.37273185
   0.79096556  0.04808308  0.47730381
   0.84837716  0.29295852  0.27072922
   0.17417000  0.83753000  0.10253000
   0.24724293  0.70927189  0.40351437
   0.05631340  0.83283060  0.50503405
   0.31324731  0.96066579  0.20442270
   0.11771454  0.58412138  0.30649881
   0.23858000  0.54636000  0.06951000
   0.04719803  0.66984582  0.16987638
   0.31111751  0.91875745  0.37256456
   0.14608738  0.54254268  0.47686826
   0.18254939  0.79227574  0.27034350
   0.50750000  0.83753000  0.10253000
   0.58036279  0.70829570  0.40380612
   0.38811401  0.82989467  0.50417956
   0.64669303  0.96075298  0.20452876
   0.45106125  0.58421257  0.30640645
   0.57191000  0.54636000  0.06951000
   0.38048964  0.66992972  0.16990262
   0.64523826  0.91909726  0.37243122
   0.47895430  0.54164929  0.47621840
   0.51577137  0.79269925  0.27055125
   0.84083000  0.83753000  0.10253000
   0.72226096  0.82986870  0.50193360
   0.97994194  0.96055550  0.20451636
   0.78451414  0.58482300  0.30743888
   0.90524000  0.54636000  0.06951000
   0.71397051  0.66990980  0.16985577
   0.97781549  0.91804860  0.37279040
   0.81170577  0.54500732  0.48867657
   0.84927676  0.79208477  0.27048826
   0.91245951  0.70664348  0.40673935
   0.61299201  0.62423778  0.62321312
   0.83477262  0.38848043  0.67052916
   0.80128085  0.49417926  0.59116016
   0.53077811  0.71445419  0.63289081
   0.48357099  0.60881171  0.66430564
   0.37528716  0.55021129  0.65105327
   0.51746259  0.60653611  0.70938005
   0.45872803  0.73267186  0.59719898
   0.60005934  0.78731944  0.65491447
