   0.18107037  0.06432090  0.19472495
   0.25065629  0.44013769  0.50208035
   0.03971000  0.44194000  0.09637000
   0.31735062  0.18905272  0.29875474
   0.11596808  0.31629093  0.40143143
   0.51399007  0.06456947  0.19447191
   0.58160046  0.44604855  0.50060818
   0.37304000  0.44194000  0.09637000
   0.65048664  0.18891540  0.29818589
   0.45128543  0.31694730  0.40129944
   0.84747121  0.06395339  0.19392732
   0.92218062  0.44498769  0.49945589
   0.70637000  0.44194000  0.09637000
   0.98402767  0.18921332  0.29777135
   0.78240121  0.31417729  0.40016732
   0.17911848  0.56387508  0.19468214
   0.27706000  0.93472319  0.50366227
   0.03971000  0.94194000  0.09637000
   0.31585570  0.68892950  0.29719831
   0.12333010  0.81556620  0.39892045
   0.51268760  0.56418426  0.19502887
   0.60992628  0.93203533  0.50282597
   0.37304000  0.94194000  0.09637000
   0.64924746  0.68916987  0.29655189
   0.45578712  0.81506734  0.39751494
   0.84602005  0.56432186  0.19555138
   0.94389147  0.93377061  0.50200783
   0.70637000  0.94194000  0.09637000
   0.98303623  0.68954010  0.29762964
   0.78915729  0.81502856  0.39712522
   0.60241087  0.19124014  0.50272831
   0.03971000  0.19194000  0.09637000
   0.31539360  0.43910839  0.29764470
   0.12605247  0.06191640  0.39995432
   0.17978616  0.31523143  0.19680963
   0.26163313  0.19526620  0.49520076
   0.37304000  0.19194000  0.09637000
   0.64814633  0.43958113  0.29793421
   0.46136311  0.06360432  0.40223008
   0.51248547  0.31583658  0.19725232
   0.70637000  0.19194000  0.09637000
   0.98142580  0.43934718  0.29797113
   0.79323239  0.06022300  0.39883371
   0.84596413  0.31589978  0.19704719
   0.91560279  0.19120570  0.49892847
   0.03971000  0.69194000  0.09637000
   0.31889589  0.94049154  0.29872505
   0.11824338  0.56369623  0.39861638
   0.17950647  0.81632790  0.19707387
   0.25677388  0.69636857  0.49429064
   0.37304000  0.69194000  0.09637000
   0.65084408  0.93939854  0.29608574
   0.44935668  0.56413658  0.39882560
   0.51290986  0.81514357  0.19500456
   0.58909014  0.69628929  0.49434272
   0.70637000  0.69194000  0.09637000
   0.98489143  0.93964488  0.29738982
   0.84742081  0.81518299  0.19546902
   0.91447743  0.70193309  0.49492627
   0.78444062  0.56449794  0.39864166
   0.17417000  0.33753000  0.11288000
   0.25111139  0.20973860  0.41306490
   0.04879898  0.33407289  0.51018168
   0.31386005  0.46046645  0.21368048
   0.11795620  0.08470462  0.31578191
   0.23858000  0.04636000  0.07986000
   0.04670325  0.17020706  0.17979703
   0.31556898  0.41965713  0.38182692
   0.14423200  0.04443462  0.48705918
   0.18332286  0.29289414  0.27990922
   0.50750000  0.33753000  0.11288000
   0.58325083  0.21146522  0.41925134
   0.38408590  0.33512220  0.51270475
   0.64661695  0.46061099  0.21420879
   0.45254228  0.08582410  0.31762656
   0.57191000  0.04636000  0.07986000
   0.38000935  0.17093030  0.18005690
   0.64987454  0.41957233  0.38176104
   0.47800811  0.04201639  0.48776979
   0.51606728  0.29305802  0.28057911
   0.84083000  0.33753000  0.11288000
   0.91644862  0.20796040  0.41504128
   0.71691021  0.34596637  0.51041743
   0.98046503  0.46073740  0.21412629
   0.78501201  0.08458278  0.31493023
   0.90524000  0.04636000  0.07986000
   0.71347403  0.17076020  0.17999047
   0.98106621  0.41872185  0.38187573
   0.80929815  0.03688951  0.48335329
   0.84927033  0.29324325  0.28023067
   0.17417000  0.83753000  0.11288000
   0.25644133  0.70854950  0.41061370
   0.07543258  0.82591938  0.51310998
   0.31575927  0.96152335  0.21449516
   0.11639508  0.58426263  0.31494642
   0.23858000  0.54636000  0.07986000
   0.04554185  0.67082695  0.18021146
   0.32245746  0.92021437  0.38281756
   0.12287171  0.55139553  0.48500483
   0.18293316  0.79448241  0.28024422
   0.50619000  0.83294000  0.10916000
   0.58916427  0.70845341  0.41051918
   0.40726951  0.82493534  0.51375077
   0.64817287  0.95995572  0.21190310
   0.44995553  0.58457840  0.31467008
   0.57191000  0.54636000  0.07986000
   0.37869921  0.67032640  0.17978900
   0.65457908  0.91809688  0.37983052
   0.45002342  0.55285225  0.48638827
   0.51533847  0.79361994  0.27840889
   0.83992000  0.83287000  0.10930000
   0.74436553  0.82219855  0.51323264
   0.98202407  0.96008458  0.21276839
   0.78302422  0.58464953  0.31441464
   0.90524000  0.54636000  0.07986000
   0.71220040  0.67072316  0.18026253
   0.98910262  0.91913886  0.38168771
   0.78612257  0.55447389  0.48585279
   0.84941955  0.79438881  0.27922413
   0.92278670  0.70874800  0.41032492
   0.78690812  0.55634671  0.66055087
   0.74304590  0.17370932  0.59182535
   0.75373544  0.38987827  0.60469129
   0.80357772  0.67427827  0.67374233
   0.77388269  0.59136470  0.72035742
   0.65515812  0.56523589  0.73826921
   0.87016758  0.57913788  0.74797824
   0.70934657  0.71223148  0.65744877
   0.92439547  0.72528689  0.66724605
