   0.18180251  0.06451298  0.19413504
   0.25645052  0.44182699  0.49721330
   0.03971000  0.44194000  0.09637000
   0.31842310  0.18981287  0.29760929
   0.11938552  0.31547123  0.39881067
   0.51513830  0.06430076  0.19383216
   0.58855192  0.44522884  0.49717384
   0.37304000  0.44194000  0.09637000
   0.65183798  0.18948121  0.29653632
   0.45057263  0.31556552  0.40243880
   0.84839483  0.06419772  0.19411368
   0.92575048  0.43791650  0.49951559
   0.70637000  0.44194000  0.09637000
   0.98517664  0.18901814  0.29722155
   0.78422506  0.31405320  0.39786943
   0.18081161  0.56407900  0.19396838
   0.27218460  0.93192537  0.50185556
   0.03971000  0.94194000  0.09637000
   0.31755099  0.68920526  0.29607328
   0.12283402  0.81527240  0.39631775
   0.51412838  0.56399043  0.19412036
   0.60652680  0.93269509  0.50154734
   0.37304000  0.94194000  0.09637000
   0.65145838  0.68892762  0.29588522
   0.45610338  0.81550895  0.39604898
   0.84742164  0.56404712  0.19406601
   0.93977946  0.93392835  0.50212542
   0.70637000  0.94194000  0.09637000
   0.98429830  0.68882503  0.29625778
   0.78996400  0.81532856  0.39567846
   0.57293560  0.18713522  0.50219824
   0.03971000  0.19194000  0.09637000
   0.31701237  0.43908097  0.29594935
   0.12462783  0.06172906  0.40052706
   0.18055251  0.31503426  0.19517914
   0.27233011  0.19211194  0.49947621
   0.37304000  0.19194000  0.09637000
   0.64929740  0.43839923  0.29632837
   0.46086398  0.06243500  0.39848980
   0.51438003  0.31533832  0.19506737
   0.70637000  0.19194000  0.09637000
   0.98351385  0.43884981  0.29617085
   0.78942656  0.06150823  0.39892288
   0.84772533  0.31534487  0.19514683
   0.93272499  0.19141562  0.49321882
   0.03971000  0.69194000  0.09637000
   0.31846230  0.94100857  0.29624230
   0.11936889  0.56226644  0.39707975
   0.18061143  0.81573881  0.19547593
   0.25647413  0.69462650  0.49253382
   0.37304000  0.69194000  0.09637000
   0.65218467  0.94017102  0.29616244
   0.45319574  0.56428446  0.39669947
   0.51444673  0.81537714  0.19540410
   0.58710280  0.70164589  0.49241998
   0.70637000  0.69194000  0.09637000
   0.98618435  0.94080401  0.29673853
   0.84781225  0.81550497  0.19568450
   0.92349462  0.69455785  0.49159047
   0.78756738  0.56177001  0.39653553
   0.17333000  0.33321000  0.10959000
   0.24827413  0.20794956  0.41591109
   0.05472931  0.33141829  0.51104606
   0.31507455  0.45963510  0.21175097
   0.11995262  0.08554322  0.31565665
   0.23858000  0.04636000  0.07986000
   0.04714279  0.17038730  0.17987214
   0.31768797  0.41956357  0.37969880
   0.14000362  0.04141605  0.48658280
   0.18387855  0.29333019  0.27854613
   0.50648000  0.33297000  0.10887000
   0.58859197  0.20998889  0.41827748
   0.39258714  0.34177091  0.50072051
   0.64865919  0.45987989  0.21226573
   0.45366353  0.08630264  0.31505398
   0.57191000  0.04636000  0.07986000
   0.38102356  0.17073387  0.17976195
   0.65022650  0.41796345  0.38069987
   0.47231883  0.03476972  0.48104013
   0.51736517  0.29334190  0.27848016
   0.83998000  0.33294000  0.10911000
   0.91789289  0.20836311  0.41177002
   0.71845717  0.33274181  0.51893267
   0.98194973  0.45998265  0.21208898
   0.78555447  0.08513627  0.31462714
   0.90524000  0.04636000  0.07986000
   0.71428156  0.17069330  0.17993210
   0.98288646  0.41885895  0.38047203
   0.80769445  0.04388047  0.48580662
   0.85107104  0.29337647  0.27868621
   0.17323000  0.83311000  0.10949000
   0.25582232  0.70773138  0.40896039
   0.07012318  0.82280368  0.51182675
   0.31624250  0.96058722  0.21225166
   0.11769233  0.58376949  0.31320382
   0.23858000  0.54636000  0.07986000
   0.04662637  0.67088519  0.18015371
   0.32211463  0.91943179  0.37948769
   0.12355911  0.54893092  0.48374632
   0.18408383  0.79436957  0.27898207
   0.50655000  0.83318000  0.10951000
   0.59072546  0.70904636  0.40838613
   0.40522482  0.82218384  0.51260940
   0.64967995  0.96028279  0.21216260
   0.45160529  0.58409312  0.31242447
   0.57191000  0.54636000  0.07986000
   0.38017131  0.67070865  0.18015528
   0.65543161  0.91914069  0.37989121
   0.45796278  0.55636163  0.48344511
   0.51778970  0.79426393  0.27883037
   0.83988000  0.83312000  0.10940000
   0.73881797  0.82538452  0.51434016
   0.98304402  0.96034142  0.21261369
   0.78450723  0.58321833  0.31289126
   0.90524000  0.54636000  0.07986000
   0.71350542  0.67082635  0.18010460
   0.98856189  0.91956682  0.38050477
   0.79499329  0.54775100  0.48395983
   0.85144952  0.79427000  0.27927541
   0.92193257  0.70749259  0.40853912
   0.78104602  0.56234433  0.65741503
   0.41600289  0.16359609  0.58522044
   0.72833884  0.41280747  0.60007030
   0.79783408  0.67904847  0.67447150
   0.76613031  0.58803269  0.71728058
   0.64761671  0.56113963  0.73489195
   0.86301880  0.57236519  0.74398584
   0.70245445  0.71900068  0.66054300
   0.91739224  0.72998254  0.66929786
