   0.17935785  0.06422422  0.19484288
   0.28978437  0.43136102  0.50297077
   0.03971000  0.44194000  0.09637000
   0.31716620  0.18890993  0.29749095
   0.13176111  0.31243901  0.39640517
   0.51275071  0.06389328  0.19444812
   0.61935848  0.43278642  0.49928862
   0.37304000  0.44194000  0.09637000
   0.65027849  0.18827179  0.29670558
   0.46496472  0.31284374  0.39695604
   0.84617046  0.06421383  0.19457168
   0.96008558  0.42904539  0.49606807
   0.70637000  0.44194000  0.09637000
   0.98373346  0.18848458  0.29694125
   0.79749509  0.31135177  0.39466097
   0.18178614  0.56476500  0.19440767
   0.24145456  0.94342951  0.50101174
   0.03971000  0.94194000  0.09637000
   0.31734965  0.69130981  0.29847256
   0.11120189  0.81825508  0.40082597
   0.51455253  0.56404414  0.19352991
   0.57787086  0.94521958  0.50413121
   0.37304000  0.94194000  0.09637000
   0.64975816  0.68990003  0.29669244
   0.44192729  0.82004631  0.40485370
   0.84836686  0.56446717  0.19400534
   0.90600949  0.93858706  0.50230608
   0.70637000  0.94194000  0.09637000
   0.98421519  0.69046049  0.29714882
   0.77479357  0.81804157  0.40023203
   0.57475947  0.69260577  0.49910113
   0.03971000  0.19194000  0.09637000
   0.32212827  0.43997170  0.29677852
   0.11498387  0.06365194  0.39911763
   0.18080804  0.31561549  0.19570357
   0.25740925  0.19475741  0.49495849
   0.37304000  0.19194000  0.09637000
   0.65427124  0.43777877  0.29434184
   0.44995863  0.06812384  0.40178394
   0.51355703  0.31420571  0.19467132
   0.58394176  0.20099092  0.50085196
   0.70637000  0.19194000  0.09637000
   0.98945876  0.43954290  0.29625718
   0.77987215  0.06442812  0.40001280
   0.84759843  0.31513029  0.19552085
   0.93104739  0.19049129  0.49495626
   0.03971000  0.69194000  0.09637000
   0.31394852  0.94169844  0.29894424
   0.13098163  0.56170529  0.39870324
   0.18035324  0.81632532  0.19627660
   0.26838577  0.69083782  0.49999453
   0.37304000  0.69194000  0.09637000
   0.64549454  0.94035897  0.29816881
   0.46307257  0.56161458  0.39853903
   0.51322989  0.81596029  0.19597499
   0.70637000  0.69194000  0.09637000
   0.97957015  0.94023730  0.29789308
   0.84614256  0.81621165  0.19684944
   0.92944052  0.69223604  0.49015268
   0.79477098  0.55940227  0.39516821
   0.17293000  0.33291000  0.10959000
   0.26382140  0.20536652  0.41010246
   0.08756474  0.31911092  0.51295415
   0.31618703  0.46057661  0.21283042
   0.11696126  0.08414248  0.31472633
   0.23858000  0.04636000  0.07986000
   0.04563765  0.17109427  0.18025393
   0.33102609  0.41650554  0.37999997
   0.10951484  0.05354709  0.48708653
   0.18427126  0.29412625  0.27935610
   0.50633000  0.33253000  0.10912000
   0.60055014  0.20955517  0.41502846
   0.42229372  0.31977156  0.51290395
   0.64887480  0.45907449  0.21068072
   0.45172559  0.08576239  0.31682331
   0.57191000  0.04636000  0.07986000
   0.37860462  0.17012091  0.17983093
   0.66434333  0.41549220  0.37814117
   0.44485256  0.06005773  0.48939488
   0.51723542  0.29264959  0.27810531
   0.83947000  0.33230000  0.10978000
   0.92953378  0.20613173  0.41139996
   0.75427311  0.32567850  0.52225596
   0.98301169  0.46027904  0.21236637
   0.78346194  0.08445535  0.31550545
   0.90524000  0.04636000  0.07986000
   0.71206501  0.17073341  0.18025608
   0.99706132  0.41636139  0.38012632
   0.78073912  0.05266516  0.48774307
   0.85109092  0.29387184  0.27924877
   0.17282000  0.83289000  0.10962000
   0.24047911  0.71088575  0.41663715
   0.03980027  0.83286081  0.51036627
   0.31429042  0.96095042  0.21393995
   0.11836917  0.58608150  0.31519826
   0.23858000  0.54636000  0.07986000
   0.04749916  0.67125357  0.18024275
   0.30902118  0.92439879  0.38337330
   0.15618729  0.53617287  0.48218957
   0.18289752  0.79543285  0.28009860
   0.50615000  0.83297000  0.10968000
   0.57683542  0.71165461  0.41547316
   0.37802839  0.84346078  0.50451651
   0.64720635  0.96073839  0.21355333
   0.45161862  0.58657105  0.31559968
   0.57191000  0.54636000  0.07986000
   0.38066275  0.67093214  0.18009015
   0.64145437  0.92203216  0.38259042
   0.48791568  0.53553852  0.48142177
   0.51559097  0.79456782  0.27947990
   0.84083000  0.83753000  0.11288000
   0.70456268  0.83436949  0.51472483
   0.98076795  0.96114513  0.21383164
   0.78424755  0.58381960  0.31184925
   0.90524000  0.54636000  0.07986000
   0.71374602  0.67071161  0.18002969
   0.97526818  0.92142111  0.38215689
   0.82358490  0.53738820  0.48196486
   0.84871175  0.79435765  0.27983186
   0.90792761  0.70948713  0.40879127
   0.80959375  0.61017141  0.62867554
   0.37087569  0.64804405  0.58618889
   0.80675956  0.44164528  0.59492202
   0.80391640  0.72868116  0.63025584
   0.76589103  0.65841441  0.68170397
   0.64255177  0.62990553  0.69370081
   0.85359581  0.66386538  0.71573309
   0.70835081  0.75236548  0.60502810
   0.91902050  0.78526685  0.62508261
