   0.18164038  0.06510795  0.19547243
   0.25573852  0.43584445  0.50302708
   0.03971000  0.44194000  0.09637000
   0.31824457  0.19038434  0.29992437
   0.11854345  0.31498777  0.40101674
   0.51440649  0.06449783  0.19462421
   0.58548391  0.43935999  0.49720701
   0.37304000  0.44194000  0.09637000
   0.65087980  0.18914756  0.29778869
   0.45435943  0.31620698  0.40161461
   0.84813177  0.06460844  0.19441015
   0.92909427  0.43782301  0.49862199
   0.70637000  0.44194000  0.09637000
   0.98495874  0.18941942  0.29763021
   0.78524028  0.31275202  0.39919081
   0.18020158  0.56549072  0.19534873
   0.26429139  0.93490535  0.50403891
   0.03971000  0.94194000  0.09637000
   0.31696888  0.69110670  0.29881295
   0.12242853  0.81645122  0.39937220
   0.51306382  0.56446646  0.19442134
   0.60014335  0.93411999  0.50402240
   0.37304000  0.94194000  0.09637000
   0.64958151  0.68979792  0.29643809
   0.45535270  0.81768387  0.40031650
   0.84711290  0.56516607  0.19495595
   0.93084434  0.93117711  0.50073821
   0.70637000  0.94194000  0.09637000
   0.98403803  0.69072764  0.29718754
   0.78739430  0.81550277  0.39810100
   0.60129966  0.18835514  0.50802280
   0.03971000  0.19194000  0.09637000
   0.31733517  0.44099724  0.29884371
   0.12187937  0.06145387  0.39973686
   0.18049831  0.31675020  0.19740528
   0.25725548  0.19339573  0.49491406
   0.37304000  0.19194000  0.09637000
   0.64978367  0.43874438  0.29591257
   0.45887176  0.06832262  0.40571926
   0.51276988  0.31524695  0.19642729
   0.70637000  0.19194000  0.09637000
   0.98407156  0.43997040  0.29748470
   0.79020274  0.06077416  0.39723843
   0.84689429  0.31616349  0.19680573
   0.91273523  0.18538935  0.49918857
   0.03971000  0.69194000  0.09637000
   0.31985014  0.94367233  0.30091484
   0.12113062  0.56276935  0.39875315
   0.18106105  0.81799561  0.19808540
   0.26030706  0.69480715  0.49459680
   0.37304000  0.69194000  0.09637000
   0.65064175  0.93914435  0.29611202
   0.45191246  0.56437230  0.40025487
   0.51295555  0.81546262  0.19534628
   0.59124342  0.69501625  0.49474620
   0.70637000  0.69194000  0.09637000
   0.98468083  0.93968833  0.29706408
   0.84739556  0.81578830  0.19546904
   0.92793330  0.69234962  0.49076865
   0.78778802  0.56135836  0.39605450
   0.17417000  0.33753000  0.11288000
   0.25345236  0.20786438  0.41214113
   0.05501451  0.32830318  0.51061395
   0.31459880  0.46213898  0.21491404
   0.11852290  0.08451529  0.31536124
   0.23858000  0.04636000  0.07986000
   0.04732881  0.17131047  0.18026425
   0.31889935  0.41995388  0.38288892
   0.13318480  0.04416128  0.48669146
   0.18425110  0.29448192  0.28072916
   0.50750000  0.33753000  0.11288000
   0.58728555  0.21423856  0.42341326
   0.38772158  0.33093580  0.51282947
   0.64739812  0.46050281  0.21247854
   0.45410409  0.08879275  0.32063718
   0.57191000  0.04636000  0.07986000
   0.38022386  0.17033925  0.17972715
   0.65317039  0.41745782  0.37969490
   0.46564743  0.04598379  0.49103749
   0.51677858  0.29280712  0.27935690
   0.84083000  0.33753000  0.11288000
   0.91882401  0.20759669  0.41442307
   0.72025756  0.34141833  0.51606222
   0.98152617  0.46156105  0.21375246
   0.78511004  0.08456353  0.31362625
   0.90524000  0.04636000  0.07986000
   0.71365749  0.17080563  0.17994464
   0.98435660  0.41896757  0.38144685
   0.79904533  0.03484266  0.47937792
   0.85048912  0.29383957  0.27990466
   0.17417000  0.83753000  0.11288000
   0.25542654  0.70882809  0.41149074
   0.06460780  0.82459502  0.51191826
   0.31705691  0.96295461  0.21627176
   0.11708030  0.58566724  0.31515777
   0.23858000  0.54636000  0.07986000
   0.04668354  0.67252710  0.18079934
   0.32171044  0.92298174  0.38514811
   0.13010035  0.54797884  0.48546244
   0.18424861  0.79709095  0.28181106
   0.50619000  0.83294000  0.10916000
   0.58749279  0.70940844  0.41216879
   0.39681410  0.82782327  0.51401731
   0.64871023  0.96007748  0.21202958
   0.45079010  0.58650359  0.31666798
   0.57191000  0.54636000  0.07986000
   0.37933315  0.67102686  0.17988318
   0.65313495  0.91740432  0.37929748
   0.45674927  0.54984351  0.48738776
   0.51559331  0.79401345  0.27873325
   0.83992000  0.83287000  0.10930000
   0.73187482  0.82389207  0.51506229
   0.98264038  0.96058620  0.21279088
   0.78343384  0.58430238  0.31199977
   0.90524000  0.54636000  0.07986000
   0.71258386  0.67122265  0.18004712
   0.98706616  0.91857737  0.38107156
   0.79478848  0.54809880  0.48312680
   0.84946875  0.79482557  0.27900434
   0.92045827  0.70777997  0.40804250
   0.78699917  0.57295717  0.65326574
   0.75668111  0.15007982  0.58796252
   0.74365707  0.43170041  0.59579493
   0.80526928  0.68615867  0.67550336
   0.77316205  0.58947382  0.71456688
   0.65360406  0.55830978  0.73169271
   0.86885661  0.56565863  0.73927322
   0.71217861  0.72879476  0.66409858
   0.92503608  0.73646834  0.67112273
