   0.18162030  0.06519009  0.19557000
   0.25687579  0.43624737  0.50266004
   0.03971000  0.44194000  0.09637000
   0.31840060  0.19074006  0.30003979
   0.11899811  0.31494875  0.40078023
   0.51429029  0.06444000  0.19462016
   0.58713590  0.43979810  0.49880928
   0.37304000  0.44194000  0.09637000
   0.65094047  0.18944967  0.29784999
   0.45461018  0.31689955  0.40207931
   0.84818943  0.06458985  0.19417031
   0.92740621  0.43610803  0.49928991
   0.70637000  0.44194000  0.09637000
   0.98517869  0.18954943  0.29739029
   0.78568091  0.31323880  0.39935937
   0.18022017  0.56556004  0.19546994
   0.26330240  0.93539139  0.50410975
   0.03971000  0.94194000  0.09637000
   0.31696048  0.69122061  0.29911963
   0.12133099  0.81608098  0.40027988
   0.51304027  0.56447986  0.19447006
   0.59723869  0.93741265  0.50335946
   0.37304000  0.94194000  0.09637000
   0.64926044  0.68994032  0.29671961
   0.45633969  0.81750198  0.40096964
   0.84724939  0.56521971  0.19485018
   0.93205137  0.93382340  0.50039936
   0.70637000  0.94194000  0.09637000
   0.98420950  0.69099989  0.29739974
   0.78696092  0.81392256  0.39916943
   0.60385654  0.19501467  0.50945872
   0.03971000  0.19194000  0.09637000
   0.31739983  0.44131934  0.29885964
   0.12203959  0.06116022  0.39942012
   0.18050006  0.31684986  0.19735011
   0.25499839  0.19443669  0.49509923
   0.37304000  0.19194000  0.09637000
   0.64949988  0.43856970  0.29548985
   0.45863014  0.06833938  0.40570992
   0.51284026  0.31523020  0.19630040
   0.70637000  0.19194000  0.09637000
   0.98430932  0.43975960  0.29743968
   0.79026087  0.06086041  0.39713049
   0.84701974  0.31606996  0.19676019
   0.91063086  0.18626770  0.49979844
   0.03971000  0.69194000  0.09637000
   0.31974036  0.94374015  0.30107975
   0.12015994  0.56267991  0.39901906
   0.18106010  0.81811997  0.19813001
   0.26350998  0.69316307  0.49409025
   0.37304000  0.69194000  0.09637000
   0.65093054  0.93922074  0.29608019
   0.45305895  0.56576898  0.40110826
   0.51300036  0.81552032  0.19529027
   0.61026505  0.68895896  0.50033231
   0.70637000  0.69194000  0.09637000
   0.98472975  0.93939046  0.29710988
   0.84743986  0.81569007  0.19545008
   0.91329997  0.68488158  0.49582364
   0.78936902  0.56132051  0.39385734
   0.17417000  0.33753000  0.11288000
   0.25317088  0.20762040  0.41218032
   0.05488163  0.32742359  0.51002082
   0.31460990  0.46213012  0.21475014
   0.11841026  0.08463974  0.31518015
   0.23858000  0.04636000  0.07986000
   0.04738006  0.17137002  0.18024987
   0.31950068  0.41995114  0.38255073
   0.13327159  0.04397189  0.48647031
   0.18450026  0.29449047  0.28057007
   0.50750000  0.33753000  0.11288000
   0.58831024  0.21494103  0.42392099
   0.38817277  0.32991296  0.51237073
   0.64749021  0.46054043  0.21253961
   0.45408955  0.08911967  0.32059019
   0.57191000  0.04636000  0.07986000
   0.38036940  0.17042962  0.17974981
   0.65296941  0.41608025  0.37799158
   0.46694036  0.04707286  0.49120023
   0.51705890  0.29274952  0.27903012
   0.84083000  0.33753000  0.11288000
   0.91850083  0.20723194  0.41502983
   0.72173076  0.34682858  0.52448526
   0.98139026  0.46160006  0.21375002
   0.78510037  0.08500041  0.31399916
   0.90524000  0.04636000  0.07986000
   0.71356021  0.17070008  0.17992980
   0.98507988  0.41778125  0.38091062
   0.79929064  0.03683073  0.47917039
   0.85058052  0.29355059  0.27972002
   0.17417000  0.83753000  0.11288000
   0.25540023  0.70891950  0.41149005
   0.06026185  0.82551867  0.51083098
   0.31700981  0.96307985  0.21634993
   0.11681012  0.58570994  0.31509046
   0.23858000  0.54636000  0.07986000
   0.04681001  0.67256000  0.18073999
   0.32197945  0.92310916  0.38514016
   0.12972910  0.54702978  0.48521097
   0.18427977  0.79716965  0.28180013
   0.50619000  0.83294000  0.10916000
   0.58692262  0.71019807  0.41626059
   0.39469881  0.82955613  0.51384038
   0.64877996  0.96020000  0.21225943
   0.45103013  0.58687013  0.31665081
   0.57191000  0.54636000  0.07986000
   0.37950950  0.67112968  0.17987992
   0.65396760  0.91783666  0.37889054
   0.45891703  0.54875304  0.48675260
   0.51590893  0.79424890  0.27870017
   0.83992000  0.83287000  0.10930000
   0.73010894  0.83467795  0.51035389
   0.98246020  0.96063981  0.21279994
   0.78330109  0.58477085  0.31162021
   0.90524000  0.54636000  0.07986000
   0.71255018  0.67110013  0.17995997
   0.98612006  0.91843862  0.38090022
   0.79418841  0.53733997  0.47451041
   0.84921030  0.79458980  0.27897016
   0.92221657  0.70712996  0.41150989
   0.78004205  0.56908944  0.64932827
   0.75868857  0.14935049  0.58656135
   0.74757121  0.46179016  0.60136422
   0.80491775  0.68166512  0.67335090
   0.77231416  0.58407437  0.71166209
   0.65315057  0.55456050  0.72874051
   0.86862288  0.56229825  0.73592987
   0.71011079  0.72385079  0.66245002
   0.92580969  0.73067897  0.66938902
