   0.18023990  0.06514001  0.19567015
   0.26966603  0.43836700  0.50249006
   0.03971000  0.44194000  0.09637000
   0.31722954  0.19048975  0.29942010
   0.12064948  0.31484877  0.40386988
   0.51345006  0.06475009  0.19565006
   0.59516411  0.43492731  0.50060929
   0.37304000  0.44194000  0.09637000
   0.65026014  0.18931990  0.29914991
   0.45302870  0.31503916  0.40224966
   0.84684008  0.06505981  0.19527018
   0.93422658  0.43731842  0.49809966
   0.70637000  0.44194000  0.09637000
   0.98378995  0.19016929  0.29938016
   0.78809061  0.31373904  0.39890936
   0.18067002  0.56545002  0.19583000
   0.25820187  0.93435199  0.50339960
   0.03971000  0.94194000  0.09637000
   0.31718997  0.69093045  0.30002972
   0.11928129  0.81596159  0.39993981
   0.51319032  0.56469990  0.19508999
   0.59379804  0.94144224  0.50507957
   0.37304000  0.94194000  0.09637000
   0.64921079  0.68996035  0.29809950
   0.45548890  0.81759180  0.40189980
   0.84717960  0.56476989  0.19513008
   0.92811312  0.93529379  0.50333942
   0.70637000  0.94194000  0.09637000
   0.98379971  0.69021027  0.29789958
   0.78618197  0.81475251  0.40086926
   0.93898003  0.19071778  0.50215879
   0.03971000  0.19194000  0.09637000
   0.31729968  0.44097932  0.29981967
   0.12154076  0.06086050  0.39861044
   0.17989001  0.31693983  0.19769015
   0.24259877  0.18665744  0.50119883
   0.37304000  0.19194000  0.09637000
   0.64917980  0.43806957  0.29603974
   0.45427925  0.06663979  0.40396990
   0.51241014  0.31520001  0.19651030
   0.58173542  0.20225473  0.50314876
   0.70637000  0.19194000  0.09637000
   0.98495950  0.43942963  0.29788967
   0.78712107  0.06382029  0.40294019
   0.84655983  0.31587992  0.19710018
   0.03971000  0.69194000  0.09637000
   0.31795995  0.94199043  0.30041976
   0.12297009  0.56292974  0.39949909
   0.18036000  0.81718017  0.19798002
   0.26300992  0.69732244  0.49471032
   0.37304000  0.69194000  0.09637000
   0.65051066  0.94137058  0.29973984
   0.45679856  0.56450878  0.40227835
   0.51289025  0.81701023  0.19779008
   0.61299474  0.69005885  0.50159245
   0.70637000  0.69194000  0.09637000
   0.98256050  0.93985079  0.29750002
   0.84589027  0.81604033  0.19688018
   0.91435969  0.68332123  0.49585435
   0.79009900  0.56001039  0.39458744
   0.17416342  0.33751899  0.11287692
   0.25393159  0.20599132  0.41630003
   0.06786001  0.33739294  0.50297058
   0.31485003  0.46218026  0.21550005
   0.11768004  0.08544015  0.31548943
   0.23858000  0.04636000  0.07986000
   0.04639998  0.17148014  0.18022987
   0.32051070  0.41935159  0.38362056
   0.12773125  0.03534069  0.48103021
   0.18334025  0.29468071  0.28097001
   0.50749209  0.33751824  0.11287567
   0.59014071  0.21196075  0.41909091
   0.39783336  0.32456358  0.51203076
   0.64738024  0.46038042  0.21298968
   0.45167023  0.08736977  0.31926017
   0.57191000  0.04636000  0.07986000
   0.37933965  0.17040974  0.17987981
   0.65265022  0.41553068  0.37871135
   0.46200161  0.05119268  0.49134024
   0.51619967  0.29234985  0.27927009
   0.84082277  0.33751836  0.11287631
   0.91735953  0.20842095  0.41757026
   0.72908373  0.33589939  0.52771520
   0.98154030  0.46119010  0.21410998
   0.78452978  0.08645003  0.31830969
   0.90524000  0.04636000  0.07986000
   0.71260010  0.17087004  0.18007983
   0.98715937  0.41811122  0.38126057
   0.79735961  0.04588190  0.48856051
   0.84947016  0.29344054  0.28033004
   0.17416347  0.83751881  0.11287727
   0.25502045  0.71006973  0.41198983
   0.05549083  0.82430663  0.51166120
   0.31499011  0.96240978  0.21603995
   0.11721011  0.58536008  0.31560038
   0.23858000  0.54636000  0.07986000
   0.04670007  0.67174999  0.18053995
   0.32026035  0.92190903  0.38452018
   0.13735910  0.55060993  0.48579089
   0.18357998  0.79568958  0.28158012
   0.50749317  0.83751889  0.11287712
   0.58613301  0.71052833  0.41793061
   0.39305928  0.83303691  0.51534031
   0.64816982  0.96217987  0.21558978
   0.45113039  0.58661038  0.31797071
   0.57191000  0.54636000  0.07986000
   0.38003969  0.67163984  0.18040995
   0.65322872  0.92025767  0.38333047
   0.47029724  0.54570379  0.48790254
   0.51625954  0.79526942  0.28126025
   0.84082254  0.83751843  0.11287616
   0.72525820  0.83786846  0.51264352
   0.98107992  0.96145995  0.21401962
   0.78303081  0.58428061  0.31233043
   0.90524000  0.54636000  0.07986000
   0.71279971  0.67076985  0.18000991
   0.98391818  0.91787725  0.38031043
   0.79712906  0.53386003  0.47564980
   0.84882950  0.79400918  0.27982016
   0.92076569  0.70669949  0.41200020
   0.77404075  0.56847781  0.64772017
   0.07998958  0.15766000  0.58537146
   0.75531957  0.46370841  0.60111138
   0.79891972  0.68101656  0.67173143
   0.76632425  0.58343514  0.71004288
   0.64715050  0.55392031  0.72712040
   0.86262286  0.56164839  0.73431986
   0.70412062  0.72320057  0.66082989
   0.91980970  0.73002919  0.66776907
