   0.28839841  0.43123891  0.49227934
   0.18090587  0.06374297  0.18367818
   0.03971000  0.44194000  0.08602000
   0.31699229  0.18780769  0.28737405
   0.12958754  0.31218475  0.38808511
   0.51426067  0.06355519  0.18361106
   0.62245976  0.42953632  0.48865299
   0.37304000  0.44194000  0.08602000
   0.65032947  0.18745941  0.28713260
   0.46243521  0.31168323  0.38790832
   0.84767965  0.06382256  0.18368805
   0.95583899  0.43156827  0.49066671
   0.70637000  0.44194000  0.08602000
   0.98377326  0.18780133  0.28748352
   0.79613771  0.31142407  0.38739903
   0.18128945  0.56351580  0.18426498
   0.24893822  0.93910933  0.49219275
   0.03971000  0.94194000  0.08602000
   0.31839665  0.68856776  0.28707595
   0.11207422  0.81640057  0.38807266
   0.51444164  0.56327489  0.18398932
   0.58221697  0.93958924  0.49296804
   0.37304000  0.94194000  0.08602000
   0.65160239  0.68806994  0.28644373
   0.44539532  0.81676215  0.38913008
   0.84785789  0.56328515  0.18404702
   0.91558577  0.93934293  0.49230574
   0.70637000  0.94194000  0.08602000
   0.98502094  0.68809945  0.28660015
   0.77846320  0.81604651  0.38808567
   0.03971000  0.19194000  0.08602000
   0.32116907  0.43904217  0.28804718
   0.11492109  0.06183383  0.38782998
   0.18042620  0.31587269  0.18694436
   0.25989608  0.19291454  0.48273145
   0.37304000  0.19194000  0.08602000
   0.65412715  0.43801815  0.28726323
   0.44883577  0.06205984  0.38791478
   0.51356686  0.31528486  0.18660307
   0.59368151  0.19279993  0.48317712
   0.70637000  0.19194000  0.08602000
   0.98798395  0.43858885  0.28769314
   0.78191812  0.06192839  0.38799478
   0.84716947  0.31555418  0.18677280
   0.92696102  0.19359219  0.48300962
   0.03971000  0.69194000  0.08602000
   0.31382215  0.93882087  0.28595881
   0.13020933  0.55994277  0.38949224
   0.18048652  0.81447306  0.18484567
   0.26331815  0.69371048  0.48478285
   0.37304000  0.69194000  0.08602000
   0.64701354  0.93861722  0.28596241
   0.46312060  0.56081384  0.38973873
   0.51384406  0.81448452  0.18471943
   0.59719955  0.69505327  0.48593483
   0.70637000  0.69194000  0.08602000
   0.98026987  0.93875158  0.28581985
   0.84714180  0.81449514  0.18473135
   0.93055382  0.69348777  0.48361193
   0.79652674  0.55971334  0.38842630
   0.17417000  0.33753000  0.10253000
   0.26145447  0.20301272  0.39850462
   0.08715033  0.32081340  0.49721743
   0.31607392  0.46070600  0.20443427
   0.11684427  0.08212743  0.30338068
   0.23858000  0.04636000  0.06951000
   0.04730019  0.17066923  0.16988369
   0.32924528  0.41764752  0.37206632
   0.11760925  0.04964398  0.47554331
   0.18413539  0.29353959  0.27046792
   0.50750000  0.33753000  0.10253000
   0.59555645  0.20304734  0.39871129
   0.42132901  0.32010757  0.49484183
   0.64913811  0.46017207  0.20376504
   0.45020879  0.08216356  0.30343592
   0.57191000  0.04636000  0.06951000
   0.38046569  0.17018173  0.16970093
   0.66203926  0.41663599  0.37141223
   0.45117549  0.04985133  0.47564317
   0.51731581  0.29286593  0.26996347
   0.84083000  0.33753000  0.10253000
   0.92892613  0.20308076  0.39866334
   0.75467563  0.32033794  0.49684043
   0.98277550  0.46044732  0.20414242
   0.78354411  0.08198628  0.30347816
   0.90524000  0.04636000  0.06951000
   0.71382202  0.17043673  0.16979424
   0.99540427  0.41694602  0.37169387
   0.78442308  0.05027102  0.47576229
   0.85070576  0.29314173  0.27022497
   0.17316000  0.83290000  0.09904000
   0.24571383  0.71022568  0.40307883
   0.04806971  0.83261417  0.50233637
   0.31494433  0.95918362  0.20174934
   0.11966739  0.58460149  0.30588145
   0.23858000  0.54636000  0.06951000
   0.04705813  0.66973226  0.16960744
   0.31031726  0.91957227  0.37042060
   0.15562050  0.54146314  0.47629607
   0.18379267  0.79224208  0.26847720
   0.50645000  0.83283000  0.09878000
   0.57913190  0.71040286  0.40406462
   0.38163218  0.83299249  0.50306802
   0.64839809  0.95916538  0.20170707
   0.45312367  0.58513229  0.30626007
   0.57191000  0.54636000  0.06951000
   0.38048659  0.66975857  0.16956993
   0.64352034  0.91923414  0.37047501
   0.48953055  0.54196306  0.47770562
   0.51717724  0.79214973  0.26832962
   0.83986000  0.83290000  0.09896000
   0.71510813  0.83398387  0.50439507
   0.98162182  0.95927170  0.20167086
   0.78603871  0.58396909  0.30501839
   0.90524000  0.54636000  0.06951000
   0.71371037  0.66967489  0.16957098
   0.97653115  0.91922503  0.37016543
   0.82195464  0.54109855  0.47568778
   0.85043874  0.79205187  0.26830108
   0.91220321  0.70962932  0.40198345
   0.80056718  0.64951508  0.63876929
   0.41522085  0.41992145  0.65771232
   0.59018543  0.52432269  0.59149246
   0.92049706  0.74702101  0.65534083
   0.81703884  0.68136020  0.69906611
   0.71876599  0.71330088  0.71663327
   0.86242079  0.62277534  0.72616602
   0.89658491  0.82622659  0.64072079
   0.04138403  0.73612961  0.65018281
