   0.17762414  0.06435451  0.19541144
   0.29193225  0.42699940  0.50166243
   0.03971000  0.44194000  0.09637000
   0.31353749  0.18800905  0.29837317
   0.13061700  0.31036402  0.39765638
   0.51092562  0.06436817  0.19545351
   0.62694881  0.42752660  0.50175169
   0.37304000  0.44194000  0.09637000
   0.64703525  0.18797354  0.29845347
   0.46356140  0.31037890  0.39764402
   0.84429786  0.06447478  0.19546413
   0.96084449  0.42627077  0.50013756
   0.70637000  0.44194000  0.09637000
   0.98061623  0.18825957  0.29837456
   0.79711068  0.31014585  0.39712574
   0.18002045  0.56443528  0.19512590
   0.24332035  0.94076295  0.50266655
   0.03971000  0.94194000  0.09637000
   0.31443738  0.68955902  0.29935059
   0.10712669  0.81606228  0.40194192
   0.51335601  0.56438814  0.19500195
   0.57500709  0.94349345  0.50208071
   0.37304000  0.94194000  0.09637000
   0.64764782  0.68958826  0.29893302
   0.43810578  0.81669446  0.40477659
   0.84670564  0.56440596  0.19518917
   0.91009113  0.94289966  0.50367559
   0.70637000  0.94194000  0.09637000
   0.98142195  0.68944969  0.29866406
   0.77198701  0.81708163  0.40257158
   0.92430268  0.69087056  0.49650552
   0.03971000  0.19194000  0.09637000
   0.32002807  0.43885188  0.29812190
   0.11171531  0.06248472  0.39990674
   0.17936730  0.31547237  0.19631353
   0.25181659  0.19485592  0.49577281
   0.37304000  0.19194000  0.09637000
   0.65255323  0.43829503  0.29758966
   0.44453250  0.06254704  0.39962558
   0.51197260  0.31561029  0.19714159
   0.58409362  0.19680380  0.49526137
   0.70637000  0.19194000  0.09637000
   0.98699688  0.43857507  0.29776514
   0.77848617  0.06268868  0.39965728
   0.84534555  0.31572849  0.19716108
   0.91811381  0.19592310  0.49523815
   0.03971000  0.69194000  0.09637000
   0.30919032  0.93908543  0.29844244
   0.12919026  0.55903131  0.39996648
   0.17789260  0.81574685  0.19716059
   0.26165455  0.68779010  0.50022106
   0.37304000  0.69194000  0.09637000
   0.64193747  0.93933592  0.29853260
   0.46161328  0.55989344  0.40101455
   0.51117358  0.81581846  0.19717023
   0.60679007  0.68921547  0.49842945
   0.70637000  0.69194000  0.09637000
   0.97561004  0.93955851  0.29850763
   0.84444183  0.81600598  0.19716215
   0.79628316  0.55892149  0.39828253
   0.17310000  0.33301000  0.10976000
   0.26319689  0.20272200  0.41067902
   0.09154940  0.31553145  0.51159073
   0.31429912  0.46069783  0.21417202
   0.11322831  0.08315729  0.31561475
   0.23858000  0.04636000  0.07986000
   0.04422799  0.17103288  0.18023659
   0.33062079  0.41541853  0.38183535
   0.11153374  0.05101348  0.48776613
   0.18151831  0.29355887  0.28010182
   0.50750000  0.33753000  0.11288000
   0.59657573  0.20289251  0.41030149
   0.42523677  0.31651021  0.51225836
   0.64749163  0.46096478  0.21437633
   0.44649417  0.08282511  0.31534882
   0.57191000  0.04636000  0.07986000
   0.37738077  0.17082665  0.18021363
   0.66332552  0.41488606  0.38101884
   0.44430711  0.05374368  0.48712547
   0.51437092  0.29309216  0.28038974
   0.84083000  0.33753000  0.11288000
   0.92976995  0.20278608  0.41039904
   0.75782073  0.31752863  0.51209643
   0.98123353  0.46101496  0.21437687
   0.77996992  0.08290618  0.31538465
   0.90524000  0.04636000  0.07986000
   0.71069520  0.17080113  0.18013215
   0.99646482  0.41426581  0.38096852
   0.77919516  0.05280073  0.48744993
   0.84771694  0.29312637  0.28035730
   0.17417000  0.83753000  0.11288000
   0.23842211  0.70899224  0.41823731
   0.03664440  0.83203243  0.51476016
   0.31170705  0.96076695  0.21446311
   0.11569741  0.58555895  0.31699638
   0.23858000  0.54636000  0.07986000
   0.04585490  0.67038218  0.17998479
   0.30445305  0.91918219  0.38257500
   0.15811273  0.53164926  0.48315768
   0.17960774  0.79258154  0.28028744
   0.50750000  0.83753000  0.11288000
   0.57335911  0.70944663  0.41917512
   0.37736135  0.83783011  0.50832459
   0.64505865  0.96085711  0.21453046
   0.44937282  0.58590900  0.31793757
   0.57191000  0.54636000  0.07986000
   0.37929965  0.67038629  0.17998770
   0.63714179  0.91941406  0.38293611
   0.49564754  0.53582184  0.48697009
   0.51294675  0.79267527  0.28035390
   0.84083000  0.83753000  0.11288000
   0.70923046  0.83421387  0.51200812
   0.97845986  0.96103692  0.21455752
   0.78218046  0.58518679  0.31621153
   0.90524000  0.54636000  0.07986000
   0.71255921  0.67045398  0.18001277
   0.97106368  0.91946021  0.38296556
   0.82670476  0.53529997  0.48360344
   0.84611984  0.79290611  0.28033155
   0.90533094  0.71007921  0.41526932
   0.75056307  0.56593547  0.64476508
   0.25273367  0.64948218  0.60040078
   0.98183825  0.65067326  0.60957921
   0.59874389  0.60197192  0.63958607
   0.66028081  0.58070249  0.69697597
   0.61195701  0.50201759  0.71845561
   0.71521781  0.65097091  0.72375326
   0.50715076  0.53892312  0.61943764
   0.61069935  0.68767255  0.62518882
