   0.29349857  0.42980438  0.49094191
   0.17891961  0.06436118  0.18501981
   0.03971000  0.44194000  0.08602000
   0.31551959  0.18812408  0.28846707
   0.13116733  0.31185429  0.38851570
   0.51228714  0.06428946  0.18484995
   0.62568207  0.42837014  0.48972261
   0.37304000  0.44194000  0.08602000
   0.64897758  0.18819966  0.28835782
   0.46425289  0.31133273  0.38766537
   0.84560362  0.06439138  0.18502893
   0.96235375  0.43024916  0.49251420
   0.70637000  0.44194000  0.08602000
   0.98232926  0.18835407  0.28856611
   0.79770031  0.31162812  0.38811682
   0.18129393  0.56408712  0.18479935
   0.24574733  0.93943846  0.49372610
   0.03971000  0.94194000  0.08602000
   0.31626406  0.68903856  0.28849673
   0.10786394  0.81728869  0.39087164
   0.51483382  0.56403699  0.18469033
   0.57890551  0.94145842  0.49101909
   0.37304000  0.94194000  0.08602000
   0.65006124  0.68924718  0.28859658
   0.44216100  0.81683171  0.39067368
   0.84805156  0.56392077  0.18476855
   0.91490329  0.94305139  0.49231744
   0.70637000  0.94194000  0.08602000
   0.98314629  0.68905290  0.28844482
   0.77400020  0.81756002  0.39262061
   0.03971000  0.19194000  0.08602000
   0.32095002  0.43869868  0.28783693
   0.11425316  0.06289440  0.38932216
   0.17973364  0.31567248  0.18688159
   0.26175649  0.19359330  0.48443472
   0.37304000  0.19194000  0.08602000
   0.65464148  0.43865728  0.28811385
   0.44657821  0.06298178  0.38930129
   0.51328692  0.31559062  0.18702927
   0.59475480  0.19314648  0.48455092
   0.70637000  0.19194000  0.08602000
   0.98746181  0.43860638  0.28805507
   0.78017441  0.06301651  0.38888224
   0.84645100  0.31565950  0.18698859
   0.92763712  0.19521832  0.48377437
   0.03971000  0.69194000  0.08602000
   0.31088002  0.93951068  0.28787417
   0.12937230  0.55990138  0.39000139
   0.17897074  0.81562091  0.18668967
   0.26454837  0.69332855  0.48483481
   0.37304000  0.69194000  0.08602000
   0.64421809  0.93936981  0.28771315
   0.46289366  0.55985738  0.38990955
   0.51232868  0.81539952  0.18671767
   0.60572385  0.68789333  0.48798776
   0.70637000  0.69194000  0.08602000
   0.97705139  0.93956052  0.28809346
   0.84567100  0.81563034  0.18677811
   0.92394326  0.69372442  0.48762061
   0.79774676  0.55991571  0.38995455
   0.17417000  0.33753000  0.10253000
   0.26404142  0.20343538  0.39917736
   0.09431847  0.31868195  0.49660914
   0.31575415  0.46073445  0.20444690
   0.11513968  0.08288619  0.30484483
   0.23858000  0.04636000  0.06951000
   0.04552372  0.17092412  0.16984906
   0.33072152  0.41618129  0.37096338
   0.11705233  0.05174579  0.47680597
   0.18308174  0.29341228  0.27014361
   0.50750000  0.33753000  0.10253000
   0.59665398  0.20332996  0.39923969
   0.42556248  0.31814209  0.49967256
   0.64907392  0.46072021  0.20443232
   0.44846531  0.08279102  0.30485307
   0.57191000  0.04636000  0.06951000
   0.37870157  0.17077899  0.16986918
   0.66375065  0.41632792  0.37170822
   0.44758000  0.05195595  0.47666799
   0.51606539  0.29338015  0.27042280
   0.84083000  0.33753000  0.10253000
   0.93030954  0.20318770  0.39865670
   0.75914988  0.31857488  0.49860987
   0.98258702  0.46066062  0.20431223
   0.78197719  0.08272768  0.30445444
   0.90524000  0.04636000  0.06951000
   0.71203969  0.17074081  0.16983991
   0.99695119  0.41632442  0.37167582
   0.78189637  0.05436908  0.47625788
   0.84949821  0.29335120  0.27029369
   0.17417000  0.83753000  0.10253000
   0.24165327  0.71073378  0.40345779
   0.04431175  0.83473873  0.50391624
   0.31299112  0.96077033  0.20408919
   0.11765648  0.58483217  0.30626603
   0.23858000  0.54636000  0.06951000
   0.04740555  0.67004860  0.16959077
   0.30697430  0.92025187  0.37190064
   0.16076910  0.54000839  0.47557005
   0.18161471  0.79272460  0.26978462
   0.50750000  0.83753000  0.10253000
   0.57315615  0.70959245  0.40601874
   0.37885252  0.83396576  0.50346610
   0.64626968  0.96058858  0.20379263
   0.45105243  0.58512247  0.30669956
   0.57191000  0.54636000  0.06951000
   0.38061151  0.66990166  0.16955119
   0.63971595  0.92033048  0.37168868
   0.49145622  0.53520592  0.47328334
   0.51486209  0.79237217  0.26983408
   0.84083000  0.83753000  0.10253000
   0.71427771  0.83901969  0.49527043
   0.97962874  0.96085833  0.20415117
   0.78453639  0.58520001  0.30652699
   0.90524000  0.54636000  0.06951000
   0.71408049  0.66999044  0.16955183
   0.97307561  0.92049073  0.37223008
   0.82726412  0.53758776  0.47540260
   0.84829994  0.79263890  0.26988368
   0.90859943  0.71054901  0.40533808
   0.72224668  0.62645972  0.63591057
   0.01312055  0.45635931  0.63313624
   0.82683531  0.54439150  0.59742949
   0.63282414  0.70879949  0.65133510
   0.66107356  0.62684518  0.69399808
   0.56758606  0.55391523  0.70329446
   0.75004135  0.65245984  0.72722094
   0.51883659  0.69618002  0.62946703
   0.70241161  0.79423304  0.65323345
