   0.17767543  0.06436863  0.19540112
   0.29292623  0.42743831  0.50191249
   0.03971000  0.44194000  0.09637000
   0.31360344  0.18807638  0.29842614
   0.13073148  0.31031453  0.39778961
   0.51088343  0.06435140  0.19546922
   0.62783563  0.42953781  0.50247081
   0.37304000  0.44194000  0.09637000
   0.64689212  0.18800003  0.29854341
   0.46374241  0.31058472  0.39779854
   0.84429120  0.06443307  0.19547932
   0.95995082  0.42681149  0.50018529
   0.70637000  0.44194000  0.09637000
   0.98059262  0.18822458  0.29845416
   0.79685467  0.31029031  0.39732500
   0.18014905  0.56449429  0.19508355
   0.24190826  0.94059443  0.50268667
   0.03971000  0.94194000  0.09637000
   0.31475171  0.68959677  0.29936866
   0.10642897  0.81591486  0.40208043
   0.51339651  0.56439859  0.19502868
   0.57633368  0.94343164  0.50194483
   0.37304000  0.94194000  0.09637000
   0.64760263  0.68951665  0.29912642
   0.43884484  0.81619028  0.40462816
   0.84658049  0.56445537  0.19520932
   0.90975450  0.94231047  0.50377989
   0.70637000  0.94194000  0.09637000
   0.98106097  0.68945977  0.29878201
   0.77131114  0.81651341  0.40285048
   0.92039511  0.68927710  0.49752816
   0.03971000  0.19194000  0.09637000
   0.32021426  0.43894215  0.29823952
   0.11159897  0.06247074  0.39995505
   0.17941682  0.31548002  0.19629211
   0.25177205  0.19562473  0.49603834
   0.37304000  0.19194000  0.09637000
   0.65262322  0.43847657  0.29777348
   0.44462126  0.06256525  0.39961964
   0.51197021  0.31566652  0.19714964
   0.58395636  0.19764896  0.49555625
   0.70637000  0.19194000  0.09637000
   0.98686980  0.43855277  0.29782380
   0.77836162  0.06263583  0.39965811
   0.84526696  0.31571265  0.19709521
   0.91775973  0.19664257  0.49551765
   0.03971000  0.69194000  0.09637000
   0.30919823  0.93903283  0.29852372
   0.12898335  0.55904159  0.40021658
   0.17789977  0.81573133  0.19714179
   0.26161886  0.68675862  0.50093551
   0.37304000  0.69194000  0.09637000
   0.64188411  0.93930346  0.29866817
   0.46217108  0.56023528  0.40157884
   0.51118913  0.81582982  0.19719754
   0.61100275  0.68571549  0.50122964
   0.70637000  0.69194000  0.09637000
   0.97554526  0.93953276  0.29862947
   0.84442237  0.81599215  0.19716929
   0.79657876  0.55886428  0.39886404
   0.17310000  0.33301000  0.10976000
   0.26297807  0.20251549  0.41051387
   0.09149353  0.31521459  0.51134690
   0.31418847  0.46067242  0.21419828
   0.11317447  0.08313218  0.31555481
   0.23858000  0.04636000  0.07986000
   0.04426678  0.17107637  0.18025811
   0.33035335  0.41530910  0.38153343
   0.11167827  0.05059347  0.48769598
   0.18146460  0.29356873  0.28002542
   0.50750000  0.33753000  0.11288000
   0.59650541  0.20266670  0.41010649
   0.42503700  0.31556869  0.51192440
   0.64748041  0.46095097  0.21435246
   0.44637837  0.08281089  0.31526595
   0.57191000  0.04636000  0.07986000
   0.37738986  0.17082984  0.18020987
   0.66312561  0.41448012  0.38066642
   0.44415945  0.05271069  0.48712216
   0.51433447  0.29298855  0.28029679
   0.84083000  0.33753000  0.11288000
   0.92977653  0.20272480  0.41020598
   0.75797423  0.31662470  0.51187690
   0.98123008  0.46095539  0.21448250
   0.77997834  0.08297538  0.31526835
   0.90524000  0.04636000  0.07986000
   0.71083906  0.17087389  0.18014847
   0.99700921  0.41439561  0.38061696
   0.77903463  0.05242637  0.48735705
   0.84795124  0.29329597  0.28026637
   0.17417000  0.83753000  0.11288000
   0.23822734  0.70885052  0.41824549
   0.03891291  0.83505594  0.51424096
   0.31166332  0.96076051  0.21446950
   0.11563584  0.58541285  0.31706686
   0.23858000  0.54636000  0.07986000
   0.04589639  0.67037075  0.18000798
   0.30455324  0.91934293  0.38250660
   0.15803326  0.53183807  0.48269611
   0.17966477  0.79257824  0.28021556
   0.50750000  0.83753000  0.11288000
   0.57238943  0.70993137  0.41917803
   0.37719683  0.83855271  0.50811550
   0.64505028  0.96088768  0.21451198
   0.44900058  0.58576113  0.31775649
   0.57191000  0.54636000  0.07986000
   0.37932907  0.67038086  0.17998948
   0.63720467  0.91994876  0.38274400
   0.49240034  0.53412506  0.48527785
   0.51283062  0.79275439  0.28023928
   0.84083000  0.83753000  0.11288000
   0.70911686  0.83996707  0.51089169
   0.97842274  0.96103978  0.21458814
   0.78220732  0.58518883  0.31600037
   0.90524000  0.54636000  0.07986000
   0.71263418  0.67051592  0.18000049
   0.97122915  0.91983895  0.38269984
   0.82828340  0.53312148  0.48149252
   0.84629400  0.79305846  0.28020942
   0.90638939  0.71020956  0.41542345
   0.75014064  0.56552965  0.64519345
   0.25338351  0.64917745  0.59973399
   0.97852337  0.65036428  0.60999152
   0.60061645  0.60180246  0.63927294
   0.66008170  0.58049300  0.69686863
   0.61226126  0.50194912  0.71830352
   0.71531192  0.65107009  0.72370723
   0.50811420  0.53944305  0.61953211
   0.60998309  0.68755907  0.62519095
