   0.17766045  0.06436414  0.19540478
   0.29261936  0.42730185  0.50185519
   0.03971000  0.44194000  0.09637000
   0.31358197  0.18806452  0.29841349
   0.13070360  0.31032934  0.39775562
   0.51089465  0.06435600  0.19546665
   0.62762495  0.42903973  0.50230983
   0.37304000  0.44194000  0.09637000
   0.64693179  0.18800012  0.29852184
   0.46368483  0.31053470  0.39776102
   0.84429513  0.06444312  0.19547709
   0.96021532  0.42665275  0.50016989
   0.70637000  0.44194000  0.09637000
   0.98060122  0.18823956  0.29843503
   0.79693542  0.31025860  0.39727590
   0.18011319  0.56447559  0.19509519
   0.24229528  0.94067440  0.50267577
   0.03971000  0.94194000  0.09637000
   0.31465912  0.68958621  0.29936427
   0.10662196  0.81596348  0.40204912
   0.51338509  0.56439396  0.19502435
   0.57592026  0.94353517  0.50196063
   0.37304000  0.94194000  0.09637000
   0.64761124  0.68953840  0.29908199
   0.43863157  0.81632211  0.40465486
   0.84661481  0.56444023  0.19520708
   0.90990012  0.94254110  0.50374679
   0.70637000  0.94194000  0.09637000
   0.98116234  0.68945904  0.29875584
   0.77147851  0.81665548  0.40278659
   0.92129547  0.68969305  0.49732575
   0.03971000  0.19194000  0.09637000
   0.32016276  0.43891647  0.29820522
   0.11162831  0.06247318  0.39993886
   0.17940643  0.31548009  0.19629903
   0.25171331  0.19541112  0.49596747
   0.37304000  0.19194000  0.09637000
   0.65260103  0.43843261  0.29771943
   0.44459265  0.06254970  0.39961845
   0.51197090  0.31565513  0.19714845
   0.58391172  0.19741647  0.49547850
   0.70637000  0.19194000  0.09637000
   0.98690185  0.43856185  0.29780352
   0.77839963  0.06265490  0.39965192
   0.84528975  0.31572131  0.19711226
   0.91779157  0.19645463  0.49544449
   0.03971000  0.69194000  0.09637000
   0.30919242  0.93904210  0.29850317
   0.12902704  0.55904678  0.40013994
   0.17789902  0.81573570  0.19714763
   0.26164785  0.68701593  0.50075717
   0.37304000  0.69194000  0.09637000
   0.64189755  0.93931480  0.29862945
   0.46201097  0.56015436  0.40141142
   0.51118628  0.81582925  0.19718949
   0.61016084  0.68658438  0.50060663
   0.70637000  0.69194000  0.09637000
   0.97556247  0.93954178  0.29859502
   0.84443012  0.81599919  0.19716696
   0.79650926  0.55887827  0.39868089
   0.17310000  0.33301000  0.10976000
   0.26303721  0.20256618  0.41055926
   0.09153782  0.31532780  0.51140222
   0.31421617  0.46068033  0.21419266
   0.11318908  0.08313933  0.31557055
   0.23858000  0.04636000  0.07986000
   0.04425624  0.17106450  0.18025192
   0.33042978  0.41533890  0.38161009
   0.11163986  0.05070302  0.48771553
   0.18147964  0.29356458  0.28004314
   0.50750000  0.33753000  0.11288000
   0.59652311  0.20272137  0.41016045
   0.42515811  0.31582623  0.51200424
   0.64748176  0.46095413  0.21436051
   0.44640577  0.08281380  0.31528543
   0.57191000  0.04636000  0.07986000
   0.37738942  0.17082931  0.18020944
   0.66317672  0.41457868  0.38075291
   0.44422312  0.05294203  0.48712924
   0.51434911  0.29301653  0.28031903
   0.84083000  0.33753000  0.11288000
   0.92976516  0.20274050  0.41025829
   0.75795535  0.31686919  0.51193222
   0.98123032  0.46097301  0.21445797
   0.77997289  0.08296025  0.31529567
   0.90524000  0.04636000  0.07986000
   0.71080325  0.17085388  0.18014348
   0.99687573  0.41434853  0.38070518
   0.77911523  0.05254540  0.48738012
   0.84788986  0.29325004  0.28028723
   0.17417000  0.83753000  0.11288000
   0.23828409  0.70888496  0.41826344
   0.03830062  0.83428994  0.51434227
   0.31167417  0.96076216  0.21446788
   0.11565493  0.58545491  0.31705657
   0.23858000  0.54636000  0.07986000
   0.04588458  0.67037319  0.18000139
   0.30453113  0.91928708  0.38252818
   0.15804392  0.53176629  0.48281429
   0.17964767  0.79257247  0.28023374
   0.50750000  0.83753000  0.11288000
   0.57264939  0.70980493  0.41923703
   0.37721916  0.83836523  0.50816622
   0.64505119  0.96088008  0.21451845
   0.44910068  0.58579754  0.31781047
   0.57191000  0.54636000  0.07986000
   0.37932604  0.67038367  0.17998779
   0.63718722  0.91981377  0.38278982
   0.49318690  0.53450160  0.48566352
   0.51286537  0.79273601  0.28026967
   0.84083000  0.83753000  0.11288000
   0.70910660  0.83851747  0.51112630
   0.97843169  0.96103908  0.21458207
   0.78219856  0.58518499  0.31606704
   0.90524000  0.54636000  0.07986000
   0.71261513  0.67050256  0.18000207
   0.97116093  0.91973734  0.38276476
   0.82790181  0.53358451  0.48195896
   0.84624165  0.79302070  0.28024023
   0.90612556  0.71017540  0.41540202
   0.74997912  0.56562669  0.64513929
   0.25319864  0.64923456  0.59987797
   0.97928711  0.65044375  0.60989833
   0.60080120  0.60174505  0.63967530
   0.66015272  0.58092826  0.69653687
   0.61203629  0.50168440  0.71841321
   0.71528548  0.65103766  0.72373091
   0.50766975  0.53915847  0.61944082
   0.61015685  0.68771968  0.62516132
