   0.29340529  0.43008753  0.49123485
   0.17889100  0.06437787  0.18497012
   0.03971000  0.44194000  0.08602000
   0.31555632  0.18814211  0.28833073
   0.13107462  0.31184185  0.38836349
   0.51225361  0.06425412  0.18481419
   0.62498119  0.42745135  0.48997725
   0.37304000  0.44194000  0.08602000
   0.64897382  0.18808360  0.28823927
   0.46413444  0.31128459  0.38752365
   0.84563602  0.06437838  0.18494309
   0.96316249  0.43008702  0.49348362
   0.70637000  0.44194000  0.08602000
   0.98248587  0.18831775  0.28838524
   0.79771807  0.31148107  0.38797871
   0.18136241  0.56400005  0.18471220
   0.24612524  0.93960966  0.49368554
   0.03971000  0.94194000  0.08602000
   0.31632410  0.68898052  0.28832852
   0.10819525  0.81731423  0.39049736
   0.51475844  0.56396832  0.18466150
   0.57917688  0.94050445  0.49132322
   0.37304000  0.94194000  0.08602000
   0.64999504  0.68919437  0.28841371
   0.44183341  0.81709532  0.39040904
   0.84809756  0.56394705  0.18466166
   0.91445099  0.94242603  0.49238888
   0.70637000  0.94194000  0.08602000
   0.98328525  0.68905641  0.28820308
   0.77466051  0.81783266  0.39209161
   0.03971000  0.19194000  0.08602000
   0.32098084  0.43865426  0.28779525
   0.11430960  0.06294365  0.38915810
   0.17980989  0.31568257  0.18691417
   0.26161300  0.19372838  0.48430274
   0.37304000  0.19194000  0.08602000
   0.65441304  0.43861339  0.28797412
   0.44651395  0.06306248  0.38908838
   0.51315790  0.31561884  0.18697900
   0.59467925  0.19314185  0.48419012
   0.70637000  0.19194000  0.08602000
   0.98760195  0.43848822  0.28796672
   0.78025891  0.06312404  0.38872733
   0.84649170  0.31561936  0.18693950
   0.92763914  0.19516015  0.48355183
   0.03971000  0.69194000  0.08602000
   0.31089512  0.93950553  0.28775072
   0.12979733  0.55973695  0.38977391
   0.17894963  0.81559336  0.18668533
   0.26436619  0.69316616  0.48486465
   0.37304000  0.69194000  0.08602000
   0.64417097  0.93934681  0.28759237
   0.46266876  0.55946720  0.38960919
   0.51230714  0.81539325  0.18664256
   0.60080823  0.69035608  0.48457094
   0.70637000  0.69194000  0.08602000
   0.97710067  0.93950637  0.28797133
   0.84569803  0.81559552  0.18671765
   0.92913141  0.69400894  0.48661695
   0.79699507  0.56021070  0.38944337
   0.17417000  0.33753000  0.10253000
   0.26416401  0.20325946  0.39945852
   0.09408767  0.31855132  0.49640797
   0.31592968  0.46082542  0.20433951
   0.11521926  0.08273636  0.30496662
   0.23858000  0.04636000  0.06951000
   0.04535038  0.17073741  0.16983915
   0.33031482  0.41598012  0.37150819
   0.11701321  0.05142943  0.47696326
   0.18287211  0.29327973  0.27031772
   0.50750000  0.33753000  0.10253000
   0.59680857  0.20345264  0.39961455
   0.42516367  0.31870063  0.49970695
   0.64921612  0.46072058  0.20450397
   0.44862538  0.08287001  0.30487732
   0.57191000  0.04636000  0.06951000
   0.37874460  0.17076775  0.16986429
   0.66401273  0.41665256  0.37204506
   0.44794596  0.05170412  0.47691467
   0.51623442  0.29342211  0.27055408
   0.84083000  0.33753000  0.10253000
   0.93037400  0.20319864  0.39893937
   0.75882571  0.31875720  0.49850619
   0.98250688  0.46066583  0.20440559
   0.78189098  0.08270510  0.30456042
   0.90524000  0.04636000  0.06951000
   0.71200269  0.17077092  0.16986395
   0.99638467  0.41647446  0.37188083
   0.78187712  0.05296801  0.47664067
   0.84934557  0.29338250  0.27045508
   0.17417000  0.83753000  0.10253000
   0.24178058  0.71086195  0.40367641
   0.04359304  0.83445672  0.50422146
   0.31300536  0.96077422  0.20401468
   0.11757461  0.58488310  0.30643977
   0.23858000  0.54636000  0.06951000
   0.04728789  0.67000376  0.16965025
   0.30683612  0.92031425  0.37218180
   0.16082940  0.54000074  0.47534862
   0.18154265  0.79262635  0.26995320
   0.50750000  0.83753000  0.10253000
   0.57364249  0.70974592  0.40480242
   0.37915664  0.83378965  0.50366808
   0.64626980  0.96057648  0.20385952
   0.45132512  0.58534082  0.30645855
   0.57191000  0.54636000  0.06951000
   0.38064483  0.66997251  0.16962890
   0.63972741  0.92022443  0.37200236
   0.49514200  0.53832356  0.47611188
   0.51488550  0.79255456  0.26995682
   0.84083000  0.83753000  0.10253000
   0.71417493  0.83359440  0.49802516
   0.97962454  0.96078923  0.20416619
   0.78471568  0.58515674  0.30660791
   0.90524000  0.54636000  0.06951000
   0.71402539  0.66998406  0.16966749
   0.97316991  0.92038563  0.37256034
   0.82487879  0.53989349  0.47711016
   0.84826882  0.79260711  0.26999473
   0.90813631  0.71039322  0.40523231
   0.71605914  0.63444166  0.63840949
   0.02943129  0.44932634  0.63463429
   0.84502557  0.52929167  0.58491789
   0.62404096  0.71420717  0.65382002
   0.65486007  0.62960232  0.69599807
   0.56512651  0.55460192  0.70439694
   0.74928245  0.65276729  0.72772641
   0.51173551  0.69953523  0.63036242
   0.69957403  0.79834325  0.65396658
