   0.18086552  0.06404510  0.19462708
   0.24796133  0.44015615  0.50235972
   0.03971000  0.44194000  0.09637000
   0.31736196  0.18889999  0.29859853
   0.11522621  0.31635088  0.40126273
   0.51379253  0.06437806  0.19446321
   0.58042311  0.44693748  0.50086431
   0.37304000  0.44194000  0.09637000
   0.65037122  0.18880704  0.29814881
   0.45082071  0.31734933  0.40119019
   0.84737385  0.06390148  0.19395427
   0.92060814  0.44704690  0.49968650
   0.70637000  0.44194000  0.09637000
   0.98397889  0.18894837  0.29792217
   0.78192341  0.31520617  0.40050554
   0.17895277  0.56370745  0.19465181
   0.27979117  0.93498032  0.50346956
   0.03971000  0.94194000  0.09637000
   0.31603798  0.68881497  0.29710334
   0.12366143  0.81546174  0.39862845
   0.51258589  0.56408177  0.19484302
   0.61219688  0.93239417  0.50258736
   0.37304000  0.94194000  0.09637000
   0.64921945  0.68920050  0.29698501
   0.45666215  0.81525773  0.39738067
   0.84591130  0.56423712  0.19531296
   0.94667330  0.93507243  0.50220776
   0.70637000  0.94194000  0.09637000
   0.98287789  0.68941583  0.29777045
   0.78992459  0.81475307  0.39720376
   0.60319829  0.19279902  0.50161886
   0.03971000  0.19194000  0.09637000
   0.31487145  0.43906514  0.29770213
   0.12663218  0.06171300  0.39996866
   0.17978594  0.31530339  0.19693018
   0.26180222  0.19590223  0.49496436
   0.37304000  0.19194000  0.09637000
   0.64803633  0.43989630  0.29807247
   0.46123888  0.06281952  0.40180659
   0.51229138  0.31580893  0.19724258
   0.70637000  0.19194000  0.09637000
   0.98115207  0.43937597  0.29789693
   0.79405188  0.06033472  0.39923305
   0.84585332  0.31569626  0.19706299
   0.91571579  0.19229610  0.49879938
   0.03971000  0.69194000  0.09637000
   0.31918552  0.94028673  0.29841133
   0.11718604  0.56418883  0.39862558
   0.17981658  0.81604359  0.19709316
   0.25618005  0.69699467  0.49434887
   0.37304000  0.69194000  0.09637000
   0.65137494  0.93953873  0.29649735
   0.44875107  0.56453824  0.39865947
   0.51266208  0.81521624  0.19524151
   0.58784883  0.69637553  0.49435531
   0.70637000  0.69194000  0.09637000
   0.98512261  0.93957489  0.29742817
   0.84729714  0.81538876  0.19564551
   0.91591863  0.70340728  0.49539269
   0.78365119  0.56516174  0.39894880
   0.17417000  0.33753000  0.11288000
   0.25056144  0.20985287  0.41299604
   0.04588102  0.33567312  0.51049328
   0.31378748  0.46047709  0.21389950
   0.11807239  0.08450387  0.31586396
   0.23858000  0.04636000  0.07986000
   0.04660305  0.17024580  0.17985996
   0.31453863  0.41995099  0.38171635
   0.14724915  0.04499580  0.48699039
   0.18296231  0.29265232  0.28003647
   0.50750000  0.33753000  0.11288000
   0.58230836  0.21069634  0.41847057
   0.38287635  0.33560013  0.51298975
   0.64687733  0.46069122  0.21422940
   0.45243906  0.08569125  0.31725181
   0.57191000  0.04636000  0.07986000
   0.37963032  0.17064213  0.18002869
   0.64886565  0.42011243  0.38196967
   0.48054123  0.04198630  0.48774227
   0.51614927  0.29320966  0.28055959
   0.84083000  0.33753000  0.11288000
   0.91575194  0.20847915  0.41527097
   0.71582780  0.34596242  0.50880432
   0.98013736  0.46061166  0.21416357
   0.78524535  0.08457798  0.31513319
   0.90524000  0.04636000  0.07986000
   0.71317164  0.17052987  0.17991660
   0.98072592  0.41940254  0.38178550
   0.81148992  0.03858063  0.48411353
   0.84916633  0.29302113  0.28025980
   0.17417000  0.83753000  0.11288000
   0.25713938  0.70843691  0.41051847
   0.07753366  0.82627295  0.51313999
   0.31584400  0.96118527  0.21442608
   0.11629705  0.58426087  0.31470921
   0.23858000  0.54636000  0.07986000
   0.04551357  0.67070205  0.18015613
   0.32256442  0.92052113  0.38238197
   0.12130465  0.55252380  0.48546627
   0.18291086  0.79433396  0.28031787
   0.50619000  0.83294000  0.10916000
   0.58984524  0.70806307  0.41049219
   0.41050640  0.82355613  0.51325263
   0.64819163  0.96005857  0.21224284
   0.44963961  0.58424256  0.31455357
   0.57191000  0.54636000  0.07986000
   0.37842077  0.67043097  0.17977335
   0.65545211  0.91867365  0.38030619
   0.44859506  0.55368086  0.48609612
   0.51561530  0.79375697  0.27874120
   0.83992000  0.83287000  0.10930000
   0.74554243  0.82159397  0.51260739
   0.98197752  0.96016977  0.21307844
   0.78298204  0.58501706  0.31489887
   0.90524000  0.54636000  0.07986000
   0.71223922  0.67086554  0.18020579
   0.98922128  0.91963816  0.38169425
   0.78452657  0.55738055  0.48606271
   0.84932187  0.79436189  0.27941790
   0.92427823  0.70872250  0.41086214
   0.78689740  0.55117493  0.66262474
   0.73940880  0.17498229  0.59334249
   0.75612879  0.38168664  0.60700548
   0.80368964  0.67082070  0.67249978
   0.77377633  0.59013160  0.72065540
   0.65494631  0.56706612  0.73925278
   0.87075155  0.58210217  0.74916630
   0.70841504  0.70617750  0.65604052
   0.92317911  0.72029803  0.66611634
