   0.29096562  0.43166032  0.49193616
   0.17894481  0.06423173  0.18479341
   0.03971000  0.44194000  0.08602000
   0.31572102  0.18814735  0.28854533
   0.12982081  0.31178408  0.38944231
   0.51227750  0.06424057  0.18472679
   0.62162136  0.43039787  0.49134692
   0.37304000  0.44194000  0.08602000
   0.64917285  0.18814074  0.28832457
   0.46312801  0.31189153  0.38850633
   0.84558082  0.06416866  0.18480810
   0.96058092  0.42894421  0.49231251
   0.70637000  0.44194000  0.08602000
   0.98243554  0.18810470  0.28852490
   0.79647953  0.31199900  0.38890280
   0.18124888  0.56354644  0.18461871
   0.25054028  0.93974791  0.49366194
   0.03971000  0.94194000  0.08602000
   0.31635230  0.68829450  0.28792641
   0.10992676  0.81687094  0.38998125
   0.51461874  0.56361084  0.18470868
   0.58255115  0.93835954  0.49353628
   0.37304000  0.94194000  0.08602000
   0.64960796  0.68847662  0.28810359
   0.44315806  0.81693955  0.38959437
   0.84798922  0.56360961  0.18459502
   0.91630595  0.93956763  0.49350609
   0.70637000  0.94194000  0.08602000
   0.98331216  0.68859403  0.28803114
   0.77660125  0.81672549  0.38969488
   0.03971000  0.19194000  0.08602000
   0.32018487  0.43783211  0.28792345
   0.11518366  0.06249023  0.38945058
   0.17961081  0.31534642  0.18689934
   0.26137885  0.19461731  0.48459095
   0.37304000  0.19194000  0.08602000
   0.65386023  0.43856310  0.28837439
   0.44771109  0.06276912  0.38941496
   0.51308777  0.31565205  0.18709190
   0.59606229  0.19282184  0.48416900
   0.70637000  0.19194000  0.08602000
   0.98702123  0.43822290  0.28815427
   0.78063614  0.06201802  0.38913080
   0.84639875  0.31554197  0.18700943
   0.92990798  0.19075353  0.48357578
   0.03971000  0.69194000  0.08602000
   0.31130999  0.93970549  0.28767709
   0.12982555  0.55970661  0.38956525
   0.17901774  0.81544524  0.18666915
   0.26349029  0.69238359  0.48503773
   0.37304000  0.69194000  0.08602000
   0.64447294  0.93940788  0.28755435
   0.46209164  0.55953974  0.38955361
   0.51224635  0.81531591  0.18664945
   0.59725533  0.69336943  0.48472918
   0.70637000  0.69194000  0.08602000
   0.97800508  0.93953586  0.28777013
   0.84560680  0.81541491  0.18672243
   0.93190716  0.69554561  0.48650023
   0.79508290  0.56075447  0.39012451
   0.17417000  0.33753000  0.10253000
   0.26374874  0.20306625  0.39966698
   0.09223816  0.31753835  0.49450327
   0.31575911  0.46026722  0.20432621
   0.11555143  0.08271867  0.30510378
   0.23858000  0.04636000  0.06951000
   0.04525636  0.17049817  0.16978343
   0.32895001  0.41609482  0.37185270
   0.11875022  0.05116253  0.47718677
   0.18257345  0.29288991  0.27030805
   0.50750000  0.33753000  0.10253000
   0.59569302  0.20375468  0.40002744
   0.42263754  0.32105792  0.49954791
   0.64924331  0.46052218  0.20468932
   0.44911315  0.08295255  0.30500639
   0.57191000  0.04636000  0.06951000
   0.37876515  0.17080125  0.16988389
   0.66289137  0.41761199  0.37278051
   0.45252843  0.04992836  0.47717763
   0.51620843  0.29348478  0.27073492
   0.84083000  0.33753000  0.10253000
   0.92801641  0.20270478  0.39948885
   0.75551618  0.32102432  0.49771418
   0.98240720  0.46042427  0.20447392
   0.78202621  0.08268828  0.30482246
   0.90524000  0.04636000  0.06951000
   0.71204311  0.17068597  0.16986746
   0.99514044  0.41649894  0.37213912
   0.78434636  0.04930773  0.47706374
   0.84935593  0.29319762  0.27052964
   0.17417000  0.83753000  0.10253000
   0.24365393  0.71061706  0.40354517
   0.05000579  0.83460773  0.50368616
   0.31305040  0.96069153  0.20393810
   0.11766584  0.58446131  0.30621437
   0.23858000  0.54636000  0.06951000
   0.04727927  0.66981000  0.16967868
   0.30811360  0.92035460  0.37202695
   0.15741427  0.53981441  0.47494887
   0.18181494  0.79252935  0.26994413
   0.50750000  0.83753000  0.10253000
   0.57692844  0.71011524  0.40314256
   0.38180868  0.83191751  0.50381462
   0.64624051  0.96054446  0.20387668
   0.45098057  0.58404740  0.30607555
   0.57191000  0.54636000  0.06951000
   0.38054855  0.66972566  0.16966604
   0.64147441  0.91987174  0.37186044
   0.49039318  0.54101163  0.47603159
   0.51493663  0.79226050  0.26989806
   0.84083000  0.83753000  0.10253000
   0.71558843  0.83218784  0.50396545
   0.97967917  0.96058733  0.20403449
   0.78465798  0.58479030  0.30668678
   0.90524000  0.54636000  0.06951000
   0.71392771  0.66979712  0.16970817
   0.97487703  0.91997805  0.37215329
   0.82259002  0.54249027  0.48016383
   0.84833270  0.79241362  0.27004442
   0.90983457  0.70987382  0.40468523
   0.70937812  0.63416840  0.63640324
   0.05017478  0.45270077  0.63466083
   0.86721028  0.53285772  0.58514511
   0.62039768  0.71582380  0.65427418
   0.65222674  0.63187725  0.69508915
   0.55845538  0.55948262  0.70531326
   0.74524983  0.65582951  0.72739605
   0.50328950  0.70470990  0.63467229
   0.69026387  0.80118734  0.65635310
