   0.18193499  0.06498646  0.19502795
   0.24316847  0.44197383  0.50371574
   0.03971000  0.44194000  0.09637000
   0.31917377  0.19044778  0.29900116
   0.11278335  0.31857741  0.40075350
   0.51497667  0.06497509  0.19485592
   0.57617870  0.44791320  0.50103223
   0.37304000  0.44194000  0.09637000
   0.65223775  0.19030939  0.29850667
   0.44797394  0.31916110  0.40159372
   0.84836792  0.06468057  0.19441822
   0.91524791  0.44772671  0.50108250
   0.70637000  0.44194000  0.09637000
   0.98566128  0.19003060  0.29790548
   0.77955683  0.31780431  0.40147406
   0.17951004  0.56521905  0.19514083
   0.28324552  0.93470638  0.50271506
   0.03971000  0.94194000  0.09637000
   0.31594179  0.69076560  0.29805106
   0.12618795  0.81624484  0.39803056
   0.51283572  0.56490484  0.19498338
   0.61664526  0.93379383  0.50274182
   0.37304000  0.94194000  0.09637000
   0.64896491  0.69040962  0.29747155
   0.45922759  0.81652970  0.39819771
   0.84631393  0.56511691  0.19528434
   0.94999739  0.93477098  0.50172471
   0.70637000  0.94194000  0.09637000
   0.98257880  0.69060450  0.29803056
   0.79213427  0.81582640  0.39738005
   0.60217652  0.19242173  0.50241329
   0.03971000  0.19194000  0.09637000
   0.31425884  0.44093281  0.29799865
   0.12783301  0.06268779  0.40000036
   0.18021032  0.31626187  0.19705982
   0.26116265  0.19720876  0.49518351
   0.37304000  0.19194000  0.09637000
   0.64739095  0.44083407  0.29797056
   0.46265320  0.06460636  0.40234199
   0.51326768  0.31627479  0.19711174
   0.70637000  0.19194000  0.09637000
   0.98060040  0.44091121  0.29802371
   0.79617131  0.06257715  0.39950489
   0.84671211  0.31635495  0.19705927
   0.91713550  0.19338192  0.49948157
   0.03971000  0.69194000  0.09637000
   0.32068301  0.94218411  0.29905941
   0.11523015  0.56568884  0.39904248
   0.18027001  0.81718243  0.19755327
   0.25627875  0.69761156  0.49437067
   0.37304000  0.69194000  0.09637000
   0.65304824  0.94074344  0.29717165
   0.44685089  0.56644929  0.39920522
   0.51333533  0.81611126  0.19576930
   0.58751075  0.69905495  0.49463766
   0.70637000  0.69194000  0.09637000
   0.98655236  0.94047936  0.29737992
   0.84726136  0.81591891  0.19581340
   0.92035275  0.70179107  0.49409620
   0.78163235  0.56650107  0.39874266
   0.17417000  0.33753000  0.11288000
   0.24712089  0.21208448  0.41337514
   0.04052375  0.33752248  0.51483576
   0.31389461  0.46162260  0.21403093
   0.12013590  0.08564205  0.31586897
   0.23858000  0.04636000  0.07986000
   0.04741860  0.17092908  0.18012500
   0.31215100  0.42192367  0.38224470
   0.15074395  0.04482900  0.48686485
   0.18445273  0.29397412  0.28026201
   0.50750000  0.33753000  0.11288000
   0.58016813  0.21358887  0.41952096
   0.37765439  0.33774819  0.51393712
   0.64716445  0.46148232  0.21404307
   0.45442484  0.08744716  0.31802925
   0.57191000  0.04636000  0.07986000
   0.38072101  0.17105691  0.18011119
   0.64611772  0.42179097  0.38222566
   0.48278035  0.04171210  0.48733514
   0.51759317  0.29399156  0.28034912
   0.84083000  0.33753000  0.11288000
   0.91420648  0.21213520  0.41623860
   0.71103898  0.34658687  0.51197095
   0.98065680  0.46163737  0.21409419
   0.78701621  0.08615407  0.31568702
   0.90524000  0.04636000  0.07986000
   0.71410737  0.17094961  0.18008653
   0.97795297  0.42160907  0.38226111
   0.81645204  0.03921128  0.48359360
   0.85091666  0.29406252  0.28022493
   0.17417000  0.83753000  0.11288000
   0.25890384  0.70876800  0.41021015
   0.08176736  0.82557890  0.51210426
   0.31698358  0.96220069  0.21491298
   0.11591281  0.58554618  0.31490968
   0.23858000  0.54636000  0.07986000
   0.04584501  0.67193900  0.18055874
   0.32531210  0.92154152  0.38304791
   0.11644268  0.55418143  0.48612811
   0.18296325  0.79642332  0.28109610
   0.50619000  0.83294000  0.10916000
   0.59195324  0.70881426  0.41025785
   0.41462789  0.82340037  0.51207556
   0.64951259  0.96075945  0.21288897
   0.44918800  0.58572056  0.31490251
   0.57191000  0.54636000  0.07986000
   0.37908184  0.67150414  0.18012296
   0.65818555  0.91997586  0.38093363
   0.44499203  0.55600102  0.48674153
   0.51586399  0.79550142  0.27956197
   0.83992000  0.83287000  0.10930000
   0.74897644  0.82273626  0.51277136
   0.98291999  0.96079002  0.21306989
   0.78239630  0.58553261  0.31455813
   0.90524000  0.54636000  0.07986000
   0.71235858  0.67143111  0.18025481
   0.99165482  0.92026478  0.38158530
   0.78127167  0.55815067  0.48589946
   0.84928561  0.79541976  0.27968059
   0.92611000  0.70899934  0.40954012
   0.78697952  0.53173614  0.66489217
   0.72379420  0.16024123  0.59229429
   0.75637500  0.36996605  0.60911286
   0.80277411  0.65205970  0.66795068
   0.77332712  0.58350241  0.72037981
   0.65476614  0.56420911  0.73894337
   0.87107666  0.58191633  0.74981661
   0.70571973  0.68321793  0.64844023
   0.92181937  0.70068535  0.65912079
