   0.17934772  0.06410256  0.19443792
   0.28685562  0.43011980  0.49970677
   0.03971000  0.44194000  0.09637000
   0.31647557  0.18875288  0.29692165
   0.13030705  0.31300283  0.39663007
   0.51280379  0.06420983  0.19421947
   0.61559394  0.43251233  0.49474651
   0.37304000  0.44194000  0.09637000
   0.65006908  0.18856991  0.29653673
   0.46309473  0.31261541  0.39600127
   0.84610343  0.06411213  0.19446277
   0.95707320  0.43252603  0.49946002
   0.70637000  0.44194000  0.09637000
   0.98326250  0.18847454  0.29679217
   0.79720166  0.31224168  0.39485816
   0.18146675  0.56400119  0.19373555
   0.24317139  0.94280936  0.50062832
   0.03971000  0.94194000  0.09637000
   0.31676432  0.69054360  0.29704107
   0.10968524  0.81857877  0.39926983
   0.51490055  0.56419846  0.19402154
   0.57996375  0.94329531  0.50230055
   0.37304000  0.94194000  0.09637000
   0.64997136  0.69044933  0.29687472
   0.44052713  0.81919167  0.40254236
   0.84821092  0.56409475  0.19417660
   0.90855791  0.93840414  0.50351192
   0.70637000  0.94194000  0.09637000
   0.98373105  0.68998897  0.29715658
   0.77335550  0.81888526  0.40060234
   0.57554047  0.68957889  0.49731050
   0.03971000  0.19194000  0.09637000
   0.32030539  0.43866926  0.29518389
   0.11471554  0.06387624  0.39878961
   0.18034619  0.31474773  0.19514150
   0.26531985  0.19164646  0.49382158
   0.37304000  0.19194000  0.09637000
   0.65427082  0.43891727  0.29608898
   0.45006642  0.06615814  0.39946372
   0.51378440  0.31509064  0.19536425
   0.59115698  0.19904159  0.49813193
   0.70637000  0.19194000  0.09637000
   0.98855282  0.43953569  0.29650353
   0.78048440  0.06392327  0.39895125
   0.84723971  0.31519003  0.19566590
   0.93828744  0.18876215  0.49324897
   0.03971000  0.69194000  0.09637000
   0.31263348  0.94113716  0.29729350
   0.12871017  0.56193995  0.39888469
   0.17986179  0.81570338  0.19569563
   0.27140003  0.69114344  0.49825039
   0.37304000  0.69194000  0.09637000
   0.64452679  0.94052229  0.29737758
   0.46152697  0.56147237  0.39557744
   0.51314911  0.81575444  0.19561004
   0.70637000  0.69194000  0.09637000
   0.97859123  0.94056381  0.29778899
   0.84624821  0.81612207  0.19684951
   0.92757940  0.69576219  0.49247990
   0.79455132  0.56224168  0.39728033
   0.17293000  0.33291000  0.10959000
   0.26263461  0.20521690  0.40958565
   0.08431473  0.32112634  0.51000476
   0.31589223  0.45956938  0.21156685
   0.11665008  0.08409572  0.31446309
   0.23858000  0.04636000  0.07986000
   0.04531572  0.17054740  0.17998161
   0.32872491  0.41574496  0.37806355
   0.11216976  0.05372333  0.48730726
   0.18310407  0.29314465  0.27854493
   0.50633000  0.33253000  0.10912000
   0.59930710  0.20818561  0.41248859
   0.42143382  0.31918658  0.51029152
   0.64929202  0.45967742  0.21222468
   0.45090705  0.08502005  0.31479604
   0.57191000  0.04636000  0.07986000
   0.37880174  0.17091796  0.18013467
   0.66371116  0.41701045  0.38021483
   0.44844838  0.05869666  0.48745631
   0.51716167  0.29384476  0.27919185
   0.83947000  0.33230000  0.10978000
   0.92826732  0.20573815  0.41019901
   0.74882538  0.32899848  0.52160584
   0.98282826  0.45999156  0.21251684
   0.78309219  0.08408609  0.31440817
   0.90524000  0.04636000  0.07986000
   0.71212494  0.17092098  0.18028460
   0.99592311  0.41701704  0.38023550
   0.78376568  0.05227706  0.48701583
   0.85048774  0.29408639  0.27950094
   0.17282000  0.83289000  0.10962000
   0.23921689  0.71124208  0.41512348
   0.04241415  0.83422568  0.51440397
   0.31411943  0.96043840  0.21276656
   0.11820499  0.58581249  0.31487012
   0.23858000  0.54636000  0.07986000
   0.04719154  0.67057080  0.18000535
   0.30697248  0.92409713  0.38137002
   0.15377090  0.53828206  0.48332843
   0.18198679  0.79456766  0.27930552
   0.50615000  0.83297000  0.10968000
   0.57590062  0.71129678  0.41366650
   0.37881430  0.84306829  0.50236977
   0.64706722  0.96055990  0.21287388
   0.45105585  0.58546367  0.31266707
   0.57191000  0.54636000  0.07986000
   0.38049849  0.67057627  0.17990878
   0.63939378  0.92274892  0.38180394
   0.48408940  0.53360774  0.47703971
   0.51524626  0.79457574  0.27904595
   0.84083000  0.83753000  0.11288000
   0.70801979  0.83351585  0.51245103
   0.98078866  0.96103147  0.21376658
   0.78408032  0.58507161  0.31391319
   0.90524000  0.54636000  0.07986000
   0.71405837  0.67053242  0.18006673
   0.97362809  0.92253216  0.38215810
   0.82129891  0.54163100  0.48357985
   0.84890971  0.79422359  0.27993467
   0.90861060  0.71212179  0.41128583
   0.82275117  0.60069121  0.64251056
   0.41443820  0.65459393  0.58190833
   0.75807383  0.44138336  0.59544982
   0.81301712  0.71827152  0.63488707
   0.76669692  0.66039689  0.68960634
   0.64086379  0.63329891  0.69909617
   0.84796048  0.67395365  0.72601824
   0.72068635  0.73337267  0.60576139
   0.92937988  0.77366209  0.62994241
