   0.28831413  0.43126789  0.49229447
   0.18091690  0.06374711  0.18367362
   0.03971000  0.44194000  0.08602000
   0.31698897  0.18781298  0.28737996
   0.12954413  0.31220898  0.38807765
   0.51426983  0.06358154  0.18361263
   0.62238029  0.42957638  0.48878439
   0.37304000  0.44194000  0.08602000
   0.65033815  0.18747866  0.28715115
   0.46240204  0.31174149  0.38793711
   0.84768237  0.06382406  0.18368183
   0.95573519  0.43155704  0.49065933
   0.70637000  0.44194000  0.08602000
   0.98377128  0.18780922  0.28747687
   0.79605126  0.31146541  0.38743822
   0.18128634  0.56350917  0.18425944
   0.24914210  0.93909060  0.49221212
   0.03971000  0.94194000  0.08602000
   0.31838269  0.68854823  0.28707499
   0.11212544  0.81638174  0.38810651
   0.51444526  0.56327610  0.18400332
   0.58234254  0.93958814  0.49294605
   0.37304000  0.94194000  0.08602000
   0.65161534  0.68808859  0.28645519
   0.44543195  0.81674434  0.38911217
   0.84786245  0.56328978  0.18406569
   0.91575813  0.93935515  0.49230926
   0.70637000  0.94194000  0.08602000
   0.98503319  0.68811446  0.28660479
   0.77847674  0.81606526  0.38810525
   0.03971000  0.19194000  0.08602000
   0.32113753  0.43902495  0.28803075
   0.11497226  0.06179206  0.38781178
   0.18042603  0.31585035  0.18693385
   0.26002494  0.19295049  0.48272966
   0.37304000  0.19194000  0.08602000
   0.65412018  0.43806693  0.28729785
   0.44885775  0.06201808  0.38791852
   0.51357934  0.31530377  0.18661715
   0.59376601  0.19285097  0.48316604
   0.70637000  0.19194000  0.08602000
   0.98795724  0.43858247  0.28770223
   0.78194731  0.06190708  0.38799470
   0.84717369  0.31556238  0.18677211
   0.92707858  0.19358783  0.48301935
   0.03971000  0.69194000  0.08602000
   0.31381965  0.93879547  0.28595025
   0.13018464  0.55994477  0.38950219
   0.18048433  0.81446334  0.18483675
   0.26333919  0.69369860  0.48477806
   0.37304000  0.69194000  0.08602000
   0.64702296  0.93860552  0.28594898
   0.46309157  0.56079319  0.38972800
   0.51384243  0.81447674  0.18471086
   0.59721440  0.69502451  0.48591417
   0.70637000  0.69194000  0.08602000
   0.98027614  0.93872555  0.28580406
   0.84714044  0.81447028  0.18472660
   0.93052734  0.69351958  0.48370332
   0.79650760  0.55974578  0.38846550
   0.17417000  0.33753000  0.10253000
   0.26140938  0.20302134  0.39849280
   0.08706774  0.32079979  0.49723591
   0.31607593  0.46068693  0.20443805
   0.11681999  0.08210915  0.30338651
   0.23858000  0.04636000  0.06951000
   0.04729326  0.17065210  0.16987923
   0.32920229  0.41763757  0.37207091
   0.11774957  0.04955371  0.47553316
   0.18413168  0.29351509  0.27047349
   0.50750000  0.33753000  0.10253000
   0.59550904  0.20308266  0.39870499
   0.42132148  0.32021987  0.49484391
   0.64912589  0.46016650  0.20380817
   0.45021916  0.08215295  0.30344368
   0.57191000  0.04636000  0.06951000
   0.38048322  0.17020732  0.16971557
   0.66199258  0.41667664  0.37144043
   0.45129800  0.04976671  0.47563483
   0.51731706  0.29286186  0.27000591
   0.84083000  0.33753000  0.10253000
   0.92887087  0.20309818  0.39868837
   0.75453194  0.32041519  0.49686449
   0.98277154  0.46043854  0.20415897
   0.78354803  0.08200074  0.30349523
   0.90524000  0.04636000  0.06951000
   0.71383385  0.17043870  0.16979926
   0.99531631  0.41692151  0.37173055
   0.78462734  0.05019796  0.47576020
   0.85070262  0.29312653  0.27024174
   0.17316000  0.83290000  0.09904000
   0.24574321  0.71021937  0.40309369
   0.04813925  0.83253630  0.50243865
   0.31494072  0.95916528  0.20175807
   0.11965424  0.58458887  0.30590040
   0.23858000  0.54636000  0.06951000
   0.04706352  0.66971849  0.16960853
   0.31034610  0.91953992  0.37043032
   0.15554507  0.54152174  0.47629397
   0.18378580  0.79223324  0.26847443
   0.50645000  0.83283000  0.09878000
   0.57918159  0.71036894  0.40404269
   0.38177123  0.83296347  0.50306650
   0.64838622  0.95916906  0.20171329
   0.45311460  0.58510692  0.30626853
   0.57191000  0.54636000  0.06951000
   0.38049239  0.66975234  0.16956504
   0.64358825  0.91921394  0.37047824
   0.48943215  0.54202400  0.47773637
   0.51718196  0.79215647  0.26833424
   0.83986000  0.83290000  0.09896000
   0.71534444  0.83397200  0.50435837
   0.98162829  0.95924538  0.20167601
   0.78602368  0.58398953  0.30507412
   0.90524000  0.54636000  0.06951000
   0.71371488  0.66965593  0.16957261
   0.97664002  0.91922778  0.37017660
   0.82184226  0.54112929  0.47573484
   0.85045707  0.79206270  0.26829895
   0.91222343  0.70963080  0.40204576
   0.80096395  0.64943722  0.63863794
   0.41438644  0.41988440  0.65751839
   0.58985888  0.52500639  0.59170209
   0.92032526  0.74705973  0.65537103
   0.81756162  0.68151415  0.69896707
   0.71835986  0.71314000  0.71654679
   0.86251427  0.62270506  0.72617919
   0.89666916  0.82633159  0.64065966
   0.04186592  0.73641109  0.65020911
