   0.18176145  0.06458630  0.19432103
   0.25884279  0.43997907  0.49870847
   0.03971000  0.44194000  0.09637000
   0.31870015  0.19031835  0.29784225
   0.12038759  0.31481499  0.39877994
   0.51500414  0.06395819  0.19380619
   0.59088024  0.44327510  0.49665521
   0.37304000  0.44194000  0.09637000
   0.65177361  0.18925970  0.29623324
   0.45144085  0.31532773  0.40238546
   0.84854183  0.06435865  0.19413898
   0.92936242  0.43672888  0.49943120
   0.70637000  0.44194000  0.09637000
   0.98537761  0.18910010  0.29733908
   0.78429059  0.31337282  0.39795653
   0.18107784  0.56463202  0.19429438
   0.26830548  0.93279255  0.50232714
   0.03971000  0.94194000  0.09637000
   0.31832555  0.69011150  0.29691951
   0.12300210  0.81567725  0.39635751
   0.51404835  0.56413917  0.19352910
   0.60194372  0.93381260  0.50188013
   0.37304000  0.94194000  0.09637000
   0.65116715  0.68898023  0.29631063
   0.45568332  0.81663757  0.39715552
   0.84764642  0.56427106  0.19376390
   0.93512234  0.93319282  0.50203951
   0.70637000  0.94194000  0.09637000
   0.98460532  0.68928995  0.29626844
   0.78944416  0.81504865  0.39598038
   0.57109950  0.18669406  0.50343331
   0.03971000  0.19194000  0.09637000
   0.31762490  0.43977234  0.29671418
   0.12361768  0.06191706  0.40046750
   0.18103773  0.31578425  0.19573351
   0.26879186  0.19076918  0.49958694
   0.37304000  0.19194000  0.09637000
   0.64969933  0.43796416  0.29522834
   0.45864159  0.06340441  0.39959660
   0.51385677  0.31473175  0.19458434
   0.70637000  0.19194000  0.09637000
   0.98427440  0.43916099  0.29605419
   0.78853146  0.06227192  0.39900540
   0.84794156  0.31515941  0.19508822
   0.93042101  0.19127623  0.49329690
   0.03971000  0.69194000  0.09637000
   0.31937636  0.94171374  0.29723330
   0.12169338  0.56245587  0.39710928
   0.18143776  0.81619866  0.19576369
   0.25852871  0.69381838  0.49307311
   0.37304000  0.69194000  0.09637000
   0.65222117  0.94000492  0.29675127
   0.45337103  0.56401115  0.39745357
   0.51424578  0.81577716  0.19552094
   0.58910432  0.69946227  0.49307378
   0.70637000  0.69194000  0.09637000
   0.98614032  0.94055996  0.29704794
   0.84781437  0.81604866  0.19545023
   0.93004811  0.69176164  0.49041980
   0.78804135  0.56086339  0.39536401
   0.17333000  0.33321000  0.10959000
   0.24986025  0.20723166  0.41545103
   0.05686630  0.32994812  0.51124171
   0.31556343  0.46053945  0.21251102
   0.11999401  0.08538120  0.31557353
   0.23858000  0.04636000  0.07986000
   0.04750606  0.17106637  0.18010351
   0.31821305  0.41913530  0.38029721
   0.13408665  0.04239175  0.48654223
   0.18434330  0.29410274  0.27935159
   0.50648000  0.33297000  0.10887000
   0.58812480  0.20966727  0.41920676
   0.39541509  0.33911741  0.50079474
   0.64854549  0.45950193  0.21085347
   0.45369548  0.08717298  0.31594371
   0.57191000  0.04636000  0.07986000
   0.38068089  0.17011844  0.17953345
   0.65095111  0.41690428  0.37981725
   0.46817293  0.03572256  0.48229614
   0.51773610  0.29320354  0.27781965
   0.83998000  0.33294000  0.10911000
   0.91896351  0.20835590  0.41150416
   0.72098636  0.33143860  0.51834317
   0.98221068  0.45999311  0.21186220
   0.78544665  0.08503431  0.31466750
   0.90524000  0.04636000  0.07986000
   0.71407580  0.17055707  0.17988394
   0.98424226  0.41867772  0.38028813
   0.80456509  0.04411536  0.48558823
   0.85132674  0.29341291  0.27865399
   0.17323000  0.83311000  0.10949000
   0.25585640  0.70882168  0.40984320
   0.06696495  0.82291227  0.51082259
   0.31661534  0.96092226  0.21307838
   0.11880163  0.58438887  0.31318171
   0.23858000  0.54636000  0.07986000
   0.04696835  0.67141086  0.18027746
   0.32127761  0.92071436  0.38065543
   0.12551799  0.54859328  0.48410581
   0.18475050  0.79510995  0.27949701
   0.50655000  0.83318000  0.10951000
   0.58999828  0.70957393  0.40963535
   0.40226396  0.82283747  0.51255229
   0.64974325  0.96034296  0.21255208
   0.45157682  0.58476737  0.31373914
   0.57191000  0.54636000  0.07986000
   0.38009013  0.67120442  0.18007665
   0.65462297  0.91989916  0.38077258
   0.46096245  0.55371313  0.48356793
   0.51797766  0.79445519  0.27914508
   0.83988000  0.83312000  0.10940000
   0.73315968  0.82747759  0.51444643
   0.98327432  0.96072905  0.21278590
   0.78438756  0.58276412  0.31197831
   0.90524000  0.54636000  0.07986000
   0.71347885  0.67116951  0.18011306
   0.98797184  0.91934821  0.38091235
   0.79852815  0.54531261  0.48202177
   0.85097519  0.79440958  0.27905321
   0.92283922  0.70664320  0.40775365
   0.77921129  0.56820828  0.65357111
   0.40544137  0.16173522  0.58684942
   0.73292101  0.41964117  0.59722709
   0.79891460  0.68353053  0.67495258
   0.76633310  0.58709958  0.71470136
   0.64683224  0.55842569  0.73152525
   0.86310406  0.56701056  0.73997957
   0.70248100  0.72327152  0.66302159
   0.91905110  0.73268422  0.67080906
