   0.18095896  0.06378993  0.19363651
   0.25492778  0.44195710  0.49952623
   0.03971000  0.44194000  0.09637000
   0.31637765  0.18946821  0.29665469
   0.11490316  0.31571871  0.40188145
   0.51430722  0.06440195  0.19378713
   0.58153185  0.44032569  0.50116215
   0.37304000  0.44194000  0.09637000
   0.64955583  0.18867666  0.29700206
   0.44764197  0.31632304  0.40162025
   0.84791666  0.06399432  0.19340859
   0.92442882  0.44549512  0.49754530
   0.70637000  0.44194000  0.09637000
   0.98286276  0.18917542  0.29715288
   0.78391587  0.31472530  0.39804389
   0.18051459  0.56310241  0.19364528
   0.27444503  0.93225271  0.50139377
   0.03971000  0.94194000  0.09637000
   0.31707340  0.68868100  0.29532118
   0.12143608  0.81534330  0.39614350
   0.51396689  0.56362224  0.19400483
   0.60965411  0.93294065  0.50187016
   0.37304000  0.94194000  0.09637000
   0.65016195  0.68908801  0.29633120
   0.45561890  0.81560973  0.39578347
   0.84713843  0.56341934  0.19412957
   0.94262344  0.93248399  0.50324822
   0.70637000  0.94194000  0.09637000
   0.98320848  0.68887248  0.29606737
   0.78877089  0.81569929  0.39644596
   0.94122981  0.19015816  0.49930005
   0.03971000  0.19194000  0.09637000
   0.31498409  0.43847297  0.29604687
   0.12624386  0.06083922  0.39783022
   0.18007321  0.31488132  0.19490467
   0.24413899  0.18884128  0.49952484
   0.37304000  0.19194000  0.09637000
   0.64895238  0.43940138  0.29723927
   0.45706483  0.06255603  0.39912688
   0.51326435  0.31534799  0.19557610
   0.59003980  0.19049501  0.49707928
   0.70637000  0.19194000  0.09637000
   0.98249518  0.43904241  0.29611224
   0.79145470  0.06172392  0.40055979
   0.84602461  0.31502256  0.19527367
   0.03971000  0.69194000  0.09637000
   0.31850542  0.93981056  0.29587235
   0.11767295  0.56373922  0.39674981
   0.18069175  0.81514163  0.19473303
   0.25291431  0.70014568  0.49266459
   0.37304000  0.69194000  0.09637000
   0.65198179  0.94065339  0.29667961
   0.45042715  0.56298582  0.39690626
   0.51394477  0.81561612  0.19505297
   0.58648549  0.69601380  0.49261313
   0.70637000  0.69194000  0.09637000
   0.98484827  0.93974142  0.29572497
   0.84711394  0.81510183  0.19503333
   0.91825987  0.69738935  0.49512571
   0.78391150  0.56360921  0.39880339
   0.17342157  0.33243518  0.10874186
   0.25012718  0.20794758  0.41505065
   0.05357570  0.34234015  0.50188504
   0.31549560  0.45906653  0.21168020
   0.11793932  0.08524716  0.31364443
   0.23858000  0.04636000  0.07986000
   0.04664695  0.17052724  0.17951553
   0.31348822  0.41908572  0.37987368
   0.14197857  0.03394904  0.48064294
   0.18137986  0.29329189  0.27809939
   0.50670596  0.33263646  0.10959046
   0.58444922  0.20990723  0.41510787
   0.38609013  0.33290551  0.50936930
   0.64862768  0.45965374  0.21281358
   0.45083045  0.08551625  0.31502683
   0.57191000  0.04636000  0.07986000
   0.37964718  0.17087269  0.18005946
   0.64826293  0.41943520  0.38184899
   0.47576886  0.04209094  0.48622689
   0.51570150  0.29360983  0.27914414
   0.83994647  0.33242926  0.10915778
   0.91320530  0.20871130  0.41585221
   0.71697563  0.33263869  0.52053899
   0.98186175  0.45911306  0.21192271
   0.78452738  0.08560511  0.31561277
   0.90524000  0.04636000  0.07986000
   0.71326388  0.17063725  0.17980673
   0.98080697  0.41984827  0.37972911
   0.80867313  0.04079828  0.48627634
   0.84784392  0.29346871  0.27887469
   0.17377314  0.83245512  0.10880905
   0.25657675  0.70887603  0.40841007
   0.07416460  0.82174600  0.51506582
   0.31617288  0.95988635  0.21177152
   0.11728148  0.58400637  0.31268329
   0.23858000  0.54636000  0.07986000
   0.04625494  0.67013203  0.17979032
   0.32084324  0.91970232  0.37961854
   0.12250840  0.55484688  0.48328794
   0.18340594  0.79360443  0.27810650
   0.50705412  0.83261270  0.10905646
   0.58860306  0.70790895  0.40882563
   0.40787570  0.82494551  0.51255351
   0.64922206  0.96054295  0.21219236
   0.45012419  0.58349793  0.31293011
   0.57191000  0.54636000  0.07986000
   0.37950365  0.67038765  0.17980088
   0.65421348  0.91962195  0.38069919
   0.45621935  0.54999267  0.48395582
   0.51691225  0.79450083  0.27857765
   0.84025581  0.83245435  0.10887030
   0.73939193  0.82166849  0.51386365
   0.98214018  0.95964932  0.21172403
   0.78346950  0.58434378  0.31467271
   0.90524000  0.54636000  0.07986000
   0.71305303  0.67043126  0.17982133
   0.98697570  0.91870694  0.37881686
   0.78556148  0.55069451  0.48682091
   0.84949024  0.79347641  0.27851901
   0.92096078  0.70872560  0.41106449
   0.77912982  0.54989819  0.66485829
   0.07883521  0.16073317  0.58372566
   0.74854099  0.41707555  0.60201279
   0.80086482  0.67265799  0.67338422
   0.76984606  0.59652108  0.72238441
   0.64941267  0.57528370  0.74233766
   0.86523655  0.58666992  0.75171884
   0.70517525  0.70915847  0.65513260
   0.91903001  0.71971211  0.66470384
