   0.17943650  0.06434629  0.19487056
   0.28922718  0.43132789  0.50274307
   0.03971000  0.44194000  0.09637000
   0.31726616  0.18908355  0.29755032
   0.13129146  0.31256954  0.39646002
   0.51283074  0.06395016  0.19444760
   0.61889269  0.43325399  0.49888661
   0.37304000  0.44194000  0.09637000
   0.65041488  0.18836396  0.29673320
   0.46458579  0.31305118  0.39714598
   0.84623427  0.06423206  0.19461740
   0.96066630  0.42978230  0.49646708
   0.70637000  0.44194000  0.09637000
   0.98377473  0.18850269  0.29702562
   0.79753120  0.31141718  0.39491871
   0.18182933  0.56483198  0.19439689
   0.24240964  0.94320833  0.50099395
   0.03971000  0.94194000  0.09637000
   0.31752814  0.69130850  0.29833339
   0.11099162  0.81828610  0.39984644
   0.51463742  0.56408228  0.19357102
   0.57729574  0.94495339  0.50419916
   0.37304000  0.94194000  0.09637000
   0.64981040  0.68974309  0.29691194
   0.44173045  0.81991671  0.40428552
   0.84837522  0.56442497  0.19392336
   0.90612611  0.93778154  0.50244673
   0.70637000  0.94194000  0.09637000
   0.98395807  0.69023912  0.29735345
   0.77432722  0.81757411  0.39965356
   0.57213937  0.69210108  0.49924891
   0.03971000  0.19194000  0.09637000
   0.32188680  0.43964941  0.29658568
   0.11493939  0.06389823  0.39914009
   0.18078402  0.31561004  0.19570717
   0.25916163  0.19462700  0.49498548
   0.37304000  0.19194000  0.09637000
   0.65432390  0.43771696  0.29475302
   0.44935975  0.06750579  0.40137466
   0.51363831  0.31430769  0.19479193
   0.58526317  0.20011438  0.50004886
   0.70637000  0.19194000  0.09637000
   0.98904758  0.43952704  0.29642696
   0.78003255  0.06455817  0.39988632
   0.84766649  0.31508953  0.19553170
   0.93269641  0.19041217  0.49490121
   0.03971000  0.69194000  0.09637000
   0.31402879  0.94183031  0.29883000
   0.13171393  0.56197525  0.39862510
   0.18033135  0.81635527  0.19625863
   0.26687193  0.69061841  0.49970497
   0.37304000  0.69194000  0.09637000
   0.64542715  0.94049846  0.29816155
   0.46297697  0.56148009  0.39816357
   0.51328428  0.81599569  0.19594006
   0.70637000  0.69194000  0.09637000
   0.97960658  0.94035240  0.29790156
   0.84615316  0.81628166  0.19681605
   0.93015737  0.69241672  0.49021476
   0.79419347  0.55981230  0.39575896
   0.17293000  0.33291000  0.10959000
   0.26390078  0.20528494  0.41024015
   0.08683646  0.31928911  0.51216187
   0.31616984  0.46054866  0.21274632
   0.11726579  0.08426233  0.31474359
   0.23858000  0.04636000  0.07986000
   0.04567917  0.17111679  0.18025698
   0.33056768  0.41600097  0.37965209
   0.10958136  0.05389780  0.48718979
   0.18422211  0.29408014  0.27937067
   0.50633000  0.33253000  0.10912000
   0.59956729  0.20852124  0.41460853
   0.42310102  0.31897401  0.51312276
   0.64906773  0.45919673  0.21092543
   0.45168866  0.08578091  0.31669690
   0.57191000  0.04636000  0.07986000
   0.37873398  0.17027277  0.17989404
   0.66389829  0.41533296  0.37870789
   0.44468606  0.05867785  0.48936747
   0.51754498  0.29299457  0.27833216
   0.83947000  0.33230000  0.10978000
   0.92935310  0.20576623  0.41134196
   0.75466897  0.32602320  0.52066762
   0.98307110  0.46024172  0.21233579
   0.78350146  0.08453483  0.31537665
   0.90524000  0.04636000  0.07986000
   0.71214908  0.17073996  0.18026557
   0.99683100  0.41665810  0.38025971
   0.78153558  0.05215326  0.48775641
   0.85114505  0.29391933  0.27929687
   0.17282000  0.83289000  0.10962000
   0.24009467  0.71175496  0.41657637
   0.04121622  0.83342175  0.51080871
   0.31429790  0.96099014  0.21391126
   0.11879019  0.58608322  0.31489862
   0.23858000  0.54636000  0.07986000
   0.04746642  0.67126299  0.18027456
   0.30870939  0.92499875  0.38323688
   0.15504282  0.53590150  0.48206488
   0.18276706  0.79540809  0.28019348
   0.50615000  0.83297000  0.10968000
   0.57614158  0.71166181  0.41530592
   0.37824627  0.84309174  0.50429276
   0.64726705  0.96074154  0.21356428
   0.45139300  0.58621244  0.31501172
   0.57191000  0.54636000  0.07986000
   0.38068811  0.67093472  0.18008561
   0.64094643  0.92270046  0.38261847
   0.48774494  0.53536533  0.48078065
   0.51569233  0.79445645  0.27948869
   0.84083000  0.83753000  0.11288000
   0.70368470  0.83485679  0.51465613
   0.98090878  0.96120210  0.21387050
   0.78407746  0.58370348  0.31238395
   0.90524000  0.54636000  0.07986000
   0.71381063  0.67069898  0.18005646
   0.97502121  0.92178977  0.38216986
   0.82455028  0.53796222  0.48206799
   0.84859959  0.79409894  0.27989904
   0.90914186  0.70960875  0.40917973
   0.80995709  0.61026729  0.63007144
   0.37621770  0.64912932  0.58540862
   0.79996710  0.43914313  0.59521536
   0.80414997  0.72993892  0.63069540
   0.76671573  0.65976262  0.68209645
   0.64151896  0.63052110  0.69392488
   0.85439100  0.66496531  0.71682267
   0.70869639  0.74990298  0.60550005
   0.92069734  0.78404616  0.62596948
