   0.17939634  0.06411525  0.19440548
   0.28694240  0.42990329  0.49970517
   0.03971000  0.44194000  0.09637000
   0.31644631  0.18869278  0.29690700
   0.13033337  0.31292186  0.39669301
   0.51279113  0.06425818  0.19422249
   0.61572955  0.43228773  0.49474350
   0.37304000  0.44194000  0.09637000
   0.64996050  0.18850216  0.29654611
   0.46306219  0.31255997  0.39600484
   0.84612428  0.06415523  0.19444970
   0.95700198  0.43251646  0.49942839
   0.70637000  0.44194000  0.09637000
   0.98326223  0.18844935  0.29683293
   0.79712162  0.31212959  0.39486557
   0.18144889  0.56397513  0.19371677
   0.24286589  0.94297214  0.50058175
   0.03971000  0.94194000  0.09637000
   0.31681276  0.69058136  0.29702519
   0.10957293  0.81865935  0.39931469
   0.51489115  0.56420187  0.19403188
   0.57998034  0.94344810  0.50227269
   0.37304000  0.94194000  0.09637000
   0.64997910  0.69046110  0.29684768
   0.44050550  0.81933780  0.40252968
   0.84818097  0.56406320  0.19420531
   0.90832991  0.93851804  0.50356629
   0.70637000  0.94194000  0.09637000
   0.98376420  0.68996929  0.29710132
   0.77336094  0.81913088  0.40063645
   0.57562530  0.68970155  0.49726063
   0.03971000  0.19194000  0.09637000
   0.32029623  0.43867219  0.29519107
   0.11472411  0.06398047  0.39883887
   0.18044847  0.31479167  0.19515560
   0.26537956  0.19142579  0.49383176
   0.37304000  0.19194000  0.09637000
   0.65426152  0.43889448  0.29610676
   0.45021811  0.06622176  0.39947336
   0.51376841  0.31510199  0.19541410
   0.59116776  0.19887314  0.49810168
   0.70637000  0.19194000  0.09637000
   0.98857557  0.43951033  0.29648345
   0.78055014  0.06396803  0.39898721
   0.84722572  0.31517958  0.19566510
   0.93804770  0.18838811  0.49321624
   0.03971000  0.69194000  0.09637000
   0.31264830  0.94110875  0.29727831
   0.12865599  0.56193664  0.39881038
   0.17990388  0.81567813  0.19569963
   0.27159843  0.69135172  0.49829813
   0.37304000  0.69194000  0.09637000
   0.64447777  0.94049984  0.29740080
   0.46150539  0.56137164  0.39561507
   0.51308442  0.81569884  0.19561049
   0.70637000  0.69194000  0.09637000
   0.97856672  0.94058820  0.29783529
   0.84626198  0.81610167  0.19685606
   0.92763505  0.69598690  0.49251178
   0.79450981  0.56217902  0.39719391
   0.17293000  0.33291000  0.10959000
   0.26272250  0.20523881  0.40958237
   0.08474763  0.32143075  0.51001958
   0.31592091  0.45961469  0.21159466
   0.11667384  0.08406639  0.31447706
   0.23858000  0.04636000  0.07986000
   0.04533815  0.17053764  0.17998119
   0.32870371  0.41589551  0.37805140
   0.11215582  0.05365404  0.48741652
   0.18306385  0.29308291  0.27855008
   0.50633000  0.33253000  0.10912000
   0.59935297  0.20823592  0.41244990
   0.42174526  0.31945848  0.51030415
   0.64928947  0.45967234  0.21224984
   0.45082642  0.08503148  0.31474940
   0.57191000  0.04636000  0.07986000
   0.37876737  0.17089601  0.18015637
   0.66371934  0.41703694  0.38017928
   0.44834186  0.05863504  0.48748712
   0.51718729  0.29380739  0.27923618
   0.83947000  0.33230000  0.10978000
   0.92824155  0.20574599  0.41013111
   0.74891659  0.32900192  0.52168590
   0.98286186  0.45995346  0.21253773
   0.78312315  0.08405944  0.31438174
   0.90524000  0.04636000  0.07986000
   0.71208190  0.17086300  0.18027508
   0.99596427  0.41699911  0.38021625
   0.78371985  0.05220727  0.48702984
   0.85046484  0.29409950  0.27949069
   0.17282000  0.83289000  0.10962000
   0.23928315  0.71119947  0.41503016
   0.04228081  0.83406827  0.51444315
   0.31415016  0.96047223  0.21277654
   0.11821033  0.58579046  0.31489546
   0.23858000  0.54636000  0.07986000
   0.04720975  0.67059476  0.17998586
   0.30688493  0.92414598  0.38130867
   0.15378608  0.53814921  0.48332388
   0.18197532  0.79455120  0.27927710
   0.50615000  0.83297000  0.10968000
   0.57589465  0.71118748  0.41369887
   0.37864512  0.84294045  0.50229285
   0.64707505  0.96058967  0.21285901
   0.45104204  0.58543927  0.31272394
   0.57191000  0.54636000  0.07986000
   0.38048977  0.67056941  0.17984654
   0.63939851  0.92267501  0.38182499
   0.48429252  0.53347912  0.47706090
   0.51530794  0.79463475  0.27904215
   0.84083000  0.83753000  0.11288000
   0.70797159  0.83328133  0.51258092
   0.98081012  0.96105527  0.21377782
   0.78410388  0.58510754  0.31396669
   0.90524000  0.54636000  0.07986000
   0.71405964  0.67055183  0.18004877
   0.97365505  0.92256287  0.38217577
   0.82099314  0.54154360  0.48368430
   0.84896241  0.79427556  0.27994326
   0.90843572  0.71216254  0.41125850
   0.82280581  0.60066583  0.64239695
   0.41477826  0.65468610  0.58194899
   0.75773297  0.44139163  0.59525945
   0.81309231  0.71861119  0.63481802
   0.76693735  0.66030092  0.68943867
   0.64052187  0.63337973  0.69913896
   0.84807348  0.67392674  0.72590449
   0.72052560  0.73384027  0.60578078
   0.92884471  0.77366472  0.62983115
