   0.17966884  0.06454188  0.19494772
   0.28977917  0.43039901  0.50164351
   0.03971000  0.44194000  0.09637000
   0.31762343  0.18947430  0.29762362
   0.13088612  0.31253843  0.39691567
   0.51296946  0.06409235  0.19448034
   0.61874199  0.43303351  0.49685076
   0.37304000  0.44194000  0.09637000
   0.65058831  0.18876021  0.29685578
   0.46381317  0.31211115  0.39732940
   0.84632421  0.06426014  0.19470905
   0.95998102  0.43075276  0.49748008
   0.70637000  0.44194000  0.09637000
   0.98397728  0.18870817  0.29709931
   0.79704012  0.31151251  0.39552641
   0.18169139  0.56472558  0.19442135
   0.24162521  0.94295305  0.50086275
   0.03971000  0.94194000  0.09637000
   0.31749465  0.69107200  0.29763024
   0.10993517  0.81875269  0.39901290
   0.51493190  0.56413926  0.19388619
   0.57849357  0.94438795  0.50378364
   0.37304000  0.94194000  0.09637000
   0.64977171  0.68962827  0.29692448
   0.44128335  0.81982504  0.40376003
   0.84848014  0.56426083  0.19395571
   0.90645280  0.93780636  0.50281603
   0.70637000  0.94194000  0.09637000
   0.98401109  0.68992395  0.29748684
   0.77356519  0.81706897  0.39959237
   0.57212889  0.69211759  0.49923521
   0.03971000  0.19194000  0.09637000
   0.32125408  0.43904135  0.29603149
   0.11438712  0.06411405  0.39929600
   0.18048196  0.31542121  0.19554345
   0.26127775  0.19379279  0.49508935
   0.37304000  0.19194000  0.09637000
   0.65427822  0.43788309  0.29554202
   0.44901762  0.06662474  0.40084011
   0.51405997  0.31476095  0.19503901
   0.58865919  0.19955636  0.49886550
   0.70637000  0.19194000  0.09637000
   0.98874437  0.43967240  0.29650046
   0.78026577  0.06404531  0.39982825
   0.84773404  0.31521762  0.19566288
   0.93483000  0.18837841  0.49439020
   0.03971000  0.69194000  0.09637000
   0.31355208  0.94197299  0.29826991
   0.13045447  0.56200290  0.39843582
   0.18002657  0.81629848  0.19633538
   0.26643344  0.69118008  0.49891555
   0.37304000  0.69194000  0.09637000
   0.64516386  0.94071018  0.29798712
   0.46265975  0.56159467  0.39735625
   0.51348278  0.81589874  0.19596494
   0.70637000  0.69194000  0.09637000
   0.97925919  0.94051748  0.29778754
   0.84608855  0.81605417  0.19700107
   0.92984166  0.69349905  0.49110505
   0.79477654  0.56000151  0.39650298
   0.17293000  0.33291000  0.10959000
   0.26352599  0.20570918  0.41057506
   0.08735089  0.32005422  0.51104117
   0.31594736  0.46019788  0.21224240
   0.11757460  0.08444962  0.31480707
   0.23858000  0.04636000  0.07986000
   0.04559625  0.17101158  0.18019575
   0.33020518  0.41625482  0.37917193
   0.11152616  0.05433506  0.48732989
   0.18384243  0.29358120  0.27911498
   0.50633000  0.33253000  0.10912000
   0.59953763  0.20770614  0.41345904
   0.42352913  0.31896868  0.51331706
   0.64951423  0.45945916  0.21171648
   0.45158366  0.08590966  0.31587334
   0.57191000  0.04636000  0.07986000
   0.37896636  0.17051385  0.17999432
   0.66352672  0.41547851  0.37963735
   0.44772659  0.05961093  0.48893503
   0.51751461  0.29316308  0.27860985
   0.83947000  0.33230000  0.10978000
   0.92900960  0.20630321  0.41114360
   0.75167092  0.32688714  0.52013534
   0.98296291  0.46020664  0.21257116
   0.78369723  0.08462719  0.31500014
   0.90524000  0.04636000  0.07986000
   0.71233457  0.17079545  0.18028938
   0.99669944  0.41692112  0.38010322
   0.78244633  0.05320294  0.48778474
   0.85115996  0.29403766  0.27945835
   0.17282000  0.83289000  0.10962000
   0.23949083  0.71127307  0.41545177
   0.04009865  0.83228733  0.51168615
   0.31428939  0.96088622  0.21373150
   0.11903612  0.58591457  0.31480333
   0.23858000  0.54636000  0.07986000
   0.04756107  0.67132447  0.18024938
   0.30716577  0.92427732  0.38225915
   0.15550422  0.53697850  0.48230023
   0.18236493  0.79549200  0.28035361
   0.50615000  0.83297000  0.10968000
   0.57618147  0.71147501  0.41593426
   0.37675004  0.84219870  0.50397251
   0.64723043  0.96067220  0.21348782
   0.45136999  0.58577803  0.31424780
   0.57191000  0.54636000  0.07986000
   0.38079312  0.67100776  0.18006165
   0.64025752  0.92174112  0.38212856
   0.48608118  0.53428207  0.47989604
   0.51623789  0.79455145  0.27962051
   0.84083000  0.83753000  0.11288000
   0.70426895  0.83421860  0.51447208
   0.98089894  0.96099843  0.21389591
   0.78369013  0.58401929  0.31332681
   0.90524000  0.54636000  0.07986000
   0.71398816  0.67070553  0.18001285
   0.97310538  0.92159084  0.38167589
   0.82362791  0.53998880  0.48180141
   0.84888062  0.79385737  0.28017847
   0.90833149  0.71050216  0.41001805
   0.81325516  0.60800579  0.63293524
   0.38890359  0.65132997  0.58335412
   0.78698489  0.43816152  0.59522055
   0.80570003  0.72666921  0.63123256
   0.76613242  0.66022825  0.68393140
   0.64120350  0.63197377  0.69546407
   0.85326703  0.66682869  0.71879879
   0.71155660  0.74804031  0.60576912
   0.92226237  0.78251987  0.62688541
