   0.18165469  0.06504743  0.19528938
   0.25352547  0.43764233  0.50220630
   0.03971000  0.44194000  0.09637000
   0.31801000  0.18986642  0.29963043
   0.11686586  0.31535213  0.40147181
   0.51441571  0.06458543  0.19460529
   0.58391071  0.44406835  0.49832232
   0.37304000  0.44194000  0.09637000
   0.65087604  0.18917488  0.29811013
   0.45264577  0.31592551  0.40162944
   0.84805221  0.06449040  0.19439287
   0.92726701  0.44141874  0.49857225
   0.70637000  0.44194000  0.09637000
   0.98446753  0.18939123  0.29779166
   0.78439370  0.31334914  0.40021640
   0.17984926  0.56490914  0.19513815
   0.27027261  0.93463847  0.50371500
   0.03971000  0.94194000  0.09637000
   0.31643109  0.68994482  0.29771884
   0.12215139  0.81599311  0.39832827
   0.51295752  0.56415592  0.19491000
   0.60439249  0.93258181  0.50413643
   0.37304000  0.94194000  0.09637000
   0.64948728  0.68890252  0.29654818
   0.45541482  0.81619265  0.39830862
   0.84668306  0.56475311  0.19522963
   0.93697543  0.93248240  0.50142363
   0.70637000  0.94194000  0.09637000
   0.98314454  0.68959190  0.29774617
   0.78777612  0.81509179  0.39626423
   0.60518793  0.19005130  0.50446743
   0.03971000  0.19194000  0.09637000
   0.31589084  0.43968641  0.29796723
   0.12216756  0.06170010  0.40000133
   0.17989774  0.31604102  0.19702160
   0.25980760  0.19463919  0.49531399
   0.37304000  0.19194000  0.09637000
   0.64900511  0.43879494  0.29757731
   0.45917006  0.06462205  0.40368867
   0.51315195  0.31579242  0.19698429
   0.70637000  0.19194000  0.09637000
   0.98258786  0.43970657  0.29791515
   0.79069131  0.06000724  0.39795115
   0.84642175  0.31629959  0.19700470
   0.91503861  0.18672617  0.49914401
   0.03971000  0.69194000  0.09637000
   0.31884323  0.94261547  0.29963686
   0.11947414  0.56262647  0.39880968
   0.18016833  0.81735924  0.19775842
   0.25704879  0.69558034  0.49427063
   0.37304000  0.69194000  0.09637000
   0.65062387  0.93940644  0.29579869
   0.45078834  0.56399889  0.39887011
   0.51314773  0.81506032  0.19522851
   0.58814078  0.69672443  0.49421970
   0.70637000  0.69194000  0.09637000
   0.98472032  0.94005072  0.29681831
   0.84727055  0.81533804  0.19566672
   0.92086319  0.69738936  0.49257026
   0.78617064  0.56286373  0.39764300
   0.17417000  0.33753000  0.11288000
   0.25143935  0.20824585  0.41297975
   0.05258204  0.33074233  0.51005089
   0.31406537  0.46111289  0.21414136
   0.11837598  0.08482912  0.31555045
   0.23858000  0.04636000  0.07986000
   0.04706585  0.17071136  0.18008517
   0.31737681  0.41933608  0.38210793
   0.13915131  0.04430038  0.48701691
   0.18370573  0.29358848  0.28013369
   0.50750000  0.33753000  0.11288000
   0.58535025  0.21130807  0.42099685
   0.38715319  0.33306826  0.51296209
   0.64751798  0.46093140  0.21399723
   0.45358295  0.08724962  0.31912107
   0.57191000  0.04636000  0.07986000
   0.38058272  0.17083491  0.18001473
   0.65137154  0.41817545  0.38160044
   0.47164375  0.04265220  0.48923562
   0.51663408  0.29304942  0.28016742
   0.84083000  0.33753000  0.11288000
   0.91750326  0.20693000  0.41500669
   0.71859749  0.34260375  0.51312450
   0.98114287  0.46141844  0.21412610
   0.78513236  0.08459821  0.31406505
   0.90524000  0.04636000  0.07986000
   0.71378199  0.17084381  0.18008392
   0.98242365  0.41907608  0.38201595
   0.80361348  0.03495908  0.48101222
   0.84995214  0.29378500  0.28014906
   0.17417000  0.83753000  0.11288000
   0.25531006  0.70840916  0.41096366
   0.06959092  0.82499442  0.51239175
   0.31643411  0.96235559  0.21537556
   0.11661417  0.58481878  0.31514633
   0.23858000  0.54636000  0.07986000
   0.04612125  0.67184617  0.18066059
   0.32207337  0.92152192  0.38364681
   0.12668705  0.54883413  0.48527717
   0.18334466  0.79587025  0.28130748
   0.50619000  0.83294000  0.10916000
   0.58801507  0.70857936  0.41093865
   0.40121289  0.82494276  0.51449137
   0.64877224  0.95995967  0.21183338
   0.44986906  0.58479585  0.31495158
   0.57191000  0.54636000  0.07986000
   0.37925681  0.67058029  0.17997049
   0.65304377  0.91763525  0.37892037
   0.45440452  0.55220173  0.48592945
   0.51572362  0.79357292  0.27857206
   0.83992000  0.83287000  0.10930000
   0.73655441  0.82168651  0.51564468
   0.98233839  0.96028244  0.21277859
   0.78310729  0.58403710  0.31385781
   0.90524000  0.54636000  0.07986000
   0.71244878  0.67081774  0.18013357
   0.98748340  0.91936498  0.38074453
   0.79167897  0.55278663  0.48420988
   0.84955688  0.79398859  0.27933894
   0.92131817  0.70866963  0.40908293
   0.78750749  0.56614157  0.65661873
   0.74985492  0.16128279  0.58846343
   0.74846766  0.41049945  0.60033682
   0.80558296  0.68274528  0.67556565
   0.77361987  0.59080823  0.71771283
   0.65488476  0.56320885  0.73488747
   0.86997849  0.57374452  0.74361779
   0.70989870  0.72356016  0.66197685
   0.92543983  0.73372737  0.67062536
