   0.18160609  0.06448758  0.19436071
   0.25924498  0.43928273  0.49888089
   0.03971000  0.44194000  0.09637000
   0.31847037  0.19009570  0.29787886
   0.12077913  0.31488271  0.39871991
   0.51488307  0.06392101  0.19383047
   0.59208046  0.44023853  0.49569009
   0.37304000  0.44194000  0.09637000
   0.65156847  0.18905377  0.29615864
   0.45239276  0.31522799  0.40234642
   0.84844804  0.06428601  0.19416684
   0.92924407  0.43547477  0.49912635
   0.70637000  0.44194000  0.09637000
   0.98531717  0.18913523  0.29727907
   0.78467278  0.31328390  0.39720799
   0.18110343  0.56468660  0.19429410
   0.26532042  0.93278134  0.50250148
   0.03971000  0.94194000  0.09637000
   0.31828956  0.69027107  0.29731319
   0.12295780  0.81565910  0.39766677
   0.51397616  0.56427982  0.19348499
   0.60078243  0.93404036  0.50133374
   0.37304000  0.94194000  0.09637000
   0.65139698  0.68959041  0.29589470
   0.45582087  0.81695812  0.39849954
   0.84768254  0.56445537  0.19378184
   0.93298492  0.93308703  0.50165814
   0.70637000  0.94194000  0.09637000
   0.98510809  0.68984911  0.29581874
   0.78926448  0.81561118  0.39770111
   0.56843943  0.18720534  0.50504072
   0.03971000  0.19194000  0.09637000
   0.31844025  0.44057502  0.29707765
   0.12378161  0.06154772  0.40047512
   0.18117381  0.31587137  0.19574375
   0.26852530  0.19000874  0.49963221
   0.37304000  0.19194000  0.09637000
   0.64970195  0.43811427  0.29438269
   0.45982992  0.06564260  0.40032288
   0.51363688  0.31455347  0.19430621
   0.70637000  0.19194000  0.09637000
   0.98486198  0.43903148  0.29590022
   0.78835815  0.06239680  0.39912950
   0.84794553  0.31512650  0.19498338
   0.92982128  0.19190351  0.49346333
   0.03971000  0.69194000  0.09637000
   0.31938700  0.94159619  0.29761359
   0.12151135  0.56219973  0.39719024
   0.18146726  0.81623452  0.19579531
   0.26088988  0.69407545  0.49313517
   0.37304000  0.69194000  0.09637000
   0.65221760  0.93984641  0.29683544
   0.45441422  0.56421414  0.39846503
   0.51423713  0.81571420  0.19558866
   0.59310789  0.69845636  0.49341552
   0.70637000  0.69194000  0.09637000
   0.98583994  0.94044482  0.29717237
   0.84789374  0.81604990  0.19552317
   0.93089853  0.68932734  0.48964335
   0.78888257  0.55984674  0.39483026
   0.17333000  0.33321000  0.10959000
   0.24986827  0.20727858  0.41514520
   0.05869927  0.33017636  0.51164814
   0.31568705  0.46079263  0.21278526
   0.11955913  0.08527582  0.31558749
   0.23858000  0.04636000  0.07986000
   0.04744474  0.17108027  0.18009370
   0.31912008  0.42013244  0.38079065
   0.13308776  0.04153022  0.48644810
   0.18454184  0.29441969  0.27940412
   0.50648000  0.33297000  0.10887000
   0.58969946  0.21182346  0.42019278
   0.39381677  0.33902924  0.50092789
   0.64817728  0.45939449  0.21043856
   0.45382687  0.08729586  0.31643198
   0.57191000  0.04636000  0.07986000
   0.38048137  0.16999653  0.17943188
   0.65186668  0.41718948  0.37845817
   0.46577124  0.03744315  0.48252871
   0.51728534  0.29273519  0.27739465
   0.83998000  0.33294000  0.10911000
   0.91927858  0.20879810  0.41113432
   0.72170756  0.32902343  0.51935459
   0.98224744  0.45998879  0.21177113
   0.78522954  0.08494420  0.31470717
   0.90524000  0.04636000  0.07986000
   0.71406017  0.17047670  0.17984624
   0.98505354  0.41874702  0.38008836
   0.80233911  0.04455336  0.48552597
   0.85130608  0.29334901  0.27849319
   0.17323000  0.83311000  0.10949000
   0.25583756  0.70798557  0.40985290
   0.06460249  0.82299939  0.51102968
   0.31661636  0.96095371  0.21320233
   0.11811187  0.58451232  0.31337735
   0.23858000  0.54636000  0.07986000
   0.04696773  0.67145720  0.18026345
   0.32152790  0.92041388  0.38103171
   0.12898519  0.54838635  0.48433436
   0.18504605  0.79524995  0.27943225
   0.50655000  0.83318000  0.10951000
   0.58950423  0.70959970  0.41015569
   0.39935090  0.82538808  0.51232261
   0.64959185  0.96029975  0.21252744
   0.45238234  0.58578170  0.31479010
   0.57191000  0.54636000  0.07986000
   0.38008402  0.67118332  0.18012019
   0.65520934  0.91906928  0.38083392
   0.46204115  0.55281189  0.48539359
   0.51778193  0.79461354  0.27917451
   0.83988000  0.83312000  0.10940000
   0.73345934  0.82775839  0.51369571
   0.98319523  0.96072572  0.21280925
   0.78465425  0.58314672  0.31084784
   0.90524000  0.54636000  0.07986000
   0.71343462  0.67134233  0.18007196
   0.98801393  0.91883670  0.38106788
   0.79805704  0.54383144  0.48245203
   0.85126055  0.79500915  0.27905288
   0.92086747  0.70635655  0.40702630
   0.77953291  0.56998680  0.65212285
   0.40288069  0.16128003  0.58750451
   0.73415883  0.42703675  0.59520924
   0.79795178  0.68309404  0.67455312
   0.76553857  0.58656288  0.71361716
   0.64674708  0.55572041  0.73076507
   0.86186766  0.56309496  0.73843929
   0.70512031  0.72575536  0.66331087
   0.91786981  0.73362666  0.67030231
