   0.18161081  0.06451279  0.19438289
   0.25970025  0.43931902  0.49875645
   0.03971000  0.44194000  0.09637000
   0.31848597  0.19014353  0.29787224
   0.12108720  0.31476983  0.39881636
   0.51485837  0.06394467  0.19385123
   0.59024030  0.44030296  0.49562908
   0.37304000  0.44194000  0.09637000
   0.65157507  0.18918163  0.29613194
   0.45236637  0.31539951  0.40236429
   0.84843563  0.06430807  0.19418611
   0.93059283  0.43512873  0.49912696
   0.70637000  0.44194000  0.09637000
   0.98535506  0.18920423  0.29725595
   0.78485470  0.31350405  0.39699784
   0.18110557  0.56471326  0.19430793
   0.26474027  0.93277435  0.50251045
   0.03971000  0.94194000  0.09637000
   0.31820392  0.69027778  0.29737183
   0.12254740  0.81551329  0.39822602
   0.51397249  0.56430878  0.19353996
   0.59963639  0.93498394  0.50091256
   0.37304000  0.94194000  0.09637000
   0.65131450  0.68976867  0.29594213
   0.45609097  0.81672869  0.39888283
   0.84767980  0.56446774  0.19379044
   0.93322862  0.93434890  0.50145223
   0.70637000  0.94194000  0.09637000
   0.98531869  0.69003512  0.29585653
   0.78923704  0.81519021  0.39835138
   0.56905320  0.18925078  0.50554479
   0.03971000  0.19194000  0.09637000
   0.31840538  0.44050224  0.29710634
   0.12367552  0.06150597  0.40040131
   0.18112096  0.31582382  0.19571492
   0.26810727  0.19007194  0.49962507
   0.37304000  0.19194000  0.09637000
   0.64941362  0.43791259  0.29416589
   0.45967678  0.06556263  0.40040874
   0.51363775  0.31456522  0.19429610
   0.70637000  0.19194000  0.09637000
   0.98491944  0.43891549  0.29582114
   0.78856743  0.06228296  0.39900890
   0.84793475  0.31510924  0.19495425
   0.92940083  0.19244882  0.49341608
   0.03971000  0.69194000  0.09637000
   0.31937256  0.94156150  0.29761237
   0.12088087  0.56225266  0.39729620
   0.18145932  0.81622539  0.19580801
   0.26231271  0.69360121  0.49291643
   0.37304000  0.69194000  0.09637000
   0.65222116  0.93985300  0.29677112
   0.45502435  0.56468163  0.39879270
   0.51424016  0.81567543  0.19556531
   0.59807932  0.69612309  0.49390597
   0.70637000  0.69194000  0.09637000
   0.98578619  0.94045215  0.29718176
   0.84790510  0.81601553  0.19552881
   0.92838262  0.68828045  0.49013371
   0.78964037  0.55979026  0.39385758
   0.17333000  0.33321000  0.10959000
   0.24984076  0.20730940  0.41537036
   0.05851111  0.32949064  0.51161790
   0.31565652  0.46079603  0.21281070
   0.11949178  0.08544174  0.31565088
   0.23858000  0.04636000  0.07986000
   0.04741128  0.17105383  0.18007777
   0.31945502  0.42027686  0.38081436
   0.13382819  0.04180340  0.48635593
   0.18453093  0.29441802  0.27936846
   0.50648000  0.33297000  0.10887000
   0.59075201  0.21256312  0.42093198
   0.39371085  0.33828134  0.50099146
   0.64818492  0.45952708  0.21042823
   0.45382618  0.08733923  0.31651785
   0.57191000  0.04636000  0.07986000
   0.38044040  0.16995668  0.17941983
   0.65166398  0.41643791  0.37782860
   0.46621696  0.03967416  0.48264810
   0.51714161  0.29255300  0.27727834
   0.83998000  0.33294000  0.10911000
   0.91895076  0.20899078  0.41135176
   0.72057375  0.32862286  0.52156736
   0.98221899  0.46002690  0.21177162
   0.78525220  0.08505437  0.31469628
   0.90524000  0.04636000  0.07986000
   0.71399981  0.17046101  0.17983201
   0.98530311  0.41832876  0.37992914
   0.80225695  0.04601578  0.48556653
   0.85129359  0.29329083  0.27842784
   0.17323000  0.83311000  0.10949000
   0.25605322  0.70798910  0.40980196
   0.06023603  0.82099618  0.51060149
   0.31656369  0.96097117  0.21325437
   0.11796673  0.58453502  0.31345537
   0.23858000  0.54636000  0.07986000
   0.04697688  0.67143219  0.18026097
   0.32153626  0.92025706  0.38104403
   0.12886871  0.54799924  0.48445311
   0.18499880  0.79517837  0.27946267
   0.50655000  0.83318000  0.10951000
   0.58990573  0.70970561  0.41256077
   0.39824692  0.82631913  0.51233628
   0.64955761  0.96027173  0.21253316
   0.45262313  0.58603329  0.31503051
   0.57191000  0.54636000  0.07986000
   0.38011229  0.67117209  0.18011147
   0.65513672  0.91869040  0.38071139
   0.46524692  0.55305294  0.48595279
   0.51774717  0.79452757  0.27922562
   0.83988000  0.83312000  0.10940000
   0.73353086  0.82853551  0.51253085
   0.98314197  0.96073453  0.21284200
   0.78474692  0.58366401  0.31040646
   0.90524000  0.54636000  0.07986000
   0.71341629  0.67130689  0.18005526
   0.98747754  0.91845724  0.38099593
   0.79793147  0.54187147  0.48048216
   0.85119163  0.79490071  0.27909948
   0.92080331  0.70617305  0.40870811
   0.77909713  0.57081911  0.65234929
   0.40246652  0.16122006  0.58724123
   0.73517097  0.43385759  0.59472595
   0.79837472  0.68346972  0.67433358
   0.76566223  0.58529634  0.71330187
   0.64578995  0.55381088  0.72984293
   0.86146088  0.56119722  0.73687100
   0.70339489  0.72548622  0.66264976
   0.91898554  0.73214766  0.66952523
