   0.18196879  0.06436160  0.19407828
   0.24872997  0.44351556  0.49840033
   0.03971000  0.44194000  0.09637000
   0.31931673  0.19048479  0.29746444
   0.11874999  0.31633703  0.39856399
   0.51521885  0.06400574  0.19365501
   0.58271398  0.44745002  0.49804431
   0.37304000  0.44194000  0.09637000
   0.65236489  0.18956260  0.29610396
   0.44972370  0.31670694  0.40244498
   0.84861949  0.06407809  0.19419890
   0.91837623  0.44167601  0.50053025
   0.70637000  0.44194000  0.09637000
   0.98614131  0.18912737  0.29697069
   0.78299099  0.31539011  0.39769914
   0.18080756  0.56422213  0.19405528
   0.28128552  0.93197656  0.50129687
   0.03971000  0.94194000  0.09637000
   0.31750299  0.68949093  0.29640852
   0.12626789  0.81542735  0.39601704
   0.51399066  0.56432647  0.19423684
   0.61582504  0.93326873  0.49968727
   0.37304000  0.94194000  0.09637000
   0.65082886  0.68923293  0.29659816
   0.45862031  0.81539674  0.39588405
   0.84723401  0.56413588  0.19375205
   0.94872507  0.93381671  0.50127707
   0.70637000  0.94194000  0.09637000
   0.98450113  0.68933558  0.29638147
   0.79300504  0.81529866  0.39656546
   0.57572045  0.18832741  0.50171528
   0.03971000  0.19194000  0.09637000
   0.31653990  0.43941563  0.29601585
   0.12906791  0.06225129  0.40059250
   0.18073745  0.31525182  0.19533633
   0.27450425  0.19230872  0.49964781
   0.37304000  0.19194000  0.09637000
   0.64881242  0.43948175  0.29635024
   0.46484696  0.06356682  0.39853946
   0.51433937  0.31549776  0.19498690
   0.70637000  0.19194000  0.09637000
   0.98279073  0.43944937  0.29584405
   0.79346308  0.06177635  0.39834201
   0.84774246  0.31520798  0.19499588
   0.93218470  0.19430918  0.49243781
   0.03971000  0.69194000  0.09637000
   0.32016795  0.94115883  0.29653475
   0.11692413  0.56407094  0.39691713
   0.18082626  0.81581635  0.19548638
   0.25636099  0.69592261  0.49250810
   0.37304000  0.69194000  0.09637000
   0.65341375  0.93958452  0.29635919
   0.45053315  0.56488340  0.39699211
   0.51442899  0.81523907  0.19542225
   0.58695714  0.70168974  0.49222564
   0.70637000  0.69194000  0.09637000
   0.98712222  0.94066615  0.29726704
   0.84782974  0.81585400  0.19561387
   0.92466218  0.69704586  0.49217659
   0.78493296  0.56360171  0.39704516
   0.17333000  0.33321000  0.10959000
   0.24867135  0.20952077  0.41608155
   0.04730416  0.33481019  0.51163944
   0.31515167  0.45981590  0.21180404
   0.12113657  0.08588860  0.31582864
   0.23858000  0.04636000  0.07986000
   0.04749113  0.17059657  0.18003310
   0.31606646  0.42005514  0.37969767
   0.14871618  0.04113775  0.48638617
   0.18423090  0.29358209  0.27881611
   0.50648000  0.33297000  0.10887000
   0.58759587  0.21177749  0.41786820
   0.38528890  0.34414641  0.50264138
   0.64838903  0.45998132  0.21182861
   0.45419200  0.08716116  0.31509790
   0.57191000  0.04636000  0.07986000
   0.38125361  0.17074082  0.17983525
   0.64876183  0.41966760  0.38090159
   0.48046881  0.03545470  0.48089978
   0.51838781  0.29398885  0.27852125
   0.83998000  0.33294000  0.10911000
   0.91739175  0.20997576  0.41076983
   0.71241325  0.33610455  0.51778825
   0.98179273  0.45993656  0.21165440
   0.78625175  0.08496467  0.31409927
   0.90524000  0.04636000  0.07986000
   0.71451003  0.17041714  0.17991539
   0.98229088  0.41944593  0.37988881
   0.81661416  0.04363638  0.48481278
   0.85171400  0.29330770  0.27841473
   0.17323000  0.83311000  0.10949000
   0.25870287  0.70784791  0.40822415
   0.07930361  0.82241624  0.51185192
   0.31663965  0.96062518  0.21255463
   0.11784182  0.58397965  0.31285625
   0.23858000  0.54636000  0.07986000
   0.04671301  0.67096376  0.18005080
   0.32473529  0.92020937  0.37971295
   0.11756806  0.55232429  0.48394773
   0.18415351  0.79487659  0.27908429
   0.50655000  0.83318000  0.10951000
   0.59329229  0.70802736  0.40765183
   0.41475911  0.82085796  0.51057770
   0.64964257  0.95991852  0.21219651
   0.45092550  0.58409753  0.31279038
   0.57191000  0.54636000  0.07986000
   0.37995992  0.67085347  0.18002955
   0.65838150  0.91925536  0.38039909
   0.45052016  0.55792694  0.48393180
   0.51760506  0.79431473  0.27903476
   0.83988000  0.83312000  0.10940000
   0.74826067  0.82485207  0.51072867
   0.98341342  0.96045141  0.21290580
   0.78429646  0.58377996  0.31291756
   0.90524000  0.54636000  0.07986000
   0.71330083  0.67117730  0.18008940
   0.99188537  0.92010916  0.38119644
   0.78808287  0.55164345  0.48463924
   0.85105441  0.79481165  0.27935865
   0.92548365  0.70761519  0.40824635
   0.78693170  0.54492852  0.66591022
   0.42519381  0.16470478  0.58575858
   0.71195337  0.40444322  0.60239959
   0.79482222  0.66379240  0.67247922
   0.76541366  0.58975759  0.72285534
   0.64572167  0.56463072  0.74029381
   0.86146134  0.58489854  0.75258666
   0.69778885  0.69493851  0.65315988
   0.91272214  0.71585675  0.66470313
