   0.28878859  0.43109034  0.49232837
   0.18084635  0.06375539  0.18367628
   0.03971000  0.44194000  0.08602000
   0.31697233  0.18779627  0.28730479
   0.12989921  0.31218522  0.38810422
   0.51422292  0.06347673  0.18359765
   0.62276264  0.42891098  0.48779742
   0.37304000  0.44194000  0.08602000
   0.65023174  0.18730826  0.28698046
   0.46263029  0.31156548  0.38777802
   0.84769135  0.06382789  0.18368911
   0.95623283  0.43164993  0.49086296
   0.70637000  0.44194000  0.08602000
   0.98378411  0.18776471  0.28743881
   0.79655326  0.31126602  0.38705784
   0.18127809  0.56358468  0.18430520
   0.24847167  0.93936989  0.49210330
   0.03971000  0.94194000  0.08602000
   0.31842049  0.68865621  0.28712102
   0.11182323  0.81640402  0.38786584
   0.51435948  0.56330704  0.18389626
   0.58126048  0.93975652  0.49302440
   0.37304000  0.94194000  0.08602000
   0.65155916  0.68801801  0.28638337
   0.44519451  0.81688817  0.38919640
   0.84789689  0.56333405  0.18394700
   0.91467287  0.93928115  0.49229435
   0.70637000  0.94194000  0.08602000
   0.98488340  0.68806253  0.28656811
   0.77836899  0.81591365  0.38798653
   0.03971000  0.19194000  0.08602000
   0.32132020  0.43918930  0.28813951
   0.11496561  0.06205702  0.38789503
   0.18044332  0.31602212  0.18702236
   0.25930999  0.19284264  0.48277913
   0.37304000  0.19194000  0.08602000
   0.65418755  0.43783234  0.28691125
   0.44864831  0.06224544  0.38792259
   0.51342259  0.31512493  0.18649003
   0.59335956  0.19268958  0.48325318
   0.70637000  0.19194000  0.08602000
   0.98805275  0.43863812  0.28766119
   0.78181481  0.06209332  0.38800569
   0.84719438  0.31549671  0.18675061
   0.92627035  0.19363842  0.48298976
   0.03971000  0.69194000  0.08602000
   0.31384461  0.93884639  0.28601004
   0.13052986  0.56003638  0.38939603
   0.18055174  0.81451386  0.18484429
   0.26307038  0.69369041  0.48481887
   0.37304000  0.69194000  0.08602000
   0.64702997  0.93870393  0.28601647
   0.46325333  0.56097556  0.38988071
   0.51379698  0.81450883  0.18474808
   0.59700965  0.69524780  0.48610476
   0.70637000  0.69194000  0.08602000
   0.98030384  0.93883748  0.28592625
   0.84711432  0.81463046  0.18470840
   0.93074766  0.69321022  0.48316967
   0.79638209  0.55948492  0.38818045
   0.17417000  0.33753000  0.10253000
   0.26194792  0.20301687  0.39854526
   0.08721139  0.32081030  0.49702075
   0.31605394  0.46085851  0.20454970
   0.11696096  0.08219006  0.30342551
   0.23858000  0.04636000  0.06951000
   0.04728877  0.17081581  0.16990521
   0.32960404  0.41768095  0.37205544
   0.11676632  0.05011745  0.47554835
   0.18417574  0.29363528  0.27056954
   0.50750000  0.33753000  0.10253000
   0.59577572  0.20302767  0.39873099
   0.42151403  0.31940067  0.49497307
   0.64913648  0.46008291  0.20339335
   0.45011162  0.08223155  0.30347138
   0.57191000  0.04636000  0.06951000
   0.38035833  0.17005962  0.16963058
   0.66205994  0.41625219  0.37117855
   0.45067986  0.04998920  0.47566587
   0.51734137  0.29282903  0.26980625
   0.84083000  0.33753000  0.10253000
   0.92924330  0.20306562  0.39853442
   0.75533532  0.31963817  0.49688625
   0.98274451  0.46044550  0.20406747
   0.78356901  0.08203670  0.30340276
   0.90524000  0.04636000  0.06951000
   0.71374586  0.17038860  0.16977776
   0.99585960  0.41698888  0.37157845
   0.78371444  0.05039960  0.47577632
   0.85065853  0.29316333  0.27020577
   0.17316000  0.83290000  0.09904000
   0.24550447  0.71043636  0.40308458
   0.04799278  0.83296664  0.50172071
   0.31496809  0.95923553  0.20178250
   0.11971433  0.58467684  0.30576505
   0.23858000  0.54636000  0.06951000
   0.04708152  0.66978376  0.16959551
   0.31018273  0.91979895  0.37045895
   0.15609648  0.54126525  0.47615601
   0.18366141  0.79231348  0.26849471
   0.50645000  0.83283000  0.09878000
   0.57899345  0.71060314  0.40420778
   0.38096193  0.83302630  0.50313968
   0.64842286  0.95915232  0.20171451
   0.45329664  0.58522343  0.30626882
   0.57191000  0.54636000  0.06951000
   0.38040668  0.66982890  0.16953528
   0.64319822  0.91953272  0.37051559
   0.48993240  0.54165677  0.47771486
   0.51720935  0.79222617  0.26837659
   0.83986000  0.83290000  0.09896000
   0.71369836  0.83438637  0.50445923
   0.98166234  0.95936824  0.20170916
   0.78592195  0.58376013  0.30477378
   0.90524000  0.54636000  0.06951000
   0.71366915  0.66976318  0.16955452
   0.97625371  0.91941431  0.37030128
   0.82247763  0.54087212  0.47537889
   0.85033768  0.79211220  0.26830747
   0.91229927  0.70934170  0.40174443
   0.79874341  0.64967499  0.63913613
   0.41967410  0.42062393  0.65833504
   0.59221479  0.52135378  0.59062684
   0.91970966  0.74664186  0.65566488
   0.81674911  0.68139817  0.69941789
   0.71947193  0.71464290  0.71688703
   0.86273210  0.62276047  0.72598176
   0.89447009  0.82552084  0.64092944
   0.03985657  0.73373815  0.65009343
