   0.18122518  0.06452691  0.19483823
   0.25202803  0.43991969  0.50195015
   0.03971000  0.44194000  0.09637000
   0.31740254  0.18907929  0.29892198
   0.11641550  0.31608190  0.40148066
   0.51414676  0.06462503  0.19450396
   0.58252233  0.44522486  0.50015482
   0.37304000  0.44194000  0.09637000
   0.65052679  0.18898155  0.29822003
   0.45175983  0.31667426  0.40133858
   0.84749922  0.06399385  0.19400489
   0.92305420  0.44373425  0.49925601
   0.70637000  0.44194000  0.09637000
   0.98403950  0.18925626  0.29772431
   0.78282871  0.31389221  0.40004723
   0.17931092  0.56404106  0.19475007
   0.27510491  0.93443126  0.50377005
   0.03971000  0.94194000  0.09637000
   0.31581557  0.68903653  0.29731352
   0.12328019  0.81546015  0.39907040
   0.51269144  0.56416594  0.19512445
   0.60815269  0.93188814  0.50305274
   0.37304000  0.94194000  0.09637000
   0.64917231  0.68904314  0.29640685
   0.45552838  0.81501550  0.39771524
   0.84613102  0.56436467  0.19560604
   0.94257129  0.93322459  0.50188410
   0.70637000  0.94194000  0.09637000
   0.98309081  0.68943908  0.29759401
   0.78843384  0.81497536  0.39712282
   0.60217438  0.19041666  0.50325436
   0.03971000  0.19194000  0.09637000
   0.31573624  0.43937773  0.29761315
   0.12547985  0.06189811  0.40001706
   0.17972646  0.31527680  0.19673897
   0.26124752  0.19470685  0.49525122
   0.37304000  0.19194000  0.09637000
   0.64829895  0.43950802  0.29777752
   0.46120996  0.06396540  0.40255455
   0.51277309  0.31595974  0.19722521
   0.70637000  0.19194000  0.09637000
   0.98171102  0.43947183  0.29791394
   0.79251457  0.06002162  0.39862285
   0.84603250  0.31605874  0.19701427
   0.91567119  0.19049530  0.49897886
   0.03971000  0.69194000  0.09637000
   0.31871691  0.94083939  0.29891452
   0.11874703  0.56339604  0.39870555
   0.17938509  0.81649500  0.19712552
   0.25700666  0.69615514  0.49412771
   0.37304000  0.69194000  0.09637000
   0.65067803  0.93934370  0.29589330
   0.44970708  0.56400143  0.39895681
   0.51311121  0.81510743  0.19496705
   0.58904113  0.69626054  0.49416795
   0.70637000  0.69194000  0.09637000
   0.98479844  0.93983845  0.29720879
   0.84737539  0.81505121  0.19545885
   0.91538868  0.70157335  0.49446411
   0.78490502  0.56421322  0.39844985
   0.17417000  0.33753000  0.11288000
   0.25097624  0.20958246  0.41314971
   0.05027480  0.33317932  0.51013120
   0.31388788  0.46051627  0.21361769
   0.11797152  0.08480629  0.31571786
   0.23858000  0.04636000  0.07986000
   0.04680261  0.17016634  0.17981181
   0.31608378  0.41954988  0.38197253
   0.14315486  0.04461260  0.48702938
   0.18347878  0.29306323  0.27981890
   0.50750000  0.33753000  0.11288000
   0.58370115  0.21178229  0.41974286
   0.38435986  0.33475769  0.51268891
   0.64662139  0.46073677  0.21423952
   0.45291615  0.08604008  0.31788454
   0.57191000  0.04636000  0.07986000
   0.38012300  0.17094699  0.18009222
   0.65049047  0.41939691  0.38167404
   0.47687052  0.04253723  0.48778744
   0.51597986  0.29286973  0.28054467
   0.84083000  0.33753000  0.11288000
   0.91700745  0.20778396  0.41498688
   0.71731640  0.34571489  0.51139819
   0.98066203  0.46086717  0.21414122
   0.78479895  0.08452682  0.31481844
   0.90524000  0.04636000  0.07986000
   0.71363235  0.17081464  0.18005724
   0.98112001  0.41860874  0.38199191
   0.80830407  0.03634786  0.48278118
   0.84936877  0.29333849  0.28020343
   0.17417000  0.83753000  0.11288000
   0.25579540  0.70843130  0.41074689
   0.07354563  0.82518281  0.51303443
   0.31578636  0.96177175  0.21452144
   0.11624101  0.58433136  0.31502627
   0.23858000  0.54636000  0.07986000
   0.04553305  0.67092356  0.18030280
   0.32267359  0.92028489  0.38305855
   0.12389648  0.55096468  0.48483551
   0.18294923  0.79462318  0.28029506
   0.50619000  0.83294000  0.10916000
   0.58864104  0.70843872  0.41060355
   0.40569953  0.82551309  0.51399329
   0.64831039  0.95993991  0.21179282
   0.45013722  0.58474387  0.31466627
   0.57191000  0.54636000  0.07986000
   0.37890146  0.67025168  0.17988121
   0.65428469  0.91802646  0.37952701
   0.45123460  0.55317238  0.48654512
   0.51520408  0.79365217  0.27828614
   0.83992000  0.83287000  0.10930000
   0.74349082  0.82197330  0.51373368
   0.98201926  0.96007531  0.21266368
   0.78312623  0.58437384  0.31416001
   0.90524000  0.54636000  0.07986000
   0.71223928  0.67067325  0.18028622
   0.98919573  0.91921450  0.38158685
   0.78673987  0.55329637  0.48582894
   0.84958195  0.79440955  0.27915943
   0.92189274  0.70869608  0.40994861
   0.78683363  0.55927253  0.65996540
   0.74467122  0.17181729  0.59098223
   0.75246084  0.39481307  0.60342939
   0.80564935  0.67693586  0.67404870
   0.77319195  0.59137822  0.71955818
   0.65511695  0.56426785  0.73768359
   0.87054411  0.57749870  0.74738171
   0.70981137  0.71521508  0.65830134
   0.92320693  0.72709104  0.66794667
