   0.60817514  0.43092393  0.49337254
   0.17921004  0.06419186  0.18507395
   0.27799677  0.43279730  0.49189226
   0.03971000  0.44194000  0.08602000
   0.31523864  0.18816174  0.28883402
   0.12260824  0.31353392  0.38953877
   0.51255429  0.06427728  0.18506632
   0.37304000  0.44194000  0.08602000
   0.64882925  0.18841253  0.28886831
   0.45613996  0.31364619  0.38957383
   0.84583365  0.06405164  0.18498707
   0.94766047  0.43261067  0.49471648
   0.70637000  0.44194000  0.08602000
   0.98202244  0.18804262  0.28865850
   0.78976235  0.31403163  0.39032436
   0.18096712  0.56373864  0.18481857
   0.25798740  0.93743697  0.49425641
   0.03971000  0.94194000  0.08602000
   0.31666036  0.68827953  0.28841841
   0.11355820  0.81444244  0.39064258
   0.51433746  0.56395748  0.18495650
   0.59045090  0.93590494  0.49276213
   0.37304000  0.94194000  0.08602000
   0.64988173  0.68882594  0.28877511
   0.44776173  0.81529344  0.38997115
   0.84763438  0.56369067  0.18474586
   0.92443662  0.93827222  0.49386141
   0.70637000  0.94194000  0.08602000
   0.98364097  0.68838950  0.28831948
   0.78084583  0.81506418  0.39177412
   0.03971000  0.19194000  0.08602000
   0.31757783  0.43857007  0.28821615
   0.11747764  0.06094262  0.38989540
   0.17935101  0.31541454  0.18702622
   0.25972322  0.19278722  0.48444608
   0.37304000  0.19194000  0.08602000
   0.65104660  0.43934209  0.28883060
   0.45006353  0.06113629  0.38956347
   0.51271647  0.31581512  0.18730134
   0.59492527  0.19057313  0.48381727
   0.70637000  0.19194000  0.08602000
   0.98416051  0.43870574  0.28841109
   0.78431089  0.06137688  0.38971370
   0.84603347  0.31545332  0.18708063
   0.92674113  0.19281171  0.48444424
   0.03971000  0.69194000  0.08602000
   0.31327590  0.93893735  0.28808249
   0.12471372  0.56053955  0.39026260
   0.17952597  0.81543107  0.18680591
   0.26138909  0.69285909  0.48552463
   0.37304000  0.69194000  0.08602000
   0.64692549  0.93908479  0.28819048
   0.45737104  0.55989056  0.39020230
   0.51276634  0.81553165  0.18689016
   0.59579099  0.69072962  0.48612694
   0.70637000  0.69194000  0.08602000
   0.98001041  0.93858636  0.28833459
   0.84619864  0.81539753  0.18686760
   0.92924028  0.69620472  0.48950551
   0.78965711  0.56147837  0.39083005
   0.17417000  0.33753000  0.10253000
   0.25640358  0.20528338  0.40094911
   0.07841972  0.32326622  0.49817501
   0.31526996  0.46039116  0.20461671
   0.11524882  0.08272665  0.30594295
   0.23858000  0.04636000  0.06951000
   0.04544750  0.17046814  0.16994468
   0.32151282  0.41735937  0.37225951
   0.12581230  0.04774091  0.47705299
   0.18185996  0.29283461  0.27064447
   0.50750000  0.33753000  0.10253000
   0.58872799  0.20540941  0.40058581
   0.40923546  0.32323894  0.49973817
   0.64863515  0.46078666  0.20515599
   0.44871604  0.08311226  0.30564664
   0.57191000  0.04636000  0.06951000
   0.37895163  0.17084604  0.17012938
   0.65594051  0.41984255  0.37372563
   0.45891311  0.04612588  0.47674267
   0.51541241  0.29366029  0.27121646
   0.84083000  0.33753000  0.10253000
   0.92288142  0.20535810  0.40091529
   0.74444480  0.32271017  0.49607359
   0.98183970  0.46043306  0.20470678
   0.78216212  0.08315229  0.30578210
   0.90524000  0.04636000  0.06951000
   0.71218355  0.17054971  0.16995300
   0.98774572  0.41851166  0.37268796
   0.79157864  0.04758756  0.47701020
   0.84864900  0.29307894  0.27071895
   0.17417000  0.83753000  0.10253000
   0.24801006  0.70888931  0.40357753
   0.05784403  0.83277551  0.50517596
   0.31337366  0.96067140  0.20445148
   0.11750369  0.58416259  0.30654238
   0.23858000  0.54636000  0.06951000
   0.04713147  0.66995574  0.16985102
   0.31205686  0.91841319  0.37235743
   0.14495868  0.54286033  0.47685393
   0.18234913  0.79233241  0.27023557
   0.50750000  0.83753000  0.10253000
   0.58088898  0.70795776  0.40385342
   0.38944635  0.82913196  0.50439895
   0.64663614  0.96067291  0.20451807
   0.45091230  0.58402060  0.30653078
   0.57191000  0.54636000  0.06951000
   0.38046719  0.67009194  0.16987988
   0.64651980  0.91851298  0.37248897
   0.47784679  0.54147206  0.47649767
   0.51556459  0.79253561  0.27041373
   0.84083000  0.83753000  0.10253000
   0.72417870  0.82962548  0.50138425
   0.98000798  0.96060257  0.20459925
   0.78458011  0.58486191  0.30723632
   0.90524000  0.54636000  0.06951000
   0.71388727  0.66997851  0.16986149
   0.97937681  0.91750980  0.37281273
   0.81143741  0.54566941  0.48947512
   0.84910366  0.79215804  0.27032347
   0.91332254  0.70625066  0.40677296
   0.60824411  0.62580101  0.62078411
   0.83793648  0.39600643  0.66923183
   0.80663175  0.50312089  0.58983831
   0.52931408  0.71608490  0.63360865
   0.48346827  0.60930803  0.66382056
   0.37498730  0.54951832  0.65141941
   0.52335764  0.60195615  0.70792117
   0.45631251  0.73674952  0.59855261
   0.60396465  0.78749188  0.65536096
