   0.62001226  0.42808902  0.49171277
   0.17897014  0.06405750  0.18499781
   0.28833060  0.43055089  0.49162060
   0.03971000  0.44194000  0.08602000
   0.31523670  0.18781040  0.28849120
   0.12776015  0.31187933  0.38891701
   0.51235294  0.06402961  0.18489964
   0.37304000  0.44194000  0.08602000
   0.64867086  0.18786725  0.28853064
   0.46106803  0.31137704  0.38848354
   0.84567469  0.06408551  0.18499849
   0.95552185  0.43139809  0.49287470
   0.70637000  0.44194000  0.08602000
   0.98203195  0.18803125  0.28859698
   0.79452407  0.31161428  0.38883991
   0.18069196  0.56382515  0.18472599
   0.24676696  0.93864800  0.49490489
   0.03971000  0.94194000  0.08602000
   0.31621823  0.68846625  0.28837601
   0.10968653  0.81679683  0.39097147
   0.51415131  0.56382207  0.18474529
   0.58067806  0.93855990  0.49212256
   0.37304000  0.94194000  0.08602000
   0.64998258  0.68874319  0.28855142
   0.44345729  0.81635956  0.39027637
   0.84747593  0.56386211  0.18477714
   0.91484855  0.94054555  0.49309759
   0.70637000  0.94194000  0.08602000
   0.98324271  0.68873038  0.28845131
   0.77646667  0.81726442  0.39215946
   0.03971000  0.19194000  0.08602000
   0.31929848  0.43818617  0.28788401
   0.11414247  0.06255427  0.39008877
   0.17943107  0.31532971  0.18688388
   0.26025526  0.19270022  0.48534437
   0.37304000  0.19194000  0.08602000
   0.65299226  0.43834063  0.28816572
   0.44664003  0.06256720  0.39004609
   0.51287755  0.31540228  0.18696491
   0.59270752  0.19249540  0.48548838
   0.70637000  0.19194000  0.08602000
   0.98612722  0.43852129  0.28840640
   0.78055024  0.06288229  0.38976922
   0.84622891  0.31552905  0.18704871
   0.92506566  0.19526627  0.48523629
   0.03971000  0.69194000  0.08602000
   0.31160464  0.93923823  0.28823763
   0.12821118  0.55996353  0.39035723
   0.17910917  0.81545476  0.18681707
   0.26321497  0.69380647  0.48534495
   0.37304000  0.69194000  0.08602000
   0.64497986  0.93919431  0.28809147
   0.46091977  0.55870199  0.38958421
   0.51247184  0.81531407  0.18679817
   0.60074059  0.68893011  0.48358059
   0.70637000  0.69194000  0.08602000
   0.97797396  0.93923039  0.28842168
   0.84586894  0.81544452  0.18686088
   0.92890386  0.69340013  0.48638773
   0.79527182  0.55974500  0.38990695
   0.17417000  0.33753000  0.10253000
   0.26065094  0.20402811  0.40118681
   0.08683079  0.32133323  0.49978532
   0.31505025  0.46051620  0.20443763
   0.11509085  0.08295263  0.30586088
   0.23858000  0.04636000  0.06951000
   0.04532670  0.17038228  0.16989289
   0.32697130  0.41580172  0.37183790
   0.11764636  0.05011660  0.47783847
   0.18225791  0.29275472  0.27041406
   0.50750000  0.33753000  0.10253000
   0.59366909  0.20394993  0.40127937
   0.41898630  0.31977617  0.50081286
   0.64849053  0.46058298  0.20470118
   0.44841918  0.08305909  0.30579156
   0.57191000  0.04636000  0.06951000
   0.37873365  0.17045483  0.16993016
   0.66090255  0.41645750  0.37222953
   0.44877276  0.05044826  0.47774776
   0.51568274  0.29292467  0.27061724
   0.84083000  0.33753000  0.10253000
   0.92772618  0.20419551  0.40077419
   0.75423285  0.31965360  0.49962464
   0.98175751  0.46068779  0.20482073
   0.78188177  0.08300771  0.30555543
   0.90524000  0.04636000  0.06951000
   0.71208696  0.17055800  0.16998315
   0.99353220  0.41683987  0.37257258
   0.78275809  0.05140247  0.47748503
   0.84894314  0.29316048  0.27074228
   0.17417000  0.83753000  0.10253000
   0.24358658  0.71029211  0.40398947
   0.04497329  0.83306229  0.50473123
   0.31313367  0.96065990  0.20449289
   0.11726294  0.58454392  0.30698299
   0.23858000  0.54636000  0.06951000
   0.04689231  0.66998351  0.16981758
   0.30836923  0.91977891  0.37268387
   0.15561184  0.54107434  0.47692633
   0.18186861  0.79237915  0.27023398
   0.50750000  0.83753000  0.10253000
   0.57501215  0.70859691  0.40325750
   0.38002257  0.83291408  0.50521444
   0.64642452  0.96056633  0.20436506
   0.45067946  0.58435997  0.30629479
   0.57191000  0.54636000  0.06951000
   0.38020835  0.66996294  0.16978116
   0.64144570  0.91981488  0.37247221
   0.49054559  0.53823059  0.47643770
   0.51512969  0.79235240  0.27025166
   0.84083000  0.83753000  0.10253000
   0.71554252  0.83142923  0.49819219
   0.97983271  0.96067549  0.20458967
   0.78447923  0.58460876  0.30679304
   0.90524000  0.54636000  0.06951000
   0.71354843  0.66998607  0.16982437
   0.97486126  0.91990257  0.37300290
   0.81989186  0.54068084  0.47839264
   0.84856245  0.79241631  0.27029939
   0.90971070  0.70951986  0.40499737
   0.61748164  0.61875073  0.63241229
   0.81048752  0.37932840  0.68041276
   0.76814516  0.49210032  0.60135051
   0.53558003  0.70866268  0.63077984
   0.47682328  0.60792420  0.66651010
   0.37707109  0.54308725  0.65186469
   0.50044873  0.60874145  0.71239046
   0.48062461  0.71909777  0.58930891
   0.60653869  0.78434724  0.65015859
