   0.18141525  0.06470307  0.19507207
   0.24476729  0.44164511  0.50344803
   0.03971000  0.44194000  0.09637000
   0.31864088  0.19003462  0.29903175
   0.11372619  0.31759614  0.40064856
   0.51449288  0.06432732  0.19480480
   0.57723856  0.44711214  0.50022016
   0.37304000  0.44194000  0.09637000
   0.65190177  0.18972630  0.29853588
   0.44890087  0.31748207  0.40061354
   0.84781190  0.06437606  0.19480655
   0.91704060  0.44809956  0.50074873
   0.70637000  0.44194000  0.09637000
   0.98509482  0.18918433  0.29801559
   0.78083973  0.31732158  0.40128231
   0.17961291  0.56483401  0.19532305
   0.28206850  0.93525669  0.50294745
   0.03971000  0.94194000  0.09637000
   0.31620035  0.68992401  0.29805490
   0.12547362  0.81612712  0.39726756
   0.51280112  0.56452576  0.19526880
   0.61569417  0.93427080  0.50331681
   0.37304000  0.94194000  0.09637000
   0.64911400  0.68933667  0.29782515
   0.45830198  0.81596368  0.39813821
   0.84629882  0.56461166  0.19508073
   0.94865766  0.93515198  0.50200490
   0.70637000  0.94194000  0.09637000
   0.98279009  0.68960846  0.29808757
   0.79129427  0.81557403  0.39744469
   0.60441382  0.19176966  0.50204775
   0.03971000  0.19194000  0.09637000
   0.31384685  0.43995554  0.29795001
   0.12656560  0.06235542  0.39989392
   0.17949513  0.31598886  0.19715624
   0.26252423  0.19687944  0.49480907
   0.37304000  0.19194000  0.09637000
   0.64772401  0.44034189  0.29819644
   0.46235629  0.06407145  0.40211590
   0.51323392  0.31602871  0.19711602
   0.70637000  0.19194000  0.09637000
   0.98049740  0.44029030  0.29797708
   0.79460951  0.06217096  0.39953218
   0.84637453  0.31597417  0.19703251
   0.91793858  0.19328794  0.49915857
   0.03971000  0.69194000  0.09637000
   0.32013391  0.94181772  0.29890552
   0.11573783  0.56534652  0.39895451
   0.18006801  0.81672612  0.19752791
   0.25668935  0.69787644  0.49429225
   0.37304000  0.69194000  0.09637000
   0.65224057  0.93986021  0.29739208
   0.44702174  0.56536052  0.39887739
   0.51358959  0.81547023  0.19585805
   0.58706634  0.69903543  0.49435784
   0.70637000  0.69194000  0.09637000
   0.98551730  0.93983566  0.29738383
   0.84696540  0.81560006  0.19584645
   0.92156321  0.70235209  0.49403140
   0.78170040  0.56644868  0.39904138
   0.17417000  0.33753000  0.11288000
   0.24839411  0.21095019  0.41299947
   0.04198201  0.33749452  0.51362176
   0.31367485  0.46107856  0.21415991
   0.11959832  0.08481655  0.31573158
   0.23858000  0.04636000  0.07986000
   0.04694415  0.17073000  0.18017755
   0.31285405  0.42071811  0.38194749
   0.14902166  0.04548707  0.48668490
   0.18368822  0.29331684  0.28039894
   0.50750000  0.33753000  0.11288000
   0.58181103  0.21231311  0.41900111
   0.37889950  0.33688126  0.51402350
   0.64733723  0.46107843  0.21412973
   0.45376505  0.08715177  0.31782207
   0.57191000  0.04636000  0.07986000
   0.38064095  0.17072466  0.18013612
   0.64653427  0.42136996  0.38266029
   0.48231688  0.04216403  0.48736050
   0.51760474  0.29387453  0.28055996
   0.84083000  0.33753000  0.11288000
   0.91508760  0.21114262  0.41585441
   0.71248941  0.34604769  0.51127560
   0.98060808  0.46117438  0.21408382
   0.78622797  0.08526082  0.31562015
   0.90524000  0.04636000  0.07986000
   0.71357084  0.17062202  0.18013429
   0.97902037  0.42123112  0.38219322
   0.81523543  0.03967819  0.48351628
   0.85067791  0.29346918  0.28025182
   0.17417000  0.83753000  0.11288000
   0.25783224  0.70895636  0.41022844
   0.08086693  0.82651931  0.51308962
   0.31626901  0.96176279  0.21485676
   0.11655358  0.58471154  0.31487277
   0.23858000  0.54636000  0.07986000
   0.04601372  0.67145800  0.18053215
   0.32468543  0.92142296  0.38284317
   0.11789798  0.55468813  0.48589293
   0.18288958  0.79558376  0.28115035
   0.50619000  0.83294000  0.10916000
   0.59154996  0.70816310  0.41006057
   0.41413552  0.82347533  0.51210734
   0.64886761  0.96013532  0.21312872
   0.44910615  0.58450430  0.31479322
   0.57191000  0.54636000  0.07986000
   0.37911477  0.67112532  0.18015376
   0.65674271  0.91959269  0.38120261
   0.44610526  0.55559378  0.48587699
   0.51604938  0.79424273  0.27970837
   0.83992000  0.83287000  0.10930000
   0.74726943  0.82318120  0.51294957
   0.98226779  0.96039650  0.21330571
   0.78281447  0.58466994  0.31492504
   0.90524000  0.54636000  0.07986000
   0.71234063  0.67111240  0.18022939
   0.99050233  0.92017800  0.38153361
   0.78350373  0.55853087  0.48572274
   0.84906456  0.79437319  0.27972274
   0.92601429  0.70923881  0.40960967
   0.78645585  0.54011210  0.66443728
   0.72775113  0.16155037  0.59186391
   0.75782669  0.37426291  0.60721687
   0.80299184  0.66027337  0.67008769
   0.77358155  0.58722284  0.72093365
   0.65491074  0.56682716  0.73965378
   0.87077472  0.58271523  0.75020098
   0.70658241  0.69313710  0.65175222
   0.92229081  0.70942072  0.66194330
