   0.17995269  0.06499897  0.19531380
   0.26740480  0.43852273  0.50291300
   0.03971000  0.44194000  0.09637000
   0.31712415  0.19073234  0.29908371
   0.11945822  0.31473200  0.40381646
   0.51319242  0.06457196  0.19521428
   0.59217777  0.43713082  0.49944251
   0.37304000  0.44194000  0.09637000
   0.65029506  0.18943078  0.29871404
   0.45172745  0.31455201  0.40202287
   0.84647932  0.06473871  0.19495761
   0.93664256  0.44107714  0.49691782
   0.70637000  0.44194000  0.09637000
   0.98356473  0.19005954  0.29909604
   0.78731180  0.31315182  0.39933258
   0.18024537  0.56503674  0.19542994
   0.26155387  0.93377824  0.50316911
   0.03971000  0.94194000  0.09637000
   0.31717002  0.69096524  0.29920233
   0.12037977  0.81631253  0.39786492
   0.51285602  0.56425108  0.19463110
   0.59726458  0.93745167  0.50621324
   0.37304000  0.94194000  0.09637000
   0.64923994  0.68929783  0.29759882
   0.45478250  0.81780624  0.40022206
   0.84667756  0.56431900  0.19470993
   0.92885184  0.93261053  0.50421891
   0.70637000  0.94194000  0.09637000
   0.98304812  0.68970023  0.29746757
   0.78686834  0.81561497  0.39793019
   0.93994362  0.18928916  0.50166026
   0.03971000  0.19194000  0.09637000
   0.31645210  0.43993915  0.29887422
   0.12161050  0.06119885  0.39866805
   0.18019134  0.31625681  0.19657054
   0.24315260  0.18625486  0.50083984
   0.37304000  0.19194000  0.09637000
   0.64936091  0.43778259  0.29643236
   0.45287863  0.06511351  0.40304972
   0.51312923  0.31474862  0.19523193
   0.58125257  0.19509592  0.50067552
   0.70637000  0.19194000  0.09637000
   0.98396687  0.43939054  0.29756520
   0.78728655  0.06346992  0.40306957
   0.84707601  0.31532917  0.19588795
   0.03971000  0.69194000  0.09637000
   0.31783923  0.94196884  0.29946369
   0.12440983  0.56322701  0.39884791
   0.18073456  0.81653286  0.19678838
   0.25823380  0.69890144  0.49508921
   0.37304000  0.69194000  0.09637000
   0.65054196  0.94124969  0.29919266
   0.45434512  0.56303564  0.40040161
   0.51330080  0.81638612  0.19664292
   0.59089960  0.69673871  0.49582054
   0.70637000  0.69194000  0.09637000
   0.98286736  0.93985952  0.29673659
   0.84647304  0.81555518  0.19540626
   0.92786581  0.69138289  0.49206720
   0.78786175  0.56077879  0.39688817
   0.17364772  0.33284335  0.10996688
   0.25405425  0.20636051  0.41612737
   0.06586603  0.33851986  0.50294256
   0.31444735  0.46106231  0.21427426
   0.11777820  0.08529968  0.31487439
   0.23858000  0.04636000  0.07986000
   0.04594757  0.17153027  0.18045686
   0.31869400  0.41891712  0.38314610
   0.12780809  0.03516064  0.48113180
   0.18290347  0.29481661  0.28050001
   0.50676371  0.33244733  0.10905049
   0.58794807  0.20995212  0.41775066
   0.39823511  0.32643590  0.51268712
   0.64726596  0.45946807  0.21204290
   0.45135836  0.08713313  0.31857002
   0.57191000  0.04636000  0.07986000
   0.37910665  0.17053218  0.17994757
   0.65215107  0.41680051  0.38119826
   0.46233292  0.04697618  0.49042054
   0.51629103  0.29297857  0.27895264
   0.84021263  0.33257305  0.10944984
   0.91721411  0.20797699  0.41741283
   0.72820864  0.33025973  0.51926897
   0.98125720  0.46010969  0.21307973
   0.78432752  0.08617231  0.31783812
   0.90524000  0.04636000  0.07986000
   0.71239122  0.17101299  0.18026883
   0.98531470  0.41936796  0.38181137
   0.79773776  0.04358975  0.48891459
   0.84929729  0.29390993  0.27989877
   0.17376312  0.83280536  0.11012460
   0.25510286  0.71072472  0.41164910
   0.06239897  0.82225984  0.51356149
   0.31469507  0.96150527  0.21485596
   0.11751361  0.58512686  0.31507555
   0.23858000  0.54636000  0.07986000
   0.04618498  0.67164575  0.18079372
   0.31992938  0.92171468  0.38382122
   0.13565951  0.55198488  0.48554522
   0.18321343  0.79574916  0.28101174
   0.50696907  0.83285970  0.11007112
   0.58727525  0.70964712  0.41324452
   0.39728400  0.82921345  0.51524082
   0.64779034  0.96119875  0.21448360
   0.45012632  0.58535839  0.31665800
   0.57191000  0.54636000  0.07986000
   0.37949525  0.67150367  0.18058373
   0.65258077  0.92063676  0.38347959
   0.46740583  0.54759506  0.48694096
   0.51627832  0.79512753  0.28069864
   0.84014372  0.83255017  0.10927155
   0.72622274  0.82740841  0.51782508
   0.98090310  0.96039562  0.21269821
   0.78266560  0.58323709  0.31339252
   0.90524000  0.54636000  0.07986000
   0.71237409  0.67074668  0.18017076
   0.98461698  0.91802632  0.37992395
   0.79860152  0.54490148  0.48381242
   0.84832274  0.79357018  0.27899872
   0.92010872  0.70738202  0.40957537
   0.77758950  0.57140911  0.65271965
   0.07950927  0.15798787  0.58599778
   0.75366550  0.42532612  0.59671510
   0.79980618  0.68593654  0.67467258
   0.76690189  0.59011336  0.71427288
   0.64806389  0.56144785  0.73133564
   0.86390845  0.56852802  0.73873776
   0.70472545  0.72750127  0.66281942
   0.92102099  0.73528571  0.67002780
