   0.18146193  0.06392027  0.19356653
   0.25096650  0.44298405  0.49942759
   0.03971000  0.44194000  0.09637000
   0.31718651  0.19016814  0.29697779
   0.11364239  0.31597184  0.40131835
   0.51466379  0.06390393  0.19348307
   0.57759586  0.44147096  0.50019916
   0.37304000  0.44194000  0.09637000
   0.65060924  0.18961519  0.29657972
   0.44601626  0.31634695  0.40128171
   0.84783104  0.06374363  0.19352989
   0.92006411  0.44588445  0.49783086
   0.70637000  0.44194000  0.09637000
   0.98376639  0.18956515  0.29678356
   0.78265836  0.31530175  0.39776354
   0.18083695  0.56348571  0.19342376
   0.27888677  0.93166670  0.50033395
   0.03971000  0.94194000  0.09637000
   0.31667585  0.68879847  0.29575774
   0.12298901  0.81468511  0.39521369
   0.51411371  0.56377383  0.19414617
   0.61367729  0.93257824  0.50146780
   0.37304000  0.94194000  0.09637000
   0.65021507  0.68886988  0.29640765
   0.45683229  0.81475553  0.39532215
   0.84727823  0.56342521  0.19359732
   0.94699846  0.93226459  0.50189882
   0.70637000  0.94194000  0.09637000
   0.98321744  0.68866237  0.29597097
   0.79022169  0.81449010  0.39610614
   0.93989714  0.19068349  0.49873901
   0.03971000  0.19194000  0.09637000
   0.31444961  0.43836317  0.29586388
   0.12712781  0.06042174  0.39706604
   0.18014919  0.31470826  0.19476745
   0.24431475  0.18866593  0.49873457
   0.37304000  0.19194000  0.09637000
   0.64812205  0.43968405  0.29731027
   0.45887599  0.06297687  0.39897458
   0.51385169  0.31559101  0.19546364
   0.58942891  0.19175425  0.49707900
   0.70637000  0.19194000  0.09637000
   0.98165979  0.43918304  0.29578377
   0.79245523  0.06158306  0.39982556
   0.84681395  0.31498683  0.19492929
   0.03971000  0.69194000  0.09637000
   0.31918318  0.94038558  0.29607583
   0.11704890  0.56420365  0.39648855
   0.18097558  0.81513976  0.19502083
   0.25189917  0.70007772  0.49224194
   0.37304000  0.69194000  0.09637000
   0.65264036  0.94039902  0.29655853
   0.44910446  0.56327117  0.39645479
   0.51452686  0.81536584  0.19536036
   0.58676930  0.69707748  0.49225840
   0.70637000  0.69194000  0.09637000
   0.98490515  0.93961654  0.29548741
   0.84739965  0.81485491  0.19496081
   0.91862553  0.69778618  0.49442763
   0.78292547  0.56418833  0.39836560
   0.17306178  0.33250623  0.10879629
   0.24795556  0.20829910  0.41446614
   0.04888852  0.34312410  0.50186836
   0.31480174  0.45921559  0.21130418
   0.11804403  0.08520823  0.31346271
   0.23858000  0.04636000  0.07986000
   0.04689851  0.17008837  0.17961431
   0.31308526  0.41911819  0.38001322
   0.14607171  0.03351574  0.47950742
   0.18231400  0.29338609  0.27808903
   0.50661338  0.33269317  0.10917623
   0.58282797  0.21148355  0.41532201
   0.38190242  0.33400842  0.50940158
   0.64849809  0.45983562  0.21260811
   0.45187144  0.08608109  0.31493802
   0.57191000  0.04636000  0.07986000
   0.38083014  0.17077269  0.17992773
   0.64721609  0.42001485  0.38223785
   0.48058886  0.04222888  0.48550793
   0.51627914  0.29438969  0.27922354
   0.83954955  0.33261956  0.10896784
   0.91143651  0.20898480  0.41525340
   0.71215597  0.33430388  0.52027825
   0.98153473  0.45934529  0.21132979
   0.78482967  0.08581827  0.31501593
   0.90524000  0.04636000  0.07986000
   0.71357949  0.17040038  0.17984681
   0.98019874  0.41984505  0.37962316
   0.81236783  0.03941358  0.48520503
   0.84927035  0.29358476  0.27846364
   0.17312268  0.83264269  0.10908588
   0.25684414  0.70871453  0.40786841
   0.07812955  0.82080274  0.51391516
   0.31607548  0.95993796  0.21181661
   0.11680378  0.58374010  0.31238616
   0.23858000  0.54636000  0.07986000
   0.04706474  0.67038335  0.17983759
   0.32342005  0.92003664  0.37989041
   0.11915753  0.55577848  0.48313021
   0.18350482  0.79437827  0.27861688
   0.50658934  0.83270197  0.10928395
   0.59000544  0.70729519  0.40837158
   0.41242223  0.82370964  0.51071238
   0.64924031  0.96008499  0.21221879
   0.44977721  0.58312356  0.31238103
   0.57191000  0.54636000  0.07986000
   0.38043521  0.67077211  0.18007388
   0.65608830  0.91918907  0.38036933
   0.45203064  0.55225070  0.48345638
   0.51727626  0.79422022  0.27902481
   0.83967200  0.83267832  0.10918472
   0.74445219  0.82113630  0.51214958
   0.98235416  0.95957066  0.21146919
   0.78333022  0.58407543  0.31417099
   0.90524000  0.54636000  0.07986000
   0.71347118  0.67023951  0.17992152
   0.98852309  0.91772855  0.37861179
   0.78271205  0.55090545  0.48622211
   0.85007067  0.79348631  0.27832794
   0.92343915  0.70759539  0.41023874
   0.78224098  0.54635224  0.66926850
   0.07827464  0.16112484  0.58238700
   0.74027085  0.41166878  0.60280570
   0.80032915  0.66672479  0.67260297
   0.76969451  0.59715568  0.72461825
   0.65029014  0.57896706  0.74314681
   0.86685800  0.59346291  0.75403770
   0.70420601  0.69824628  0.65334456
   0.92048314  0.71355139  0.66371924
