   0.17931898  0.06416513  0.19481794
   0.28994990  0.43181027  0.50288509
   0.03971000  0.44194000  0.09637000
   0.31713247  0.18882888  0.29746353
   0.13196952  0.31240019  0.39656362
   0.51266169  0.06385235  0.19444256
   0.61883018  0.43267640  0.49883942
   0.37304000  0.44194000  0.09637000
   0.65021899  0.18824882  0.29670027
   0.46510454  0.31275089  0.39689193
   0.84609657  0.06417683  0.19453086
   0.96165941  0.42900591  0.49657476
   0.70637000  0.44194000  0.09637000
   0.98370825  0.18847718  0.29689428
   0.79773319  0.31163175  0.39457746
   0.18178077  0.56476565  0.19440364
   0.24092944  0.94350915  0.50101323
   0.03971000  0.94194000  0.09637000
   0.31728639  0.69127111  0.29848555
   0.11088032  0.81816772  0.40168291
   0.51456760  0.56408233  0.19354455
   0.57779393  0.94531474  0.50389802
   0.37304000  0.94194000  0.09637000
   0.64973573  0.69009038  0.29655774
   0.44256634  0.81957843  0.40525037
   0.84839777  0.56455750  0.19408321
   0.90659216  0.93941588  0.50228281
   0.70637000  0.94194000  0.09637000
   0.98439708  0.69069893  0.29704807
   0.77508274  0.81762548  0.40076050
   0.57974920  0.69165328  0.49887926
   0.03971000  0.19194000  0.09637000
   0.32210612  0.44002237  0.29683325
   0.11482878  0.06353782  0.39898215
   0.18074284  0.31553660  0.19564547
   0.25604616  0.19582845  0.49502857
   0.37304000  0.19194000  0.09637000
   0.65397455  0.43759995  0.29407860
   0.45012561  0.06815158  0.40174824
   0.51341759  0.31407771  0.19454058
   0.58437764  0.20330473  0.50140581
   0.70637000  0.19194000  0.09637000
   0.98978543  0.43946605  0.29627129
   0.77997910  0.06427328  0.39996368
   0.84745674  0.31517215  0.19554026
   0.93050375  0.19133461  0.49495969
   0.03971000  0.69194000  0.09637000
   0.31380323  0.94152701  0.29891951
   0.12983723  0.56123644  0.39910788
   0.18031728  0.81628533  0.19623292
   0.26982646  0.69057961  0.49983872
   0.37304000  0.69194000  0.09637000
   0.64555186  0.94030416  0.29812456
   0.46335559  0.56211510  0.39914541
   0.51320091  0.81591693  0.19595217
   0.70637000  0.69194000  0.09637000
   0.97939851  0.94013982  0.29782841
   0.84607919  0.81610765  0.19680923
   0.92616092  0.69111221  0.49014294
   0.79578108  0.55919490  0.39470988
   0.17293000  0.33291000  0.10959000
   0.26395441  0.20525402  0.41014423
   0.08674555  0.31812346  0.51334973
   0.31614917  0.46054027  0.21285241
   0.11688044  0.08416926  0.31468088
   0.23858000  0.04636000  0.07986000
   0.04559370  0.17102292  0.18023049
   0.33131075  0.41674285  0.38007526
   0.10996164  0.05375220  0.48701977
   0.18429260  0.29407866  0.27932536
   0.50633000  0.33253000  0.10912000
   0.60130868  0.21001965  0.41542027
   0.42134491  0.31908489  0.51270866
   0.64883474  0.45903426  0.21058397
   0.45162008  0.08572155  0.31692080
   0.57191000  0.04636000  0.07986000
   0.37850745  0.17001000  0.17976750
   0.66426720  0.41518227  0.37750073
   0.44594054  0.06171567  0.48944237
   0.51705720  0.29242955  0.27790507
   0.83947000  0.33230000  0.10978000
   0.92941474  0.20639586  0.41166178
   0.75182559  0.32592582  0.52461725
   0.98291329  0.46031477  0.21247464
   0.78344697  0.08453733  0.31552512
   0.90524000  0.04636000  0.07986000
   0.71204012  0.17073578  0.18026356
   0.99741894  0.41600578  0.37976415
   0.78014223  0.05385512  0.48776114
   0.85103023  0.29381266  0.27927613
   0.17282000  0.83289000  0.10962000
   0.24096327  0.71049457  0.41656710
   0.03737322  0.83217969  0.50978928
   0.31423923  0.96087466  0.21400408
   0.11820000  0.58628085  0.31533645
   0.23858000  0.54636000  0.07986000
   0.04754730  0.67120999  0.18022664
   0.30922745  0.92411216  0.38336050
   0.15487569  0.53532489  0.48241574
   0.18292832  0.79534749  0.28010055
   0.50615000  0.83297000  0.10968000
   0.57748367  0.71172691  0.41686913
   0.37750787  0.84426044  0.50479418
   0.64714047  0.96072585  0.21354862
   0.45175476  0.58687326  0.31577933
   0.57191000  0.54636000  0.07986000
   0.38065997  0.67088738  0.18009491
   0.64155212  0.92126744  0.38250042
   0.48937240  0.53590987  0.48195706
   0.51549318  0.79452994  0.27953763
   0.84083000  0.83753000  0.11288000
   0.70620342  0.83518847  0.51460361
   0.98068614  0.96107992  0.21376948
   0.78422304  0.58424924  0.31127235
   0.90524000  0.54636000  0.07986000
   0.71371935  0.67064571  0.18001847
   0.97514906  0.92096900  0.38203626
   0.82289340  0.53734947  0.48069699
   0.84873117  0.79429016  0.27986202
   0.90734540  0.70940157  0.40968805
   0.80892138  0.61038284  0.62821638
   0.36667423  0.64735633  0.58672187
   0.81324613  0.44566636  0.59440980
   0.80271416  0.72976405  0.62913663
   0.76566211  0.65791030  0.68152803
   0.64216208  0.62789546  0.69344162
   0.85370766  0.66197522  0.71461617
   0.70883493  0.75246242  0.60451841
   0.91844395  0.78484366  0.62429229
