   0.18023056  0.06518265  0.19568678
   0.26886125  0.43779334  0.50253068
   0.03971000  0.44194000  0.09637000
   0.31710503  0.19043002  0.29943050
   0.12051140  0.31457172  0.40381143
   0.51347951  0.06481429  0.19563759
   0.59253079  0.43467633  0.49990534
   0.37304000  0.44194000  0.09637000
   0.65029999  0.18929362  0.29909619
   0.45268569  0.31485861  0.40213553
   0.84687598  0.06505234  0.19529394
   0.93665531  0.43764464  0.49775760
   0.70637000  0.44194000  0.09637000
   0.98377777  0.18999105  0.29939945
   0.78824397  0.31351238  0.39867305
   0.18069438  0.56550232  0.19580337
   0.25855888  0.93453981  0.50333214
   0.03971000  0.94194000  0.09637000
   0.31717960  0.69103188  0.29994312
   0.11963898  0.81629545  0.39988070
   0.51326406  0.56472648  0.19505259
   0.59375780  0.94141289  0.50504819
   0.37304000  0.94194000  0.09637000
   0.64938451  0.69004138  0.29793152
   0.45520301  0.81794503  0.40187101
   0.84711621  0.56479499  0.19512130
   0.92849115  0.93578625  0.50327360
   0.70637000  0.94194000  0.09637000
   0.98377794  0.69027978  0.29774785
   0.78661608  0.81540875  0.40065462
   0.93929589  0.19006761  0.50183646
   0.03971000  0.19194000  0.09637000
   0.31724352  0.44082503  0.29972688
   0.12172352  0.06095109  0.39871714
   0.17984838  0.31681738  0.19763394
   0.24239521  0.18601015  0.50091918
   0.37304000  0.19194000  0.09637000
   0.64913629  0.43794927  0.29598401
   0.45405159  0.06658191  0.40392952
   0.51237231  0.31511468  0.19645251
   0.58044439  0.20067097  0.50282503
   0.70637000  0.19194000  0.09637000
   0.98484506  0.43935730  0.29779945
   0.78736188  0.06383145  0.40300896
   0.84645944  0.31578326  0.19703392
   0.03971000  0.69194000  0.09637000
   0.31792141  0.94207633  0.30033209
   0.12309903  0.56290935  0.39928721
   0.18030112  0.81713426  0.19790431
   0.26270627  0.69797061  0.49482763
   0.37304000  0.69194000  0.09637000
   0.65066155  0.94148329  0.29968984
   0.45643694  0.56418750  0.40189223
   0.51288871  0.81697297  0.19773360
   0.60741871  0.69241305  0.49913739
   0.70637000  0.69194000  0.09637000
   0.98266764  0.94002608  0.29749228
   0.84589354  0.81603890  0.19681420
   0.92046864  0.68661133  0.49400221
   0.78979610  0.56008778  0.39429274
   0.17237788  0.33435590  0.11185705
   0.25439463  0.20635845  0.41628326
   0.06769435  0.33780503  0.50315475
   0.31483642  0.46219587  0.21549807
   0.11769731  0.08543808  0.31536365
   0.23858000  0.04636000  0.07986000
   0.04636390  0.17147916  0.18026381
   0.32058489  0.41971618  0.38378443
   0.12817832  0.03554669  0.48104663
   0.18337426  0.29486862  0.28100262
   0.50532727  0.33412262  0.11147395
   0.59038012  0.21220002  0.41936769
   0.39861530  0.32540589  0.51225553
   0.64739278  0.46040791  0.21287207
   0.45174411  0.08730872  0.31932882
   0.57191000  0.04636000  0.07986000
   0.37923409  0.17031159  0.17989544
   0.65272967  0.41573331  0.37914168
   0.46232915  0.05200251  0.49135430
   0.51610378  0.29231407  0.27932707
   0.83885698  0.33416665  0.11166354
   0.91723853  0.20870025  0.41762498
   0.72926492  0.33496722  0.52755970
   0.98157769  0.46115199  0.21407741
   0.78447454  0.08644208  0.31823390
   0.90524000  0.04636000  0.07986000
   0.71261688  0.17084658  0.18010186
   0.98689321  0.41844759  0.38144507
   0.79708024  0.04635681  0.48869938
   0.84951120  0.29359203  0.28037138
   0.17240411  0.83431246  0.11196395
   0.25513577  0.71000723  0.41190741
   0.05346480  0.82083426  0.51204090
   0.31499263  0.96230236  0.21601234
   0.11720047  0.58537118  0.31568762
   0.23858000  0.54636000  0.07986000
   0.04667779  0.67170324  0.18059222
   0.32036502  0.92173606  0.38455297
   0.13720478  0.55064578  0.48599860
   0.18357919  0.79562535  0.28162180
   0.50563849  0.83433769  0.11192053
   0.58695646  0.71006741  0.41784900
   0.39302387  0.83241433  0.51538695
   0.64809835  0.96210260  0.21551048
   0.45124868  0.58670975  0.31814106
   0.57191000  0.54636000  0.07986000
   0.37996211  0.67157091  0.18046456
   0.65293731  0.91973103  0.38346537
   0.47198011  0.54678002  0.48859849
   0.51617854  0.79516375  0.28133878
   0.83879015  0.83418456  0.11161401
   0.72513036  0.83222825  0.51381076
   0.98103006  0.96138147  0.21388772
   0.78322562  0.58440956  0.31237269
   0.90524000  0.54636000  0.07986000
   0.71272236  0.67071079  0.18004960
   0.98358937  0.91724700  0.38041894
   0.79706423  0.53719676  0.47859326
   0.84874138  0.79385385  0.27986873
   0.91950224  0.70658808  0.41189051
   0.77661345  0.57360726  0.65062293
   0.07984219  0.15768944  0.58576442
   0.75228415  0.44334481  0.59281339
   0.79940081  0.68634063  0.67449480
   0.76645730  0.58806684  0.71233762
   0.64514005  0.55377835  0.72795490
   0.86408769  0.56128838  0.73487634
   0.70257141  0.72557498  0.66089580
   0.92221441  0.73199226  0.66777656
