   0.18161876  0.06452811  0.19440161
   0.26014621  0.43950748  0.49868083
   0.03971000  0.44194000  0.09637000
   0.31851402  0.19026404  0.29786856
   0.12128655  0.31482201  0.39899806
   0.51480831  0.06388375  0.19387642
   0.59202120  0.43927287  0.49700189
   0.37304000  0.44194000  0.09637000
   0.65160415  0.18925766  0.29617603
   0.45247577  0.31567123  0.40240908
   0.84837736  0.06433658  0.19419991
   0.92851827  0.43321409  0.49972728
   0.70637000  0.44194000  0.09637000
   0.98533385  0.18932886  0.29729708
   0.78496031  0.31377330  0.39726305
   0.18107952  0.56467199  0.19434030
   0.26444277  0.93316868  0.50246358
   0.03971000  0.94194000  0.09637000
   0.31817640  0.69022401  0.29746078
   0.12207979  0.81537419  0.39854281
   0.51393524  0.56431001  0.19362471
   0.59796822  0.93708075  0.50044640
   0.37304000  0.94194000  0.09637000
   0.65117949  0.68983318  0.29617620
   0.45635817  0.81658747  0.39894242
   0.84767239  0.56442246  0.19381129
   0.93432152  0.93601445  0.50131805
   0.70637000  0.94194000  0.09637000
   0.98527597  0.69009976  0.29609612
   0.78910654  0.81452617  0.39882735
   0.57136426  0.19180508  0.50606406
   0.03971000  0.19194000  0.09637000
   0.31829850  0.44044553  0.29717806
   0.12344042  0.06152449  0.40031784
   0.18105795  0.31582810  0.19570978
   0.26721420  0.18990043  0.49996753
   0.37304000  0.19194000  0.09637000
   0.64915967  0.43786757  0.29406268
   0.45947503  0.06527355  0.40039794
   0.51362363  0.31461843  0.19427107
   0.70637000  0.19194000  0.09637000
   0.98493656  0.43888795  0.29580297
   0.78860987  0.06217855  0.39885005
   0.84798669  0.31512041  0.19492500
   0.92737097  0.19336235  0.49355566
   0.03971000  0.69194000  0.09637000
   0.31943791  0.94148209  0.29767581
   0.12029246  0.56229731  0.39744244
   0.18150035  0.81624857  0.19582277
   0.26438927  0.69305413  0.49266812
   0.37304000  0.69194000  0.09637000
   0.65214538  0.93980520  0.29679483
   0.45553051  0.56523127  0.39917096
   0.51427766  0.81567359  0.19554580
   0.60992401  0.69255318  0.49770507
   0.70637000  0.69194000  0.09637000
   0.98569211  0.94037754  0.29722002
   0.84790224  0.81600993  0.19550325
   0.91949526  0.68467262  0.49343806
   0.79039776  0.55981259  0.39252166
   0.17333000  0.33321000  0.10959000
   0.24972846  0.20707546  0.41559992
   0.05922201  0.32969191  0.51129849
   0.31558200  0.46072208  0.21276372
   0.11945995  0.08556972  0.31583243
   0.23858000  0.04636000  0.07986000
   0.04744268  0.17099410  0.18008865
   0.31983962  0.41995693  0.38077037
   0.13384200  0.04138921  0.48612383
   0.18450560  0.29429105  0.27926863
   0.50648000  0.33297000  0.10887000
   0.59035406  0.21254334  0.42089316
   0.39427715  0.33812890  0.50091206
   0.64807006  0.45952285  0.21052757
   0.45377821  0.08745740  0.31652322
   0.57191000  0.04636000  0.07986000
   0.38056253  0.17002299  0.17946623
   0.65141674  0.41578663  0.37707243
   0.46646620  0.03998266  0.48295775
   0.51718278  0.29253668  0.27717384
   0.83998000  0.33294000  0.10911000
   0.91883516  0.20871764  0.41153516
   0.72178097  0.33678465  0.52664622
   0.98215779  0.46003926  0.21178083
   0.78527878  0.08512404  0.31463354
   0.90524000  0.04636000  0.07986000
   0.71391475  0.17050524  0.17983918
   0.98568384  0.41783068  0.37963183
   0.80295618  0.04676211  0.48553208
   0.85125081  0.29327643  0.27829545
   0.17323000  0.83311000  0.10949000
   0.25604505  0.70799735  0.40992813
   0.05857997  0.82236357  0.50979497
   0.31645228  0.96102396  0.21329857
   0.11800123  0.58453195  0.31349095
   0.23858000  0.54636000  0.07986000
   0.04705399  0.67145940  0.18027288
   0.32165182  0.92021530  0.38101705
   0.12832278  0.54767018  0.48427940
   0.18498564  0.79515902  0.27943350
   0.50655000  0.83318000  0.10951000
   0.58944331  0.71004813  0.41460614
   0.39712717  0.82712657  0.51224364
   0.64953664  0.96026872  0.21252353
   0.45257096  0.58596777  0.31505521
   0.57191000  0.54636000  0.07986000
   0.38011438  0.67116772  0.18007905
   0.65523125  0.91883525  0.38053397
   0.46551430  0.55182928  0.48548742
   0.51763218  0.79451373  0.27917086
   0.83988000  0.83312000  0.10940000
   0.73253714  0.83367799  0.51019720
   0.98311504  0.96075702  0.21290434
   0.78463654  0.58379870  0.31048188
   0.90524000  0.54636000  0.07986000
   0.71347678  0.67124208  0.18005624
   0.98709660  0.91852402  0.38083443
   0.79739311  0.53525461  0.47546543
   0.85111372  0.79479643  0.27905341
   0.92225282  0.70576959  0.41035917
   0.77644720  0.57211157  0.65129998
   0.40171062  0.16122663  0.58666772
   0.73671090  0.44453862  0.59409078
   0.79870535  0.68432094  0.67338603
   0.76446642  0.58218764  0.71302903
   0.64582039  0.55189637  0.72807402
   0.86177439  0.55943040  0.73510553
   0.70295908  0.72160780  0.66168021
   0.91874083  0.72813285  0.66850798
