   0.17963952  0.06445826  0.19471196
   0.28788038  0.43030771  0.50034911
   0.03971000  0.44194000  0.09637000
   0.31707946  0.18915982  0.29725096
   0.13047641  0.31294656  0.39726222
   0.51302886  0.06436401  0.19441058
   0.61675558  0.43222054  0.49527305
   0.37304000  0.44194000  0.09637000
   0.65050339  0.18880327  0.29694747
   0.46318859  0.31197236  0.39645433
   0.84623757  0.06414143  0.19460803
   0.95878500  0.43168687  0.49846875
   0.70637000  0.44194000  0.09637000
   0.98380345  0.18880757  0.29710044
   0.79721554  0.31157740  0.39520390
   0.18176042  0.56437104  0.19413104
   0.24220851  0.94340492  0.50067645
   0.03971000  0.94194000  0.09637000
   0.31699358  0.69072387  0.29736179
   0.10938354  0.81872350  0.39882511
   0.51493171  0.56412176  0.19420392
   0.57893373  0.94365513  0.50309210
   0.37304000  0.94194000  0.09637000
   0.65004905  0.68991005  0.29693928
   0.44064872  0.81924276  0.40288487
   0.84831380  0.56422027  0.19424290
   0.90716758  0.93828554  0.50341504
   0.70637000  0.94194000  0.09637000
   0.98380864  0.68984710  0.29735276
   0.77286666  0.81821615  0.40032869
   0.57336121  0.69021815  0.49898972
   0.03971000  0.19194000  0.09637000
   0.32108681  0.43897217  0.29559495
   0.11460600  0.06404827  0.39921297
   0.18049153  0.31496292  0.19522641
   0.26460830  0.19178511  0.49488525
   0.37304000  0.19194000  0.09637000
   0.65400066  0.43850517  0.29628150
   0.44964381  0.06611363  0.39987963
   0.51420343  0.31519355  0.19529359
   0.59137887  0.19882506  0.49825344
   0.70637000  0.19194000  0.09637000
   0.98857610  0.43944333  0.29645508
   0.78032215  0.06362796  0.39944141
   0.84747659  0.31535698  0.19568325
   0.93836174  0.18777680  0.49359876
   0.03971000  0.69194000  0.09637000
   0.31255951  0.94148722  0.29770501
   0.12939293  0.56171074  0.39855544
   0.17951300  0.81604144  0.19589454
   0.26909350  0.69183355  0.49780766
   0.37304000  0.69194000  0.09637000
   0.64485629  0.94043047  0.29758787
   0.46182385  0.56172734  0.39631198
   0.51346426  0.81577172  0.19571730
   0.70637000  0.69194000  0.09637000
   0.97860077  0.94066618  0.29782724
   0.84639229  0.81591773  0.19681713
   0.92731357  0.69516186  0.49195106
   0.79487571  0.56126311  0.39705488
   0.17293000  0.33291000  0.10959000
   0.26252447  0.20547547  0.41062971
   0.08659083  0.32114344  0.51010516
   0.31605360  0.45972276  0.21183947
   0.11706976  0.08445918  0.31469194
   0.23858000  0.04636000  0.07986000
   0.04541899  0.17053305  0.18006603
   0.32960932  0.41586717  0.37857831
   0.11138529  0.05416747  0.48747821
   0.18368125  0.29353703  0.27868101
   0.50633000  0.33253000  0.10912000
   0.59922360  0.20788405  0.41263795
   0.42287483  0.31908578  0.51200282
   0.64944576  0.45975364  0.21232971
   0.45131487  0.08535098  0.31525491
   0.57191000  0.04636000  0.07986000
   0.37909136  0.17094822  0.18009049
   0.66366305  0.41663267  0.38056169
   0.44776338  0.05864051  0.48761851
   0.51749616  0.29377313  0.27914220
   0.83947000  0.33230000  0.10978000
   0.92863799  0.20551869  0.41068605
   0.75202069  0.32841180  0.52056159
   0.98287478  0.46020160  0.21243721
   0.78359244  0.08431714  0.31479696
   0.90524000  0.04636000  0.07986000
   0.71241104  0.17093172  0.18037315
   0.99600027  0.41703240  0.38033476
   0.78350023  0.05257933  0.48729118
   0.85098956  0.29408259  0.27953906
   0.17282000  0.83289000  0.10962000
   0.23840069  0.71113323  0.41490100
   0.04092026  0.83345022  0.51340814
   0.31414865  0.96078632  0.21303177
   0.11834611  0.58554295  0.31466870
   0.23858000  0.54636000  0.07986000
   0.04731421  0.67090192  0.18016204
   0.30713443  0.92376035  0.38176893
   0.15460745  0.53789531  0.48268633
   0.18214810  0.79484782  0.27958891
   0.50615000  0.83297000  0.10968000
   0.57516059  0.71158284  0.41505476
   0.37716080  0.84272882  0.50290658
   0.64722709  0.96067781  0.21312538
   0.45127780  0.58570623  0.31348133
   0.57191000  0.54636000  0.07986000
   0.38084024  0.67075452  0.18016397
   0.63929533  0.92222954  0.38187150
   0.48469932  0.53364728  0.47785492
   0.51575225  0.79433987  0.27913118
   0.84083000  0.83753000  0.11288000
   0.70539910  0.83355823  0.51406782
   0.98091681  0.96091844  0.21382043
   0.78420583  0.58433938  0.31382944
   0.90524000  0.54636000  0.07986000
   0.71406408  0.67048568  0.18012581
   0.97315655  0.92222887  0.38207720
   0.82302041  0.54021284  0.48281428
   0.84900510  0.79390876  0.27992992
   0.90844217  0.71141572  0.41070134
   0.81689062  0.60482308  0.63747334
   0.40652470  0.65420425  0.58164637
   0.76753986  0.43984169  0.59503567
   0.80901592  0.72307499  0.63325406
   0.76720622  0.66067254  0.68712099
   0.64117312  0.63271937  0.69749092
   0.85047805  0.67027205  0.72250613
   0.71565565  0.74103171  0.60537222
   0.92621234  0.77811058  0.62819951
