   0.18091427  0.06421162  0.19490372
   0.24705407  0.44071488  0.50263298
   0.03971000  0.44194000  0.09637000
   0.31773850  0.18916934  0.29882616
   0.11450311  0.31667996  0.40079512
   0.51405571  0.06421030  0.19460524
   0.57904536  0.44683861  0.49956780
   0.37304000  0.44194000  0.09637000
   0.65091757  0.18912092  0.29822171
   0.45012482  0.31711486  0.40091254
   0.84748785  0.06416757  0.19446254
   0.91885542  0.44789892  0.49966344
   0.70637000  0.44194000  0.09637000
   0.98406584  0.18876350  0.29802827
   0.78199243  0.31638415  0.40105110
   0.17917484  0.56412609  0.19498650
   0.28094042  0.93471737  0.50333428
   0.03971000  0.94194000  0.09637000
   0.31604874  0.68918530  0.29741720
   0.12438306  0.81584144  0.39796910
   0.51263639  0.56411728  0.19485467
   0.61369026  0.93297137  0.50307819
   0.37304000  0.94194000  0.09637000
   0.64934124  0.68923251  0.29746369
   0.45736314  0.81559131  0.39787114
   0.84617940  0.56441011  0.19492968
   0.94721948  0.93567277  0.50218676
   0.70637000  0.94194000  0.09637000
   0.98268232  0.68937333  0.29788514
   0.79014656  0.81483231  0.39741065
   0.60411375  0.19267556  0.50123726
   0.03971000  0.19194000  0.09637000
   0.31424825  0.43943269  0.29788041
   0.12621720  0.06172506  0.39998103
   0.17940743  0.31555420  0.19701836
   0.26209504  0.19651943  0.49487026
   0.37304000  0.19194000  0.09637000
   0.64811198  0.44008373  0.29803962
   0.46105844  0.06303962  0.40199438
   0.51277023  0.31587977  0.19715886
   0.70637000  0.19194000  0.09637000
   0.98112694  0.43960681  0.29784063
   0.79416638  0.06110042  0.39936042
   0.84583847  0.31567184  0.19705463
   0.91691897  0.19305944  0.49893674
   0.03971000  0.69194000  0.09637000
   0.31926640  0.94118677  0.29844706
   0.11642443  0.56439553  0.39886112
   0.18000379  0.81596170  0.19735554
   0.25595758  0.69741414  0.49411921
   0.37304000  0.69194000  0.09637000
   0.65200997  0.93954627  0.29685239
   0.44786933  0.56464848  0.39872459
   0.51304857  0.81530713  0.19566583
   0.58625354  0.69791404  0.49427085
   0.70637000  0.69194000  0.09637000
   0.98525217  0.93989649  0.29731138
   0.84677947  0.81539981  0.19595164
   0.91980238  0.70304221  0.49463155
   0.78310213  0.56590258  0.39927387
   0.17417000  0.33753000  0.11288000
   0.24924676  0.21018088  0.41288269
   0.04404369  0.33659838  0.51151708
   0.31361129  0.46063986  0.21405543
   0.11891367  0.08459396  0.31581183
   0.23858000  0.04636000  0.07986000
   0.04663404  0.17032219  0.18003622
   0.31399175  0.42016827  0.38215008
   0.14912022  0.04490171  0.48691001
   0.18293010  0.29285241  0.28016136
   0.50750000  0.33753000  0.11288000
   0.58228639  0.21116042  0.41796023
   0.38086935  0.33606064  0.51367676
   0.64725838  0.46115155  0.21426159
   0.45335410  0.08602505  0.31743385
   0.57191000  0.04636000  0.07986000
   0.37989498  0.17054757  0.18005979
   0.64825783  0.42085144  0.38222279
   0.48104834  0.04239285  0.48777995
   0.51633225  0.29331343  0.28032773
   0.84083000  0.33753000  0.11288000
   0.91569677  0.20949187  0.41537363
   0.71556796  0.34607999  0.50913575
   0.98022707  0.46077883  0.21403977
   0.78537588  0.08466651  0.31535767
   0.90524000  0.04636000  0.07986000
   0.71322750  0.17039565  0.17998329
   0.98010282  0.42041800  0.38208628
   0.81280231  0.03901151  0.48396333
   0.84967923  0.29298248  0.28020484
   0.17417000  0.83753000  0.11288000
   0.25723587  0.70841384  0.41042262
   0.07970774  0.82751723  0.51321819
   0.31591041  0.96115096  0.21435859
   0.11609399  0.58441474  0.31466894
   0.23858000  0.54636000  0.07986000
   0.04569271  0.67096856  0.18034967
   0.32348120  0.92039624  0.38250274
   0.12013570  0.55318246  0.48598175
   0.18310138  0.79480833  0.28078131
   0.50619000  0.83294000  0.10916000
   0.58988302  0.70792990  0.40998433
   0.41194948  0.82339319  0.51277361
   0.64868883  0.95999919  0.21270840
   0.44952033  0.58424304  0.31441855
   0.57191000  0.54636000  0.07986000
   0.37880589  0.67062001  0.18010998
   0.65593763  0.91863100  0.38063556
   0.44703929  0.55412087  0.48608159
   0.51584759  0.79405770  0.27933250
   0.83992000  0.83287000  0.10930000
   0.74664312  0.82152471  0.51289143
   0.98177998  0.96030046  0.21322273
   0.78304678  0.58469225  0.31509725
   0.90524000  0.54636000  0.07986000
   0.71225005  0.67093795  0.18014879
   0.98925903  0.91956784  0.38148487
   0.78336497  0.55928929  0.48660540
   0.84947084  0.79419732  0.27979100
   0.92527036  0.70902313  0.41008011
   0.78681531  0.54645477  0.66323896
   0.73512230  0.16863637  0.59361032
   0.75755216  0.37942404  0.60784663
   0.80361559  0.66639150  0.67183029
   0.77423910  0.58961221  0.72082188
   0.65412299  0.56786614  0.73943423
   0.87140322  0.58331045  0.74955795
   0.70713044  0.70109602  0.65472758
   0.92269912  0.71613410  0.66490016
