   0.18021179  0.06488359  0.19496963
   0.26656393  0.43877259  0.50204858
   0.03971000  0.44194000  0.09637000
   0.31677808  0.19037300  0.29855805
   0.11879806  0.31494106  0.40362605
   0.51351142  0.06452863  0.19498108
   0.59168125  0.43733250  0.49963358
   0.37304000  0.44194000  0.09637000
   0.65008938  0.18931244  0.29842715
   0.45101250  0.31462939  0.40204595
   0.84671130  0.06463797  0.19474018
   0.93513511  0.44139991  0.49692264
   0.70637000  0.44194000  0.09637000
   0.98329971  0.18987455  0.29867041
   0.78695276  0.31339677  0.39906441
   0.18038379  0.56480357  0.19508571
   0.26330869  0.93336593  0.50289405
   0.03971000  0.94194000  0.09637000
   0.31669958  0.69035564  0.29835464
   0.12028255  0.81612646  0.39779376
   0.51321150  0.56412612  0.19452548
   0.59910937  0.93679820  0.50593733
   0.37304000  0.94194000  0.09637000
   0.64927177  0.68907423  0.29706757
   0.45465552  0.81717651  0.39960623
   0.84685677  0.56412526  0.19451967
   0.93075914  0.93285114  0.50421112
   0.70637000  0.94194000  0.09637000
   0.98290129  0.68928020  0.29714154
   0.78689015  0.81560332  0.39786590
   0.94077835  0.18948516  0.50152380
   0.03971000  0.19194000  0.09637000
   0.31623585  0.43980370  0.29833628
   0.12164830  0.06094004  0.39849585
   0.18006652  0.31578034  0.19632559
   0.24387609  0.18669221  0.50092030
   0.37304000  0.19194000  0.09637000
   0.64922861  0.43798029  0.29675062
   0.45380922  0.06470836  0.40234738
   0.51345501  0.31492527  0.19553166
   0.58247192  0.19474243  0.50014098
   0.70637000  0.19194000  0.09637000
   0.98379176  0.43936401  0.29745324
   0.78741436  0.06293760  0.40271830
   0.84699627  0.31528982  0.19601601
   0.03971000  0.69194000  0.09637000
   0.31740925  0.94182758  0.29875763
   0.12302108  0.56315703  0.39860081
   0.18043642  0.81618720  0.19671768
   0.25711877  0.69903493  0.49465417
   0.37304000  0.69194000  0.09637000
   0.65065785  0.94139595  0.29871844
   0.45459327  0.56312807  0.39969993
   0.51360108  0.81611771  0.19669932
   0.59120414  0.69674484  0.49562507
   0.70637000  0.69194000  0.09637000
   0.98301334  0.93995740  0.29637810
   0.84645470  0.81510785  0.19560669
   0.92524620  0.69240523  0.49261836
   0.78772382  0.56101159  0.39709420
   0.17325024  0.33302145  0.10968828
   0.25297360  0.20663971  0.41623957
   0.06451223  0.33899835  0.50300774
   0.31445274  0.46089669  0.21379575
   0.11758477  0.08541613  0.31481685
   0.23858000  0.04636000  0.07986000
   0.04583125  0.17122665  0.18034687
   0.31848313  0.41888695  0.38254642
   0.13106659  0.03442855  0.48096656
   0.18261732  0.29441011  0.27993368
   0.50643273  0.33288480  0.10909163
   0.58795717  0.21014676  0.41694954
   0.39622317  0.32823985  0.51233209
   0.64753584  0.45971887  0.21263601
   0.45114952  0.08679906  0.31789971
   0.57191000  0.04636000  0.07986000
   0.37943778  0.17068199  0.18010029
   0.65177966  0.41697013  0.38111400
   0.46436830  0.04677640  0.48980231
   0.51610197  0.29297785  0.27914520
   0.83989583  0.33288153  0.10946891
   0.91613142  0.20799297  0.41741994
   0.72741489  0.33143642  0.52009277
   0.98128608  0.46034949  0.21317006
   0.78425795  0.08625676  0.31762765
   0.90524000  0.04636000  0.07986000
   0.71258871  0.17089894  0.18025406
   0.98465231  0.41909770  0.38151029
   0.79879068  0.04316854  0.48868040
   0.84925781  0.29389753  0.27988342
   0.17332675  0.83297804  0.10993937
   0.25508715  0.70986555  0.41108385
   0.06281708  0.82235856  0.51400011
   0.31474244  0.96134567  0.21437713
   0.11692107  0.58495416  0.31488294
   0.23858000  0.54636000  0.07986000
   0.04621391  0.67138831  0.18064624
   0.32011344  0.92113899  0.38272487
   0.13513722  0.55176874  0.48532067
   0.18295033  0.79533943  0.28066041
   0.50648340  0.83307405  0.10990881
   0.58763766  0.70952701  0.41268234
   0.39780696  0.82946225  0.51516712
   0.64789752  0.96128878  0.21432849
   0.45005651  0.58532745  0.31604423
   0.57191000  0.54636000  0.07986000
   0.37971177  0.67138601  0.18064453
   0.65310779  0.91986024  0.38254145
   0.46515374  0.54860645  0.48664168
   0.51646790  0.79495561  0.28058095
   0.83977257  0.83284967  0.10919915
   0.72874404  0.82702685  0.51776269
   0.98084045  0.96033899  0.21253159
   0.78261620  0.58354153  0.31366089
   0.90524000  0.54636000  0.07986000
   0.71254756  0.67048009  0.18006967
   0.98440785  0.91788818  0.37935005
   0.79584891  0.54523586  0.48404783
   0.84894997  0.79344075  0.27910943
   0.91949875  0.70785821  0.40976156
   0.77808943  0.56910050  0.65405374
   0.07927053  0.15852523  0.58594969
   0.75403157  0.42405212  0.59780559
   0.79981870  0.68414590  0.67418441
   0.76705943  0.59048811  0.71518964
   0.64832139  0.56288418  0.73292520
   0.86361784  0.57046785  0.74032225
   0.70570623  0.72639857  0.66200518
   0.92004343  0.73397172  0.66940468
