   0.18143367  0.06389098  0.19356669
   0.25127832  0.44295149  0.49940469
   0.03971000  0.44194000  0.09637000
   0.31713002  0.19012372  0.29696107
   0.11371858  0.31596989  0.40132702
   0.51465300  0.06390324  0.19348888
   0.57781858  0.44134176  0.50023585
   0.37304000  0.44194000  0.09637000
   0.65055385  0.18957232  0.29660181
   0.44607759  0.31628999  0.40131016
   0.84780305  0.06373430  0.19352479
   0.92027096  0.44583733  0.49782776
   0.70637000  0.44194000  0.09637000
   0.98368818  0.18953230  0.29679527
   0.78273073  0.31525277  0.39775838
   0.18084193  0.56346640  0.19341793
   0.27859704  0.93165539  0.50043588
   0.03971000  0.94194000  0.09637000
   0.31666628  0.68879149  0.29572039
   0.12284852  0.81472332  0.39527248
   0.51412956  0.56376949  0.19412276
   0.61337245  0.93250592  0.50153156
   0.37304000  0.94194000  0.09637000
   0.65024680  0.68888906  0.29639924
   0.45668662  0.81476915  0.39533865
   0.84729536  0.56343431  0.19361139
   0.94667798  0.93230905  0.50200073
   0.70637000  0.94194000  0.09637000
   0.98321554  0.68867503  0.29596150
   0.79008981  0.81458308  0.39614243
   0.93998491  0.19067469  0.49879753
   0.03971000  0.19194000  0.09637000
   0.31448594  0.43835847  0.29586963
   0.12706228  0.06045277  0.39709257
   0.18012075  0.31469142  0.19475760
   0.24434392  0.18863442  0.49878236
   0.37304000  0.19194000  0.09637000
   0.64818075  0.43965548  0.29733110
   0.45872736  0.06294312  0.39897127
   0.51382763  0.31558557  0.19548156
   0.58958348  0.19172003  0.49709315
   0.70637000  0.19194000  0.09637000
   0.98165848  0.43912411  0.29580779
   0.79239807  0.06160196  0.39985309
   0.84677803  0.31498082  0.19495477
   0.03971000  0.69194000  0.09637000
   0.31910702  0.94034191  0.29604595
   0.11711804  0.56419322  0.39647971
   0.18096158  0.81510850  0.19500253
   0.25189959  0.70010395  0.49224750
   0.37304000  0.69194000  0.09637000
   0.65259795  0.94040640  0.29654642
   0.44918753  0.56322793  0.39645621
   0.51452452  0.81537706  0.19534877
   0.58677221  0.69702741  0.49225889
   0.70637000  0.69194000  0.09637000
   0.98487017  0.93963405  0.29550383
   0.84736575  0.81485233  0.19497559
   0.91856440  0.69779931  0.49447103
   0.78297657  0.56420557  0.39839794
   0.17307753  0.33254102  0.10877231
   0.24804664  0.20830663  0.41451500
   0.04915151  0.34314707  0.50185298
   0.31480522  0.45922269  0.21130961
   0.11801075  0.08524180  0.31350409
   0.23858000  0.04636000  0.07986000
   0.04684950  0.17006428  0.17962429
   0.31319378  0.41908737  0.38003171
   0.14587277  0.03349563  0.47953549
   0.18225242  0.29338156  0.27808664
   0.50661844  0.33273280  0.10916774
   0.58295014  0.21144456  0.41530401
   0.38211699  0.33397106  0.50939228
   0.64851905  0.45985809  0.21263913
   0.45182400  0.08603136  0.31490101
   0.57191000  0.04636000  0.07986000
   0.38079188  0.17077288  0.17994097
   0.64730709  0.41997798  0.38223174
   0.48036353  0.04225571  0.48548296
   0.51624188  0.29435756  0.27922825
   0.83956760  0.33266650  0.10895389
   0.91157111  0.20898769  0.41527713
   0.71249917  0.33417061  0.52031074
   0.98150353  0.45934475  0.21135363
   0.78480640  0.08583188  0.31504697
   0.90524000  0.04636000  0.07986000
   0.71355527  0.17041772  0.17984851
   0.98024611  0.41983036  0.37964894
   0.81204183  0.03939413  0.48526819
   0.84921685  0.29357529  0.27849780
   0.17311069  0.83265829  0.10904827
   0.25673082  0.70876452  0.40790928
   0.07789139  0.82092048  0.51402786
   0.31605028  0.95992567  0.21177729
   0.11675964  0.58372870  0.31239458
   0.23858000  0.54636000  0.07986000
   0.04703722  0.67035091  0.17983852
   0.32325118  0.91992859  0.37986471
   0.11943303  0.55567793  0.48313917
   0.18349110  0.79434116  0.27857891
   0.50657314  0.83271791  0.10924245
   0.58985782  0.70733648  0.40840259
   0.41211821  0.82379902  0.51082372
   0.64924973  0.96011201  0.21221325
   0.44979334  0.58312987  0.31237146
   0.57191000  0.54636000  0.07986000
   0.38044162  0.67077219  0.18009307
   0.65597140  0.91917324  0.38035018
   0.45213840  0.55216346  0.48345874
   0.51727090  0.79422293  0.27900902
   0.83969390  0.83271313  0.10916448
   0.74426496  0.82119622  0.51223973
   0.98231021  0.95958577  0.21145693
   0.78333754  0.58409790  0.31421722
   0.90524000  0.54636000  0.07986000
   0.71347829  0.67023064  0.17994363
   0.98838431  0.91770396  0.37864636
   0.78287248  0.55080240  0.48630420
   0.85010783  0.79350055  0.27835561
   0.92332821  0.70766905  0.41031496
   0.78198036  0.54673274  0.66902459
   0.07831340  0.16115042  0.58248467
   0.74083462  0.41189164  0.60268891
   0.80045871  0.66718668  0.67265324
   0.76942710  0.59710799  0.72461823
   0.65034104  0.57879804  0.74306687
   0.86689660  0.59308971  0.75389203
   0.70414420  0.69885621  0.65345873
   0.92051667  0.71392059  0.66376876
