   0.17924950  0.06409901  0.19480119
   0.28911087  0.43165865  0.50282556
   0.03971000  0.44194000  0.09637000
   0.31717116  0.18896837  0.29749142
   0.13208147  0.31240275  0.39681731
   0.51255134  0.06377569  0.19442508
   0.61870821  0.43156613  0.49791978
   0.37304000  0.44194000  0.09637000
   0.65012525  0.18831608  0.29675286
   0.46498767  0.31289306  0.39698999
   0.84604011  0.06407524  0.19448328
   0.95890648  0.42813106  0.49926324
   0.70637000  0.44194000  0.09637000
   0.98374163  0.18855279  0.29689174
   0.79820732  0.31208121  0.39470124
   0.18174603  0.56471263  0.19440988
   0.24216827  0.94469654  0.50098729
   0.03971000  0.94194000  0.09637000
   0.31720339  0.69122013  0.29851117
   0.11115568  0.81813616  0.40215831
   0.51456527  0.56404645  0.19365051
   0.57588921  0.94725635  0.50345752
   0.37304000  0.94194000  0.09637000
   0.64960976  0.69014055  0.29657758
   0.44247051  0.81916986  0.40505652
   0.84847494  0.56458138  0.19423286
   0.90785692  0.94174386  0.50230497
   0.70637000  0.94194000  0.09637000
   0.98443773  0.69075808  0.29714245
   0.77513059  0.81695915  0.40102477
   0.59180362  0.69023279  0.50103008
   0.03971000  0.19194000  0.09637000
   0.32193622  0.43993445  0.29679029
   0.11471432  0.06360023  0.39883930
   0.18066157  0.31543474  0.19565795
   0.25380908  0.19643593  0.49510347
   0.37304000  0.19194000  0.09637000
   0.65354478  0.43745730  0.29382203
   0.45016332  0.06788519  0.40173702
   0.51324805  0.31403235  0.19444827
   0.58378066  0.20463889  0.50155429
   0.70637000  0.19194000  0.09637000
   0.98998770  0.43946163  0.29630329
   0.78003548  0.06420293  0.39987372
   0.84720944  0.31526785  0.19569311
   0.92869978  0.19184250  0.49504000
   0.03971000  0.69194000  0.09637000
   0.31374832  0.94124808  0.29903054
   0.12907152  0.56129992  0.39915424
   0.18031935  0.81627395  0.19620299
   0.27137162  0.69004859  0.49934260
   0.37304000  0.69194000  0.09637000
   0.64553667  0.94029370  0.29812686
   0.46335068  0.56262177  0.39912558
   0.51318988  0.81592178  0.19592237
   0.70637000  0.69194000  0.09637000
   0.97922421  0.94008945  0.29773384
   0.84604955  0.81609857  0.19668865
   0.91917121  0.69015677  0.49210513
   0.79646229  0.55925556  0.39341656
   0.17293000  0.33291000  0.10959000
   0.26423242  0.20498129  0.41023761
   0.08680901  0.31832187  0.51325016
   0.31606568  0.46050428  0.21283891
   0.11682852  0.08414087  0.31456806
   0.23858000  0.04636000  0.07986000
   0.04555654  0.17088984  0.18017747
   0.33146050  0.41666339  0.38002966
   0.11004324  0.05448278  0.48694540
   0.18433815  0.29402817  0.27927922
   0.50633000  0.33253000  0.10912000
   0.60133625  0.20991096  0.41537591
   0.42143771  0.31887240  0.51253945
   0.64878701  0.45901313  0.21052096
   0.45137120  0.08556147  0.31684410
   0.57191000  0.04636000  0.07986000
   0.37845945  0.16989132  0.17966668
   0.66396434  0.41482848  0.37694948
   0.44729996  0.06175408  0.48962917
   0.51701152  0.29223966  0.27767189
   0.83947000  0.33230000  0.10978000
   0.92908177  0.20634901  0.41201136
   0.75193844  0.33241655  0.52796656
   0.98288155  0.46039042  0.21266185
   0.78331002  0.08458085  0.31546930
   0.90524000  0.04636000  0.07986000
   0.71201564  0.17072062  0.18029228
   0.99805486  0.41549005  0.37945028
   0.78090650  0.05457606  0.48775911
   0.85101014  0.29371350  0.27937538
   0.17282000  0.83289000  0.10962000
   0.24127253  0.71036361  0.41696672
   0.03616608  0.83207443  0.50866217
   0.31406260  0.96084923  0.21401549
   0.11826622  0.58650300  0.31552101
   0.23858000  0.54636000  0.07986000
   0.04758303  0.67116214  0.18021191
   0.30949446  0.92382974  0.38346417
   0.15263810  0.53404523  0.48255411
   0.18287368  0.79512761  0.27998914
   0.50615000  0.83297000  0.10968000
   0.57746295  0.71158619  0.41891627
   0.37671865  0.84460337  0.50508655
   0.64703598  0.96066414  0.21353449
   0.45192230  0.58692458  0.31587835
   0.57191000  0.54636000  0.07986000
   0.38078374  0.67084125  0.18010506
   0.64200838  0.92095597  0.38243502
   0.49061893  0.53579216  0.48204355
   0.51549045  0.79449836  0.27951596
   0.84083000  0.83753000  0.11288000
   0.70630946  0.83753111  0.51374743
   0.98065975  0.96094336  0.21369676
   0.78406966  0.58441945  0.31123870
   0.90524000  0.54636000  0.07986000
   0.71375564  0.67059452  0.17999443
   0.97470167  0.92092033  0.38187524
   0.82239478  0.53281262  0.47746307
   0.84848500  0.79420484  0.27972046
   0.90868478  0.70885092  0.41118139
   0.80654648  0.61164729  0.62724076
   0.36186483  0.64696651  0.58678479
   0.82070445  0.45403540  0.59378700
   0.80171888  0.73176221  0.62995601
   0.76506462  0.65981377  0.68086890
   0.64070289  0.62353076  0.69243226
   0.85687476  0.65912199  0.71363316
   0.70548218  0.74785089  0.60244529
   0.92216367  0.78206033  0.62337879
