   0.28972105  0.43150539  0.49259406
   0.18080448  0.06371599  0.18365883
   0.03971000  0.44194000  0.08602000
   0.31681208  0.18766328  0.28718996
   0.13044360  0.31217337  0.38782218
   0.51414810  0.06344139  0.18359611
   0.62325886  0.42811086  0.48839255
   0.37304000  0.44194000  0.08602000
   0.65006088  0.18719941  0.28687212
   0.46324144  0.31172887  0.38742326
   0.84767834  0.06381922  0.18367951
   0.95704335  0.43090609  0.48987974
   0.70637000  0.44194000  0.08602000
   0.98375976  0.18782943  0.28739998
   0.79661607  0.31095575  0.38645676
   0.18130252  0.56368583  0.18435525
   0.24705151  0.93921356  0.49211203
   0.03971000  0.94194000  0.08602000
   0.31832309  0.68877665  0.28736287
   0.11180276  0.81667240  0.38870207
   0.51428723  0.56337317  0.18384049
   0.58040741  0.94020926  0.49287219
   0.37304000  0.94194000  0.08602000
   0.65148231  0.68833592  0.28634281
   0.44531685  0.81704260  0.38917815
   0.84787283  0.56341229  0.18394847
   0.91387906  0.93968441  0.49184189
   0.70637000  0.94194000  0.08602000
   0.98503022  0.68848142  0.28633534
   0.77807471  0.81641711  0.38831049
   0.03971000  0.19194000  0.08602000
   0.32151275  0.43946122  0.28835863
   0.11528370  0.06214981  0.38787694
   0.18051463  0.31614405  0.18707265
   0.25925470  0.19347371  0.48292843
   0.37304000  0.19194000  0.08602000
   0.65410441  0.43788339  0.28633736
   0.44834133  0.06239622  0.38798945
   0.51326884  0.31501736  0.18635119
   0.59284969  0.19289094  0.48326751
   0.70637000  0.19194000  0.08602000
   0.98826245  0.43861087  0.28750165
   0.78190591  0.06235938  0.38793291
   0.84717952  0.31547582  0.18669570
   0.92574951  0.19448422  0.48301739
   0.03971000  0.69194000  0.08602000
   0.31361875  0.93875065  0.28611023
   0.13092000  0.56001379  0.38922766
   0.18061863  0.81455351  0.18483977
   0.26279509  0.69397719  0.48473492
   0.37304000  0.69194000  0.08602000
   0.64709204  0.93860383  0.28598136
   0.46381817  0.56095024  0.39016918
   0.51368426  0.81451875  0.18476104
   0.59669000  0.69520741  0.48632664
   0.70637000  0.69194000  0.08602000
   0.98030489  0.93885144  0.28596311
   0.84707800  0.81468906  0.18471760
   0.92962042  0.69237931  0.48255982
   0.79622050  0.55890572  0.38742663
   0.17417000  0.33753000  0.10253000
   0.26251190  0.20314949  0.39846032
   0.08865830  0.32042597  0.49715496
   0.31611370  0.46105655  0.20478711
   0.11678438  0.08216009  0.30339476
   0.23858000  0.04636000  0.06951000
   0.04731799  0.17085667  0.16996247
   0.33011487  0.41784310  0.37236558
   0.11642993  0.04978252  0.47547174
   0.18422124  0.29385786  0.27070683
   0.50750000  0.33753000  0.10253000
   0.59610428  0.20326626  0.39865946
   0.42196148  0.31988514  0.49566223
   0.64891845  0.45995578  0.20305918
   0.45003581  0.08203524  0.30345361
   0.57191000  0.04636000  0.06951000
   0.38025480  0.16995390  0.16961264
   0.66274795  0.41611781  0.37031573
   0.44934097  0.05020819  0.47561424
   0.51708959  0.29258060  0.26960261
   0.84083000  0.33753000  0.10253000
   0.92976798  0.20324824  0.39844074
   0.75575400  0.31930784  0.49749624
   0.98276038  0.46040457  0.20400053
   0.78354228  0.08198785  0.30338914
   0.90524000  0.04636000  0.06951000
   0.71372734  0.17033570  0.16979064
   0.99594333  0.41695985  0.37155099
   0.78309630  0.05101919  0.47561215
   0.85059590  0.29313545  0.27018094
   0.17316000  0.83290000  0.09904000
   0.24555768  0.71043108  0.40309412
   0.04561413  0.83184757  0.50112918
   0.31489872  0.95919979  0.20185494
   0.11954654  0.58473761  0.30577090
   0.23858000  0.54636000  0.06951000
   0.04707310  0.66984004  0.16963865
   0.31013514  0.91964056  0.37066716
   0.15665485  0.54139734  0.47580885
   0.18386708  0.79236447  0.26847362
   0.50645000  0.83283000  0.09878000
   0.57873128  0.71077698  0.40451408
   0.37966157  0.83350060  0.50322638
   0.64835343  0.95909735  0.20172716
   0.45333559  0.58553864  0.30672040
   0.57191000  0.54636000  0.06951000
   0.38040989  0.66986976  0.16957012
   0.64350991  0.91959498  0.37058174
   0.49102596  0.54168285  0.47802180
   0.51685218  0.79228734  0.26845086
   0.83986000  0.83290000  0.09896000
   0.71353499  0.83480243  0.50427982
   0.98167293  0.95937716  0.20172560
   0.78599120  0.58381802  0.30403547
   0.90524000  0.54636000  0.06951000
   0.71365599  0.66984672  0.16958399
   0.97658761  0.91952787  0.37050540
   0.82216721  0.53969246  0.47523115
   0.85018378  0.79250576  0.26828525
   0.91113600  0.70882691  0.40094899
   0.79443332  0.64867878  0.63953180
   0.42647403  0.42264745  0.65860802
   0.59791043  0.51876051  0.58968212
   0.91722799  0.74475561  0.65484280
   0.81505741  0.68043530  0.69952897
   0.71910538  0.71420737  0.71824878
   0.86025139  0.62208792  0.72683262
   0.89607064  0.82452287  0.64043379
   0.03761881  0.73369146  0.64894938
