   0.18207107  0.06449859  0.19410283
   0.24773450  0.44383188  0.49854022
   0.03971000  0.44194000  0.09637000
   0.31951418  0.19039965  0.29748535
   0.11845676  0.31672175  0.39859461
   0.51532914  0.06406884  0.19371558
   0.58138730  0.44810891  0.49867010
   0.37304000  0.44194000  0.09637000
   0.65266501  0.18964544  0.29613737
   0.44981615  0.31713191  0.40241491
   0.84874604  0.06410305  0.19413420
   0.91741304  0.44209173  0.50065054
   0.70637000  0.44194000  0.09637000
   0.98619879  0.18929568  0.29705017
   0.78281682  0.31576776  0.39774440
   0.18067494  0.56424315  0.19393179
   0.28277238  0.93187453  0.50122293
   0.03971000  0.94194000  0.09637000
   0.31744205  0.68958304  0.29635802
   0.12664175  0.81529425  0.39596343
   0.51405087  0.56432173  0.19405565
   0.61691219  0.93323762  0.49967229
   0.37304000  0.94194000  0.09637000
   0.65106111  0.68944299  0.29655546
   0.45934362  0.81531270  0.39578770
   0.84731742  0.56435307  0.19389796
   0.95056449  0.93405215  0.50121345
   0.70637000  0.94194000  0.09637000
   0.98418315  0.68953225  0.29633239
   0.79350801  0.81521085  0.39628943
   0.57648742  0.18858726  0.50165951
   0.03971000  0.19194000  0.09637000
   0.31642902  0.43953253  0.29607892
   0.12977556  0.06240265  0.40055105
   0.18094843  0.31520644  0.19530630
   0.27449466  0.19300071  0.49978267
   0.37304000  0.19194000  0.09637000
   0.64881745  0.43944977  0.29628107
   0.46447511  0.06319094  0.39847265
   0.51432408  0.31546613  0.19499706
   0.70637000  0.19194000  0.09637000
   0.98296356  0.43949714  0.29585918
   0.79456080  0.06179655  0.39822200
   0.84783631  0.31515139  0.19501723
   0.93230276  0.19439168  0.49261000
   0.03971000  0.69194000  0.09637000
   0.32036045  0.94125509  0.29652214
   0.11685477  0.56421508  0.39683954
   0.18096821  0.81597543  0.19556947
   0.25647654  0.69618353  0.49243137
   0.37304000  0.69194000  0.09637000
   0.65366174  0.93970544  0.29631884
   0.45008656  0.56524091  0.39683274
   0.51432825  0.81545209  0.19543586
   0.58701666  0.70208910  0.49224117
   0.70637000  0.69194000  0.09637000
   0.98773377  0.94082888  0.29721019
   0.84792339  0.81597747  0.19569357
   0.92423665  0.69697071  0.49225224
   0.78474407  0.56398500  0.39695980
   0.17333000  0.33321000  0.10959000
   0.24863196  0.20988857  0.41614073
   0.04645210  0.33530007  0.51176567
   0.31511820  0.45993866  0.21185626
   0.12120494  0.08601470  0.31588825
   0.23858000  0.04636000  0.07986000
   0.04752668  0.17056604  0.17992255
   0.31579496  0.42028814  0.37982584
   0.15013584  0.04138575  0.48644928
   0.18456125  0.29354696  0.27875646
   0.50648000  0.33297000  0.10887000
   0.58733248  0.21175772  0.41790148
   0.38486461  0.34452117  0.50287247
   0.64849336  0.46009275  0.21190074
   0.45466521  0.08689976  0.31498975
   0.57191000  0.04636000  0.07986000
   0.38126571  0.17069668  0.17974668
   0.64877087  0.41978989  0.38080750
   0.48184833  0.03524016  0.48090210
   0.51825498  0.29393056  0.27845109
   0.83998000  0.33294000  0.10911000
   0.91740998  0.21018492  0.41100142
   0.71145949  0.33713395  0.51825428
   0.98167037  0.45993638  0.21167625
   0.78668827  0.08502196  0.31412640
   0.90524000  0.04636000  0.07986000
   0.71448713  0.17041413  0.17984180
   0.98184066  0.41981775  0.37997580
   0.81796223  0.04358385  0.48479777
   0.85179001  0.29340602  0.27850051
   0.17323000  0.83311000  0.10949000
   0.25921670  0.70771125  0.40818626
   0.08053221  0.82222489  0.51141059
   0.31671235  0.96068706  0.21244016
   0.11745969  0.58427601  0.31271989
   0.23858000  0.54636000  0.07986000
   0.04668283  0.67125098  0.18015625
   0.32527999  0.91995626  0.37980072
   0.11622397  0.55298626  0.48409791
   0.18433250  0.79518467  0.27919415
   0.50655000  0.83318000  0.10951000
   0.59366965  0.70816293  0.40766288
   0.41618361  0.82043461  0.51038319
   0.64994886  0.96001999  0.21219855
   0.45106750  0.58424003  0.31268966
   0.57191000  0.54636000  0.07986000
   0.37994371  0.67097430  0.18007907
   0.65887890  0.91945336  0.38025845
   0.45010823  0.55818282  0.48387695
   0.51761999  0.79447408  0.27906441
   0.83988000  0.83312000  0.10940000
   0.74926176  0.82478071  0.51055529
   0.98364460  0.96056584  0.21289151
   0.78430103  0.58382488  0.31295559
   0.90524000  0.54636000  0.07986000
   0.71342712  0.67133503  0.18016475
   0.99226990  0.92005230  0.38113345
   0.78687110  0.55190794  0.48434618
   0.85115120  0.79510050  0.27947815
   0.92647763  0.70742497  0.40839446
   0.78750419  0.54165800  0.66699047
   0.42571690  0.16513606  0.58598412
   0.70957362  0.40265734  0.60325339
   0.79439403  0.66138184  0.67203969
   0.76512254  0.58883971  0.72308542
   0.64484205  0.56456261  0.74020893
   0.86102089  0.58705056  0.75316542
   0.69619933  0.69002426  0.65217579
   0.91228605  0.71308564  0.66457058
