   0.28967866  0.43148031  0.49258471
   0.18080510  0.06371943  0.18365878
   0.03971000  0.44194000  0.08602000
   0.31681636  0.18766787  0.28719312
   0.13041415  0.31218045  0.38783745
   0.51415072  0.06344471  0.18359552
   0.62321085  0.42813829  0.48832849
   0.37304000  0.44194000  0.08602000
   0.65006955  0.18720236  0.28687319
   0.46321883  0.31173095  0.38744322
   0.84767983  0.06381996  0.18367878
   0.95701787  0.43096813  0.48994778
   0.70637000  0.44194000  0.08602000
   0.98375984  0.18782397  0.28739896
   0.79662819  0.31097458  0.38648277
   0.18130150  0.56368220  0.18435155
   0.24716562  0.93923723  0.49211056
   0.03971000  0.94194000  0.08602000
   0.31832560  0.68876884  0.28734843
   0.11180075  0.81665034  0.38864440
   0.51428908  0.56337152  0.18384132
   0.58042819  0.94018450  0.49288438
   0.37304000  0.94194000  0.08602000
   0.65149091  0.68831578  0.28634384
   0.44529752  0.81703135  0.38917757
   0.84787291  0.56340926  0.18394724
   0.91390274  0.93965879  0.49187158
   0.70637000  0.94194000  0.08602000
   0.98501456  0.68845303  0.28634697
   0.77808980  0.81638764  0.38828590
   0.03971000  0.19194000  0.08602000
   0.32150436  0.43945066  0.28834571
   0.11527070  0.06214513  0.38788074
   0.18051217  0.31613867  0.18707029
   0.25926534  0.19344177  0.48292404
   0.37304000  0.19194000  0.08602000
   0.65411550  0.43788178  0.28636277
   0.44834918  0.06238790  0.38798678
   0.51327363  0.31501880  0.18635653
   0.59287899  0.19288397  0.48326829
   0.70637000  0.19194000  0.08602000
   0.98825193  0.43861725  0.28751039
   0.78189790  0.06234690  0.38793924
   0.84718152  0.31547519  0.18669766
   0.92576449  0.19442435  0.48301338
   0.03971000  0.69194000  0.08602000
   0.31363294  0.93875635  0.28610489
   0.13091530  0.56001710  0.38923370
   0.18061883  0.81455180  0.18483881
   0.26280301  0.69395077  0.48474045
   0.37304000  0.69194000  0.08602000
   0.64708965  0.93860916  0.28598191
   0.46379007  0.56095054  0.39015593
   0.51368810  0.81451655  0.18476020
   0.59668768  0.69520637  0.48631313
   0.70637000  0.69194000  0.08602000
   0.98031038  0.93885312  0.28596259
   0.84708056  0.81468794  0.18471520
   0.92972529  0.69243196  0.48257393
   0.79620988  0.55893670  0.38747278
   0.17417000  0.33753000  0.10253000
   0.26248996  0.20314272  0.39846645
   0.08857103  0.32044023  0.49713804
   0.31611340  0.46104816  0.20477776
   0.11679454  0.08216211  0.30339732
   0.23858000  0.04636000  0.06951000
   0.04731781  0.17085662  0.16995951
   0.33008798  0.41782708  0.37234771
   0.11642553  0.04980597  0.47547272
   0.18421754  0.29384472  0.27070426
   0.50750000  0.33753000  0.10253000
   0.59608815  0.20325800  0.39866454
   0.42192408  0.31983540  0.49562064
   0.64893171  0.45996045  0.20307176
   0.45003947  0.08204408  0.30345722
   0.57191000  0.04636000  0.06951000
   0.38025762  0.16995777  0.16961116
   0.66270621  0.41611605  0.37036536
   0.44940631  0.05017413  0.47561866
   0.51710775  0.29259883  0.26961583
   0.84083000  0.33753000  0.10253000
   0.92973827  0.20323985  0.39844905
   0.75573339  0.31930834  0.49746266
   0.98276103  0.46040508  0.20400276
   0.78354517  0.08199302  0.30339074
   0.90524000  0.04636000  0.06951000
   0.71372673  0.17033820  0.16978945
   0.99593666  0.41696252  0.37155786
   0.78313356  0.05097154  0.47562288
   0.85059969  0.29313601  0.27018489
   0.17316000  0.83290000  0.09904000
   0.24554324  0.71043574  0.40310132
   0.04577128  0.83191931  0.50116408
   0.31490400  0.95920393  0.20185188
   0.11955836  0.58473529  0.30576965
   0.23858000  0.54636000  0.06951000
   0.04707159  0.66983729  0.16963517
   0.31014573  0.91965387  0.37065862
   0.15662090  0.54139638  0.47582340
   0.18385545  0.79236354  0.26847504
   0.50645000  0.83283000  0.09878000
   0.57873375  0.71077488  0.40449459
   0.37973778  0.83346954  0.50321932
   0.64835777  0.95910114  0.20172772
   0.45333186  0.58552217  0.30668928
   0.57191000  0.54636000  0.06951000
   0.38040929  0.66986917  0.16956579
   0.64348218  0.91961280  0.37058098
   0.49095525  0.54167529  0.47801043
   0.51687114  0.79228604  0.26844834
   0.83986000  0.83290000  0.09896000
   0.71350682  0.83477576  0.50429430
   0.98167643  0.95937809  0.20172593
   0.78598232  0.58380481  0.30407850
   0.90524000  0.54636000  0.06951000
   0.71365661  0.66984340  0.16958015
   0.97657384  0.91953572  0.37050053
   0.82219820  0.53978325  0.47526370
   0.85018806  0.79248711  0.26828513
   0.91122312  0.70883149  0.40098616
   0.79458573  0.64870560  0.63950690
   0.42624568  0.42260694  0.65854199
   0.59738730  0.51875920  0.58976486
   0.91751670  0.74501562  0.65485316
   0.81517356  0.68041993  0.69945553
   0.71907522  0.71432336  0.71820029
   0.86048111  0.62212644  0.72681796
   0.89603429  0.82444851  0.64050657
   0.03762754  0.73373169  0.64904271
