   0.60959313  0.43196679  0.49240924
   0.17894366  0.06409839  0.18495602
   0.27981213  0.43335389  0.49167929
   0.03971000  0.44194000  0.08602000
   0.31518717  0.18787592  0.28887057
   0.12482973  0.31280136  0.38945781
   0.51227326  0.06422867  0.18495657
   0.37304000  0.44194000  0.08602000
   0.64864544  0.18820112  0.28893494
   0.45818934  0.31300897  0.38979834
   0.84554856  0.06406017  0.18488267
   0.94915752  0.43230767  0.49395678
   0.70637000  0.44194000  0.08602000
   0.98185916  0.18776607  0.28868198
   0.79191999  0.31314102  0.39056935
   0.18077596  0.56339073  0.18464687
   0.25610454  0.93839134  0.49414526
   0.03971000  0.94194000  0.08602000
   0.31656371  0.68808414  0.28824410
   0.11187780  0.81475457  0.39096850
   0.51426324  0.56363786  0.18489305
   0.58905681  0.93711614  0.49364760
   0.37304000  0.94194000  0.08602000
   0.64994729  0.68852249  0.28868520
   0.44687493  0.81615979  0.39003211
   0.84751012  0.56352126  0.18476594
   0.92230854  0.93855556  0.49410936
   0.70637000  0.94194000  0.08602000
   0.98360980  0.68811972  0.28841867
   0.77972717  0.81531172  0.39093262
   0.03971000  0.19194000  0.08602000
   0.31840456  0.43815283  0.28813990
   0.11657927  0.06128830  0.38999487
   0.17939179  0.31518482  0.18700890
   0.25947735  0.19367735  0.48452636
   0.37304000  0.19194000  0.08602000
   0.65210577  0.43894147  0.28913902
   0.44966382  0.06165528  0.38989408
   0.51279660  0.31582235  0.18743583
   0.59465993  0.19146221  0.48449937
   0.70637000  0.19194000  0.08602000
   0.98500667  0.43838311  0.28850763
   0.78340015  0.06183330  0.38994605
   0.84603326  0.31546447  0.18709738
   0.92814710  0.19223832  0.48486643
   0.03971000  0.69194000  0.08602000
   0.31234559  0.93916827  0.28813891
   0.12575400  0.56039093  0.39022868
   0.17927752  0.81526252  0.18680495
   0.26093959  0.69360091  0.48528234
   0.37304000  0.69194000  0.08602000
   0.64635457  0.93935109  0.28808494
   0.45818917  0.56043168  0.38985337
   0.51253015  0.81536399  0.18685356
   0.59532669  0.69219102  0.48580860
   0.70637000  0.69194000  0.08602000
   0.97962125  0.93865536  0.28822806
   0.84603715  0.81522304  0.18684018
   0.92775408  0.69604173  0.48948293
   0.79082368  0.56092659  0.39134360
   0.17417000  0.33753000  0.10253000
   0.25819343  0.20451932  0.40088808
   0.08039628  0.32227639  0.49869260
   0.31532479  0.46032358  0.20462201
   0.11518692  0.08253927  0.30583728
   0.23858000  0.04636000  0.06951000
   0.04518666  0.17028444  0.16990721
   0.32366611  0.41721028  0.37199169
   0.12417455  0.04933571  0.47746814
   0.18179951  0.29259102  0.27048787
   0.50750000  0.33753000  0.10253000
   0.59080437  0.20489369  0.40117011
   0.41098701  0.32348915  0.49902178
   0.64879409  0.46082512  0.20536092
   0.44875161  0.08306524  0.30573515
   0.57191000  0.04636000  0.06951000
   0.37870470  0.17080984  0.17015737
   0.65816870  0.41897502  0.37381542
   0.45740585  0.04761716  0.47728576
   0.51550977  0.29359843  0.27130314
   0.84083000  0.33753000  0.10253000
   0.92491473  0.20495560  0.40137422
   0.74534438  0.32314582  0.49691965
   0.98186979  0.46046012  0.20479896
   0.78222997  0.08324963  0.30575061
   0.90524000  0.04636000  0.06951000
   0.71200227  0.17049137  0.16994736
   0.98989756  0.41797344  0.37277505
   0.79022881  0.04830816  0.47745665
   0.84848430  0.29302968  0.27072258
   0.17417000  0.83753000  0.10253000
   0.24682557  0.70931232  0.40340474
   0.05602072  0.83331950  0.50425433
   0.31309413  0.96070402  0.20435188
   0.11765296  0.58398172  0.30653539
   0.23858000  0.54636000  0.06951000
   0.04698043  0.66972756  0.16980963
   0.31049194  0.91914649  0.37242695
   0.14662838  0.54255229  0.47682817
   0.18227099  0.79208098  0.27017747
   0.50750000  0.83753000  0.10253000
   0.57982635  0.70916044  0.40371037
   0.38749980  0.83054791  0.50387194
   0.64651993  0.96076422  0.20438786
   0.45105935  0.58403501  0.30618620
   0.57191000  0.54636000  0.06951000
   0.38028139  0.66975282  0.16983137
   0.64479005  0.91918878  0.37227534
   0.47959728  0.54234988  0.47591093
   0.51562735  0.79243927  0.27028614
   0.84083000  0.83753000  0.10253000
   0.72172464  0.83033960  0.50311455
   0.97976715  0.96058047  0.20442605
   0.78451560  0.58467858  0.30761594
   0.90524000  0.54636000  0.06951000
   0.71371547  0.66973709  0.16982568
   0.97769578  0.91793767  0.37261769
   0.81243828  0.54458807  0.48839607
   0.84905829  0.79184830  0.27028931
   0.91165450  0.70693693  0.40682777
   0.61401319  0.62414620  0.62473306
   0.83343883  0.38532083  0.67105422
   0.79830749  0.48617055  0.59047386
   0.53059651  0.71386474  0.63283991
   0.48229425  0.60907794  0.66467577
   0.37631633  0.54918872  0.65138952
   0.51406181  0.60770013  0.70995151
   0.46155662  0.73169835  0.59572171
   0.59926224  0.78814538  0.65436120
