   0.29083680  0.43197178  0.49233762
   0.18083838  0.06372270  0.18372130
   0.03971000  0.44194000  0.08602000
   0.31683167  0.18771608  0.28722309
   0.13076550  0.31203889  0.38762540
   0.51416196  0.06341940  0.18365952
   0.62327013  0.42834457  0.48919799
   0.37304000  0.44194000  0.08602000
   0.65004879  0.18722520  0.28693533
   0.46346037  0.31162800  0.38711689
   0.84770662  0.06387895  0.18375693
   0.95741295  0.42942708  0.48861612
   0.70637000  0.44194000  0.08602000
   0.98377883  0.18796842  0.28749541
   0.79658928  0.31095102  0.38619642
   0.18137150  0.56379932  0.18452222
   0.24605235  0.93920464  0.49212051
   0.03971000  0.94194000  0.08602000
   0.31832390  0.68886459  0.28765500
   0.11152575  0.81682342  0.38975203
   0.51430094  0.56344429  0.18393214
   0.57964024  0.94126088  0.49248672
   0.37304000  0.94194000  0.08602000
   0.65125507  0.68851541  0.28643382
   0.44564075  0.81701479  0.38927591
   0.84793079  0.56352487  0.18406288
   0.91414670  0.94090138  0.49124047
   0.70637000  0.94194000  0.08602000
   0.98528314  0.68885790  0.28640729
   0.77843845  0.81624873  0.38880871
   0.03971000  0.19194000  0.08602000
   0.32157370  0.43962297  0.28849836
   0.11534573  0.06221343  0.38770069
   0.18043277  0.31618085  0.18704474
   0.25931776  0.19425128  0.48288875
   0.37304000  0.19194000  0.08602000
   0.65368202  0.43770587  0.28597395
   0.44824664  0.06233388  0.38786081
   0.51311660  0.31493736  0.18623671
   0.59272092  0.19313597  0.48324291
   0.70637000  0.19194000  0.08602000
   0.98835650  0.43848535  0.28735437
   0.78211095  0.06241888  0.38777195
   0.84703776  0.31543943  0.18663119
   0.92543409  0.19542356  0.48304888
   0.03971000  0.69194000  0.08602000
   0.31335016  0.93857317  0.28613869
   0.13052609  0.56009707  0.38918801
   0.18045553  0.81450391  0.18483053
   0.26262487  0.69424510  0.48451124
   0.37304000  0.69194000  0.08602000
   0.64706372  0.93854935  0.28596958
   0.46435697  0.56119971  0.39069752
   0.51354238  0.81449498  0.18475133
   0.59882319  0.69543016  0.48676959
   0.70637000  0.69194000  0.08602000
   0.98013378  0.93885040  0.28591404
   0.84692948  0.81465848  0.18470317
   0.92356902  0.69029867  0.48307297
   0.79726967  0.55883909  0.38616381
   0.17417000  0.33753000  0.10253000
   0.26290917  0.20323921  0.39840164
   0.08961765  0.32042911  0.49762264
   0.31609588  0.46112348  0.20488667
   0.11679178  0.08221544  0.30333740
   0.23858000  0.04636000  0.06951000
   0.04735967  0.17084791  0.16995397
   0.33043971  0.41797185  0.37260589
   0.11687423  0.05028625  0.47545000
   0.18427295  0.29396277  0.27072747
   0.50750000  0.33753000  0.10253000
   0.59612670  0.20318676  0.39859303
   0.42202967  0.32006943  0.49651442
   0.64882214  0.45996544  0.20297345
   0.44994006  0.08192913  0.30344865
   0.57191000  0.04636000  0.06951000
   0.38026414  0.16985898  0.16958895
   0.66259105  0.41559316  0.36940326
   0.44850941  0.05097261  0.47560258
   0.51682395  0.29228834  0.26941571
   0.84083000  0.33753000  0.10253000
   0.93012493  0.20341363  0.39827119
   0.75610629  0.31843715  0.49808298
   0.98269128  0.46042158  0.20398670
   0.78352228  0.08200181  0.30333826
   0.90524000  0.04636000  0.06951000
   0.71372571  0.17028384  0.16977227
   0.99634848  0.41663210  0.37130649
   0.78268595  0.05239420  0.47541874
   0.85049776  0.29309653  0.27011639
   0.17316000  0.83290000  0.09904000
   0.24599489  0.71041951  0.40282672
   0.04261404  0.83030408  0.49999674
   0.31485659  0.95913586  0.20189835
   0.11924725  0.58479932  0.30575202
   0.23858000  0.54636000  0.06951000
   0.04710456  0.66981127  0.16964089
   0.30994080  0.91961640  0.37077073
   0.15700997  0.54120514  0.47568230
   0.18383091  0.79233842  0.26848240
   0.50645000  0.83283000  0.09878000
   0.57909995  0.71092451  0.40517083
   0.37877308  0.83417824  0.50352606
   0.64831635  0.95907684  0.20176664
   0.45339211  0.58567683  0.30713244
   0.57191000  0.54636000  0.06951000
   0.38045257  0.66983373  0.16957085
   0.64384096  0.91926326  0.37050310
   0.49282770  0.54221722  0.47820019
   0.51673977  0.79228323  0.26849485
   0.83986000  0.83290000  0.09896000
   0.71377814  0.83609236  0.50355281
   0.98159147  0.95937018  0.20171694
   0.78612465  0.58426724  0.30344839
   0.90524000  0.54636000  0.06951000
   0.71365888  0.66982160  0.16957887
   0.97639521  0.91936784  0.37043428
   0.82233048  0.53694369  0.47217950
   0.85013826  0.79259073  0.26835762
   0.91071325  0.70893730  0.40211588
   0.79435059  0.65010708  0.64118665
   0.43375247  0.42539065  0.65926642
   0.61347643  0.52426658  0.59156160
   0.91649361  0.74510462  0.65524419
   0.81375704  0.68072570  0.70073114
   0.71491241  0.71175066  0.71834787
   0.85587543  0.61854148  0.72616673
   0.88949121  0.82184682  0.63810601
   0.03243931  0.72657827  0.64620168
