   0.17934644  0.06415712  0.19455804
   0.28616585  0.43038009  0.49977053
   0.03971000  0.44194000  0.09637000
   0.31670747  0.18895418  0.29702418
   0.13013095  0.31293361  0.39633523
   0.51282506  0.06413080  0.19419028
   0.61513280  0.43314937  0.49489731
   0.37304000  0.44194000  0.09637000
   0.65018599  0.18880800  0.29654385
   0.46320983  0.31246019  0.39606924
   0.84601512  0.06407146  0.19449369
   0.95687313  0.43249986  0.49955251
   0.70637000  0.44194000  0.09637000
   0.98327781  0.18850960  0.29665432
   0.79720444  0.31229886  0.39495332
   0.18151294  0.56406087  0.19384373
   0.24404629  0.94288945  0.50074359
   0.03971000  0.94194000  0.09637000
   0.31660190  0.69050493  0.29702534
   0.10994840  0.81848827  0.39911023
   0.51486073  0.56414823  0.19399142
   0.58048245  0.94352469  0.50232113
   0.37304000  0.94194000  0.09637000
   0.64990346  0.69040964  0.29690267
   0.44076841  0.81900930  0.40257472
   0.84821590  0.56416164  0.19406681
   0.90938178  0.93866991  0.50310530
   0.70637000  0.94194000  0.09637000
   0.98361497  0.69004870  0.29735949
   0.77347326  0.81845933  0.40036811
   0.57545656  0.68983722  0.49740397
   0.03971000  0.19194000  0.09637000
   0.32041597  0.43861644  0.29510847
   0.11473290  0.06360960  0.39866015
   0.18005728  0.31472553  0.19510713
   0.26412141  0.19191180  0.49361921
   0.37304000  0.19194000  0.09637000
   0.65422747  0.43892976  0.29603568
   0.44981716  0.06614546  0.39959408
   0.51390248  0.31510752  0.19520793
   0.59073559  0.19943731  0.49816693
   0.70637000  0.19194000  0.09637000
   0.98842854  0.43972511  0.29652799
   0.78044081  0.06399610  0.39901659
   0.84733576  0.31531954  0.19567735
   0.93759096  0.18893580  0.49325190
   0.03971000  0.69194000  0.09637000
   0.31268144  0.94122171  0.29741361
   0.12875588  0.56201099  0.39899470
   0.17963569  0.81570076  0.19574856
   0.27121195  0.69115724  0.49829565
   0.37304000  0.69194000  0.09637000
   0.64458704  0.94052460  0.29739134
   0.46142518  0.56166565  0.39534220
   0.51322955  0.81576698  0.19564907
   0.70637000  0.69194000  0.09637000
   0.97865975  0.94044215  0.29767933
   0.84607819  0.81604472  0.19682718
   0.92832660  0.69569156  0.49251299
   0.79462474  0.56223313  0.39728388
   0.17293000  0.33291000  0.10959000
   0.26230187  0.20526827  0.40946280
   0.08389783  0.32133400  0.51013227
   0.31577073  0.45941291  0.21142128
   0.11659731  0.08418804  0.31431242
   0.23858000  0.04636000  0.07986000
   0.04512034  0.17046320  0.17999384
   0.32906623  0.41560988  0.37804779
   0.11267364  0.05360474  0.48683306
   0.18315607  0.29334743  0.27851735
   0.50633000  0.33253000  0.10912000
   0.59928289  0.20825331  0.41259139
   0.42084135  0.31928071  0.51028303
   0.64935921  0.45969617  0.21206532
   0.45114387  0.08509856  0.31493852
   0.57191000  0.04636000  0.07986000
   0.37889375  0.17081716  0.18004621
   0.66373657  0.41713880  0.38035734
   0.44903067  0.05877733  0.48739213
   0.51718288  0.29401223  0.27898407
   0.83947000  0.33230000  0.10978000
   0.92832635  0.20596843  0.41035571
   0.74845613  0.32988520  0.52143300
   0.98268935  0.46012249  0.21246184
   0.78311825  0.08433691  0.31445357
   0.90524000  0.04636000  0.07986000
   0.71221839  0.17098154  0.18033549
   0.99596978  0.41730853  0.38030422
   0.78430965  0.05258420  0.48699357
   0.85073135  0.29424838  0.27952144
   0.17282000  0.83289000  0.10962000
   0.23901622  0.71120810  0.41546514
   0.04287501  0.83405719  0.51415338
   0.31401169  0.96036457  0.21276396
   0.11819842  0.58585434  0.31492621
   0.23858000  0.54636000  0.07986000
   0.04727223  0.67063859  0.18004718
   0.30733970  0.92375009  0.38156893
   0.15327894  0.53838912  0.48343268
   0.18193319  0.79469253  0.27946774
   0.50615000  0.83297000  0.10968000
   0.57590159  0.71128701  0.41363885
   0.37946160  0.84265368  0.50280658
   0.64715224  0.96051971  0.21290900
   0.45095513  0.58534524  0.31249116
   0.57191000  0.54636000  0.07986000
   0.38058293  0.67069537  0.18011718
   0.63940148  0.92260367  0.38168773
   0.48308982  0.53414535  0.47695939
   0.51511382  0.79445607  0.27906743
   0.84083000  0.83753000  0.11288000
   0.70827721  0.83371136  0.51175407
   0.98069890  0.96089079  0.21368366
   0.78398529  0.58489303  0.31385611
   0.90524000  0.54636000  0.07986000
   0.71404875  0.67053605  0.18008627
   0.97353290  0.92204078  0.38194067
   0.82202544  0.54153212  0.48325317
   0.84874232  0.79409338  0.27990821
   0.90942803  0.71184410  0.41127912
   0.82339638  0.60001811  0.64342026
   0.41232435  0.65410555  0.58176619
   0.75958871  0.44091955  0.59610728
   0.81410124  0.71755213  0.63518302
   0.76661811  0.66046399  0.69014442
   0.64079925  0.63276986  0.69918351
   0.84732525  0.67430112  0.72680982
   0.72196091  0.73105985  0.60566449
   0.93066790  0.77280927  0.63059158
