   0.18175674  0.06515049  0.19537767
   0.25417387  0.43704375  0.50240958
   0.03971000  0.44194000  0.09637000
   0.31821885  0.19023962  0.29978715
   0.11704384  0.31522055  0.40144409
   0.51451212  0.06454214  0.19461480
   0.58487329  0.44379159  0.49806413
   0.37304000  0.44194000  0.09637000
   0.65099770  0.18921917  0.29804376
   0.45259875  0.31555099  0.40174610
   0.84817365  0.06465685  0.19447638
   0.92736248  0.44094142  0.49853702
   0.70637000  0.44194000  0.09637000
   0.98468352  0.18951593  0.29779989
   0.78444383  0.31305986  0.40035935
   0.17989069  0.56509838  0.19525839
   0.26980326  0.93446834  0.50371787
   0.03971000  0.94194000  0.09637000
   0.31658259  0.69013447  0.29786823
   0.12217892  0.81621422  0.39796985
   0.51311294  0.56416581  0.19480209
   0.60340083  0.93255842  0.50446714
   0.37304000  0.94194000  0.09637000
   0.64934552  0.68882581  0.29670341
   0.45509633  0.81639333  0.39842688
   0.84685203  0.56488015  0.19509250
   0.93507894  0.93171752  0.50140349
   0.70637000  0.94194000  0.09637000
   0.98334748  0.68973041  0.29782655
   0.78760123  0.81494302  0.39595247
   0.60536747  0.18908393  0.50468990
   0.03971000  0.19194000  0.09637000
   0.31576547  0.43959613  0.29814733
   0.12146348  0.06174762  0.39993922
   0.17998712  0.31627169  0.19717378
   0.25937359  0.19454295  0.49529257
   0.37304000  0.19194000  0.09637000
   0.64927040  0.43866812  0.29754197
   0.45863753  0.06484347  0.40413216
   0.51320303  0.31575802  0.19692725
   0.70637000  0.19194000  0.09637000
   0.98278361  0.43978264  0.29791202
   0.79024615  0.06011033  0.39767367
   0.84655038  0.31631021  0.19702364
   0.91478758  0.18594769  0.49927686
   0.03971000  0.69194000  0.09637000
   0.31906856  0.94304996  0.29991711
   0.12004372  0.56296501  0.39881389
   0.18047463  0.81754895  0.19796163
   0.25666748  0.69517647  0.49440990
   0.37304000  0.69194000  0.09637000
   0.65059140  0.93942750  0.29582217
   0.45097128  0.56411466  0.39879414
   0.51313053  0.81515962  0.19531782
   0.58769283  0.69662469  0.49441639
   0.70637000  0.69194000  0.09637000
   0.98471589  0.93994265  0.29684915
   0.84721722  0.81545256  0.19566914
   0.92296812  0.69680355  0.49230238
   0.78645819  0.56272894  0.39738499
   0.17417000  0.33753000  0.11288000
   0.25190285  0.20810928  0.41280909
   0.05242868  0.32991772  0.50999580
   0.31410962  0.46134557  0.21429425
   0.11856164  0.08485725  0.31552069
   0.23858000  0.04636000  0.07986000
   0.04720351  0.17101717  0.18016427
   0.31738263  0.41900345  0.38212433
   0.13765141  0.04438946  0.48699322
   0.18368657  0.29359348  0.28035279
   0.50750000  0.33753000  0.11288000
   0.58577628  0.21115288  0.42106445
   0.38814533  0.33296608  0.51302935
   0.64768214  0.46076761  0.21382900
   0.45355872  0.08765359  0.31935352
   0.57191000  0.04636000  0.07986000
   0.38062715  0.17074861  0.17996150
   0.65137485  0.41766911  0.38165121
   0.47078290  0.04278206  0.48976217
   0.51685500  0.29312294  0.28007566
   0.84083000  0.33753000  0.11288000
   0.91755614  0.20687300  0.41495391
   0.71987187  0.34366519  0.51326440
   0.98124937  0.46150849  0.21408165
   0.78539111  0.08465311  0.31387934
   0.90524000  0.04636000  0.07986000
   0.71377620  0.17087650  0.18004140
   0.98267553  0.41881946  0.38197434
   0.80236268  0.03437737  0.48069159
   0.85012531  0.29387763  0.28017029
   0.17417000  0.83753000  0.11288000
   0.25535050  0.70867118  0.41095423
   0.06892472  0.82547541  0.51211086
   0.31664307  0.96249712  0.21566223
   0.11692623  0.58496371  0.31512925
   0.23858000  0.54636000  0.07986000
   0.04641882  0.67219556  0.18071827
   0.32130559  0.92166867  0.38376143
   0.12739398  0.54845107  0.48546475
   0.18342192  0.79629445  0.28161667
   0.50619000  0.83294000  0.10916000
   0.58846482  0.70913639  0.41089407
   0.40055253  0.82487523  0.51456059
   0.64879141  0.95990540  0.21190189
   0.44986645  0.58490162  0.31501801
   0.57191000  0.54636000  0.07986000
   0.37922771  0.67073047  0.17990945
   0.65294061  0.91765677  0.37888045
   0.45430821  0.55099385  0.48556161
   0.51606245  0.79348768  0.27870902
   0.83992000  0.83287000  0.10930000
   0.73528656  0.82292913  0.51607628
   0.98249666  0.96036099  0.21282800
   0.78293411  0.58390958  0.31390445
   0.90524000  0.54636000  0.07986000
   0.71250687  0.67095653  0.18006156
   0.98669386  0.91924570  0.38053097
   0.79243085  0.55145224  0.48358569
   0.84947416  0.79393658  0.27939204
   0.92172464  0.70879505  0.40884993
   0.78771848  0.56843663  0.65594233
   0.75116357  0.15841700  0.58797347
   0.74743379  0.41409104  0.59955061
   0.80529610  0.68400427  0.67563400
   0.77434199  0.59129053  0.71682691
   0.65396144  0.56289186  0.73422725
   0.87035205  0.57283643  0.74275029
   0.71053257  0.72475141  0.66310898
   0.92526372  0.73464852  0.67143010
