   0.18163369  0.06519414  0.19557015
   0.25668617  0.43612907  0.50266161
   0.03971000  0.44194000  0.09637000
   0.31842767  0.19074270  0.30003018
   0.11891292  0.31489238  0.40079056
   0.51430344  0.06444012  0.19462722
   0.58695117  0.43971247  0.49877692
   0.37304000  0.44194000  0.09637000
   0.65096160  0.18943481  0.29784951
   0.45461842  0.31687925  0.40204826
   0.84816390  0.06458295  0.19418433
   0.92768567  0.43601951  0.49928588
   0.70637000  0.44194000  0.09637000
   0.98511966  0.18952393  0.29740312
   0.78572165  0.31318498  0.39933093
   0.18022767  0.56556188  0.19546719
   0.26341028  0.93545405  0.50409858
   0.03971000  0.94194000  0.09637000
   0.31698223  0.69124812  0.29910319
   0.12137557  0.81612500  0.40027427
   0.51305241  0.56447356  0.19447273
   0.59717954  0.93753209  0.50333507
   0.37304000  0.94194000  0.09637000
   0.64928042  0.68995478  0.29670186
   0.45632555  0.81759111  0.40095355
   0.84722202  0.56520676  0.19485836
   0.93211313  0.93397658  0.50037035
   0.70637000  0.94194000  0.09637000
   0.98418704  0.69099472  0.29738791
   0.78700216  0.81403794  0.39914391
   0.60370071  0.19477486  0.50940099
   0.03971000  0.19194000  0.09637000
   0.31739222  0.44128958  0.29884327
   0.12202120  0.06117023  0.39942551
   0.18050289  0.31684370  0.19735508
   0.25492583  0.19428777  0.49506455
   0.37304000  0.19194000  0.09637000
   0.64949465  0.43855620  0.29548323
   0.45863641  0.06831159  0.40570618
   0.51285202  0.31523939  0.19631831
   0.70637000  0.19194000  0.09637000
   0.98427888  0.43974156  0.29742532
   0.79030018  0.06087898  0.39715244
   0.84700803  0.31606801  0.19676874
   0.91066948  0.18616420  0.49972810
   0.03971000  0.69194000  0.09637000
   0.31975659  0.94374669  0.30106847
   0.12015723  0.56267581  0.39897671
   0.18106441  0.81811841  0.19813032
   0.26350926  0.69330101  0.49410163
   0.37304000  0.69194000  0.09637000
   0.65095507  0.93925398  0.29608894
   0.45301157  0.56572308  0.40102984
   0.51301653  0.81553469  0.19530255
   0.60959247  0.68936209  0.49998624
   0.70637000  0.69194000  0.09637000
   0.98471870  0.93941128  0.29710452
   0.84743371  0.81569311  0.19545370
   0.91419870  0.68540276  0.49553764
   0.78932499  0.56134368  0.39373758
   0.17417000  0.33753000  0.11288000
   0.25321063  0.20763819  0.41219457
   0.05495511  0.32758509  0.51005750
   0.31460525  0.46213549  0.21475662
   0.11842214  0.08462800  0.31518693
   0.23858000  0.04636000  0.07986000
   0.04738292  0.17137083  0.18024405
   0.31953119  0.42000259  0.38258335
   0.13334314  0.04405716  0.48648421
   0.18451217  0.29451164  0.28057324
   0.50750000  0.33753000  0.11288000
   0.58832100  0.21498754  0.42396540
   0.38829727  0.33004631  0.51240353
   0.64749952  0.46055956  0.21252189
   0.45406951  0.08910480  0.32059855
   0.57191000  0.04636000  0.07986000
   0.38034223  0.17041243  0.17974106
   0.65294302  0.41609136  0.37806255
   0.46695673  0.04720153  0.49121037
   0.51700941  0.29272792  0.27903555
   0.84083000  0.33753000  0.11288000
   0.91853812  0.20731920  0.41502202
   0.72176488  0.34721486  0.52472216
   0.98140215  0.46160269  0.21375091
   0.78511692  0.08501881  0.31396113
   0.90524000  0.04636000  0.07986000
   0.71356945  0.17070372  0.17992079
   0.98507430  0.41783759  0.38093868
   0.79931940  0.03686344  0.47918816
   0.85060371  0.29357710  0.27972081
   0.17417000  0.83753000  0.11288000
   0.25541049  0.70889684  0.41149208
   0.05989502  0.82500884  0.51087495
   0.31700130  0.96307302  0.21634677
   0.11681556  0.58570732  0.31511135
   0.23858000  0.54636000  0.07986000
   0.04681026  0.67256018  0.18073975
   0.32195485  0.92307129  0.38514722
   0.12968847  0.54701975  0.48525450
   0.18426957  0.79715378  0.28180605
   0.50619000  0.83294000  0.10916000
   0.58704054  0.71011100  0.41628720
   0.39464545  0.82938200  0.51385743
   0.64877814  0.96020012  0.21223357
   0.45103599  0.58687613  0.31668712
   0.57191000  0.54636000  0.07986000
   0.37948692  0.67111545  0.17987631
   0.65385972  0.91768653  0.37891495
   0.45923316  0.54888972  0.48686973
   0.51586070  0.79419960  0.27870792
   0.83992000  0.83287000  0.10930000
   0.73006120  0.83368547  0.51052886
   0.98246932  0.96063109  0.21279736
   0.78335004  0.58480895  0.31162977
   0.90524000  0.54636000  0.07986000
   0.71255814  0.67110576  0.17995871
   0.98612259  0.91837635  0.38091030
   0.79411668  0.53778865  0.47497879
   0.84922374  0.79458091  0.27897758
   0.92206231  0.70712822  0.41150506
   0.78193433  0.57446424  0.65195048
   0.75862441  0.14937253  0.58662214
   0.74582558  0.45549727  0.59840425
   0.80481668  0.68189570  0.67339133
   0.77205134  0.58427096  0.71175613
   0.65317604  0.55458304  0.72876349
   0.86875225  0.56221954  0.73592411
   0.71014617  0.72388637  0.66245111
   0.92579583  0.73063241  0.66934511
