   0.28738342  0.43166154  0.49244780
   0.18100638  0.06370368  0.18366612
   0.03971000  0.44194000  0.08602000
   0.31698394  0.18773107  0.28749929
   0.12900502  0.31226058  0.38805121
   0.51429764  0.06373875  0.18367026
   0.62155627  0.43046015  0.49009901
   0.37304000  0.44194000  0.08602000
   0.65036982  0.18759049  0.28738657
   0.46203802  0.31220598  0.38823482
   0.84768365  0.06373470  0.18365393
   0.95473823  0.43160692  0.49062114
   0.70637000  0.44194000  0.08602000
   0.98371548  0.18775393  0.28746089
   0.79528728  0.31181868  0.38783743
   0.18127551  0.56337980  0.18423060
   0.25072359  0.93867006  0.49243126
   0.03971000  0.94194000  0.08602000
   0.31828364  0.68834249  0.28708853
   0.11247272  0.81615421  0.38845967
   0.51448593  0.56323842  0.18415611
   0.58402126  0.93934507  0.49275778
   0.37304000  0.94194000  0.08602000
   0.65166097  0.68821353  0.28662570
   0.44586227  0.81645532  0.38896205
   0.84785111  0.56323317  0.18426426
   0.91777846  0.93925059  0.49238102
   0.70637000  0.94194000  0.08602000
   0.98503209  0.68814121  0.28672002
   0.77902391  0.81614299  0.38834817
   0.03971000  0.19194000  0.08602000
   0.32087926  0.43886504  0.28798987
   0.11566647  0.06152596  0.38773702
   0.18045493  0.31564797  0.18690342
   0.26104548  0.19307127  0.48264183
   0.37304000  0.19194000  0.08602000
   0.65391940  0.43841526  0.28769971
   0.44920589  0.06172323  0.38794803
   0.51370533  0.31546828  0.18683817
   0.59431554  0.19304072  0.48300556
   0.70637000  0.19194000  0.08602000
   0.98764169  0.43850101  0.28789470
   0.78242451  0.06177756  0.38803984
   0.84717605  0.31560009  0.18683801
   0.92806884  0.19326568  0.48306152
   0.03971000  0.69194000  0.08602000
   0.31387220  0.93860564  0.28595975
   0.12984812  0.55994687  0.38963939
   0.18047532  0.81437883  0.18480023
   0.26364346  0.69368799  0.48481689
   0.37304000  0.69194000  0.08602000
   0.64721279  0.93859738  0.28592389
   0.46283146  0.56061051  0.38972460
   0.51385100  0.81444955  0.18467894
   0.59759610  0.69500921  0.48575984
   0.70637000  0.69194000  0.08602000
   0.98046908  0.93855367  0.28577572
   0.84717041  0.81429226  0.18470398
   0.93004791  0.69359787  0.48452417
   0.79625896  0.56008521  0.38900273
   0.17417000  0.33753000  0.10253000
   0.26101059  0.20315642  0.39843810
   0.08633506  0.32093018  0.49744642
   0.31603841  0.46052008  0.20441999
   0.11665719  0.08198847  0.30336144
   0.23858000  0.04636000  0.06951000
   0.04725169  0.17052019  0.16982076
   0.32863611  0.41765874  0.37206273
   0.11967147  0.04896228  0.47544869
   0.18406540  0.29332137  0.27046388
   0.50750000  0.33753000  0.10253000
   0.59488087  0.20334295  0.39871871
   0.42085438  0.32107900  0.49487922
   0.64910112  0.46022522  0.20419192
   0.45023971  0.08201624  0.30350936
   0.57191000  0.04636000  0.06951000
   0.38056578  0.17046251  0.16982405
   0.66151021  0.41715115  0.37173126
   0.45292009  0.04930011  0.47554839
   0.51735075  0.29295811  0.27034525
   0.84083000  0.33753000  0.10253000
   0.92827024  0.20335968  0.39894052
   0.75328943  0.32110292  0.49714469
   0.98273999  0.46041062  0.20429614
   0.78351155  0.08207703  0.30362548
   0.90524000  0.04636000  0.06951000
   0.71396198  0.17049960  0.16982757
   0.99453987  0.41689438  0.37202238
   0.78665362  0.04965596  0.47573011
   0.85071420  0.29309444  0.27034323
   0.17316000  0.83290000  0.09904000
   0.24610244  0.71011375  0.40315123
   0.04938568  0.83217995  0.50348825
   0.31496556  0.95909946  0.20177810
   0.11949879  0.58448569  0.30605569
   0.23858000  0.54636000  0.06951000
   0.04707542  0.66959588  0.16959841
   0.31070192  0.91921774  0.37046598
   0.15452256  0.54180830  0.47629719
   0.18375098  0.79209124  0.26841661
   0.50645000  0.83283000  0.09878000
   0.57959026  0.71004425  0.40379261
   0.38339384  0.83259624  0.50305101
   0.64829940  0.95922415  0.20171712
   0.45302628  0.58490484  0.30626127
   0.57191000  0.54636000  0.06951000
   0.38052720  0.66966043  0.16952567
   0.64414352  0.91905185  0.37044746
   0.48839419  0.54251316  0.47804431
   0.51713515  0.79212582  0.26832608
   0.83986000  0.83290000  0.09896000
   0.71732898  0.83369125  0.50398369
   0.98166488  0.95910789  0.20163189
   0.78598236  0.58437191  0.30557064
   0.90524000  0.54636000  0.06951000
   0.71374006  0.66947826  0.16957274
   0.97745622  0.91905613  0.37025341
   0.82078124  0.54150981  0.47623860
   0.85053253  0.79205936  0.26825539
   0.91255619  0.70982653  0.40272303
   0.80623895  0.64946531  0.63811474
   0.40565577  0.41959325  0.65539985
   0.58633312  0.53220093  0.59387423
   0.92220277  0.74823492  0.65496812
   0.81861092  0.68143455  0.69841224
   0.71681365  0.71084959  0.71517150
   0.86347781  0.62302745  0.72590979
   0.89728086  0.82694728  0.64009043
   0.04457273  0.73958414  0.65059398
