   0.61930338  0.42876912  0.49221692
   0.17894878  0.06402127  0.18491591
   0.28815419  0.43100312  0.49191250
   0.03971000  0.44194000  0.08602000
   0.31516873  0.18777486  0.28843367
   0.12767513  0.31188588  0.38902099
   0.51231429  0.06402308  0.18484811
   0.37304000  0.44194000  0.08602000
   0.64863271  0.18787031  0.28845479
   0.46102973  0.31141046  0.38857072
   0.84563223  0.06402502  0.18490661
   0.95560175  0.43185635  0.49342744
   0.70637000  0.44194000  0.08602000
   0.98198885  0.18792019  0.28851094
   0.79453208  0.31168604  0.38888088
   0.18069099  0.56373719  0.18464914
   0.24741202  0.93886245  0.49488500
   0.03971000  0.94194000  0.08602000
   0.31627859  0.68836589  0.28828484
   0.10987862  0.81679760  0.39056262
   0.51412160  0.56379434  0.18470695
   0.58131137  0.93785996  0.49259796
   0.37304000  0.94194000  0.08602000
   0.64980526  0.68869306  0.28848538
   0.44308479  0.81663201  0.38983774
   0.84743880  0.56379124  0.18471100
   0.91488413  0.93976554  0.49336083
   0.70637000  0.94194000  0.08602000
   0.98321766  0.68861150  0.28837328
   0.77653365  0.81725672  0.39150404
   0.03971000  0.19194000  0.08602000
   0.31933190  0.43814596  0.28791457
   0.11428252  0.06257024  0.39022985
   0.17942912  0.31533358  0.18689164
   0.26006580  0.19264632  0.48541363
   0.37304000  0.19194000  0.08602000
   0.65306283  0.43839719  0.28817862
   0.44678068  0.06261165  0.39014793
   0.51289099  0.31546352  0.18699664
   0.59264262  0.19227213  0.48551108
   0.70637000  0.19194000  0.08602000
   0.98614797  0.43852098  0.28842839
   0.78064840  0.06280722  0.38990930
   0.84626247  0.31557617  0.18707503
   0.92511525  0.19470714  0.48530195
   0.03971000  0.69194000  0.08602000
   0.31165642  0.93935269  0.28819304
   0.12836496  0.55979487  0.39032618
   0.17913866  0.81547693  0.18681570
   0.26311167  0.69361053  0.48543678
   0.37304000  0.69194000  0.08602000
   0.64503816  0.93929715  0.28810403
   0.46095444  0.55832235  0.38964118
   0.51249425  0.81538989  0.18680439
   0.59814436  0.69036863  0.48353634
   0.70637000  0.69194000  0.08602000
   0.97807382  0.93930647  0.28839870
   0.84589245  0.81548024  0.18685945
   0.93112064  0.69410055  0.48614770
   0.79450847  0.55970299  0.39014082
   0.17417000  0.33753000  0.10253000
   0.26068053  0.20400380  0.40111830
   0.08661605  0.32161467  0.49957367
   0.31504775  0.46042432  0.20441259
   0.11509268  0.08289427  0.30583696
   0.23858000  0.04636000  0.06951000
   0.04531010  0.17041629  0.16990708
   0.32711256  0.41595184  0.37202075
   0.11738487  0.04988587  0.47776715
   0.18227880  0.29283973  0.27046732
   0.50750000  0.33753000  0.10253000
   0.59373708  0.20398075  0.40120556
   0.41882238  0.32014160  0.50058411
   0.64851248  0.46054189  0.20468018
   0.44847839  0.08302889  0.30574226
   0.57191000  0.04636000  0.06951000
   0.37871744  0.17050240  0.16995231
   0.66093818  0.41680142  0.37239980
   0.44952248  0.04972903  0.47770564
   0.51568308  0.29301582  0.27067928
   0.84083000  0.33753000  0.10253000
   0.92747040  0.20400903  0.40082301
   0.75379694  0.32007354  0.49932276
   0.98179871  0.46065693  0.20480831
   0.78187845  0.08294648  0.30555449
   0.90524000  0.04636000  0.06951000
   0.71207425  0.17059549  0.17000505
   0.99343512  0.41690050  0.37257928
   0.78303991  0.05046624  0.47744914
   0.84894575  0.29315456  0.27075362
   0.17417000  0.83753000  0.10253000
   0.24347598  0.71025180  0.40401468
   0.04660258  0.83332467  0.50480684
   0.31310680  0.96063030  0.20446272
   0.11738828  0.58450154  0.30693879
   0.23858000  0.54636000  0.06951000
   0.04689138  0.67002463  0.16984045
   0.30821925  0.91990433  0.37263021
   0.15532837  0.54133530  0.47683959
   0.18188944  0.79243591  0.27024081
   0.50750000  0.83753000  0.10253000
   0.57525175  0.70863725  0.40201566
   0.38038858  0.83241058  0.50513344
   0.64644655  0.96058603  0.20436120
   0.45051456  0.58388840  0.30620556
   0.57191000  0.54636000  0.06951000
   0.38018406  0.66999011  0.16981012
   0.64166366  0.92007489  0.37257260
   0.48916358  0.53876641  0.47673087
   0.51506411  0.79245580  0.27022380
   0.84083000  0.83753000  0.10253000
   0.71527182  0.83117548  0.49963712
   0.97981438  0.96063925  0.20456948
   0.78444855  0.58444351  0.30671573
   0.90524000  0.54636000  0.06951000
   0.71356366  0.67002572  0.16984741
   0.97498750  0.91997351  0.37297839
   0.82014492  0.54154497  0.48006930
   0.84861297  0.79249583  0.27027722
   0.90977959  0.70921876  0.40438154
   0.62023564  0.61799828  0.63138404
   0.81361140  0.37760723  0.68009800
   0.77421651  0.48587922  0.59966509
   0.53629521  0.70882042  0.63104725
   0.47750348  0.60866858  0.66618593
   0.37636243  0.54511963  0.65202978
   0.49819445  0.61019509  0.71266137
   0.47713268  0.72184872  0.59063311
   0.60077502  0.78639847  0.65042311
