   0.18092365  0.06386633  0.19364576
   0.25450946  0.44221120  0.49943019
   0.03971000  0.44194000  0.09637000
   0.31635693  0.18966081  0.29677522
   0.11493942  0.31574334  0.40175751
   0.51441333  0.06424045  0.19369965
   0.58108303  0.44029879  0.50080962
   0.37304000  0.44194000  0.09637000
   0.64980490  0.18905393  0.29691506
   0.44741813  0.31614000  0.40160122
   0.84760167  0.06393758  0.19347458
   0.92357881  0.44522005  0.49761976
   0.70637000  0.44194000  0.09637000
   0.98300634  0.18932823  0.29704986
   0.78367237  0.31484024  0.39795723
   0.18054435  0.56328388  0.19356321
   0.27506300  0.93180953  0.50136570
   0.03971000  0.94194000  0.09637000
   0.31687662  0.68867211  0.29547993
   0.12152783  0.81508171  0.39609169
   0.51401584  0.56364099  0.19396379
   0.60996390  0.93257927  0.50201352
   0.37304000  0.94194000  0.09637000
   0.65005104  0.68897997  0.29634941
   0.45572785  0.81533610  0.39586756
   0.84717838  0.56350816  0.19395031
   0.94300545  0.93275841  0.50304453
   0.70637000  0.94194000  0.09637000
   0.98323446  0.68871593  0.29604192
   0.78880334  0.81529611  0.39654270
   0.94110656  0.19039644  0.49931114
   0.03971000  0.19194000  0.09637000
   0.31486731  0.43841564  0.29607158
   0.12614901  0.06069443  0.39760833
   0.18005134  0.31485904  0.19483551
   0.24434758  0.18881676  0.49939029
   0.37304000  0.19194000  0.09637000
   0.64874241  0.43929174  0.29725718
   0.45705788  0.06251777  0.39909778
   0.51350740  0.31547795  0.19562887
   0.59015574  0.19121430  0.49713026
   0.70637000  0.19194000  0.09637000
   0.98230349  0.43895137  0.29600598
   0.79164891  0.06180457  0.40040912
   0.84630007  0.31507981  0.19526020
   0.03971000  0.69194000  0.09637000
   0.31843404  0.93996935  0.29594192
   0.11780354  0.56395856  0.39672192
   0.18071657  0.81504400  0.19485969
   0.25254530  0.70016058  0.49249989
   0.37304000  0.69194000  0.09637000
   0.65208371  0.94060930  0.29663421
   0.45027864  0.56285777  0.39691746
   0.51421146  0.81559882  0.19521567
   0.58669778  0.69642703  0.49238682
   0.70637000  0.69194000  0.09637000
   0.98479750  0.93985311  0.29563191
   0.84707760  0.81501396  0.19508654
   0.91885023  0.69762018  0.49475046
   0.78387525  0.56383550  0.39864948
   0.17313217  0.33239897  0.10871072
   0.24958135  0.20800461  0.41507278
   0.05281688  0.34232926  0.50191042
   0.31527919  0.45912955  0.21169572
   0.11788048  0.08522451  0.31377653
   0.23858000  0.04636000  0.07986000
   0.04662646  0.17025332  0.17962364
   0.31372159  0.41912451  0.38002346
   0.14288645  0.03390866  0.48023692
   0.18159924  0.29332176  0.27816333
   0.50647019  0.33260419  0.10934369
   0.58445198  0.21053370  0.41530128
   0.38513986  0.33287730  0.50946721
   0.64868957  0.45985152  0.21289945
   0.45120747  0.08560148  0.31497548
   0.57191000  0.04636000  0.07986000
   0.37991994  0.17075895  0.18007972
   0.64823343  0.41939125  0.38189696
   0.47670135  0.04263291  0.48600589
   0.51588511  0.29372020  0.27920848
   0.83975941  0.33251313  0.10900381
   0.91296295  0.20877604  0.41577028
   0.71649388  0.33271099  0.52076488
   0.98163804  0.45918293  0.21190071
   0.78440588  0.08561688  0.31560730
   0.90524000  0.04636000  0.07986000
   0.71336733  0.17059333  0.17984098
   0.98047806  0.41975468  0.37976928
   0.80890725  0.04045984  0.48612655
   0.84816851  0.29338012  0.27891925
   0.17328701  0.83239902  0.10881198
   0.25627417  0.70883292  0.40840346
   0.07419365  0.82126093  0.51490646
   0.31607341  0.95984529  0.21182883
   0.11681647  0.58396889  0.31261043
   0.23858000  0.54636000  0.07986000
   0.04647542  0.67022509  0.17986032
   0.32130292  0.91962632  0.37963646
   0.12298518  0.55509322  0.48336476
   0.18344757  0.79390045  0.27829203
   0.50659871  0.83250453  0.10898077
   0.58875972  0.70781638  0.40893892
   0.40836986  0.82481313  0.51226951
   0.64923422  0.96037209  0.21234805
   0.45018170  0.58360078  0.31270616
   0.57191000  0.54636000  0.07986000
   0.37996776  0.67062615  0.18003530
   0.65456726  0.91953939  0.38040833
   0.45525973  0.55083802  0.48394016
   0.51709474  0.79451788  0.27878112
   0.83983581  0.83233553  0.10888370
   0.74029343  0.82120418  0.51363600
   0.98214043  0.95964943  0.21167433
   0.78351893  0.58430023  0.31460010
   0.90524000  0.54636000  0.07986000
   0.71328932  0.67034707  0.17994852
   0.98712192  0.91839986  0.37879387
   0.78503902  0.55075908  0.48683338
   0.84991598  0.79359729  0.27859906
   0.92147621  0.70865750  0.41104871
   0.77997645  0.55154634  0.66592558
   0.07873748  0.16092350  0.58356441
   0.74706167  0.41545579  0.60153141
   0.80023443  0.67139594  0.67296062
   0.76884534  0.59592037  0.72318395
   0.65054185  0.57592804  0.74207615
   0.86516054  0.58764165  0.75164246
   0.70544654  0.70730512  0.65507220
   0.91948295  0.71890386  0.66457747
