   0.18150770  0.06488603  0.19514356
   0.25284465  0.43848195  0.50201881
   0.03971000  0.44194000  0.09637000
   0.31775209  0.18944288  0.29939157
   0.11669207  0.31556138  0.40149938
   0.51430685  0.06462491  0.19457943
   0.58307458  0.44442693  0.49886190
   0.37304000  0.44194000  0.09637000
   0.65071654  0.18910514  0.29818194
   0.45255363  0.31631355  0.40149165
   0.84784778  0.06427272  0.19426127
   0.92641464  0.44213070  0.49873329
   0.70637000  0.44194000  0.09637000
   0.98422741  0.18927422  0.29776957
   0.78404838  0.31364406  0.40007608
   0.17972801  0.56460822  0.19497910
   0.27143491  0.93469111  0.50374031
   0.03971000  0.94194000  0.09637000
   0.31620048  0.68963541  0.29755058
   0.12238847  0.81570458  0.39873554
   0.51278577  0.56414680  0.19503729
   0.60565739  0.93244186  0.50370527
   0.37304000  0.94194000  0.09637000
   0.64949376  0.68895972  0.29641378
   0.45564271  0.81580118  0.39810994
   0.84646131  0.56458381  0.19540634
   0.93936208  0.93311179  0.50152856
   0.70637000  0.94194000  0.09637000
   0.98299487  0.68944261  0.29766315
   0.78795132  0.81513464  0.39665203
   0.60442738  0.19075803  0.50409450
   0.03971000  0.19194000  0.09637000
   0.31598706  0.43972314  0.29776649
   0.12331690  0.06171127  0.40005774
   0.17979717  0.31573205  0.19685484
   0.26034251  0.19463638  0.49530775
   0.37304000  0.19194000  0.09637000
   0.64868921  0.43903367  0.29762143
   0.45991330  0.06434103  0.40317802
   0.51306255  0.31586441  0.19707345
   0.70637000  0.19194000  0.09637000
   0.98229816  0.43962921  0.29790706
   0.79131411  0.05991642  0.39827495
   0.84625930  0.31625666  0.19698957
   0.91531165  0.18797987  0.49901601
   0.03971000  0.69194000  0.09637000
   0.31865576  0.94197590  0.29931670
   0.11899935  0.56253848  0.39879509
   0.17978741  0.81706250  0.19748983
   0.25730845  0.69594806  0.49412255
   0.37304000  0.69194000  0.09637000
   0.65064663  0.93937302  0.29579190
   0.45045724  0.56391211  0.39895253
   0.51316933  0.81500712  0.19510808
   0.58860307  0.69665318  0.49405139
   0.70637000  0.69194000  0.09637000
   0.98474323  0.94010207  0.29686588
   0.84732559  0.81519178  0.19561530
   0.91845239  0.69871999  0.49312820
   0.78573910  0.56323083  0.39796865
   0.17417000  0.33753000  0.11288000
   0.25102117  0.20861468  0.41314450
   0.05232803  0.33175479  0.51009857
   0.31400894  0.46083774  0.21392374
   0.11816518  0.08481265  0.31559875
   0.23858000  0.04636000  0.07986000
   0.04693906  0.17039246  0.17997288
   0.31713282  0.41958559  0.38208637
   0.14090361  0.04438272  0.48701844
   0.18369503  0.29350165  0.27990926
   0.50750000  0.33753000  0.11288000
   0.58471110  0.21149500  0.42074210
   0.38587686  0.33341822  0.51285962
   0.64723398  0.46102987  0.21415703
   0.45349833  0.08674753  0.31872932
   0.57191000  0.04636000  0.07986000
   0.38044824  0.17090614  0.18007040
   0.65122255  0.41876151  0.38157323
   0.47331891  0.04260846  0.48856136
   0.51633756  0.29293828  0.28030621
   0.84083000  0.33753000  0.11288000
   0.91743789  0.20712946  0.41503557
   0.71748000  0.34244904  0.51277388
   0.98098176  0.46125176  0.21415866
   0.78484859  0.08453871  0.31433134
   0.90524000  0.04636000  0.07986000
   0.71376782  0.17081516  0.18011473
   0.98198871  0.41914883  0.38204453
   0.80540054  0.03564945  0.48155068
   0.84971760  0.29363256  0.28014048
   0.17417000  0.83753000  0.11288000
   0.25531020  0.70825653  0.41095914
   0.07066907  0.82455356  0.51269979
   0.31616165  0.96216969  0.21500102
   0.11630502  0.58462579  0.31513278
   0.23858000  0.54636000  0.07986000
   0.04578294  0.67141325  0.18055166
   0.32275504  0.92120232  0.38348078
   0.12565040  0.54955169  0.48503385
   0.18321614  0.79533378  0.28088245
   0.50619000  0.83294000  0.10916000
   0.58776917  0.70813540  0.41093734
   0.40250515  0.82510480  0.51435315
   0.64868196  0.95999689  0.21177126
   0.44993232  0.58471937  0.31484340
   0.57191000  0.54636000  0.07986000
   0.37922499  0.67039662  0.18000336
   0.65335105  0.91775860  0.37905403
   0.45398700  0.55336646  0.48629705
   0.51535778  0.79365052  0.27840340
   0.83992000  0.83287000  0.10930000
   0.73873753  0.82084668  0.51498160
   0.98216059  0.96019225  0.21271066
   0.78324337  0.58416733  0.31386973
   0.90524000  0.54636000  0.07986000
   0.71236562  0.67068683  0.18021856
   0.98842985  0.91945842  0.38106921
   0.79020820  0.55373598  0.48495398
   0.84962304  0.79411631  0.27924710
   0.92113464  0.70856259  0.40940860
   0.78718909  0.56382593  0.65818276
   0.74799527  0.16529956  0.58926748
   0.74987917  0.40511490  0.60137361
   0.80494573  0.68087424  0.67504155
   0.77351001  0.59069997  0.71809453
   0.65502862  0.56344444  0.73594924
   0.87009406  0.57492042  0.74503562
   0.71020768  0.72091891  0.66061298
   0.92509952  0.73182822  0.66958852
