   0.29105505  0.43186598  0.49197661
   0.18083603  0.06376331  0.18379781
   0.03971000  0.44194000  0.08602000
   0.31684330  0.18776582  0.28729241
   0.13083082  0.31201283  0.38763436
   0.51416313  0.06344261  0.18373682
   0.62336390  0.42827609  0.48860002
   0.37304000  0.44194000  0.08602000
   0.65000329  0.18725482  0.28700123
   0.46346890  0.31160454  0.38708750
   0.84771748  0.06393399  0.18383682
   0.95741882  0.42937809  0.48834561
   0.70637000  0.44194000  0.08602000
   0.98377573  0.18804340  0.28756326
   0.79663371  0.31106686  0.38620720
   0.18137429  0.56386750  0.18466189
   0.24645261  0.93966129  0.49212593
   0.03971000  0.94194000  0.08602000
   0.31831169  0.68890928  0.28776948
   0.11125867  0.81679816  0.38996228
   0.51430629  0.56348835  0.18404869
   0.57919784  0.94205294  0.49229693
   0.37304000  0.94194000  0.08602000
   0.65124419  0.68850707  0.28652177
   0.44567580  0.81706165  0.38930719
   0.84790818  0.56358975  0.18419964
   0.91436893  0.94137221  0.49108940
   0.70637000  0.94194000  0.08602000
   0.98518449  0.68891349  0.28659544
   0.77871420  0.81602143  0.38891962
   0.03971000  0.19194000  0.08602000
   0.32153472  0.43965305  0.28855274
   0.11541454  0.06225772  0.38769723
   0.18038205  0.31618785  0.18712147
   0.25941179  0.19444826  0.48286927
   0.37304000  0.19194000  0.08602000
   0.65363626  0.43770979  0.28597037
   0.44829840  0.06228905  0.38788585
   0.51307734  0.31490400  0.18629165
   0.59266730  0.19305217  0.48319715
   0.70637000  0.19194000  0.08602000
   0.98833123  0.43849257  0.28736359
   0.78217499  0.06238835  0.38777767
   0.84699535  0.31542648  0.18669695
   0.92537252  0.19559148  0.48304813
   0.03971000  0.69194000  0.08602000
   0.31334904  0.93854788  0.28620150
   0.13024020  0.56016623  0.38920274
   0.18040721  0.81451551  0.18488885
   0.26242849  0.69429866  0.48437886
   0.37304000  0.69194000  0.08602000
   0.64703129  0.93856646  0.28602123
   0.46446545  0.56122363  0.39091385
   0.51351463  0.81450460  0.18483630
   0.60111425  0.69557714  0.48710859
   0.70637000  0.69194000  0.08602000
   0.98010348  0.93887702  0.28594098
   0.84686199  0.81465491  0.18477727
   0.91872351  0.68869652  0.48468057
   0.79771786  0.55880869  0.38579329
   0.17417000  0.33753000  0.10253000
   0.26296286  0.20325234  0.39835017
   0.08963397  0.32048415  0.49778466
   0.31609103  0.46109147  0.20484234
   0.11682809  0.08225037  0.30325896
   0.23858000  0.04636000  0.06951000
   0.04738246  0.17085625  0.16985740
   0.33055384  0.41798378  0.37260771
   0.11672339  0.05066655  0.47537413
   0.18430289  0.29396972  0.27067461
   0.50750000  0.33753000  0.10253000
   0.59613175  0.20317975  0.39852358
   0.42223326  0.32016415  0.49690206
   0.64877816  0.45993319  0.20291174
   0.44990646  0.08192565  0.30339953
   0.57191000  0.04636000  0.06951000
   0.38028508  0.16981284  0.16948962
   0.66227373  0.41530163  0.36912821
   0.44841476  0.05085308  0.47568300
   0.51681117  0.29222346  0.26932187
   0.84083000  0.33753000  0.10253000
   0.93011517  0.20345842  0.39820652
   0.75614934  0.31810092  0.49829811
   0.98265827  0.46039601  0.20392143
   0.78356707  0.08203923  0.30328143
   0.90524000  0.04636000  0.06951000
   0.71371232  0.17027101  0.16967688
   0.99668746  0.41646881  0.37115907
   0.78268191  0.05271903  0.47536865
   0.85046743  0.29308437  0.27006013
   0.17316000  0.83290000  0.09904000
   0.24613385  0.71035732  0.40276999
   0.04334301  0.83129184  0.49924797
   0.31484771  0.95912130  0.20183852
   0.11924792  0.58476164  0.30570579
   0.23858000  0.54636000  0.06951000
   0.04712402  0.66977584  0.16952364
   0.30984543  0.91955443  0.37076820
   0.15737119  0.54114879  0.47562216
   0.18379405  0.79227381  0.26843013
   0.50645000  0.83283000  0.09878000
   0.57905050  0.71103232  0.40541125
   0.37874098  0.83400312  0.50366414
   0.64834266  0.95908693  0.20174636
   0.45336965  0.58565322  0.30712036
   0.57191000  0.54636000  0.06951000
   0.38047153  0.66979318  0.16944915
   0.64381300  0.91922311  0.37041533
   0.49335920  0.54232349  0.47851491
   0.51674785  0.79220635  0.26845832
   0.83986000  0.83290000  0.09896000
   0.71323061  0.83819512  0.50298894
   0.98159492  0.95936509  0.20166941
   0.78601802  0.58426629  0.30337977
   0.90524000  0.54636000  0.06951000
   0.71364959  0.66978566  0.16945200
   0.97619363  0.91952164  0.37033520
   0.82174109  0.53389427  0.46941342
   0.85009368  0.79256234  0.26830400
   0.91175869  0.70890757  0.40286150
   0.78975426  0.64898857  0.64070152
   0.44449920  0.43120523  0.65745137
   0.62546375  0.53246676  0.59830465
   0.91509110  0.74357257  0.65347502
   0.80966389  0.67797212  0.70131639
   0.71369380  0.71089798  0.71772204
   0.85515339  0.61770050  0.72559557
   0.88521935  0.81709595  0.63760599
   0.02591033  0.72295534  0.64543494
