   0.18157139  0.06404155  0.19381052
   0.25254472  0.44244293  0.49765601
   0.03971000  0.44194000  0.09637000
   0.31839878  0.18968037  0.29743685
   0.11863372  0.31561691  0.39869284
   0.51482818  0.06416924  0.19366397
   0.58558422  0.44634105  0.49843169
   0.37304000  0.44194000  0.09637000
   0.65161829  0.18934295  0.29623593
   0.45012939  0.31629340  0.40242275
   0.84827052  0.06400998  0.19380816
   0.92208349  0.44038020  0.50038328
   0.70637000  0.44194000  0.09637000
   0.98511643  0.18895609  0.29714659
   0.78308642  0.31462284  0.39800445
   0.18054311  0.56353160  0.19359795
   0.27753443  0.93189048  0.50160414
   0.03971000  0.94194000  0.09637000
   0.31767207  0.68883440  0.29570720
   0.12402022  0.81503194  0.39624745
   0.51402560  0.56397860  0.19392358
   0.61123637  0.93262791  0.50047840
   0.37304000  0.94194000  0.09637000
   0.65112782  0.68911783  0.29631690
   0.45686146  0.81525057  0.39536698
   0.84720154  0.56392449  0.19402469
   0.94468844  0.93423674  0.50210208
   0.70637000  0.94194000  0.09637000
   0.98445087  0.68899125  0.29618939
   0.79107180  0.81502660  0.39581306
   0.57693669  0.18700775  0.50151657
   0.03971000  0.19194000  0.09637000
   0.31632512  0.43874420  0.29585742
   0.12716929  0.06191877  0.40042430
   0.18077590  0.31474776  0.19526628
   0.27416083  0.19236792  0.49932233
   0.37304000  0.19194000  0.09637000
   0.64900559  0.43913057  0.29667355
   0.46206048  0.06228363  0.39805337
   0.51384397  0.31539608  0.19518121
   0.70637000  0.19194000  0.09637000
   0.98299086  0.43895610  0.29596544
   0.79192984  0.06137705  0.39852084
   0.84739853  0.31504849  0.19513379
   0.93233237  0.19306145  0.49292291
   0.03971000  0.69194000  0.09637000
   0.31925643  0.94042659  0.29598071
   0.11790072  0.56334457  0.39674588
   0.18096838  0.81533462  0.19529077
   0.25508476  0.69539810  0.49252209
   0.37304000  0.69194000  0.09637000
   0.65266334  0.93995887  0.29614780
   0.45149038  0.56447485  0.39638536
   0.51409262  0.81540543  0.19530108
   0.58574315  0.70116752  0.49233467
   0.70637000  0.69194000  0.09637000
   0.98677663  0.94046619  0.29700346
   0.84788668  0.81574178  0.19559069
   0.92243338  0.69682999  0.49309748
   0.78603824  0.56317997  0.39737301
   0.17333000  0.33321000  0.10959000
   0.24905398  0.20851305  0.41531994
   0.05145233  0.33326935  0.51073518
   0.31516918  0.45947573  0.21174373
   0.11989345  0.08537566  0.31557454
   0.23858000  0.04636000  0.07986000
   0.04712681  0.17028408  0.17975121
   0.31576122  0.41979364  0.37942347
   0.14511720  0.04197267  0.48663891
   0.18349232  0.29291187  0.27866311
   0.50648000  0.33297000  0.10887000
   0.58759645  0.20995712  0.41735329
   0.38915304  0.34294225  0.50108278
   0.64846068  0.45984740  0.21216484
   0.45362051  0.08601510  0.31434726
   0.57191000  0.04636000  0.07986000
   0.38047852  0.17074946  0.17977974
   0.64959797  0.41904221  0.38112684
   0.47709902  0.03457408  0.48062679
   0.51730193  0.29376908  0.27870542
   0.83998000  0.33294000  0.10911000
   0.91718227  0.20909982  0.41129784
   0.71615280  0.33485437  0.51839612
   0.98166507  0.45955007  0.21183351
   0.78570792  0.08493687  0.31430923
   0.90524000  0.04636000  0.07986000
   0.71384528  0.17052821  0.17984503
   0.98240547  0.41904000  0.38000077
   0.81245771  0.04350130  0.48533904
   0.85075490  0.29318392  0.27861241
   0.17323000  0.83311000  0.10949000
   0.25747678  0.70779608  0.40863771
   0.07488539  0.82336526  0.51221799
   0.31646357  0.96025450  0.21213383
   0.11783444  0.58380559  0.31272305
   0.23858000  0.54636000  0.07986000
   0.04659463  0.67059489  0.18000107
   0.32199636  0.91934086  0.37912375
   0.12012691  0.55082228  0.48381854
   0.18421835  0.79411912  0.27871348
   0.50655000  0.83318000  0.10951000
   0.59193689  0.70871633  0.40801618
   0.41046944  0.82048957  0.51158465
   0.64955803  0.96014419  0.21210826
   0.45137209  0.58378033  0.31237516
   0.57191000  0.54636000  0.07986000
   0.37978106  0.67068235  0.17993440
   0.65634920  0.91926424  0.37996968
   0.45388321  0.55602083  0.48297154
   0.51777626  0.79419493  0.27881473
   0.83988000  0.83312000  0.10940000
   0.74321351  0.82493541  0.51258515
   0.98312783  0.96039976  0.21274706
   0.78446752  0.58393698  0.31352457
   0.90524000  0.54636000  0.07986000
   0.71343988  0.67106542  0.18012990
   0.98956176  0.91972287  0.38087925
   0.79035913  0.55003520  0.48447923
   0.85131097  0.79448830  0.27931608
   0.92413023  0.70795488  0.40959691
   0.78305072  0.55451433  0.66143335
   0.42432442  0.16465894  0.58566014
   0.72075409  0.40960178  0.60142130
   0.79666730  0.67265195  0.67375372
   0.76654620  0.58988454  0.72027128
   0.64680498  0.56443502  0.73782014
   0.86354489  0.57934102  0.74806883
   0.69965285  0.70849465  0.65770083
   0.91595723  0.72324458  0.66760726
