   0.18088494  0.06388896  0.19367989
   0.25498339  0.44204632  0.49953308
   0.03971000  0.44194000  0.09637000
   0.31634379  0.18963158  0.29678433
   0.11509162  0.31570452  0.40186007
   0.51434992  0.06431987  0.19376423
   0.58157384  0.44022807  0.50090344
   0.37304000  0.44194000  0.09637000
   0.64973187  0.18897119  0.29698671
   0.44762616  0.31615718  0.40161895
   0.84764457  0.06399156  0.19348887
   0.92421153  0.44516740  0.49758231
   0.70637000  0.44194000  0.09637000
   0.98297721  0.18932199  0.29712589
   0.78383688  0.31476282  0.39801533
   0.18051185  0.56327162  0.19363627
   0.27448892  0.93197308  0.50144139
   0.03971000  0.94194000  0.09637000
   0.31693250  0.68870420  0.29551891
   0.12143265  0.81515779  0.39617472
   0.51396592  0.56363951  0.19398991
   0.60948049  0.93281001  0.50209609
   0.37304000  0.94194000  0.09637000
   0.65002717  0.68899977  0.29637415
   0.45565654  0.81545582  0.39595688
   0.84714297  0.56349782  0.19402877
   0.94249681  0.93271071  0.50316108
   0.70637000  0.94194000  0.09637000
   0.98322539  0.68875637  0.29609415
   0.78870485  0.81538413  0.39656001
   0.94116371  0.19032389  0.49937562
   0.03971000  0.19194000  0.09637000
   0.31494112  0.43846058  0.29613521
   0.12603232  0.06074494  0.39770944
   0.18006989  0.31491490  0.19489283
   0.24428759  0.18878799  0.49947923
   0.37304000  0.19194000  0.09637000
   0.64881713  0.43926911  0.29723024
   0.45689528  0.06255210  0.39919344
   0.51343931  0.31543841  0.19561679
   0.58993813  0.19111650  0.49718133
   0.70637000  0.19194000  0.09637000
   0.98242290  0.43898940  0.29607210
   0.79145783  0.06182586  0.40053399
   0.84624238  0.31509251  0.19529020
   0.03971000  0.69194000  0.09637000
   0.31841215  0.93996264  0.29599955
   0.11795267  0.56387877  0.39679891
   0.18069069  0.81510325  0.19486278
   0.25277855  0.70008864  0.49260521
   0.37304000  0.69194000  0.09637000
   0.65200455  0.94064385  0.29670760
   0.45045066  0.56288324  0.39701766
   0.51410960  0.81563242  0.19520175
   0.58675577  0.69630340  0.49252496
   0.70637000  0.69194000  0.09637000
   0.98476911  0.93983721  0.29567865
   0.84707279  0.81505627  0.19507959
   0.91890243  0.69743821  0.49479752
   0.78400610  0.56368235  0.39865134
   0.17319090  0.33238007  0.10875444
   0.24986219  0.20793188  0.41512125
   0.05340059  0.34215104  0.50193452
   0.31533283  0.45914083  0.21175777
   0.11788178  0.08521202  0.31377278
   0.23858000  0.04636000  0.07986000
   0.04663551  0.17036248  0.17960851
   0.31376131  0.41910651  0.38004136
   0.14221161  0.03400003  0.48039450
   0.18154803  0.29333895  0.27820283
   0.50651466  0.33258060  0.10942277
   0.58458355  0.21031567  0.41531676
   0.38579224  0.33267975  0.50951791
   0.64865054  0.45979019  0.21286984
   0.45106686  0.08558484  0.31507667
   0.57191000  0.04636000  0.07986000
   0.37980088  0.17078186  0.18007211
   0.64836358  0.41931553  0.38186070
   0.47605579  0.04264908  0.48618742
   0.51584496  0.29364902  0.27918852
   0.83980609  0.33246718  0.10907123
   0.91315847  0.20871150  0.41585796
   0.71698730  0.33260144  0.52071285
   0.98169784  0.45917114  0.21195601
   0.78440628  0.08560644  0.31568546
   0.90524000  0.04636000  0.07986000
   0.71331799  0.17061773  0.17984321
   0.98065723  0.41975928  0.37980627
   0.80852380  0.04068172  0.48625569
   0.84805724  0.29339659  0.27894815
   0.17340619  0.83238518  0.10884602
   0.25630191  0.70888054  0.40849238
   0.07371649  0.82136018  0.51493862
   0.31606626  0.95988454  0.21189163
   0.11697243  0.58402729  0.31269625
   0.23858000  0.54636000  0.07986000
   0.04639184  0.67024346  0.17986053
   0.32109521  0.91971236  0.37971566
   0.12327066  0.55498602  0.48339099
   0.18342399  0.79385083  0.27829225
   0.50671672  0.83250871  0.10903376
   0.58867465  0.70790091  0.40904897
   0.40789636  0.82497454  0.51246498
   0.64919477  0.96043336  0.21236303
   0.45018140  0.58364709  0.31286434
   0.57191000  0.54636000  0.07986000
   0.37982244  0.67057904  0.17997809
   0.65439451  0.91964625  0.38055234
   0.45597129  0.55054388  0.48402551
   0.51702572  0.79454298  0.27875728
   0.83991555  0.83232004  0.10889128
   0.73958321  0.82144361  0.51385347
   0.98211855  0.95965496  0.21172369
   0.78349403  0.58429430  0.31459913
   0.90524000  0.54636000  0.07986000
   0.71319027  0.67038434  0.17991218
   0.98702942  0.91853208  0.37882517
   0.78553893  0.55061974  0.48675435
   0.84975063  0.79357026  0.27858318
   0.92126066  0.70869026  0.41105655
   0.77979897  0.55235384  0.66543753
   0.07879045  0.16079341  0.58369311
   0.74779737  0.41615860  0.60149130
   0.79967003  0.67172891  0.67303297
   0.76856055  0.59553888  0.72276036
   0.65074329  0.57543937  0.74177240
   0.86498934  0.58675988  0.75124296
   0.70559905  0.70852564  0.65534040
   0.91977715  0.71982161  0.66472831
