   0.28787403  0.43146244  0.49236961
   0.18096863  0.06373204  0.18366431
   0.03971000  0.44194000  0.08602000
   0.31697911  0.18778628  0.28743032
   0.12928715  0.31225318  0.38805209
   0.51429276  0.06367561  0.18363561
   0.62197970  0.42994781  0.48945245
   0.37304000  0.44194000  0.08602000
   0.65036485  0.18754182  0.28726163
   0.46223418  0.31199727  0.38808705
   0.84768895  0.06379039  0.18366379
   0.95522791  0.43155971  0.49062425
   0.70637000  0.44194000  0.08602000
   0.98375285  0.18779959  0.28746152
   0.79563339  0.31165189  0.38764328
   0.18128393  0.56345215  0.18423975
   0.24999064  0.93890885  0.49231882
   0.03971000  0.94194000  0.08602000
   0.31833011  0.68843874  0.28707989
   0.11230690  0.81626314  0.38829102
   0.51446749  0.56326242  0.18408092
   0.58310757  0.93949334  0.49284641
   0.37304000  0.94194000  0.08602000
   0.65165889  0.68815869  0.28653127
   0.44563869  0.81661330  0.38903265
   0.84786284  0.56327445  0.18416830
   0.91670999  0.93934274  0.49233549
   0.70637000  0.94194000  0.08602000
   0.98505770  0.68814931  0.28665042
   0.77869732  0.81612615  0.38822293
   0.03971000  0.19194000  0.08602000
   0.32099604  0.43893855  0.28799012
   0.11528988  0.06163985  0.38775563
   0.18043773  0.31574279  0.18690774
   0.26058988  0.19304836  0.48269506
   0.37304000  0.19194000  0.08602000
   0.65403045  0.43825824  0.28749549
   0.44901139  0.06185330  0.38793777
   0.51364772  0.31539328  0.18672168
   0.59407863  0.19298778  0.48308649
   0.70637000  0.19194000  0.08602000
   0.98780676  0.43853807  0.28778625
   0.78215466  0.06183497  0.38801143
   0.84717917  0.31558680  0.18679559
   0.92759600  0.19346080  0.48304677
   0.03971000  0.69194000  0.08602000
   0.31383555  0.93869840  0.28594096
   0.13002917  0.55994430  0.38956643
   0.18047699  0.81441977  0.18480851
   0.26350124  0.69370617  0.48478685
   0.37304000  0.69194000  0.08602000
   0.64711112  0.93859275  0.28592018
   0.46296029  0.56069594  0.38970705
   0.51384715  0.81445794  0.18468165
   0.59739496  0.69499073  0.48583122
   0.70637000  0.69194000  0.08602000
   0.98035522  0.93863389  0.28577094
   0.84714982  0.81436790  0.18471121
   0.93027004  0.69355989  0.48413666
   0.79640123  0.55991161  0.38871246
   0.17417000  0.33753000  0.10253000
   0.26118170  0.20307893  0.39844711
   0.08668332  0.32080683  0.49734223
   0.31606520  0.46059760  0.20443846
   0.11671519  0.08203167  0.30338865
   0.23858000  0.04636000  0.06951000
   0.04725918  0.17058366  0.16984831
   0.32895770  0.41762524  0.37207525
   0.11862618  0.04918351  0.47548637
   0.18410515  0.29340866  0.27047983
   0.50750000  0.33753000  0.10253000
   0.59521017  0.20324071  0.39869208
   0.42121653  0.32074448  0.49485959
   0.64908386  0.46016631  0.20401026
   0.45025140  0.08209157  0.30347830
   0.57191000  0.04636000  0.06951000
   0.38054159  0.17035135  0.16977709
   0.66175270  0.41691331  0.37157977
   0.45205537  0.04945761  0.47558717
   0.51734616  0.29289060  0.27019978
   0.84083000  0.33753000  0.10253000
   0.92858160  0.20322383  0.39881730
   0.75385958  0.32079993  0.49699854
   0.98274924  0.46041569  0.20423013
   0.78353401  0.08205109  0.30357340
   0.90524000  0.04636000  0.06951000
   0.71390887  0.17046887  0.16981798
   0.99487590  0.41685545  0.37190018
   0.78569836  0.04989048  0.47574550
   0.85070431  0.29309532  0.27030539
   0.17316000  0.83290000  0.09904000
   0.24589262  0.71017578  0.40313786
   0.04866789  0.83229215  0.50297951
   0.31493814  0.95910091  0.20178355
   0.11957881  0.58454065  0.30598609
   0.23858000  0.54636000  0.06951000
   0.04707222  0.66965576  0.16960702
   0.31051457  0.91937380  0.37046284
   0.15505128  0.54171862  0.47628519
   0.18375639  0.79217169  0.26844847
   0.50645000  0.83283000  0.09878000
   0.57940084  0.71019763  0.40390985
   0.38253461  0.83278249  0.50305141
   0.64833487  0.95919294  0.20172350
   0.45306832  0.58499199  0.30628730
   0.57191000  0.54636000  0.06951000
   0.38051493  0.66971078  0.16954218
   0.64388726  0.91912206  0.37047229
   0.48891334  0.54226437  0.47789566
   0.51717127  0.79215621  0.26833780
   0.83986000  0.83290000  0.09896000
   0.71644307  0.83388811  0.50416882
   0.98164671  0.95915567  0.20166514
   0.78596848  0.58415293  0.30534231
   0.90524000  0.54636000  0.06951000
   0.71373147  0.66955756  0.16957505
   0.97711405  0.91917963  0.37021903
   0.82128809  0.54131502  0.47597921
   0.85051477  0.79208385  0.26827622
   0.91236000  0.70971187  0.40237399
   0.80385850  0.64970024  0.63849352
   0.41004321  0.41970127  0.65649665
   0.58810481  0.52860269  0.59278833
   0.92143334  0.74783029  0.65486573
   0.81788756  0.68125794  0.69878775
   0.71741735  0.71198158  0.71588718
   0.86291459  0.62279134  0.72605686
   0.89711063  0.82648496  0.64042640
   0.04309452  0.73802573  0.65041673
