   0.28851537  0.43114274  0.49226187
   0.18088994  0.06375066  0.18367747
   0.03971000  0.44194000  0.08602000
   0.31698493  0.18782690  0.28735790
   0.12968473  0.31220877  0.38809863
   0.51425010  0.06353389  0.18359906
   0.62259559  0.42930875  0.48838434
   0.37304000  0.44194000  0.08602000
   0.65032103  0.18744146  0.28709441
   0.46248467  0.31162829  0.38786424
   0.84767897  0.06383063  0.18368870
   0.95594469  0.43161130  0.49072067
   0.70637000  0.44194000  0.08602000
   0.98379018  0.18780945  0.28747973
   0.79625738  0.31138702  0.38733390
   0.18128161  0.56353183  0.18427231
   0.24880857  0.93919160  0.49215765
   0.03971000  0.94194000  0.08602000
   0.31842221  0.68859772  0.28706815
   0.11200894  0.81642196  0.38799465
   0.51442385  0.56327665  0.18395676
   0.58196896  0.93964415  0.49299205
   0.37304000  0.94194000  0.08602000
   0.65161297  0.68805206  0.28641538
   0.44534436  0.81681696  0.38915910
   0.84786578  0.56329752  0.18400401
   0.91529794  0.93936795  0.49230022
   0.70637000  0.94194000  0.08602000
   0.98498919  0.68807996  0.28658278
   0.77838696  0.81603668  0.38804223
   0.03971000  0.19194000  0.08602000
   0.32119532  0.43906036  0.28805167
   0.11482927  0.06186648  0.38783882
   0.18041186  0.31590808  0.18695293
   0.25973936  0.19290042  0.48274596
   0.37304000  0.19194000  0.08602000
   0.65416235  0.43796746  0.28719853
   0.44879714  0.06210287  0.38791145
   0.51354162  0.31525244  0.18656590
   0.59360441  0.19276861  0.48320865
   0.70637000  0.19194000  0.08602000
   0.98801968  0.43859997  0.28766673
   0.78185741  0.06194620  0.38799034
   0.84717272  0.31554568  0.18676363
   0.92676713  0.19360284  0.48300086
   0.03971000  0.69194000  0.08602000
   0.31382358  0.93885072  0.28596000
   0.13024821  0.55995294  0.38946951
   0.18048720  0.81448835  0.18484867
   0.26325649  0.69370235  0.48477695
   0.37304000  0.69194000  0.08602000
   0.64699872  0.93863839  0.28596761
   0.46313380  0.56085400  0.38972942
   0.51384526  0.81449334  0.18472374
   0.59710579  0.69508209  0.48596580
   0.70637000  0.69194000  0.08602000
   0.98025599  0.93877776  0.28583685
   0.84713492  0.81452620  0.18474117
   0.93070885  0.69345705  0.48352421
   0.79656281  0.55966765  0.38836999
   0.17417000  0.33753000  0.10253000
   0.26149366  0.20299130  0.39850639
   0.08714185  0.32076922  0.49717150
   0.31607357  0.46073628  0.20445231
   0.11687845  0.08213104  0.30340426
   0.23858000  0.04636000  0.06951000
   0.04728147  0.17070662  0.16989601
   0.32933987  0.41765391  0.37207333
   0.11724470  0.04966343  0.47556286
   0.18415108  0.29355319  0.27047934
   0.50750000  0.33753000  0.10253000
   0.59567811  0.20302692  0.39871103
   0.42151492  0.32001960  0.49483700
   0.64913688  0.46014910  0.20370849
   0.45020844  0.08219897  0.30342439
   0.57191000  0.04636000  0.06951000
   0.38043803  0.17014667  0.16968526
   0.66209026  0.41658699  0.37138336
   0.45093095  0.04985800  0.47565453
   0.51731322  0.29284600  0.26991075
   0.84083000  0.33753000  0.10253000
   0.92900740  0.20303201  0.39862051
   0.75483305  0.32027059  0.49679188
   0.98275645  0.46044745  0.20413050
   0.78354561  0.08198647  0.30346019
   0.90524000  0.04636000  0.06951000
   0.71380660  0.17042711  0.16979592
   0.99551276  0.41692363  0.37164381
   0.78423774  0.05031899  0.47577727
   0.85067967  0.29314488  0.27021761
   0.17316000  0.83290000  0.09904000
   0.24566557  0.71025166  0.40307966
   0.04792932  0.83268728  0.50216347
   0.31494395  0.95917027  0.20176496
   0.11971710  0.58463720  0.30586857
   0.23858000  0.54636000  0.06951000
   0.04708584  0.66975391  0.16960865
   0.31026830  0.91962201  0.37040932
   0.15578070  0.54143399  0.47629962
   0.18377898  0.79227327  0.26849684
   0.50645000  0.83283000  0.09878000
   0.57909710  0.71043049  0.40409328
   0.38139592  0.83300888  0.50306363
   0.64841006  0.95915852  0.20171981
   0.45316016  0.58516289  0.30626906
   0.57191000  0.54636000  0.06951000
   0.38047030  0.66978047  0.16957306
   0.64348137  0.91924999  0.37048608
   0.48966497  0.54184024  0.47766991
   0.51717075  0.79216658  0.26834224
   0.83986000  0.83290000  0.09896000
   0.71490572  0.83405795  0.50446389
   0.98162435  0.95929771  0.20169284
   0.78599328  0.58388413  0.30498161
   0.90524000  0.54636000  0.06951000
   0.71371548  0.66970439  0.16957545
   0.97642489  0.91928174  0.37016645
   0.82207021  0.54103812  0.47561287
   0.85043443  0.79205693  0.26831600
   0.91218023  0.70959994  0.40186818
   0.79993643  0.64957494  0.63890500
   0.41632192  0.41998922  0.65796364
   0.59067846  0.52342167  0.59121685
   0.92023286  0.74666265  0.65524654
   0.81683872  0.68132966  0.69909685
   0.71905566  0.71367806  0.71679265
   0.86245307  0.62279846  0.72621396
   0.89646776  0.82616080  0.64086533
   0.04092439  0.73579992  0.65022315
