   0.60938577  0.43165042  0.49261038
   0.17899963  0.06415915  0.18502847
   0.27954983  0.43308011  0.49179339
   0.03971000  0.44194000  0.08602000
   0.31521047  0.18795694  0.28889322
   0.12458190  0.31295667  0.38939498
   0.51233818  0.06426562  0.18500879
   0.37304000  0.44194000  0.08602000
   0.64863316  0.18822121  0.28894110
   0.45784303  0.31317476  0.38977140
   0.84563916  0.06411096  0.18493179
   0.94860269  0.43215046  0.49378115
   0.70637000  0.44194000  0.08602000
   0.98188308  0.18779649  0.28866855
   0.79156823  0.31333961  0.39045791
   0.18085387  0.56344091  0.18467324
   0.25641964  0.93827151  0.49416247
   0.03971000  0.94194000  0.08602000
   0.31666602  0.68818677  0.28834042
   0.11213151  0.81483687  0.39091108
   0.51431770  0.56371426  0.18490686
   0.58930709  0.93705452  0.49344083
   0.37304000  0.94194000  0.08602000
   0.64991315  0.68866924  0.28880417
   0.44705051  0.81606756  0.39008966
   0.84756429  0.56358565  0.18478938
   0.92269526  0.93857324  0.49405241
   0.70637000  0.94194000  0.08602000
   0.98366874  0.68819442  0.28843664
   0.77978215  0.81528768  0.39101458
   0.03971000  0.19194000  0.08602000
   0.31824383  0.43830094  0.28814674
   0.11658686  0.06127325  0.38999048
   0.17946982  0.31526400  0.18703461
   0.25952998  0.19369263  0.48444883
   0.37304000  0.19194000  0.08602000
   0.65191717  0.43902226  0.28904917
   0.44966174  0.06155693  0.38984541
   0.51273362  0.31584775  0.18745534
   0.59499187  0.19127983  0.48433392
   0.70637000  0.19194000  0.08602000
   0.98493541  0.43845367  0.28845074
   0.78356238  0.06178881  0.38990876
   0.84606375  0.31547139  0.18708333
   0.92763431  0.19247459  0.48480300
   0.03971000  0.69194000  0.08602000
   0.31247010  0.93913520  0.28814751
   0.12569856  0.56047066  0.39019065
   0.17937513  0.81526629  0.18682997
   0.26089626  0.69346816  0.48528735
   0.37304000  0.69194000  0.08602000
   0.64651373  0.93930353  0.28809953
   0.45793543  0.56028993  0.38989345
   0.51255663  0.81540748  0.18691118
   0.59506324  0.69187599  0.48586301
   0.70637000  0.69194000  0.08602000
   0.97979956  0.93858668  0.28821951
   0.84610179  0.81524125  0.18687008
   0.92835136  0.69587260  0.48944206
   0.79046872  0.56101555  0.39123236
   0.17417000  0.33753000  0.10253000
   0.25804750  0.20459638  0.40078427
   0.08013912  0.32228351  0.49854472
   0.31536790  0.46042047  0.20472272
   0.11528166  0.08249241  0.30584627
   0.23858000  0.04636000  0.06951000
   0.04523933  0.17031947  0.16995028
   0.32313875  0.41722639  0.37200747
   0.12456963  0.04901237  0.47744035
   0.18171519  0.29256042  0.27053185
   0.50750000  0.33753000  0.10253000
   0.59056103  0.20497579  0.40103465
   0.41080215  0.32335878  0.49915377
   0.64877824  0.46084349  0.20532870
   0.44878484  0.08305143  0.30572316
   0.57191000  0.04636000  0.06951000
   0.37871466  0.17080724  0.17019906
   0.65772907  0.41910465  0.37370573
   0.45763506  0.04735041  0.47719357
   0.51550785  0.29355655  0.27132906
   0.84083000  0.33753000  0.10253000
   0.92465188  0.20508109  0.40126340
   0.74532106  0.32301542  0.49659916
   0.98188220  0.46049085  0.20480162
   0.78233606  0.08318652  0.30575860
   0.90524000  0.04636000  0.06951000
   0.71204066  0.17046431  0.16994362
   0.98949130  0.41817250  0.37275518
   0.79054747  0.04823113  0.47740071
   0.84841632  0.29299049  0.27072423
   0.17417000  0.83753000  0.10253000
   0.24698085  0.70930209  0.40345150
   0.05610700  0.83311319  0.50458357
   0.31315833  0.96069483  0.20437680
   0.11768313  0.58404449  0.30651691
   0.23858000  0.54636000  0.06951000
   0.04707521  0.66977217  0.16984106
   0.31074828  0.91898049  0.37248717
   0.14643834  0.54253828  0.47685068
   0.18240264  0.79215720  0.27025275
   0.50750000  0.83753000  0.10253000
   0.58004255  0.70878874  0.40376306
   0.38772451  0.83028819  0.50400354
   0.64661288  0.96077294  0.20445099
   0.45107069  0.58412459  0.30627256
   0.57191000  0.54636000  0.06951000
   0.38036433  0.66981590  0.16986439
   0.64491803  0.91915449  0.37233476
   0.47939300  0.54207114  0.47603733
   0.51569812  0.79255760  0.27040645
   0.84083000  0.83753000  0.10253000
   0.72189685  0.83009402  0.50262491
   0.97984875  0.96058137  0.20445968
   0.78450441  0.58473637  0.30754158
   0.90524000  0.54636000  0.06951000
   0.71382618  0.66980446  0.16983952
   0.97768826  0.91799353  0.37268832
   0.81209363  0.54475790  0.48849958
   0.84915749  0.79194711  0.27038070
   0.91197761  0.70682566  0.40678783
   0.61364989  0.62415816  0.62413412
   0.83394121  0.38660414  0.67081127
   0.79948045  0.48932894  0.59083384
   0.53080283  0.71400590  0.63291199
   0.48279874  0.60884033  0.66442357
   0.37594660  0.54972949  0.65125769
   0.51541814  0.60733903  0.70977804
   0.46033324  0.73209415  0.59631369
   0.59946429  0.78779845  0.65457106
