   0.62068271  0.42782174  0.49103946
   0.17896619  0.06406313  0.18512313
   0.28745071  0.42963306  0.49144404
   0.03971000  0.44194000  0.08602000
   0.31528914  0.18794542  0.28862413
   0.12795602  0.31204572  0.38902484
   0.51233973  0.06406105  0.18497177
   0.37304000  0.44194000  0.08602000
   0.64861866  0.18799564  0.28864635
   0.46100691  0.31152665  0.38853293
   0.84569811  0.06413564  0.18514632
   0.95581557  0.43064868  0.49209551
   0.70637000  0.44194000  0.08602000
   0.98212605  0.18823005  0.28878069
   0.79446601  0.31174247  0.38891784
   0.18070752  0.56386737  0.18486501
   0.24680461  0.93896868  0.49489948
   0.03971000  0.94194000  0.08602000
   0.31625337  0.68853667  0.28854554
   0.10968946  0.81694546  0.39139390
   0.51413702  0.56384468  0.18481587
   0.57948268  0.94037530  0.49162719
   0.37304000  0.94194000  0.08602000
   0.64987380  0.68874087  0.28876483
   0.44374922  0.81629403  0.39056754
   0.84745738  0.56388854  0.18491718
   0.91586972  0.94206910  0.49285930
   0.70637000  0.94194000  0.08602000
   0.98322385  0.68881294  0.28867117
   0.77603092  0.81711481  0.39268971
   0.03971000  0.19194000  0.08602000
   0.31918183  0.43815514  0.28785980
   0.11408617  0.06263292  0.39005392
   0.17944306  0.31538260  0.18688606
   0.26033532  0.19277236  0.48537853
   0.37304000  0.19194000  0.08602000
   0.65295273  0.43828391  0.28816264
   0.44661144  0.06254534  0.39005963
   0.51292858  0.31535275  0.18698798
   0.59291675  0.19270593  0.48567133
   0.70637000  0.19194000  0.08602000
   0.98597911  0.43856516  0.28839256
   0.78050683  0.06295580  0.38974719
   0.84618463  0.31554149  0.18707030
   0.92522263  0.19559770  0.48528407
   0.03971000  0.69194000  0.08602000
   0.31159080  0.93920549  0.28826613
   0.12778476  0.56006879  0.39041756
   0.17911928  0.81548726  0.18682100
   0.26325992  0.69394980  0.48528753
   0.37304000  0.69194000  0.08602000
   0.64498860  0.93913563  0.28807943
   0.46067385  0.55889517  0.38939044
   0.51245722  0.81526556  0.18680250
   0.60670801  0.68660496  0.48546159
   0.70637000  0.69194000  0.08602000
   0.97794726  0.93927436  0.28841407
   0.84584060  0.81546324  0.18687512
   0.92362999  0.69270976  0.48774748
   0.79598271  0.55944533  0.38985341
   0.17417000  0.33753000  0.10253000
   0.26052053  0.20409892  0.40110495
   0.08708574  0.32141623  0.49992089
   0.31501788  0.46056497  0.20457210
   0.11505875  0.08303781  0.30583972
   0.23858000  0.04636000  0.06951000
   0.04541624  0.17037950  0.16984958
   0.32692568  0.41563615  0.37146218
   0.11751413  0.05034844  0.47783899
   0.18239166  0.29271667  0.27031317
   0.50750000  0.33753000  0.10253000
   0.59361747  0.20388370  0.40117790
   0.41958855  0.31938632  0.50097828
   0.64841302  0.46057091  0.20471687
   0.44837645  0.08298927  0.30586643
   0.57191000  0.04636000  0.06951000
   0.37872657  0.17038888  0.16986233
   0.66077103  0.41612358  0.37205020
   0.44811519  0.05052584  0.47773172
   0.51569108  0.29283751  0.27052886
   0.84083000  0.33753000  0.10253000
   0.92761786  0.20420161  0.40062978
   0.75421014  0.31942574  0.50007932
   0.98175247  0.46067544  0.20481373
   0.78183258  0.08297672  0.30556303
   0.90524000  0.04636000  0.06951000
   0.71214600  0.17049396  0.16989609
   0.99391069  0.41672077  0.37247808
   0.78267133  0.05278393  0.47737331
   0.84902093  0.29311957  0.27067634
   0.17417000  0.83753000  0.10253000
   0.24365139  0.71028289  0.40401662
   0.04421309  0.83270174  0.50434399
   0.31316705  0.96066237  0.20456488
   0.11728384  0.58454636  0.30696813
   0.23858000  0.54636000  0.06951000
   0.04689152  0.67000278  0.16972831
   0.30846643  0.91952136  0.37265920
   0.15600069  0.54124203  0.47699114
   0.18185221  0.79233016  0.27015615
   0.50750000  0.83753000  0.10253000
   0.57509721  0.70836268  0.40540312
   0.37987878  0.83320997  0.50520582
   0.64637004  0.96052981  0.20441787
   0.45063642  0.58444482  0.30654672
   0.57191000  0.54636000  0.06951000
   0.38019074  0.66987250  0.16969869
   0.64135026  0.91972209  0.37230667
   0.48860819  0.53621288  0.47433351
   0.51513614  0.79212483  0.27019627
   0.84083000  0.83753000  0.10253000
   0.71497291  0.83422115  0.49560392
   0.97975598  0.96066304  0.20461776
   0.78437537  0.58461367  0.30690051
   0.90524000  0.54636000  0.06951000
   0.71366512  0.66999012  0.16973204
   0.97474490  0.91980814  0.37290997
   0.82130212  0.53848517  0.47584906
   0.84858670  0.79235660  0.27025262
   0.91016347  0.70959997  0.40586311
   0.61832335  0.61593751  0.63175841
   0.80308511  0.38843798  0.67717836
   0.75285748  0.50288575  0.60798520
   0.53861641  0.70788286  0.63011710
   0.47627242  0.60483532  0.66703161
   0.37929575  0.54123018  0.65115201
   0.50413769  0.60799412  0.71233461
   0.48711363  0.71317077  0.58852699
   0.61307859  0.77894153  0.64991353
