   0.18171913  0.06493149  0.19510048
   0.24325933  0.44210354  0.50367555
   0.03971000  0.44194000  0.09637000
   0.31908630  0.19016842  0.29898520
   0.11310507  0.31840673  0.40068498
   0.51491494  0.06494145  0.19494921
   0.57631763  0.44774470  0.50105518
   0.37304000  0.44194000  0.09637000
   0.65224545  0.19010787  0.29849987
   0.44822620  0.31914879  0.40156216
   0.84827421  0.06453270  0.19447281
   0.91558657  0.44774193  0.50094510
   0.70637000  0.44194000  0.09637000
   0.98577085  0.18985365  0.29789453
   0.77966422  0.31770701  0.40147612
   0.17951875  0.56513357  0.19515003
   0.28258509  0.93472795  0.50267553
   0.03971000  0.94194000  0.09637000
   0.31600625  0.69056943  0.29806244
   0.12619935  0.81626558  0.39799209
   0.51290294  0.56476973  0.19501854
   0.61650636  0.93379039  0.50272197
   0.37304000  0.94194000  0.09637000
   0.64917714  0.69024125  0.29746081
   0.45917957  0.81648309  0.39822997
   0.84623457  0.56495096  0.19534631
   0.95007043  0.93469049  0.50183495
   0.70637000  0.94194000  0.09637000
   0.98288995  0.69041277  0.29795327
   0.79197433  0.81586593  0.39744861
   0.60223983  0.19220659  0.50245473
   0.03971000  0.19194000  0.09637000
   0.31418809  0.44068146  0.29795778
   0.12776378  0.06259174  0.40000464
   0.18022520  0.31620422  0.19695862
   0.26159135  0.19729701  0.49506291
   0.37304000  0.19194000  0.09637000
   0.64736825  0.44066590  0.29800935
   0.46270504  0.06466424  0.40237514
   0.51334987  0.31633951  0.19710280
   0.70637000  0.19194000  0.09637000
   0.98064593  0.44071850  0.29803978
   0.79614782  0.06252728  0.39951846
   0.84676695  0.31625205  0.19703447
   0.91750774  0.19334180  0.49941872
   0.03971000  0.69194000  0.09637000
   0.32055770  0.94208103  0.29910528
   0.11535584  0.56568759  0.39897668
   0.18035849  0.81722842  0.19752990
   0.25628790  0.69773108  0.49431895
   0.37304000  0.69194000  0.09637000
   0.65290031  0.94069211  0.29725217
   0.44719504  0.56623438  0.39921225
   0.51336526  0.81605723  0.19577270
   0.58776270  0.69902108  0.49457347
   0.70637000  0.69194000  0.09637000
   0.98636902  0.94031145  0.29734501
   0.84733705  0.81584053  0.19576010
   0.92034187  0.70156893  0.49413379
   0.78170431  0.56637915  0.39876601
   0.17417000  0.33753000  0.11288000
   0.24728359  0.21182922  0.41334586
   0.04080560  0.33737534  0.51493410
   0.31380794  0.46150017  0.21401426
   0.11991206  0.08538778  0.31580858
   0.23858000  0.04636000  0.07986000
   0.04734121  0.17092703  0.18005430
   0.31270132  0.42203412  0.38218152
   0.15069138  0.04499935  0.48679600
   0.18430061  0.29391542  0.28023073
   0.50750000  0.33753000  0.11288000
   0.58014390  0.21332353  0.41950975
   0.37788244  0.33763526  0.51390236
   0.64713890  0.46128616  0.21417086
   0.45433758  0.08728984  0.31813336
   0.57191000  0.04636000  0.07986000
   0.38083419  0.17104115  0.18014333
   0.64621586  0.42162177  0.38212323
   0.48257343  0.04202857  0.48724626
   0.51751627  0.29400810  0.28046400
   0.84083000  0.33753000  0.11288000
   0.91439189  0.21191720  0.41625889
   0.71121464  0.34640094  0.51192096
   0.98056153  0.46151395  0.21411486
   0.78702804  0.08616749  0.31573704
   0.90524000  0.04636000  0.07986000
   0.71401833  0.17097650  0.18009581
   0.97828702  0.42178000  0.38227957
   0.81649597  0.03946382  0.48337102
   0.85102534  0.29402314  0.28026434
   0.17417000  0.83753000  0.11288000
   0.25861194  0.70858997  0.41017631
   0.08106082  0.82529106  0.51224460
   0.31673957  0.96217744  0.21491918
   0.11601857  0.58540490  0.31505204
   0.23858000  0.54636000  0.07986000
   0.04585348  0.67186085  0.18054030
   0.32536747  0.92163685  0.38300536
   0.11690159  0.55462923  0.48604761
   0.18295641  0.79643652  0.28117233
   0.50619000  0.83294000  0.10916000
   0.59155185  0.70865148  0.41020050
   0.41401415  0.82326078  0.51201338
   0.64930280  0.96059390  0.21286265
   0.44906712  0.58542325  0.31496786
   0.57191000  0.54636000  0.07986000
   0.37920296  0.67145967  0.18010300
   0.65800464  0.92007900  0.38104007
   0.44534278  0.55648578  0.48669547
   0.51585947  0.79517227  0.27961283
   0.83992000  0.83287000  0.10930000
   0.74863432  0.82285292  0.51275914
   0.98266897  0.96049105  0.21309990
   0.78255874  0.58541095  0.31459929
   0.90524000  0.54636000  0.07986000
   0.71247279  0.67140291  0.18022863
   0.99165366  0.92052861  0.38151543
   0.78218840  0.55859193  0.48578129
   0.84941681  0.79543420  0.27969397
   0.92607865  0.70906624  0.40960865
   0.78642483  0.53337137  0.66478799
   0.72394892  0.16013968  0.59181374
   0.75681174  0.37075588  0.60872794
   0.80267895  0.65382991  0.66850365
   0.77331058  0.58443597  0.72065883
   0.65511429  0.56492993  0.73906510
   0.87092707  0.58225356  0.74990827
   0.70564511  0.68529075  0.64912650
   0.92227434  0.70255820  0.65969611
