   0.29123761  0.43140783  0.49193741
   0.17890727  0.06421366  0.18479399
   0.03971000  0.44194000  0.08602000
   0.31571424  0.18822069  0.28854392
   0.13010113  0.31185783  0.38944867
   0.51228283  0.06422320  0.18471632
   0.62178975  0.43014838  0.49129730
   0.37304000  0.44194000  0.08602000
   0.64923774  0.18819403  0.28827948
   0.46330924  0.31197478  0.38847975
   0.84564120  0.06415921  0.18482027
   0.96117911  0.42848535  0.49198658
   0.70637000  0.44194000  0.08602000
   0.98242637  0.18815544  0.28851877
   0.79659445  0.31213730  0.38878719
   0.18128063  0.56355871  0.18460562
   0.25025482  0.93996084  0.49360701
   0.03971000  0.94194000  0.08602000
   0.31639062  0.68827536  0.28789380
   0.10975102  0.81698322  0.38989485
   0.51463213  0.56361319  0.18469044
   0.58198960  0.93880331  0.49344574
   0.37304000  0.94194000  0.08602000
   0.64948469  0.68846017  0.28810608
   0.44281261  0.81707625  0.38950394
   0.84801979  0.56361557  0.18456249
   0.91612512  0.93989408  0.49344152
   0.70637000  0.94194000  0.08602000
   0.98325956  0.68863252  0.28800085
   0.77609262  0.81671391  0.38960073
   0.03971000  0.19194000  0.08602000
   0.32026138  0.43787067  0.28782458
   0.11482273  0.06242393  0.38942463
   0.17963239  0.31540985  0.18687236
   0.26135598  0.19484334  0.48466627
   0.37304000  0.19194000  0.08602000
   0.65387620  0.43853897  0.28830300
   0.44745768  0.06273275  0.38936986
   0.51307181  0.31566120  0.18706920
   0.59606761  0.19297402  0.48418758
   0.70637000  0.19194000  0.08602000
   0.98715179  0.43824378  0.28809855
   0.78026324  0.06195458  0.38907994
   0.84641864  0.31557957  0.18698398
   0.92963703  0.19087110  0.48368333
   0.03971000  0.69194000  0.08602000
   0.31117937  0.93978771  0.28760066
   0.12997331  0.55973828  0.38953379
   0.17903780  0.81548097  0.18665153
   0.26349337  0.69240517  0.48501699
   0.37304000  0.69194000  0.08602000
   0.64436149  0.93948455  0.28751333
   0.46209397  0.55950205  0.38940614
   0.51222817  0.81535658  0.18670121
   0.59701492  0.69327065  0.48464268
   0.70637000  0.69194000  0.08602000
   0.97785322  0.93958918  0.28770569
   0.84556521  0.81546438  0.18673459
   0.93188173  0.69535423  0.48637837
   0.79503401  0.56075745  0.39003866
   0.17417000  0.33753000  0.10253000
   0.26405224  0.20291050  0.39953399
   0.09284648  0.31731049  0.49445937
   0.31571384  0.46024494  0.20438625
   0.11554728  0.08268160  0.30513092
   0.23858000  0.04636000  0.06951000
   0.04523472  0.17052457  0.16978833
   0.32906515  0.41575092  0.37182957
   0.11820766  0.05094141  0.47718448
   0.18252294  0.29282641  0.27027075
   0.50750000  0.33753000  0.10253000
   0.59588835  0.20369521  0.39994176
   0.42326794  0.32090167  0.49957547
   0.64929381  0.46050177  0.20467982
   0.44909273  0.08292716  0.30497565
   0.57191000  0.04636000  0.06951000
   0.37879823  0.17080523  0.16987972
   0.66292211  0.41744934  0.37280337
   0.45186466  0.04988353  0.47716967
   0.51625168  0.29353258  0.27070210
   0.84083000  0.33753000  0.10253000
   0.92797269  0.20263576  0.39942569
   0.75592482  0.32099723  0.49758009
   0.98244051  0.46046117  0.20446444
   0.78196128  0.08263153  0.30489664
   0.90524000  0.04636000  0.06951000
   0.71206393  0.17071766  0.16985811
   0.99528699  0.41650480  0.37226135
   0.78371296  0.04945220  0.47707422
   0.84938123  0.29330082  0.27052009
   0.17417000  0.83753000  0.10253000
   0.24339381  0.71057973  0.40362072
   0.04961939  0.83481706  0.50371528
   0.31301562  0.96069238  0.20394678
   0.11761966  0.58450829  0.30625438
   0.23858000  0.54636000  0.06951000
   0.04729600  0.66983753  0.16968166
   0.30804663  0.92039457  0.37200660
   0.15773983  0.53961643  0.47494812
   0.18176787  0.79259583  0.26993950
   0.50750000  0.83753000  0.10253000
   0.57682720  0.71000038  0.40314722
   0.38150875  0.83190749  0.50389708
   0.64624883  0.96054595  0.20391492
   0.45091017  0.58399600  0.30605101
   0.57191000  0.54636000  0.06951000
   0.38056833  0.66978312  0.16967257
   0.64146582  0.92011777  0.37187080
   0.49107680  0.54104426  0.47587640
   0.51493067  0.79223941  0.26992517
   0.84083000  0.83753000  0.10253000
   0.71538415  0.83224752  0.50392117
   0.97970186  0.96059328  0.20406743
   0.78469173  0.58479342  0.30670186
   0.90524000  0.54636000  0.06951000
   0.71395998  0.66985602  0.16970589
   0.97456118  0.92016483  0.37215157
   0.82276656  0.54263506  0.48013192
   0.84827927  0.79244472  0.27009840
   0.90967655  0.70992982  0.40470221
   0.71121845  0.63405140  0.63640774
   0.04808321  0.45172319  0.63476315
   0.86541181  0.53162358  0.58483732
   0.62072986  0.71556294  0.65402927
   0.65292336  0.63149301  0.69533101
   0.55888798  0.55950640  0.70518114
   0.74500855  0.65598992  0.72751859
   0.50410590  0.70439453  0.63463009
   0.69039581  0.80121072  0.65651050
