   0.28950618  0.43141254  0.49253426
   0.18081079  0.06372493  0.18366273
   0.03971000  0.44194000  0.08602000
   0.31684400  0.18768845  0.28721400
   0.13030296  0.31218603  0.38789265
   0.51416297  0.06344805  0.18359668
   0.62310979  0.42830977  0.48817992
   0.37304000  0.44194000  0.08602000
   0.65010312  0.18721522  0.28689024
   0.46310900  0.31170544  0.38751169
   0.84768303  0.06381865  0.18368103
   0.95686800  0.43114296  0.49015237
   0.70637000  0.44194000  0.08602000
   0.98376222  0.18780428  0.28740534
   0.79664120  0.31104200  0.38659211
   0.18129804  0.56366278  0.18434286
   0.24743807  0.93926064  0.49210842
   0.03971000  0.94194000  0.08602000
   0.31834051  0.68874195  0.28730259
   0.11177874  0.81658096  0.38847124
   0.51430114  0.56335919  0.18385095
   0.58058253  0.94007862  0.49291866
   0.37304000  0.94194000  0.08602000
   0.65150727  0.68824460  0.28635363
   0.44526289  0.81698755  0.38918357
   0.84787802  0.56339294  0.18394645
   0.91403732  0.93956069  0.49196451
   0.70637000  0.94194000  0.08602000
   0.98497631  0.68835940  0.28639678
   0.77816679  0.81626357  0.38822098
   0.03971000  0.19194000  0.08602000
   0.32147149  0.43940448  0.28830579
   0.11520804  0.06212708  0.38788706
   0.18050009  0.31611789  0.18706287
   0.25926157  0.19330810  0.48289408
   0.37304000  0.19194000  0.08602000
   0.65413343  0.43786610  0.28647013
   0.44839730  0.06235602  0.38797082
   0.51329752  0.31503309  0.18638241
   0.59298240  0.19284629  0.48326649
   0.70637000  0.19194000  0.08602000
   0.98821304  0.43862862  0.28754744
   0.78187809  0.06229509  0.38795647
   0.84718447  0.31547613  0.18670905
   0.92584009  0.19423782  0.48300428
   0.03971000  0.69194000  0.08602000
   0.31367835  0.93877405  0.28608760
   0.13085181  0.56002938  0.38926749
   0.18060904  0.81454456  0.18484019
   0.26284835  0.69388556  0.48476032
   0.37304000  0.69194000  0.08602000
   0.64707949  0.93863068  0.28599266
   0.46368915  0.56096760  0.39010813
   0.51370763  0.81451421  0.18475911
   0.59676740  0.69523940  0.48627398
   0.70637000  0.69194000  0.08602000
   0.98031495  0.93885319  0.28596177
   0.84708864  0.81468128  0.18471180
   0.92991170  0.69254109  0.48266827
   0.79624655  0.55906490  0.38763014
   0.17417000  0.33753000  0.10253000
   0.26240325  0.20312055  0.39848725
   0.08828492  0.32050976  0.49710429
   0.31610131  0.46101307  0.20473316
   0.11683595  0.08217406  0.30340235
   0.23858000  0.04636000  0.06951000
   0.04731502  0.17085422  0.16994748
   0.32998885  0.41778707  0.37228325
   0.11649004  0.04990705  0.47548580
   0.18420940  0.29380351  0.27068131
   0.50750000  0.33753000  0.10253000
   0.59601837  0.20321209  0.39868124
   0.42181145  0.31969545  0.49548487
   0.64897753  0.45998681  0.20312790
   0.45005107  0.08208248  0.30346468
   0.57191000  0.04636000  0.06951000
   0.38027854  0.16997763  0.16961212
   0.66254835  0.41611226  0.37052996
   0.44967390  0.05013828  0.47562947
   0.51716169  0.29265599  0.26965498
   0.84083000  0.33753000  0.10253000
   0.92963943  0.20320847  0.39846840
   0.75565394  0.31932322  0.49734420
   0.98275770  0.46041402  0.20401170
   0.78355335  0.08200979  0.30338966
   0.90524000  0.04636000  0.06951000
   0.71372869  0.17034936  0.16978549
   0.99592503  0.41696465  0.37156332
   0.78324907  0.05086209  0.47565520
   0.85061076  0.29314104  0.27018977
   0.17316000  0.83290000  0.09904000
   0.24552740  0.71044788  0.40309938
   0.04630133  0.83219726  0.50127553
   0.31492069  0.95921646  0.20183726
   0.11958953  0.58472542  0.30576209
   0.23858000  0.54636000  0.06951000
   0.04707156  0.66982620  0.16962449
   0.31016820  0.91970602  0.37061889
   0.15651465  0.54135691  0.47588730
   0.18381356  0.79235846  0.26847702
   0.50645000  0.83283000  0.09878000
   0.57877069  0.71074923  0.40443442
   0.37999585  0.83338077  0.50320500
   0.64837355  0.95911377  0.20172347
   0.45332622  0.58545858  0.30659253
   0.57191000  0.54636000  0.06951000
   0.38040722  0.66986320  0.16955645
   0.64340173  0.91962948  0.37056644
   0.49072886  0.54164990  0.47795361
   0.51694330  0.79227901  0.26843353
   0.83986000  0.83290000  0.09896000
   0.71347062  0.83469471  0.50432736
   0.98167741  0.95938036  0.20172155
   0.78596401  0.58378829  0.30421527
   0.90524000  0.54636000  0.06951000
   0.71365703  0.66982783  0.16957240
   0.97650776  0.91952692  0.37046476
   0.82229513  0.54004142  0.47529375
   0.85021083  0.79241243  0.26828703
   0.91147442  0.70891910  0.40114495
   0.79540827  0.64888035  0.63943035
   0.42504127  0.42225790  0.65847055
   0.59620300  0.51917549  0.58996030
   0.91781027  0.74528361  0.65514039
   0.81543453  0.68088333  0.69932448
   0.71926051  0.71441657  0.71791626
   0.86110949  0.62214272  0.72669008
   0.89562294  0.82466973  0.64059950
   0.03814916  0.73366502  0.64925609
