   0.18179866  0.06520651  0.19540177
   0.25414501  0.43643899  0.50272288
   0.03971000  0.44194000  0.09637000
   0.31836308  0.19044133  0.29987433
   0.11709339  0.31499544  0.40145406
   0.51453869  0.06449474  0.19459713
   0.58557836  0.44382247  0.49810198
   0.37304000  0.44194000  0.09637000
   0.65103697  0.18919838  0.29799035
   0.45276263  0.31533767  0.40179023
   0.84819868  0.06474598  0.19449713
   0.92791741  0.44086865  0.49862458
   0.70637000  0.44194000  0.09637000
   0.98477364  0.18954369  0.29781625
   0.78432263  0.31284338  0.40046586
   0.17994258  0.56521090  0.19531938
   0.26952894  0.93452258  0.50379103
   0.03971000  0.94194000  0.09637000
   0.31674501  0.69033108  0.29804160
   0.12224535  0.81624967  0.39760879
   0.51312329  0.56417392  0.19471227
   0.60241794  0.93270849  0.50467805
   0.37304000  0.94194000  0.09637000
   0.64917996  0.68870652  0.29692362
   0.45510295  0.81660125  0.39833836
   0.84694943  0.56495059  0.19501132
   0.93410131  0.93141389  0.50143799
   0.70637000  0.94194000  0.09637000
   0.98339197  0.68979590  0.29792502
   0.78748017  0.81467955  0.39568640
   0.60580025  0.18904305  0.50473615
   0.03971000  0.19194000  0.09637000
   0.31578398  0.43960459  0.29826457
   0.12132986  0.06193298  0.39989143
   0.18009264  0.31644772  0.19730464
   0.25894314  0.19429993  0.49517138
   0.37304000  0.19194000  0.09637000
   0.64940144  0.43859762  0.29744509
   0.45783583  0.06479145  0.40440543
   0.51312330  0.31567090  0.19690230
   0.70637000  0.19194000  0.09637000
   0.98287904  0.43988294  0.29789128
   0.79012105  0.06030609  0.39762774
   0.84662662  0.31626988  0.19702809
   0.91421432  0.18529975  0.49924692
   0.03971000  0.69194000  0.09637000
   0.31937854  0.94335272  0.30014037
   0.12055960  0.56311787  0.39878704
   0.18071240  0.81769185  0.19803616
   0.25649772  0.69483236  0.49451657
   0.37304000  0.69194000  0.09637000
   0.65059414  0.93943136  0.29588655
   0.45091005  0.56409220  0.39871945
   0.51305733  0.81528340  0.19531066
   0.58776104  0.69646500  0.49457205
   0.70637000  0.69194000  0.09637000
   0.98484778  0.93991842  0.29690928
   0.84722687  0.81558565  0.19556965
   0.92425295  0.69640358  0.49223310
   0.78647533  0.56271508  0.39722289
   0.17417000  0.33753000  0.11288000
   0.25228359  0.20808813  0.41271159
   0.05221729  0.32955601  0.50995178
   0.31418037  0.46152283  0.21443796
   0.11871085  0.08487102  0.31551012
   0.23858000  0.04636000  0.07986000
   0.04734040  0.17122368  0.18022142
   0.31733077  0.41875096  0.38216323
   0.13601186  0.04478180  0.48688581
   0.18381643  0.29372649  0.28054121
   0.50750000  0.33753000  0.11288000
   0.58553504  0.21070651  0.42123349
   0.38870822  0.33241144  0.51303734
   0.64783727  0.46069789  0.21359089
   0.45352063  0.08797934  0.31949736
   0.57191000  0.04636000  0.07986000
   0.38056493  0.17064134  0.17992448
   0.65123662  0.41738943  0.38168629
   0.47100584  0.04288438  0.49007777
   0.51704721  0.29319591  0.28004072
   0.84083000  0.33753000  0.11288000
   0.91773366  0.20675830  0.41490965
   0.72048754  0.34362453  0.51350660
   0.98127198  0.46153511  0.21402866
   0.78544330  0.08466620  0.31367722
   0.90524000  0.04636000  0.07986000
   0.71373909  0.17087244  0.18003301
   0.98296040  0.41867044  0.38190927
   0.80172724  0.03414949  0.48048656
   0.85023619  0.29393788  0.28018266
   0.17417000  0.83753000  0.11288000
   0.25531803  0.70922704  0.41117533
   0.06885957  0.82552868  0.51184776
   0.31685197  0.96265279  0.21587734
   0.11728753  0.58509301  0.31506965
   0.23858000  0.54636000  0.07986000
   0.04653426  0.67233830  0.18073922
   0.32092070  0.92203379  0.38403206
   0.12727235  0.54857635  0.48550965
   0.18361764  0.79652977  0.28179293
   0.50619000  0.83294000  0.10916000
   0.58854549  0.70938134  0.41116576
   0.40025510  0.82430013  0.51449764
   0.64879981  0.95991444  0.21198745
   0.44977096  0.58486740  0.31508912
   0.57191000  0.54636000  0.07986000
   0.37922224  0.67083408  0.17986637
   0.65265386  0.91816168  0.37895403
   0.45452488  0.55077517  0.48509442
   0.51611868  0.79339291  0.27874114
   0.83992000  0.83287000  0.10930000
   0.73363023  0.82362409  0.51617481
   0.98261116  0.96050787  0.21284314
   0.78290221  0.58381878  0.31396018
   0.90524000  0.54636000  0.07986000
   0.71251834  0.67101334  0.18005763
   0.98651160  0.91928101  0.38061905
   0.79353702  0.55092010  0.48287916
   0.84922907  0.79389404  0.27930903
   0.92260799  0.70862996  0.40887977
   0.78744483  0.57064020  0.65582795
   0.75204417  0.15645650  0.58776260
   0.74662327  0.41608012  0.59875519
   0.80573568  0.68455418  0.67558487
   0.77398065  0.59041381  0.71669462
   0.65477157  0.56302685  0.73346365
   0.87011055  0.57249596  0.74205335
   0.70990190  0.72517125  0.66361986
   0.92589987  0.73519522  0.67187275
