   0.28748171  0.43163572  0.49243645
   0.18101448  0.06371836  0.18365619
   0.03971000  0.44194000  0.08602000
   0.31697058  0.18776199  0.28747541
   0.12905808  0.31229188  0.38802968
   0.51431284  0.06375881  0.18365623
   0.62162312  0.43028055  0.49004627
   0.37304000  0.44194000  0.08602000
   0.65038830  0.18759772  0.28736013
   0.46208438  0.31222410  0.38822037
   0.84769461  0.06376003  0.18364786
   0.95477688  0.43156283  0.49059344
   0.70637000  0.44194000  0.08602000
   0.98373616  0.18779041  0.28744810
   0.79526263  0.31181744  0.38782550
   0.18128173  0.56340117  0.18422237
   0.25074339  0.93874613  0.49241382
   0.03971000  0.94194000  0.08602000
   0.31828346  0.68834150  0.28708431
   0.11246791  0.81615770  0.38845496
   0.51448723  0.56325003  0.18414993
   0.58379037  0.93940803  0.49275795
   0.37304000  0.94194000  0.08602000
   0.65169704  0.68822080  0.28659922
   0.44582287  0.81649625  0.38896206
   0.84786294  0.56326033  0.18425951
   0.91755867  0.93933044  0.49235909
   0.70637000  0.94194000  0.08602000
   0.98507868  0.68817964  0.28669138
   0.77889540  0.81617968  0.38832775
   0.03971000  0.19194000  0.08602000
   0.32087055  0.43886184  0.28795460
   0.11557332  0.06150506  0.38770625
   0.18044820  0.31564724  0.18688485
   0.26109092  0.19313435  0.48266394
   0.37304000  0.19194000  0.08602000
   0.65395026  0.43842788  0.28767149
   0.44914864  0.06170725  0.38795475
   0.51370844  0.31547270  0.18681496
   0.59435553  0.19310813  0.48301560
   0.70637000  0.19194000  0.08602000
   0.98767266  0.43849863  0.28786144
   0.78234010  0.06177109  0.38802651
   0.84718391  0.31560834  0.18681679
   0.92805554  0.19334657  0.48307094
   0.03971000  0.69194000  0.08602000
   0.31384999  0.93861213  0.28593318
   0.12989042  0.55994387  0.38962373
   0.18047051  0.81438102  0.18478369
   0.26364511  0.69371263  0.48479501
   0.37304000  0.69194000  0.08602000
   0.64718983  0.93858174  0.28589508
   0.46284355  0.56060954  0.38968900
   0.51385137  0.81444140  0.18465607
   0.59755620  0.69496168  0.48575757
   0.70637000  0.69194000  0.08602000
   0.98042613  0.93855256  0.28574210
   0.84715834  0.81427720  0.18469764
   0.93004137  0.69359547  0.48452156
   0.79630615  0.56005925  0.38893288
   0.17417000  0.33753000  0.10253000
   0.26098005  0.20313039  0.39840697
   0.08634223  0.32081468  0.49743678
   0.31605542  0.46051836  0.20443853
   0.11662267  0.08196330  0.30339006
   0.23858000  0.04636000  0.06951000
   0.04722929  0.17052289  0.16982083
   0.32873915  0.41761492  0.37207883
   0.11940842  0.04885652  0.47544485
   0.18408133  0.29331434  0.27048511
   0.50750000  0.33753000  0.10253000
   0.59494391  0.20338041  0.39868116
   0.42111958  0.32120823  0.49487355
   0.64904731  0.46016700  0.20418964
   0.45027941  0.08203678  0.30350901
   0.57191000  0.04636000  0.06951000
   0.38059301  0.17047903  0.16983161
   0.66153929  0.41712380  0.37170377
   0.45273070  0.04918512  0.47554486
   0.51737172  0.29291677  0.27037149
   0.84083000  0.33753000  0.10253000
   0.92832395  0.20333567  0.39893189
   0.75326316  0.32114090  0.49711790
   0.98272959  0.46039566  0.20429328
   0.78352139  0.08209550  0.30364254
   0.90524000  0.04636000  0.06951000
   0.71397533  0.17049578  0.16983447
   0.99448576  0.41679825  0.37205035
   0.78664919  0.04961822  0.47573237
   0.85070598  0.29306807  0.27036157
   0.17316000  0.83290000  0.09904000
   0.24602629  0.71013682  0.40317667
   0.04914071  0.83207703  0.50346012
   0.31493630  0.95904463  0.20180572
   0.11951164  0.58449768  0.30606204
   0.23858000  0.54636000  0.06951000
   0.04707990  0.66960002  0.16960556
   0.31066471  0.91922629  0.37049132
   0.15461168  0.54189213  0.47627763
   0.18373057  0.79211669  0.26842526
   0.50645000  0.83283000  0.09878000
   0.57959526  0.71004551  0.40379190
   0.38321470  0.83262153  0.50303816
   0.64828941  0.95921434  0.20173230
   0.45302725  0.58489021  0.30630331
   0.57191000  0.54636000  0.06951000
   0.38053485  0.66967368  0.16952193
   0.64415249  0.91904069  0.37046668
   0.48845194  0.54247807  0.47803717
   0.51716137  0.79215550  0.26834070
   0.83986000  0.83290000  0.09896000
   0.71741670  0.83381181  0.50400026
   0.98166311  0.95907651  0.20165511
   0.78592039  0.58429914  0.30558018
   0.90524000  0.54636000  0.06951000
   0.71374610  0.66947032  0.16957714
   0.97753366  0.91913563  0.37025659
   0.82079584  0.54148020  0.47619670
   0.85056546  0.79210196  0.26825600
   0.91248228  0.70978453  0.40266615
   0.80642537  0.64992747  0.63836195
   0.40617985  0.41953943  0.65558698
   0.58654463  0.53180146  0.59375458
   0.92240780  0.74850059  0.65442859
   0.81818717  0.68104227  0.69862208
   0.71658328  0.71095140  0.71530004
   0.86327387  0.62286815  0.72594857
   0.89749803  0.82663095  0.64021643
   0.04419307  0.73946102  0.65060056
