   0.18177000  0.06503000  0.19527000
   0.27219283  0.44037644  0.49855918
   0.03971000  0.44194000  0.09637000
   0.31602382  0.18954062  0.29953154
   0.11965480  0.31344430  0.40228098
   0.51472000  0.06471000  0.19485000
   0.59973360  0.43605903  0.50211128
   0.37304000  0.44194000  0.09637000
   0.64887237  0.18823307  0.29844094
   0.44799093  0.31298900  0.40415154
   0.84826000  0.06468000  0.19455000
   0.93405825  0.43555741  0.49733109
   0.70637000  0.44194000  0.09637000
   0.98302689  0.18872158  0.29879249
   0.78496894  0.31332893  0.39791689
   0.17955000  0.56532000  0.19533000
   0.26380134  0.93805074  0.50528717
   0.03971000  0.94194000  0.09637000
   0.31624355  0.68880225  0.29752992
   0.12083266  0.81414541  0.39603937
   0.51276000  0.56480000  0.19498000
   0.59577866  0.93878776  0.50398778
   0.37304000  0.94194000  0.09637000
   0.64925715  0.68883640  0.29699317
   0.45353375  0.81412158  0.39822284
   0.84642000  0.56519000  0.19522000
   0.92365737  0.93653779  0.50602108
   0.70637000  0.94194000  0.09637000
   0.98227276  0.68854110  0.29712419
   0.78601418  0.81516324  0.39762595
   0.58882980  0.19663879  0.49480836
   0.03971000  0.19194000  0.09637000
   0.31547221  0.43894883  0.29805899
   0.11863182  0.06102168  0.40212450
   0.18013000  0.31638000  0.19719000
   0.23860627  0.19416343  0.50562970
   0.37304000  0.19194000  0.09637000
   0.64827834  0.43850196  0.29782265
   0.45012691  0.06242297  0.40067903
   0.51314000  0.31594000  0.19696000
   0.70637000  0.19194000  0.09637000
   0.98299159  0.43943972  0.29777297
   0.78286995  0.06095373  0.39967898
   0.84665000  0.31624000  0.19703000
   0.92904906  0.19376629  0.49434544
   0.03971000  0.69194000  0.09637000
   0.31669345  0.94047690  0.29875526
   0.12362551  0.56043661  0.39929671
   0.18025000  0.81742000  0.19778000
   0.26600074  0.69482920  0.49487614
   0.37304000  0.69194000  0.09637000
   0.64927992  0.93910966  0.29691299
   0.45603398  0.56017315  0.39889454
   0.51318000  0.81586000  0.19571000
   0.59531033  0.69443370  0.49436451
   0.70637000  0.69194000  0.09637000
   0.98350740  0.94034360  0.29763513
   0.84718000  0.81593000  0.19584000
   0.92238467  0.69082182  0.49322915
   0.78777777  0.56073915  0.39800447
   0.17417000  0.33753000  0.11288000
   0.24867063  0.20283645  0.41910161
   0.06963523  0.33440847  0.49483898
   0.31386000  0.46170000  0.21427000
   0.11728046  0.08461044  0.31666430
   0.23858000  0.04636000  0.07986000
   0.04735000  0.17100000  0.18013000
   0.31645913  0.41778424  0.38177646
   0.12284130  0.03697115  0.48767917
   0.18208324  0.29294902  0.28017486
   0.50750000  0.33753000  0.11288000
   0.58634525  0.20628876  0.41189342
   0.40387227  0.33133306  0.50325861
   0.64712000  0.46121000  0.21367000
   0.44936217  0.08463798  0.31662213
   0.57191000  0.04636000  0.07986000
   0.38063000  0.17082000  0.17998000
   0.64920862  0.41766269  0.38176679
   0.46429102  0.04639032  0.48663128
   0.51542247  0.29261099  0.28003636
   0.84083000  0.33753000  0.11288000
   0.91455300  0.20410670  0.41111132
   0.73374970  0.32944377  0.51116284
   0.98063000  0.46160000  0.21400000
   0.78298618  0.08292729  0.31507847
   0.90524000  0.04636000  0.07986000
   0.71387000  0.17083000  0.18002000
   0.98369770  0.41828992  0.38093836
   0.79480784  0.04608669  0.48827319
   0.84856267  0.29280943  0.28009273
   0.17417000  0.83753000  0.11288000
   0.25343127  0.70820721  0.41202223
   0.05911152  0.82479027  0.52258876
   0.31682000  0.96236000  0.21534000
   0.11705945  0.58501791  0.31557918
   0.23858000  0.54636000  0.07986000
   0.04601000  0.67209000  0.18056000
   0.31907629  0.91871206  0.38242734
   0.13633923  0.55042308  0.48737264
   0.18259222  0.79445513  0.28083592
   0.50619000  0.83294000  0.10916000
   0.58666124  0.70692294  0.41218717
   0.39373511  0.83139010  0.51583540
   0.64926000  0.96050000  0.21277000
   0.45015682  0.58456575  0.31565936
   0.57191000  0.54636000  0.07986000
   0.37906000  0.67136000  0.18002000
   0.65141660  0.91781520  0.38106480
   0.47041986  0.55076989  0.48690382
   0.51515628  0.79360106  0.27906624
   0.83992000  0.83287000  0.10930000
   0.72734316  0.82913361  0.51394640
   0.98268000  0.96077000  0.21320000
   0.78254534  0.58413433  0.31476622
   0.90524000  0.54636000  0.07986000
   0.71230000  0.67144000  0.18017000
   0.98630903  0.91858779  0.38150502
   0.79937654  0.54643689  0.48432727
   0.84925000  0.79413313  0.27941143
   0.92024976  0.70884340  0.41002321
   0.78477000  0.69231000  0.65805000
   0.16713875  0.19266422  0.59735327
   0.01718859  0.73429929  0.60180928
   0.71694130  0.63069716  0.69631874
   0.79614429  0.57441363  0.74125093
   0.74145847  0.48524308  0.74305002
   0.92657416  0.58630451  0.73304483
   0.77658790  0.60949822  0.78282684
   0.58846073  0.61670491  0.69942170
