   0.18177000  0.06503000  0.19527000
   0.24752197  0.43958836  0.50301262
   0.03971000  0.44194000  0.09637000
   0.31713444  0.18982996  0.29891236
   0.11015063  0.31739150  0.40094000
   0.51472000  0.06471000  0.19485000
   0.58263314  0.44024297  0.50144072
   0.37304000  0.44194000  0.09637000
   0.65061831  0.19011367  0.29890373
   0.44419121  0.31654723  0.40216156
   0.84826000  0.06468000  0.19455000
   0.91644533  0.44120338  0.50316663
   0.70637000  0.44194000  0.09637000
   0.98351532  0.18960614  0.29886253
   0.77475223  0.31771428  0.40400542
   0.17955000  0.56532000  0.19533000
   0.28138800  0.93294867  0.50525732
   0.03971000  0.94194000  0.09637000
   0.31497175  0.68944797  0.29791671
   0.12485838  0.81368525  0.39586588
   0.51276000  0.56480000  0.19498000
   0.61011826  0.93362577  0.50393863
   0.37304000  0.94194000  0.09637000
   0.64823069  0.68989654  0.29776641
   0.45766907  0.81468125  0.39831387
   0.84642000  0.56519000  0.19522000
   0.94268103  0.93775213  0.50342531
   0.70637000  0.94194000  0.09637000
   0.98137886  0.68921873  0.29758018
   0.79101523  0.81468922  0.39837137
   0.58471321  0.18886640  0.50228992
   0.03971000  0.19194000  0.09637000
   0.31315323  0.44020225  0.29836371
   0.12484366  0.06140180  0.40097775
   0.18013000  0.31638000  0.19719000
   0.26361678  0.19302614  0.49720264
   0.37304000  0.19194000  0.09637000
   0.64575770  0.44028777  0.29794215
   0.45836865  0.06150206  0.39987721
   0.51314000  0.31594000  0.19696000
   0.70637000  0.19194000  0.09637000
   0.97899542  0.43989120  0.29828547
   0.78954689  0.06201476  0.40002622
   0.84665000  0.31624000  0.19703000
   0.91905250  0.19596862  0.49612665
   0.03971000  0.69194000  0.09637000
   0.31933316  0.94065912  0.29817446
   0.11424146  0.56325288  0.39974420
   0.18025000  0.81742000  0.19778000
   0.26581273  0.69028860  0.49464468
   0.37304000  0.69194000  0.09637000
   0.65197808  0.93963130  0.29717799
   0.44906977  0.56350416  0.39987586
   0.51318000  0.81586000  0.19571000
   0.59158407  0.69710556  0.49577432
   0.70637000  0.69194000  0.09637000
   0.98493347  0.94041583  0.29780422
   0.84718000  0.81593000  0.19584000
   0.92522916  0.69252634  0.49437419
   0.78126828  0.56410032  0.39919936
   0.17417000  0.33753000  0.11288000
   0.24225945  0.21015459  0.41515078
   0.04676955  0.33367454  0.51426399
   0.31386000  0.46170000  0.21427000
   0.11774467  0.08525982  0.31681423
   0.23858000  0.04636000  0.07986000
   0.04735000  0.17100000  0.18013000
   0.30971989  0.42098347  0.38250139
   0.14643740  0.04049570  0.48798366
   0.18267327  0.29355079  0.28038698
   0.50750000  0.33753000  0.11288000
   0.57556528  0.20953095  0.41722772
   0.38059295  0.33629399  0.51073063
   0.64712000  0.46121000  0.21367000
   0.45181858  0.08618762  0.31622603
   0.57191000  0.04636000  0.07986000
   0.38063000  0.17082000  0.17998000
   0.64147745  0.42168450  0.38195897
   0.47444198  0.03393582  0.48188158
   0.51595511  0.29388339  0.28007025
   0.84083000  0.33753000  0.11288000
   0.91085350  0.21023068  0.41398080
   0.71853005  0.33716778  0.50577375
   0.98063000  0.46160000  0.21400000
   0.78432402  0.08481767  0.31593779
   0.90524000  0.04636000  0.07986000
   0.71387000  0.17083000  0.18002000
   0.97544183  0.42096579  0.38258408
   0.81069921  0.04320366  0.48596459
   0.84955513  0.29346559  0.28006705
   0.17417000  0.83753000  0.11288000
   0.25630238  0.70744911  0.41184710
   0.07182489  0.82479919  0.52245113
   0.31682000  0.96236000  0.21534000
   0.11477503  0.58478632  0.31554713
   0.23858000  0.54636000  0.07986000
   0.04601000  0.67209000  0.18056000
   0.32271038  0.91736174  0.38094636
   0.11852382  0.55150698  0.48763216
   0.18161614  0.79456606  0.28091385
   0.50619000  0.83294000  0.10916000
   0.59124972  0.70761844  0.41172002
   0.40945540  0.82060126  0.51473338
   0.64926000  0.96050000  0.21277000
   0.44857957  0.58514384  0.31565968
   0.57191000  0.54636000  0.07986000
   0.37906000  0.67136000  0.18002000
   0.65680631  0.91765825  0.38114121
   0.45093566  0.55355130  0.48776502
   0.51495568  0.79428154  0.27942264
   0.83992000  0.83287000  0.10930000
   0.74530348  0.82536841  0.51489527
   0.98268000  0.96077000  0.21320000
   0.78157347  0.58525396  0.31534581
   0.90524000  0.54636000  0.07986000
   0.71230000  0.67144000  0.18017000
   0.99050877  0.91828515  0.38225484
   0.78492183  0.55280758  0.48623855
   0.84869677  0.79489218  0.27984850
   0.92566506  0.70841247  0.41182829
   0.78477000  0.69231000  0.65805000
   0.54754212  0.15283812  0.59584085
  -0.03446761  0.77153264  0.60144179
   0.72051663  0.61644022  0.69043818
   0.80007694  0.56250202  0.73516163
   0.74837983  0.47239624  0.73626109
   0.92884769  0.57956519  0.72947827
   0.77354083  0.59612210  0.77738113
   0.59030400  0.58702093  0.68662768
