   0.18177000  0.06503000  0.19527000
   0.26132096  0.43676404  0.50371997
   0.03971000  0.44194000  0.09637000
   0.31647417  0.18896447  0.29868963
   0.11260232  0.31329135  0.40418715
   0.51472000  0.06471000  0.19485000
   0.58923339  0.43208173  0.50329713
   0.37304000  0.44194000  0.09637000
   0.65116578  0.18787575  0.29922677
   0.44614164  0.31342937  0.40144985
   0.84826000  0.06468000  0.19455000
   0.92391711  0.43578175  0.50078305
   0.70637000  0.44194000  0.09637000
   0.98209724  0.18926644  0.29904197
   0.78308793  0.31422957  0.40189147
   0.17955000  0.56532000  0.19533000
   0.27539412  0.93169474  0.50375540
   0.03971000  0.94194000  0.09637000
   0.31802899  0.68752424  0.29790266
   0.12632320  0.81154044  0.39607351
   0.51276000  0.56480000  0.19498000
   0.60725391  0.93157857  0.50451435
   0.37304000  0.94194000  0.09637000
   0.65068848  0.68741886  0.29746195
   0.45886011  0.81302037  0.39901526
   0.84642000  0.56519000  0.19522000
   0.93950720  0.93313740  0.50249720
   0.70637000  0.94194000  0.09637000
   0.98409689  0.68724517  0.29767506
   0.79186003  0.81220267  0.39743103
   0.59369205  0.19174628  0.49555646
   0.03971000  0.19194000  0.09637000
   0.31414475  0.43896781  0.29882683
   0.12431197  0.05945492  0.39860635
   0.18013000  0.31638000  0.19719000
   0.24670117  0.18560352  0.50127099
   0.37304000  0.19194000  0.09637000
   0.64670369  0.43791785  0.29787474
   0.45496762  0.06060618  0.40064549
   0.51314000  0.31594000  0.19696000
   0.70637000  0.19194000  0.09637000
   0.98145017  0.43861920  0.29780180
   0.78828112  0.06043094  0.40161348
   0.84665000  0.31624000  0.19703000
   0.93954479  0.18727811  0.50206858
   0.03971000  0.69194000  0.09637000
   0.31978607  0.93938911  0.29844546
   0.12086168  0.56044164  0.39984300
   0.18025000  0.81742000  0.19778000
   0.27310471  0.69175056  0.49439294
   0.37304000  0.69194000  0.09637000
   0.65253678  0.93839472  0.29719802
   0.45499249  0.55922723  0.40027765
   0.51318000  0.81586000  0.19571000
   0.60261779  0.69004717  0.49578925
   0.70637000  0.69194000  0.09637000
   0.98527923  0.93842431  0.29666204
   0.84718000  0.81593000  0.19584000
   0.93890882  0.68206593  0.49340726
   0.78645002  0.55997441  0.39882180
   0.17417000  0.33753000  0.11288000
   0.24882124  0.20663477  0.41677552
   0.05998241  0.33705876  0.50358833
   0.31386000  0.46170000  0.21427000
   0.11604038  0.08550812  0.31576565
   0.23858000  0.04636000  0.07986000
   0.04735000  0.17100000  0.18013000
   0.31264887  0.41801604  0.38309408
   0.14148821  0.03040852  0.48041670
   0.18238055  0.29341677  0.28050378
   0.50750000  0.33753000  0.11288000
   0.58198237  0.20787886  0.41314765
   0.38825031  0.32754510  0.51521503
   0.64712000  0.46121000  0.21367000
   0.45100771  0.08443724  0.31673610
   0.57191000  0.04636000  0.07986000
   0.38063000  0.17082000  0.17998000
   0.64639922  0.41772585  0.38214765
   0.47455665  0.04110286  0.48696449
   0.51721856  0.29103864  0.27983425
   0.84083000  0.33753000  0.11288000
   0.91097439  0.20618753  0.41810163
   0.72361206  0.32828078  0.51310918
   0.98063000  0.46160000  0.21400000
   0.78434411  0.08363573  0.31670058
   0.90524000  0.04636000  0.07986000
   0.71387000  0.17083000  0.18002000
   0.98093614  0.41804110  0.38131890
   0.80589711  0.03860834  0.48715343
   0.84867337  0.29261844  0.27997599
   0.17417000  0.83753000  0.11288000
   0.25877594  0.70632426  0.41184068
   0.07006315  0.82047921  0.52005072
   0.31682000  0.96236000  0.21534000
   0.11824157  0.58295662  0.31546184
   0.23858000  0.54636000  0.07986000
   0.04601000  0.67209000  0.18056000
   0.32423633  0.91623069  0.38185803
   0.12718938  0.55253009  0.48731738
   0.18463291  0.79297862  0.28079475
   0.50619000  0.83294000  0.10916000
   0.59148062  0.70592396  0.41323092
   0.40535295  0.82510686  0.51636032
   0.64926000  0.96050000  0.21277000
   0.45157425  0.58307734  0.31632974
   0.57191000  0.54636000  0.07986000
   0.37906000  0.67136000  0.18002000
   0.65733035  0.91544200  0.38095098
   0.46276400  0.54635684  0.48812647
   0.51783976  0.79246371  0.27916739
   0.83992000  0.83287000  0.10930000
   0.74008520  0.82345131  0.51650753
   0.98268000  0.96077000  0.21320000
   0.78393372  0.58230270  0.31506577
   0.90524000  0.54636000  0.07986000
   0.71230000  0.67144000  0.18017000
   0.99054427  0.91430464  0.37988565
   0.79201859  0.54441285  0.48556419
   0.85084374  0.79229868  0.27919339
   0.92500811  0.70640174  0.41181168
   0.78477000  0.69231000  0.65805000
   0.07392207  0.14901243  0.58575863
  -0.04522663  0.77490121  0.59845690
   0.72121423  0.63194787  0.69749670
   0.80244360  0.57513983  0.74058534
   0.74598528  0.48562449  0.74098221
   0.92972262  0.58754167  0.73259869
   0.78067689  0.60638920  0.78368134
   0.59042551  0.61878068  0.70146897
