   0.18177000  0.06503000  0.19527000
   0.26548249  0.42981825  0.50193837
   0.03971000  0.44194000  0.09637000
   0.31485715  0.18988618  0.29788960
   0.11239977  0.31121554  0.40053281
   0.51472000  0.06471000  0.19485000
   0.59139795  0.42985924  0.50087513
   0.37304000  0.44194000  0.09637000
   0.64881443  0.18851418  0.29824050
   0.44617931  0.31210484  0.39999703
   0.84826000  0.06468000  0.19455000
   0.92796372  0.43273589  0.50024789
   0.70637000  0.44194000  0.09637000
   0.98022952  0.18922727  0.29682329
   0.78349221  0.31392081  0.40157249
   0.17955000  0.56532000  0.19533000
   0.26721555  0.93067527  0.50286460
   0.03971000  0.94194000  0.09637000
   0.31646926  0.68799095  0.29687712
   0.12288026  0.81196832  0.39543519
   0.51276000  0.56480000  0.19498000
   0.60243071  0.93319174  0.50369760
   0.37304000  0.94194000  0.09637000
   0.64925424  0.68739299  0.29661977
   0.45520900  0.81352002  0.39743487
   0.84642000  0.56519000  0.19522000
   0.93277906  0.93276532  0.50438154
   0.70637000  0.94194000  0.09637000
   0.98298592  0.68793403  0.29717006
   0.78791811  0.81478667  0.39688037
   0.59270672  0.18987007  0.49518390
   0.03971000  0.19194000  0.09637000
   0.31325653  0.43993287  0.29827750
   0.11961929  0.05757742  0.39463029
   0.18013000  0.31638000  0.19719000
   0.24715847  0.17974536  0.49631801
   0.37304000  0.19194000  0.09637000
   0.64748665  0.43783784  0.29757849
   0.45493841  0.06116032  0.40013245
   0.51314000  0.31594000  0.19696000
   0.70637000  0.19194000  0.09637000
   0.98057485  0.43996535  0.29789592
   0.78955652  0.06160241  0.39965717
   0.84665000  0.31624000  0.19703000
   0.94609370  0.18210423  0.50078823
   0.03971000  0.69194000  0.09637000
   0.31762894  0.94003916  0.29868201
   0.12163719  0.56105904  0.39984823
   0.18025000  0.81742000  0.19778000
   0.26992901  0.69015690  0.49569318
   0.37304000  0.69194000  0.09637000
   0.65089034  0.93889186  0.29636439
   0.45533859  0.55837274  0.39994148
   0.51318000  0.81586000  0.19571000
   0.59767206  0.69008630  0.49476509
   0.70637000  0.69194000  0.09637000
   0.98423628  0.93830440  0.29484655
   0.84718000  0.81593000  0.19584000
   0.92287193  0.68940692  0.49259636
   0.78705004  0.56023137  0.39815438
   0.17417000  0.33753000  0.11288000
   0.24844115  0.20364397  0.41321520
   0.06311918  0.33197715  0.50698532
   0.31386000  0.46170000  0.21427000
   0.11496613  0.08531760  0.31300221
   0.23858000  0.04636000  0.07986000
   0.04735000  0.17100000  0.18013000
   0.31196977  0.41698599  0.38189785
   0.13551069  0.02877780  0.47715926
   0.18023510  0.29491837  0.28034309
   0.50750000  0.33753000  0.11288000
   0.58342759  0.20770576  0.41241963
   0.39142452  0.31810644  0.51086266
   0.64712000  0.46121000  0.21367000
   0.44925011  0.08493561  0.31630424
   0.57191000  0.04636000  0.07986000
   0.38063000  0.17082000  0.17998000
   0.64604866  0.41748397  0.38151531
   0.46707912  0.04017833  0.48565847
   0.51460651  0.29232232  0.27973739
   0.84083000  0.33753000  0.11288000
   0.91439067  0.20644383  0.41733718
   0.72529055  0.32724776  0.51128143
   0.98063000  0.46160000  0.21400000
   0.78315788  0.08428451  0.31465639
   0.90524000  0.04636000  0.07986000
   0.71387000  0.17083000  0.18002000
   0.98060203  0.41837475  0.38116081
   0.80000125  0.03877006  0.48516354
   0.84694690  0.29402095  0.28004974
   0.17417000  0.83753000  0.11288000
   0.25506730  0.70852985  0.41354434
   0.06559794  0.82087527  0.52173387
   0.31682000  0.96236000  0.21534000
   0.11744712  0.58454110  0.31557282
   0.23858000  0.54636000  0.07986000
   0.04601000  0.67209000  0.18056000
   0.32023980  0.91729006  0.38224397
   0.13325789  0.54559906  0.48586950
   0.18305101  0.79393285  0.28092225
   0.50619000  0.83294000  0.10916000
   0.58802511  0.70737811  0.41273674
   0.39805548  0.82579455  0.51822279
   0.64926000  0.96050000  0.21277000
   0.45025677  0.58395064  0.31606704
   0.57191000  0.54636000  0.07986000
   0.37906000  0.67136000  0.18002000
   0.65390625  0.91778565  0.37955128
   0.46434453  0.54342601  0.48766194
   0.51598677  0.79254331  0.27873588
   0.83992000  0.83287000  0.10930000
   0.73716383  0.82376449  0.51188138
   0.98268000  0.96077000  0.21320000
   0.78334285  0.58270125  0.31474249
   0.90524000  0.54636000  0.07986000
   0.71230000  0.67144000  0.18017000
   0.98634334  0.91369183  0.37708789
   0.79489268  0.54421683  0.48448654
   0.84869102  0.79180752  0.27848267
   0.92166184  0.70866736  0.41094562
   0.78477000  0.69231000  0.65805000
   0.05890159  0.12935434  0.58502860
   0.01230931  0.73682607  0.60168233
   0.71935638  0.63076765  0.69653262
   0.79684531  0.57471814  0.74094968
   0.74121617  0.48538059  0.74310339
   0.92554269  0.58631429  0.73305597
   0.77654976  0.60981894  0.78306137
   0.58702589  0.61672366  0.69929923
