   0.28704402  0.43162828  0.49247514
   0.18097037  0.06370530  0.18371749
   0.03971000  0.44194000  0.08602000
   0.31699034  0.18772646  0.28756273
   0.12889435  0.31226274  0.38815180
   0.51428371  0.06370411  0.18371766
   0.62133711  0.43064598  0.49015785
   0.37304000  0.44194000  0.08602000
   0.65031610  0.18760053  0.28746787
   0.46192629  0.31218357  0.38829991
   0.84765464  0.06372507  0.18369268
   0.95454321  0.43174091  0.49075339
   0.70637000  0.44194000  0.08602000
   0.98367325  0.18769762  0.28750633
   0.79537894  0.31187315  0.38787011
   0.18124724  0.56335409  0.18429120
   0.25094450  0.93849717  0.49253354
   0.03971000  0.94194000  0.08602000
   0.31825747  0.68834960  0.28711977
   0.11261006  0.81614690  0.38849741
   0.51448107  0.56324449  0.18419158
   0.58453336  0.93918764  0.49281017
   0.37304000  0.94194000  0.08602000
   0.65160286  0.68821896  0.28671308
   0.44598828  0.81639085  0.38900292
   0.84785718  0.56323391  0.18427487
   0.91820800  0.93895580  0.49259731
   0.70637000  0.94194000  0.08602000
   0.98497665  0.68808951  0.28681549
   0.77920004  0.81603485  0.38844418
   0.03971000  0.19194000  0.08602000
   0.32084588  0.43888833  0.28806384
   0.11586959  0.06149951  0.38783873
   0.18046918  0.31567500  0.18696807
   0.26089314  0.19283315  0.48265383
   0.37304000  0.19194000  0.08602000
   0.65392096  0.43844534  0.28778160
   0.44939440  0.06172203  0.38799022
   0.51370229  0.31548026  0.18687037
   0.59431518  0.19289991  0.48306503
   0.70637000  0.19194000  0.08602000
   0.98757431  0.43856242  0.28795246
   0.78264890  0.06173664  0.38809484
   0.84716204  0.31559481  0.18690036
   0.92813978  0.19312497  0.48308082
   0.03971000  0.69194000  0.08602000
   0.31394989  0.93858292  0.28601129
   0.12977810  0.56000308  0.38969820
   0.18050599  0.81438864  0.18487197
   0.26359220  0.69370416  0.48493033
   0.37304000  0.69194000  0.08602000
   0.64724393  0.93859778  0.28600173
   0.46273534  0.56068123  0.38978318
   0.51383955  0.81445506  0.18476385
   0.59763409  0.69514558  0.48582065
   0.70637000  0.69194000  0.08602000
   0.98054918  0.93853395  0.28586654
   0.84719712  0.81435116  0.18476358
   0.93038259  0.69393042  0.48474078
   0.79615996  0.56020630  0.38919874
   0.17417000  0.33753000  0.10253000
   0.26103514  0.20324102  0.39848830
   0.08606442  0.32116090  0.49745244
   0.31602711  0.46052746  0.20437245
   0.11675601  0.08200975  0.30334187
   0.23858000  0.04636000  0.06951000
   0.04728243  0.17053690  0.16980433
   0.32843382  0.41776913  0.37204117
   0.12006958  0.04915948  0.47543317
   0.18402914  0.29332265  0.27041778
   0.50750000  0.33753000  0.10253000
   0.59488271  0.20336740  0.39878299
   0.42040475  0.32096255  0.49494280
   0.64920538  0.46033149  0.20415623
   0.45020694  0.08203572  0.30348336
   0.57191000  0.04636000  0.06951000
   0.38052016  0.17041451  0.16976411
   0.66140412  0.41718745  0.37181526
   0.45323588  0.04942015  0.47557706
   0.51730130  0.29300364  0.27024869
   0.84083000  0.33753000  0.10253000
   0.92821945  0.20343763  0.39890488
   0.75323742  0.32107044  0.49725005
   0.98273129  0.46042943  0.20427962
   0.78354066  0.08205868  0.30356145
   0.90524000  0.04636000  0.06951000
   0.71390906  0.17048773  0.16978508
   0.99461718  0.41701944  0.37192413
   0.78674940  0.04971745  0.47570203
   0.85065261  0.29310450  0.27030689
   0.17316000  0.83290000  0.09904000
   0.24636037  0.70999369  0.40308676
   0.05024379  0.83241573  0.50317237
   0.31499208  0.95916251  0.20171342
   0.11950333  0.58448443  0.30599660
   0.23858000  0.54636000  0.06951000
   0.04706742  0.66959372  0.16954805
   0.31085856  0.91920609  0.37037788
   0.15433490  0.54166236  0.47636410
   0.18375563  0.79205844  0.26838876
   0.50645000  0.83283000  0.09878000
   0.57961900  0.70997119  0.40376643
   0.38395636  0.83246048  0.50300984
   0.64832568  0.95921081  0.20167245
   0.45301167  0.58489939  0.30616508
   0.57191000  0.54636000  0.06951000
   0.38049276  0.66963993  0.16950995
   0.64420933  0.91905772  0.37039603
   0.48820303  0.54249047  0.47819328
   0.51710660  0.79211178  0.26829662
   0.83986000  0.83290000  0.09896000
   0.71728604  0.83343130  0.50384117
   0.98166293  0.95916147  0.20159745
   0.78602858  0.58442285  0.30557880
   0.90524000  0.54636000  0.06951000
   0.71372602  0.66954001  0.16952001
   0.97736835  0.91900857  0.37021642
   0.82063405  0.54154532  0.47636819
   0.85050448  0.79201788  0.26824444
   0.91280774  0.70981736  0.40282695
   0.79422086  0.64331155  0.64290519
   0.40183539  0.41869686  0.65509279
   0.58532577  0.53294939  0.59383824
   0.82659390  0.65718472  0.69417037
   0.73144132  0.60093776  0.74342857
   0.71916139  0.66244428  0.77685619
   0.61653308  0.55277788  0.72911539
   0.79957162  0.54472134  0.76383669
   0.93970432  0.71736450  0.70433803
