   0.18177000  0.06503000  0.19527000
   0.26258669  0.43574479  0.50346599
   0.03971000  0.44194000  0.09637000
   0.31591029  0.18833687  0.29858421
   0.11299534  0.31226926  0.40483556
   0.51472000  0.06471000  0.19485000
   0.58985865  0.43124387  0.50255525
   0.37304000  0.44194000  0.09637000
   0.65066275  0.18832128  0.29968729
   0.44650812  0.31310131  0.40178701
   0.84826000  0.06468000  0.19455000
   0.92408173  0.43576311  0.50065790
   0.70637000  0.44194000  0.09637000
   0.98184896  0.18902738  0.29976026
   0.78351659  0.31389712  0.40136622
   0.17955000  0.56532000  0.19533000
   0.27452097  0.93177517  0.50406981
   0.03971000  0.94194000  0.09637000
   0.31765075  0.68759475  0.29818521
   0.12478598  0.81130972  0.39587820
   0.51276000  0.56480000  0.19498000
   0.60695461  0.93089047  0.50427426
   0.37304000  0.94194000  0.09637000
   0.65025438  0.68740812  0.29744541
   0.45731351  0.81280574  0.39866652
   0.84642000  0.56519000  0.19522000
   0.93814885  0.93268863  0.50363069
   0.70637000  0.94194000  0.09637000
   0.98360369  0.68688870  0.29754834
   0.79088004  0.81187033  0.39752095
   0.59143305  0.19124195  0.49516409
   0.03971000  0.19194000  0.09637000
   0.31353291  0.43821264  0.29873714
   0.12372354  0.05810931  0.39894723
   0.18013000  0.31638000  0.19719000
   0.24450758  0.18377287  0.50145662
   0.37304000  0.19194000  0.09637000
   0.64679081  0.43779925  0.29776719
   0.45314627  0.06053914  0.40048903
   0.51314000  0.31594000  0.19696000
   0.70637000  0.19194000  0.09637000
   0.98246543  0.43844838  0.29783279
   0.78735117  0.06021196  0.40179058
   0.84665000  0.31624000  0.19703000
   0.93780777  0.18731449  0.50269210
   0.03971000  0.69194000  0.09637000
   0.31983899  0.93878144  0.29841335
   0.12042219  0.56028418  0.39994403
   0.18025000  0.81742000  0.19778000
   0.27057015  0.69230228  0.49427754
   0.37304000  0.69194000  0.09637000
   0.65154935  0.93864416  0.29725848
   0.45492958  0.55841065  0.39972592
   0.51318000  0.81586000  0.19571000
   0.60101389  0.68956347  0.49519145
   0.70637000  0.69194000  0.09637000
   0.98485746  0.93850608  0.29671791
   0.84718000  0.81593000  0.19584000
   0.93716037  0.68296460  0.49428736
   0.78731878  0.55969322  0.39888887
   0.17417000  0.33753000  0.11288000
   0.24921487  0.20492241  0.41699291
   0.06035156  0.33698272  0.50397462
   0.31386000  0.46170000  0.21427000
   0.11572501  0.08508588  0.31626996
   0.23858000  0.04636000  0.07986000
   0.04735000  0.17100000  0.18013000
   0.31250872  0.41695171  0.38299389
   0.13893831  0.02945750  0.48093609
   0.18185320  0.29278519  0.28045505
   0.50750000  0.33753000  0.11288000
   0.58236113  0.20736303  0.41266080
   0.38956327  0.32536958  0.51402427
   0.64712000  0.46121000  0.21367000
   0.45067231  0.08392326  0.31680371
   0.57191000  0.04636000  0.07986000
   0.38063000  0.17082000  0.17998000
   0.64688621  0.41758496  0.38196261
   0.47261719  0.04069664  0.48652834
   0.51657472  0.29100550  0.27983292
   0.84083000  0.33753000  0.11288000
   0.91057045  0.20582734  0.41873377
   0.72396788  0.32727384  0.51250236
   0.98063000  0.46160000  0.21400000
   0.78331386  0.08377521  0.31692597
   0.90524000  0.04636000  0.07986000
   0.71387000  0.17083000  0.18002000
   0.98236381  0.41743445  0.38142703
   0.80496354  0.03805586  0.48758512
   0.84892039  0.29266876  0.28031021
   0.17417000  0.83753000  0.11288000
   0.25736108  0.70640338  0.41184892
   0.07060210  0.82046381  0.52123075
   0.31682000  0.96236000  0.21534000
   0.11809279  0.58304055  0.31562519
   0.23858000  0.54636000  0.07986000
   0.04601000  0.67209000  0.18056000
   0.32225761  0.91596236  0.38197489
   0.12754816  0.55190328  0.48740460
   0.18412840  0.79271337  0.28086682
   0.50619000  0.83294000  0.10916000
   0.59008715  0.70590460  0.41259089
   0.40473977  0.82477822  0.51569546
   0.64926000  0.96050000  0.21277000
   0.45099010  0.58273660  0.31606483
   0.57191000  0.54636000  0.07986000
   0.37906000  0.67136000  0.18002000
   0.65623673  0.91521785  0.38099624
   0.46293858  0.54480034  0.48719006
   0.51714052  0.79246292  0.27925407
   0.83992000  0.83287000  0.10930000
   0.73946859  0.82234556  0.51665891
   0.98268000  0.96077000  0.21320000
   0.78373082  0.58238858  0.31524544
   0.90524000  0.54636000  0.07986000
   0.71230000  0.67144000  0.18017000
   0.98891842  0.91412275  0.37984546
   0.79182415  0.54441412  0.48556201
   0.85044325  0.79200030  0.27922805
   0.92479001  0.70633643  0.41261950
   0.78477000  0.69231000  0.65805000
   0.07351427  0.14962509  0.58636661
  -0.04069481  0.77474879  0.60001358
   0.72068287  0.63221682  0.69751129
   0.80077340  0.57497851  0.74079506
   0.74347215  0.48575748  0.74140300
   0.92809472  0.58645772  0.73299546
   0.77929740  0.60671431  0.78393359
   0.58994828  0.61943039  0.70129086
