   0.18177000  0.06503000  0.19527000
   0.26796651  0.43055077  0.50058799
   0.03971000  0.44194000  0.09637000
   0.31564908  0.18874737  0.29881925
   0.11727689  0.31215145  0.39981787
   0.51472000  0.06471000  0.19485000
   0.60574655  0.43561957  0.50056250
   0.37304000  0.44194000  0.09637000
   0.64895622  0.18842580  0.29829024
   0.44944441  0.31366030  0.40157391
   0.84826000  0.06468000  0.19455000
   0.93322088  0.43653316  0.49803065
   0.70637000  0.44194000  0.09637000
   0.98240010  0.18820315  0.29814769
   0.78526793  0.31366098  0.39897550
   0.17955000  0.56532000  0.19533000
   0.26257877  0.93664779  0.50379190
   0.03971000  0.94194000  0.09637000
   0.31592891  0.68880616  0.29798942
   0.11958922  0.81313267  0.39695380
   0.51276000  0.56480000  0.19498000
   0.59114628  0.93415728  0.50258465
   0.37304000  0.94194000  0.09637000
   0.64874232  0.68873325  0.29734294
   0.45228464  0.81327189  0.39908316
   0.84642000  0.56519000  0.19522000
   0.92370935  0.93739463  0.50401658
   0.70637000  0.94194000  0.09637000
   0.98201378  0.68881527  0.29771631
   0.78520493  0.81435457  0.39841884
   0.58807034  0.19373428  0.49505247
   0.03971000  0.19194000  0.09637000
   0.31533447  0.43948366  0.29801710
   0.12003154  0.06127077  0.40071042
   0.18013000  0.31638000  0.19719000
   0.25009482  0.19473586  0.50345960
   0.37304000  0.19194000  0.09637000
   0.64802219  0.43870386  0.29740367
   0.45196546  0.06120201  0.40034086
   0.51314000  0.31594000  0.19696000
   0.70637000  0.19194000  0.09637000
   0.98172319  0.43888411  0.29761429
   0.78502780  0.06025422  0.39923779
   0.84665000  0.31624000  0.19703000
   0.92606639  0.19377604  0.49600734
   0.03971000  0.69194000  0.09637000
   0.31685175  0.93968354  0.29857097
   0.12174000  0.55997499  0.39894970
   0.18025000  0.81742000  0.19778000
   0.25891798  0.69050621  0.49543962
   0.37304000  0.69194000  0.09637000
   0.64946171  0.93841143  0.29707165
   0.45544084  0.56098402  0.39931184
   0.51318000  0.81586000  0.19571000
   0.59650904  0.69405340  0.49458034
   0.70637000  0.69194000  0.09637000
   0.98284935  0.93935142  0.29739054
   0.84718000  0.81593000  0.19584000
   0.92597412  0.69176998  0.49338432
   0.78835611  0.56090681  0.39774284
   0.17417000  0.33753000  0.11288000
   0.25033574  0.20463707  0.41521621
   0.06218109  0.33484345  0.49809574
   0.31386000  0.46170000  0.21427000
   0.11621484  0.08381793  0.31568737
   0.23858000  0.04636000  0.07986000
   0.04735000  0.17100000  0.18013000
   0.31609068  0.41853574  0.38149465
   0.12721212  0.04123163  0.48644413
   0.18191733  0.29313961  0.28034883
   0.50750000  0.33753000  0.11288000
   0.58652104  0.20640009  0.41195580
   0.41152382  0.32939791  0.49943692
   0.64712000  0.46121000  0.21367000
   0.44977987  0.08416243  0.31632014
   0.57191000  0.04636000  0.07986000
   0.38063000  0.17082000  0.17998000
   0.65076960  0.41877050  0.38168746
   0.46205618  0.04464260  0.48700960
   0.51513747  0.29280273  0.28002584
   0.84083000  0.33753000  0.11288000
   0.91470791  0.20449427  0.41166593
   0.73397844  0.32604328  0.51225852
   0.98063000  0.46160000  0.21400000
   0.78249650  0.08300882  0.31469337
   0.90524000  0.04636000  0.07986000
   0.71387000  0.17083000  0.18002000
   0.98276424  0.41863378  0.38086091
   0.79451040  0.04406819  0.48606990
   0.84845362  0.29268961  0.28009760
   0.17417000  0.83753000  0.11288000
   0.25194325  0.70603125  0.41296671
   0.05535393  0.82409720  0.52001812
   0.31682000  0.96236000  0.21534000
   0.11619166  0.58427788  0.31499736
   0.23858000  0.54636000  0.07986000
   0.04601000  0.67209000  0.18056000
   0.31755739  0.91716436  0.38239774
   0.13719785  0.54612732  0.48711654
   0.18193762  0.79380923  0.28094260
   0.50619000  0.83294000  0.10916000
   0.58674770  0.70734205  0.41212544
   0.38759450  0.82474351  0.51422776
   0.64926000  0.96050000  0.21277000
   0.44985784  0.58474955  0.31554222
   0.57191000  0.54636000  0.07986000
   0.37906000  0.67136000  0.18002000
   0.65036561  0.91710749  0.38104208
   0.47307367  0.54558766  0.48659849
   0.51509244  0.79313411  0.27929416
   0.83992000  0.83287000  0.10930000
   0.72623168  0.82814750  0.51258251
   0.98268000  0.96077000  0.21320000
   0.78267146  0.58416373  0.31457875
   0.90524000  0.54636000  0.07986000
   0.71230000  0.67144000  0.18017000
   0.98447878  0.91724754  0.38148036
   0.80326605  0.54842451  0.48573460
   0.84839991  0.79356381  0.27941231
   0.92046299  0.70717051  0.41173210
   0.78477000  0.69231000  0.65805000
   0.16586866  0.23953803  0.60240168
   0.03615707  0.71022336  0.59715628
   0.71742869  0.62968318  0.69606393
   0.79757799  0.57504087  0.74086572
   0.74017301  0.48508716  0.74371954
   0.92412632  0.58685109  0.73310600
   0.77716471  0.61096657  0.78299848
   0.58582408  0.61337433  0.69802504
