   0.18177000  0.06503000  0.19527000
   0.24482068  0.44142615  0.50337079
   0.03971000  0.44194000  0.09637000
   0.31887224  0.19033878  0.29939045
   0.11412451  0.31756872  0.40110854
   0.51472000  0.06471000  0.19485000
   0.57662974  0.44661532  0.50023282
   0.37304000  0.44194000  0.09637000
   0.65186715  0.18981904  0.29837149
   0.44950633  0.31814630  0.40143133
   0.84826000  0.06468000  0.19455000
   0.91621209  0.44573939  0.50030060
   0.70637000  0.44194000  0.09637000
   0.98544002  0.18978897  0.29799988
   0.78105362  0.31650949  0.40081510
   0.17955000  0.56532000  0.19533000
   0.28058771  0.93486582  0.50323760
   0.03971000  0.94194000  0.09637000
   0.31573099  0.69078109  0.29838976
   0.12524308  0.81598259  0.39869918
   0.51276000  0.56480000  0.19498000
   0.61402235  0.93435348  0.50302693
   0.37304000  0.94194000  0.09637000
   0.64864015  0.69015068  0.29745985
   0.45874044  0.81637437  0.39889110
   0.84642000  0.56519000  0.19522000
   0.94751936  0.93432928  0.50138386
   0.70637000  0.94194000  0.09637000
   0.98249879  0.69064058  0.29808000
   0.79106003  0.81514213  0.39797052
   0.60344074  0.19342197  0.50371585
   0.03971000  0.19194000  0.09637000
   0.31458999  0.44078935  0.29826010
   0.12681417  0.06213020  0.40012208
   0.18013000  0.31638000  0.19719000
   0.25999228  0.19671449  0.49533832
   0.37304000  0.19194000  0.09637000
   0.64769928  0.44013943  0.29740120
   0.46223648  0.06499108  0.40327620
   0.51314000  0.31594000  0.19696000
   0.70637000  0.19194000  0.09637000
   0.98120907  0.44056922  0.29789996
   0.79496417  0.06175054  0.39909888
   0.84665000  0.31624000  0.19703000
   0.91534188  0.19222856  0.49955800
   0.03971000  0.69194000  0.09637000
   0.32033188  0.94241150  0.29969098
   0.11532978  0.56520216  0.39909502
   0.18025000  0.81742000  0.19778000
   0.25709582  0.69723634  0.49455064
   0.37304000  0.69194000  0.09637000
   0.65249017  0.94006105  0.29700108
   0.44707067  0.56623918  0.39960838
   0.51318000  0.81586000  0.19571000
   0.59153872  0.69708815  0.49595002
   0.70637000  0.69194000  0.09637000
   0.98599042  0.94017083  0.29754029
   0.84718000  0.81593000  0.19584000
   0.91850704  0.69816979  0.49466325
   0.78211794  0.56542837  0.39770863
   0.17417000  0.33753000  0.11288000
   0.24881451  0.21084371  0.41331013
   0.04286359  0.33627170  0.51245236
   0.31386000  0.46170000  0.21427000
   0.11957836  0.08533020  0.31596926
   0.23858000  0.04636000  0.07986000
   0.04735000  0.17100000  0.18013000
   0.31368541  0.42108306  0.38230064
   0.14831540  0.04453687  0.48700576
   0.18433962  0.29384080  0.28033957
   0.50750000  0.33753000  0.11288000
   0.58210161  0.21335017  0.42027206
   0.37841732  0.33649375  0.51407304
   0.64712000  0.46121000  0.21367000
   0.45420836  0.08759985  0.31869689
   0.57191000  0.04636000  0.07986000
   0.38063000  0.17082000  0.17998000
   0.64736066  0.42014454  0.38116881
   0.48126757  0.04307019  0.48872583
   0.51745881  0.29347051  0.28003929
   0.84083000  0.33753000  0.11288000
   0.91502804  0.21047938  0.41585246
   0.71151048  0.34704563  0.51375404
   0.98063000  0.46160000  0.21400000
   0.78650261  0.08559107  0.31530958
   0.90524000  0.04636000  0.07986000
   0.71387000  0.17083000  0.18002000
   0.97951489  0.42062301  0.38188129
   0.81370418  0.03868732  0.48294502
   0.85076188  0.29377075  0.28011971
   0.17417000  0.83753000  0.11288000
   0.25838626  0.70844611  0.41047001
   0.07879116  0.82509511  0.51134048
   0.31682000  0.96236000  0.21534000
   0.11564036  0.58550006  0.31497063
   0.23858000  0.54636000  0.07986000
   0.04601000  0.67209000  0.18056000
   0.32480438  0.92175418  0.38371803
   0.11769657  0.55360816  0.48603873
   0.18286892  0.79655847  0.28133953
   0.50619000  0.83294000  0.10916000
   0.59089076  0.70857764  0.41142028
   0.41187851  0.82433847  0.51250482
   0.64926000  0.96050000  0.21277000
   0.44895968  0.58574054  0.31527023
   0.57191000  0.54636000  0.07986000
   0.37906000  0.67136000  0.18002000
   0.65721241  0.91926813  0.38055961
   0.44622684  0.55492258  0.48670061
   0.51548868  0.79497863  0.27934996
   0.83992000  0.83287000  0.10930000
   0.74644701  0.82483720  0.51159480
   0.98268000  0.96077000  0.21320000
   0.78209136  0.58519101  0.31389003
   0.90524000  0.54636000  0.07986000
   0.71230000  0.67144000  0.18017000
   0.99048842  0.91977847  0.38162000
   0.78237826  0.55426917  0.48331482
   0.84891013  0.79523930  0.27959992
   0.92541965  0.70825024  0.40983983
   0.78477000  0.69231000  0.65805000
   0.53336530  0.13335611  0.60996799
   0.97303199  0.64086079  0.60969687
   0.68710929  0.53255831  0.69517927
   0.78666256  0.52851178  0.74664145
   0.75475926  0.44774056  0.76815065
   0.91393887  0.54818269  0.73468159
   0.76440840  0.59089508  0.77760525
   0.55645812  0.50371198  0.70033638
