   0.18177000  0.06503000  0.19527000
   0.26122616  0.43822984  0.50260032
   0.03971000  0.44194000  0.09637000
   0.31638831  0.18981054  0.29912834
   0.11589063  0.31424838  0.40387191
   0.51472000  0.06471000  0.19485000
   0.59042560  0.43479096  0.50355362
   0.37304000  0.44194000  0.09637000
   0.64960584  0.18934499  0.29946929
   0.44852378  0.31488993  0.40277539
   0.84826000  0.06468000  0.19455000
   0.92433662  0.43668963  0.50101433
   0.70637000  0.44194000  0.09637000
   0.98271012  0.18940055  0.29899128
   0.78433006  0.31434830  0.40146600
   0.17955000  0.56532000  0.19533000
   0.27713092  0.93208151  0.50332450
   0.03971000  0.94194000  0.09637000
   0.31763307  0.68876739  0.29824249
   0.12448737  0.81241046  0.39618884
   0.51276000  0.56480000  0.19498000
   0.60805286  0.93336381  0.50543281
   0.37304000  0.94194000  0.09637000
   0.65014476  0.68845676  0.29746142
   0.45886387  0.81373957  0.39913309
   0.84642000  0.56519000  0.19522000
   0.93951013  0.93409908  0.50154847
   0.70637000  0.94194000  0.09637000
   0.98345736  0.68799725  0.29754465
   0.79098001  0.81292636  0.39799041
   0.59454110  0.19328163  0.49628491
   0.03971000  0.19194000  0.09637000
   0.31496409  0.43955262  0.29874430
   0.12584744  0.05920199  0.39797074
   0.18013000  0.31638000  0.19719000
   0.24775880  0.18547825  0.49977889
   0.37304000  0.19194000  0.09637000
   0.64831263  0.43880151  0.29801468
   0.45644354  0.06118227  0.40119340
   0.51314000  0.31594000  0.19696000
   0.70637000  0.19194000  0.09637000
   0.98227814  0.43901768  0.29818734
   0.78991537  0.06155557  0.40188676
   0.84665000  0.31624000  0.19703000
   0.94235090  0.18877306  0.50161891
   0.03971000  0.69194000  0.09637000
   0.31952363  0.93992054  0.29869119
   0.12065598  0.56117390  0.39969667
   0.18025000  0.81742000  0.19778000
   0.27079028  0.69199840  0.49482678
   0.37304000  0.69194000  0.09637000
   0.65221545  0.93982045  0.29776350
   0.45452965  0.56142972  0.40049816
   0.51318000  0.81586000  0.19571000
   0.60028611  0.69271668  0.49646538
   0.70637000  0.69194000  0.09637000
   0.98422458  0.93894184  0.29679870
   0.84718000  0.81593000  0.19584000
   0.93785453  0.68338186  0.49387696
   0.78604196  0.56063392  0.39910808
   0.17417000  0.33753000  0.11288000
   0.25045890  0.20591517  0.41538840
   0.06080615  0.33770458  0.50433936
   0.31386000  0.46170000  0.21427000
   0.11673818  0.08447413  0.31483515
   0.23858000  0.04636000  0.07986000
   0.04735000  0.17100000  0.18013000
   0.31480821  0.41932421  0.38293926
   0.14177936  0.03025801  0.47986821
   0.18217472  0.29379498  0.28041030
   0.50750000  0.33753000  0.11288000
   0.58387290  0.20779748  0.41395412
   0.39061458  0.32860354  0.50973277
   0.64712000  0.46121000  0.21367000
   0.45021480  0.08517604  0.31724695
   0.57191000  0.04636000  0.07986000
   0.38063000  0.17082000  0.17998000
   0.64856668  0.41810973  0.38220008
   0.47611930  0.04232938  0.48781767
   0.51561476  0.29316086  0.28013089
   0.84083000  0.33753000  0.11288000
   0.91439643  0.20714757  0.41748423
   0.72322305  0.32995743  0.51436283
   0.98063000  0.46160000  0.21400000
   0.78360553  0.08496568  0.31715515
   0.90524000  0.04636000  0.07986000
   0.71387000  0.17083000  0.18002000
   0.98194208  0.41870666  0.38204788
   0.80704099  0.04044259  0.48742234
   0.84862034  0.29328136  0.28026872
   0.17417000  0.83753000  0.11288000
   0.25791000  0.70707629  0.41208562
   0.07046873  0.82138056  0.51925133
   0.31682000  0.96236000  0.21534000
   0.11776758  0.58403611  0.31569856
   0.23858000  0.54636000  0.07986000
   0.04601000  0.67209000  0.18056000
   0.32400908  0.91688741  0.38228549
   0.12726515  0.55244774  0.48747420
   0.18383694  0.79373825  0.28096643
   0.50619000  0.83294000  0.10916000
   0.59188966  0.70695018  0.41353324
   0.40718879  0.82484885  0.51535847
   0.64926000  0.96050000  0.21277000
   0.45114681  0.58447829  0.31640387
   0.57191000  0.54636000  0.07986000
   0.37906000  0.67136000  0.18002000
   0.65698693  0.91710934  0.38191402
   0.46323343  0.54882963  0.48839195
   0.51726525  0.79377021  0.27959414
   0.83992000  0.83287000  0.10930000
   0.74060088  0.82499792  0.51824133
   0.98268000  0.96077000  0.21320000
   0.78369997  0.58390653  0.31543825
   0.90524000  0.54636000  0.07986000
   0.71230000  0.67144000  0.18017000
   0.98909997  0.91508310  0.37987977
   0.79280677  0.54584021  0.48614703
   0.84999515  0.79276087  0.27920335
   0.92493900  0.70654289  0.41213294
   0.78477000  0.69231000  0.65805000
   0.09113428  0.15336768  0.58491343
  -0.05357684  0.78309898  0.59763829
   0.72097637  0.63228587  0.69759650
   0.80237889  0.57522384  0.74054589
   0.74656817  0.48576427  0.74054147
   0.92973734  0.58812693  0.73254586
   0.78038922  0.60570062  0.78380200
   0.59008228  0.61917626  0.70170560
