   0.17779820  0.06431348  0.19551133
   0.28640413  0.43197153  0.50071188
   0.03971000  0.44194000  0.09637000
   0.31346151  0.18776396  0.29838097
   0.12869607  0.31060075  0.39932955
   0.51108406  0.06452095  0.19581609
   0.62026529  0.43277583  0.50056575
   0.37304000  0.44194000  0.09637000
   0.64697444  0.18797325  0.30005340
   0.46262987  0.31101105  0.39824495
   0.84424544  0.06436694  0.19561477
   0.95504491  0.43180264  0.50064682
   0.70637000  0.44194000  0.09637000
   0.98090214  0.18792495  0.29864739
   0.79486522  0.31204022  0.39963101
   0.18003904  0.56406715  0.19517432
   0.24835870  0.93821243  0.50318970
   0.03971000  0.94194000  0.09637000
   0.31521150  0.68873247  0.29891407
   0.10693383  0.81472337  0.39962314
   0.51347909  0.56399135  0.19522301
   0.57872796  0.94050746  0.50422950
   0.37304000  0.94194000  0.09637000
   0.64817417  0.68842200  0.29864387
   0.44126286  0.81656628  0.40172074
   0.84670771  0.56415112  0.19546242
   0.91191910  0.93763902  0.50488796
   0.70637000  0.94194000  0.09637000
   0.98153824  0.68876126  0.29906502
   0.77541521  0.81612619  0.39950962
   0.93275564  0.69157464  0.49792329
   0.03971000  0.19194000  0.09637000
   0.31887654  0.43780185  0.29786163
   0.11363324  0.06239833  0.40056084
   0.17910886  0.31485488  0.19627895
   0.26337439  0.19353931  0.49573649
   0.37304000  0.19194000  0.09637000
   0.65258014  0.43852424  0.29850160
   0.44625781  0.06143955  0.39731471
   0.51218273  0.31565620  0.19731942
   0.59710847  0.19187644  0.49949669
   0.70637000  0.19194000  0.09637000
   0.98675631  0.43824792  0.29826546
   0.78070026  0.06167818  0.39964936
   0.84518992  0.31547645  0.19741376
   0.92376360  0.19177324  0.49566151
   0.03971000  0.69194000  0.09637000
   0.30821479  0.93736485  0.29779906
   0.12742839  0.55932417  0.39995745
   0.17779300  0.81533140  0.19718092
   0.25754374  0.69166649  0.49632635
   0.37304000  0.69194000  0.09637000
   0.64277959  0.93897377  0.29844477
   0.46113399  0.55971557  0.39991489
   0.51128021  0.81550147  0.19727085
   0.59775840  0.69388728  0.49571051
   0.70637000  0.69194000  0.09637000
   0.97687713  0.93961758  0.29842002
   0.84455489  0.81557724  0.19726658
   0.79500099  0.56187694  0.40010236
   0.17310000  0.33301000  0.10976000
   0.26095152  0.20311536  0.41172305
   0.08433614  0.31986490  0.51075584
   0.31421054  0.45981775  0.21359666
   0.11387786  0.08327182  0.31577062
   0.23858000  0.04636000  0.07986000
   0.04409161  0.17062839  0.17994601
   0.32669937  0.41603812  0.38170897
   0.11658116  0.04757068  0.48868021
   0.18119326  0.29270581  0.27994459
   0.50750000  0.33753000  0.11288000
   0.59456315  0.20242280  0.41052288
   0.41597755  0.32648991  0.50616370
   0.64792570  0.46071464  0.21473029
   0.44528710  0.08131042  0.31315668
   0.57191000  0.04636000  0.07986000
   0.37742225  0.17081118  0.18003588
   0.66102958  0.41827158  0.38185351
   0.44882699  0.04585242  0.48146844
   0.51415494  0.29293315  0.28065099
   0.84083000  0.33753000  0.11288000
   0.92870758  0.20266639  0.41157570
   0.75642896  0.32829584  0.49875819
   0.98131796  0.46061299  0.21448891
   0.78112188  0.08238529  0.31526294
   0.90524000  0.04636000  0.07986000
   0.71084850  0.17070178  0.17992623
   0.99653716  0.41587851  0.38190914
   0.78546142  0.04574148  0.48568538
   0.84787581  0.29279094  0.28072741
   0.17417000  0.83753000  0.11288000
   0.24079087  0.70842241  0.41413239
   0.04369521  0.83158229  0.51889151
   0.31151763  0.96031004  0.21401949
   0.11632443  0.58470057  0.31654485
   0.23858000  0.54636000  0.07986000
   0.04584279  0.67009049  0.17987133
   0.30466488  0.91729990  0.38159618
   0.15441337  0.54048600  0.48857391
   0.17963853  0.79169159  0.28014441
   0.50750000  0.83753000  0.11288000
   0.57597058  0.71033309  0.41420773
   0.37731253  0.83117182  0.51304437
   0.64512205  0.96064382  0.21445286
   0.44936034  0.58414487  0.31621931
   0.57191000  0.54636000  0.07986000
   0.37925863  0.67003273  0.17986951
   0.63997197  0.91917447  0.38238307
   0.48745725  0.54285284  0.48654767
   0.51366762  0.79216244  0.28027897
   0.84083000  0.83753000  0.11288000
   0.70990022  0.83388753  0.51680885
   0.97856432  0.96074659  0.21442560
   0.78318814  0.58475999  0.31640242
   0.90524000  0.54636000  0.07986000
   0.71255094  0.67017600  0.17990048
   0.97399627  0.92004452  0.38269903
   0.82318164  0.54355075  0.48634202
   0.84693239  0.79252659  0.28039790
   0.90869917  0.71132054  0.41458689
   0.73599734  0.56751515  0.64738048
   0.59498155  0.17688841  0.59932849
   0.97583035  0.64797049  0.59957368
   0.68656433  0.53254159  0.69472814
   0.78820650  0.52912826  0.74663758
   0.75448795  0.44721934  0.76765265
   0.91384399  0.54798591  0.73542801
   0.76433645  0.59052276  0.77799094
   0.55770174  0.50233950  0.70091124
