   0.17775944  0.06422973  0.19540867
   0.28736842  0.42940380  0.50172566
   0.03971000  0.44194000  0.09637000
   0.31400498  0.18784258  0.29864553
   0.12892025  0.31081173  0.39861575
   0.51103306  0.06430876  0.19549706
   0.62053720  0.43130016  0.50188271
   0.37304000  0.44194000  0.09637000
   0.64750064  0.18786520  0.29888091
   0.46213639  0.31094423  0.39864959
   0.84424372  0.06422380  0.19542961
   0.95445274  0.42822963  0.50134414
   0.70637000  0.44194000  0.09637000
   0.98081275  0.18786425  0.29856273
   0.79580195  0.31103649  0.39860289
   0.18001468  0.56399706  0.19515915
   0.24656826  0.93869694  0.50340816
   0.03971000  0.94194000  0.09637000
   0.31512426  0.68873641  0.29906062
   0.10941450  0.81538419  0.40056935
   0.51340282  0.56395324  0.19515922
   0.58040458  0.94060345  0.50420572
   0.37304000  0.94194000  0.09637000
   0.64798255  0.68840065  0.29872744
   0.44010385  0.81686544  0.40386584
   0.84667495  0.56399642  0.19531158
   0.91167607  0.93776347  0.50532783
   0.70637000  0.94194000  0.09637000
   0.98175263  0.68844903  0.29871979
   0.77485889  0.81661071  0.39991257
   0.92857114  0.69324455  0.49578486
   0.03971000  0.19194000  0.09637000
   0.31901792  0.43770035  0.29780363
   0.11330119  0.06182594  0.40034541
   0.17911676  0.31492705  0.19620306
   0.25932875  0.19263324  0.49574414
   0.37304000  0.19194000  0.09637000
   0.65264901  0.43827793  0.29861420
   0.44612806  0.06252269  0.40020031
   0.51226304  0.31560395  0.19748806
   0.59234361  0.19507722  0.49519191
   0.70637000  0.19194000  0.09637000
   0.98638671  0.43824960  0.29825754
   0.77959054  0.06192906  0.40025574
   0.84528800  0.31553396  0.19737095
   0.92791072  0.19089208  0.49521083
   0.03971000  0.69194000  0.09637000
   0.31016070  0.93936230  0.29852276
   0.12825697  0.55922826  0.40045191
   0.17804749  0.81556611  0.19730023
   0.25865430  0.68806007  0.50086850
   0.37304000  0.69194000  0.09637000
   0.64269419  0.93921603  0.29864774
   0.46044311  0.55935739  0.40002142
   0.51129100  0.81551932  0.19726043
   0.59326012  0.69313435  0.49570783
   0.70637000  0.69194000  0.09637000
   0.97703187  0.93938174  0.29842951
   0.84458008  0.81556470  0.19728528
   0.79446275  0.55981205  0.40035995
   0.17310000  0.33301000  0.10976000
   0.26149655  0.20292377  0.41105156
   0.08661778  0.31721574  0.51152266
   0.31421128  0.45982526  0.21367261
   0.11381961  0.08304979  0.31578169
   0.23858000  0.04636000  0.07986000
   0.04407859  0.17062917  0.18009383
   0.32822182  0.41498318  0.38158620
   0.11458251  0.04933740  0.48831145
   0.18120160  0.29272762  0.27988613
   0.50750000  0.33753000  0.11288000
   0.59546077  0.20342002  0.41066401
   0.42016162  0.31973749  0.51120371
   0.64777254  0.46070277  0.21483873
   0.44723366  0.08294476  0.31568338
   0.57191000  0.04636000  0.07986000
   0.37751520  0.17086479  0.18029568
   0.66184825  0.41601780  0.38250747
   0.44891054  0.05279815  0.48780672
   0.51464398  0.29311926  0.28087973
   0.84083000  0.33753000  0.11288000
   0.92803889  0.20295368  0.41111014
   0.75223354  0.32149923  0.51144898
   0.98124523  0.46059764  0.21451973
   0.78059628  0.08279942  0.31574847
   0.90524000  0.04636000  0.07986000
   0.71076453  0.17073208  0.18015084
   0.99467869  0.41494081  0.38160490
   0.78330796  0.04936889  0.48809494
   0.84786966  0.29292308  0.28061029
   0.17417000  0.83753000  0.11288000
   0.24015562  0.70881361  0.41752538
   0.04318872  0.83170037  0.51782787
   0.31187831  0.96071401  0.21447247
   0.11637746  0.58468201  0.31680834
   0.23858000  0.54636000  0.07986000
   0.04588955  0.67017885  0.18002578
   0.30604452  0.91995703  0.38256525
   0.15182046  0.53400388  0.48406263
   0.18031353  0.79249334  0.28049713
   0.50750000  0.83753000  0.11288000
   0.57623762  0.70963840  0.41401750
   0.38213861  0.83582611  0.50739766
   0.64513220  0.96072432  0.21456739
   0.44915186  0.58388967  0.31638718
   0.57191000  0.54636000  0.07986000
   0.37922672  0.67003254  0.17996200
   0.63948783  0.91986359  0.38287391
   0.48758249  0.53971465  0.48587451
   0.51362202  0.79224094  0.28029221
   0.84083000  0.83753000  0.11288000
   0.71065790  0.83201043  0.51619232
   0.97851087  0.96072743  0.21447721
   0.78284165  0.58442814  0.31687051
   0.90524000  0.54636000  0.07986000
   0.71261157  0.67010751  0.18003291
   0.97430129  0.91936325  0.38264770
   0.82213633  0.54039058  0.48722659
   0.84696350  0.79237321  0.28048485
   0.90834826  0.71029868  0.41431479
   0.73639249  0.56938203  0.64648299
   0.25359045  0.65534512  0.60268726
   0.97704320  0.63839972  0.61044585
   0.68828609  0.53395152  0.69435821
   0.78861964  0.52971938  0.74598312
   0.75396575  0.44793219  0.76725324
   0.91491215  0.54850372  0.73527981
   0.76437124  0.59087905  0.77763661
   0.55857772  0.50370456  0.69975436
