   0.17950472  0.06430326  0.19480373
   0.28884636  0.43060138  0.50115212
   0.03971000  0.44194000  0.09637000
   0.31710953  0.18914878  0.29746821
   0.13095795  0.31295967  0.39696713
   0.51298413  0.06419160  0.19446556
   0.61773329  0.43303450  0.49698139
   0.37304000  0.44194000  0.09637000
   0.65049529  0.18863436  0.29688951
   0.46381758  0.31259670  0.39690331
   0.84624670  0.06423667  0.19463668
   0.95919330  0.43121882  0.49820809
   0.70637000  0.44194000  0.09637000
   0.98377548  0.18866125  0.29708846
   0.79748137  0.31180584  0.39512093
   0.18171892  0.56460892  0.19430841
   0.24235941  0.94320009  0.50077984
   0.03971000  0.94194000  0.09637000
   0.31728405  0.69095235  0.29771453
   0.10968519  0.81834729  0.39959787
   0.51479006  0.56412782  0.19399157
   0.57872492  0.94401296  0.50354372
   0.37304000  0.94194000  0.09637000
   0.65008749  0.69001490  0.29692291
   0.44100739  0.81937991  0.40368099
   0.84837271  0.56430642  0.19419890
   0.90686736  0.93795559  0.50337014
   0.70637000  0.94194000  0.09637000
   0.98385937  0.69010686  0.29739522
   0.77331310  0.81777742  0.40045988
   0.57441584  0.69120911  0.49987553
   0.03971000  0.19194000  0.09637000
   0.32129909  0.43918429  0.29599748
   0.11452470  0.06380226  0.39913921
   0.18061677  0.31520463  0.19536214
   0.26283721  0.19306649  0.49490799
   0.37304000  0.19194000  0.09637000
   0.65421435  0.43821941  0.29573026
   0.44966113  0.06674395  0.40062389
   0.51395172  0.31480372  0.19516125
   0.58953379  0.20024855  0.49938292
   0.70637000  0.19194000  0.09637000
   0.98875586  0.43951676  0.29649849
   0.78023335  0.06389592  0.39959739
   0.84757804  0.31532318  0.19556844
   0.93684852  0.18880940  0.49411546
   0.03971000  0.69194000  0.09637000
   0.31328065  0.94167339  0.29817106
   0.12988479  0.56183568  0.39867197
   0.18002900  0.81614257  0.19613678
   0.26825984  0.69119377  0.49875068
   0.37304000  0.69194000  0.09637000
   0.64517599  0.94044673  0.29782265
   0.46253505  0.56191837  0.39730911
   0.51339487  0.81582131  0.19579763
   0.70637000  0.69194000  0.09637000
   0.97888292  0.94036192  0.29769001
   0.84641063  0.81569339  0.19605923
   0.92672353  0.69445238  0.49200823
   0.79484091  0.56085708  0.39672607
   0.17316711  0.33269417  0.10919321
   0.26314761  0.20540277  0.41030053
   0.08641541  0.32017080  0.51094519
   0.31601636  0.46001881  0.21207043
   0.11704560  0.08421612  0.31464257
   0.23858000  0.04636000  0.07986000
   0.04559409  0.17080245  0.18010079
   0.33001480  0.41597014  0.37896315
   0.11098419  0.05405468  0.48741321
   0.18383082  0.29368846  0.27886311
   0.50633000  0.33253000  0.10912000
   0.59987441  0.20832426  0.41358546
   0.42299644  0.31894346  0.51242902
   0.64930753  0.45947798  0.21176495
   0.45141388  0.08553649  0.31581996
   0.57191000  0.04636000  0.07986000
   0.37895229  0.17064789  0.18000792
   0.66382598  0.41595768  0.37973590
   0.44742923  0.05954898  0.48857851
   0.51753631  0.29343839  0.27876561
   0.83994727  0.33279180  0.10931944
   0.92870610  0.20578812  0.41095430
   0.75216560  0.32937112  0.52284659
   0.98298465  0.46015395  0.21240151
   0.78352714  0.08436792  0.31492608
   0.90524000  0.04636000  0.07986000
   0.71244591  0.17096549  0.18017689
   0.99635272  0.41672926  0.38018811
   0.78249259  0.05264420  0.48757938
   0.85096132  0.29406287  0.27933749
   0.17305673  0.83279409  0.10956005
   0.23927047  0.71132344  0.41544273
   0.04165711  0.83397319  0.51180007
   0.31425359  0.96085618  0.21339279
   0.11852476  0.58583462  0.31475463
   0.23858000  0.54636000  0.07986000
   0.04736144  0.67102680  0.18021414
   0.30765091  0.92441323  0.38223083
   0.15466411  0.53690352  0.48254715
   0.18239733  0.79508105  0.27984649
   0.50644164  0.83272814  0.10935601
   0.57571932  0.71151495  0.41564726
   0.37784782  0.84339861  0.50337887
   0.64735095  0.96059180  0.21308590
   0.45142239  0.58590762  0.31404598
   0.57191000  0.54636000  0.07986000
   0.38069592  0.67082705  0.18002170
   0.64004216  0.92226570  0.38203270
   0.48614719  0.53433312  0.47922303
   0.51570264  0.79443007  0.27922742
   0.83946082  0.83246407  0.10962067
   0.70618515  0.83465281  0.51383130
   0.98053921  0.96045299  0.21320321
   0.78412325  0.58431693  0.31333667
   0.90524000  0.54636000  0.07986000
   0.71389726  0.67065281  0.18014545
   0.97361910  0.92207033  0.38188294
   0.82289399  0.53954581  0.48276461
   0.84883109  0.79404279  0.27952129
   0.90839938  0.71075657  0.41050260
   0.80531547  0.61417702  0.63092843
   0.39441063  0.65239071  0.58322921
   0.78213604  0.44406727  0.59617999
   0.80627884  0.66029975  0.67814670
   0.79758815  0.60203535  0.73430310
   0.71157146  0.62870765  0.76295909
   0.76870598  0.51134458  0.72840966
   0.91386672  0.62738123  0.75562735
   0.81713539  0.75207382  0.67846409
