   0.18177000  0.06503000  0.19527000
   0.24629306  0.43896567  0.50332004
   0.03971000  0.44194000  0.09637000
   0.31749416  0.18959595  0.29880311
   0.11045479  0.31716096  0.40155627
   0.51472000  0.06471000  0.19485000
   0.58192752  0.44158369  0.50090242
   0.37304000  0.44194000  0.09637000
   0.65099666  0.18995256  0.29880606
   0.44405688  0.31610297  0.40239452
   0.84826000  0.06468000  0.19455000
   0.91551110  0.44223735  0.50258276
   0.70637000  0.44194000  0.09637000
   0.98419306  0.18997161  0.29896261
   0.77463019  0.31758845  0.40403027
   0.17955000  0.56532000  0.19533000
   0.28071505  0.93207823  0.50518560
   0.03971000  0.94194000  0.09637000
   0.31470182  0.68925926  0.29821045
   0.12490296  0.81378853  0.39533038
   0.51276000  0.56480000  0.19498000
   0.61021332  0.93312033  0.50399713
   0.37304000  0.94194000  0.09637000
   0.64760562  0.68916105  0.29698727
   0.45740397  0.81465101  0.39814512
   0.84642000  0.56519000  0.19522000
   0.94256633  0.93716072  0.50426451
   0.70637000  0.94194000  0.09637000
   0.98105357  0.68902874  0.29730886
   0.79033400  0.81437124  0.39674893
   0.58447648  0.18951688  0.50268537
   0.03971000  0.19194000  0.09637000
   0.31287304  0.44018055  0.29861752
   0.12434859  0.06125234  0.40153225
   0.18013000  0.31638000  0.19719000
   0.26402213  0.19236649  0.49817465
   0.37304000  0.19194000  0.09637000
   0.64523450  0.43931975  0.29754176
   0.45900028  0.06145221  0.39987942
   0.51314000  0.31594000  0.19696000
   0.70637000  0.19194000  0.09637000
   0.97925379  0.44019584  0.29842672
   0.78944619  0.06183991  0.40007783
   0.84665000  0.31624000  0.19703000
   0.91828044  0.19666708  0.49633043
   0.03971000  0.69194000  0.09637000
   0.31964245  0.94072218  0.29826101
   0.11449649  0.56349111  0.40026227
   0.18025000  0.81742000  0.19778000
   0.26596492  0.68980196  0.49516717
   0.37304000  0.69194000  0.09637000
   0.65169789  0.93989986  0.29704348
   0.44822473  0.56357398  0.40008190
   0.51318000  0.81586000  0.19571000
   0.58996780  0.69742279  0.49562792
   0.70637000  0.69194000  0.09637000
   0.98535795  0.94076544  0.29763637
   0.84718000  0.81593000  0.19584000
   0.91711144  0.69660414  0.49289576
   0.78080945  0.56334727  0.39754285
   0.17417000  0.33753000  0.11288000
   0.24193403  0.20937490  0.41587171
   0.04469093  0.33409093  0.51487876
   0.31386000  0.46170000  0.21427000
   0.11809385  0.08542887  0.31699834
   0.23858000  0.04636000  0.07986000
   0.04735000  0.17100000  0.18013000
   0.30968364  0.42033791  0.38282037
   0.14611752  0.03938818  0.48878206
   0.18300441  0.29364420  0.28048408
   0.50750000  0.33753000  0.11288000
   0.57555451  0.20946015  0.41726594
   0.38065144  0.33651178  0.51064052
   0.64712000  0.46121000  0.21367000
   0.45237867  0.08570831  0.31624218
   0.57191000  0.04636000  0.07986000
   0.38063000  0.17082000  0.17998000
   0.64132738  0.42091616  0.38132669
   0.47383374  0.03333502  0.48176871
   0.51613363  0.29315592  0.27995415
   0.84083000  0.33753000  0.11288000
   0.91101243  0.21011696  0.41449637
   0.71789686  0.33868812  0.50520636
   0.98063000  0.46160000  0.21400000
   0.78517367  0.08498631  0.31580359
   0.90524000  0.04636000  0.07986000
   0.71387000  0.17083000  0.18002000
   0.97566663  0.42098569  0.38297900
   0.81048373  0.04263135  0.48632595
   0.84993038  0.29377456  0.28017120
   0.17417000  0.83753000  0.11288000
   0.25625460  0.70781790  0.41220508
   0.07301513  0.82470281  0.52229788
   0.31682000  0.96236000  0.21534000
   0.11460426  0.58469948  0.31598049
   0.23858000  0.54636000  0.07986000
   0.04601000  0.67209000  0.18056000
   0.32250275  0.91760703  0.38114677
   0.11874677  0.55109788  0.48775342
   0.18175720  0.79457316  0.28091007
   0.50619000  0.83294000  0.10916000
   0.59046174  0.70775562  0.41156415
   0.40943686  0.82014795  0.51565326
   0.64926000  0.96050000  0.21277000
   0.44799938  0.58503008  0.31591861
   0.57191000  0.54636000  0.07986000
   0.37906000  0.67136000  0.18002000
   0.65643663  0.91808084  0.38087581
   0.44908509  0.55418724  0.48786218
   0.51466154  0.79432312  0.27940947
   0.83992000  0.83287000  0.10930000
   0.74664860  0.82448700  0.51395656
   0.98268000  0.96077000  0.21320000
   0.78100965  0.58423643  0.31382829
   0.90524000  0.54636000  0.07986000
   0.71230000  0.67144000  0.18017000
   0.99050616  0.91875542  0.38202519
   0.78250853  0.55383895  0.48444102
   0.84842195  0.79511470  0.27961623
   0.92543657  0.70807812  0.40980405
   0.78477000  0.69231000  0.65805000
   0.54831731  0.15339744  0.59577011
  -0.00999429  0.76400735  0.60395480
   0.71493576  0.61555014  0.68850678
   0.79730803  0.56396017  0.73344159
   0.75148303  0.47331221  0.73804388
   0.92580339  0.58402024  0.72589995
   0.77153248  0.60177713  0.77474253
   0.58535580  0.58695489  0.68310139
