   0.17960026  0.06427542  0.19469657
   0.28847059  0.43055628  0.50096137
   0.03971000  0.44194000  0.09637000
   0.31702115  0.18908908  0.29741220
   0.13094161  0.31294850  0.39691232
   0.51300409  0.06419528  0.19442473
   0.61740158  0.43305855  0.49686172
   0.37304000  0.44194000  0.09637000
   0.65043910  0.18864284  0.29684210
   0.46386357  0.31263564  0.39686046
   0.84627785  0.06420585  0.19452588
   0.95895274  0.43142060  0.49847981
   0.70637000  0.44194000  0.09637000
   0.98370861  0.18863979  0.29701009
   0.79748698  0.31187991  0.39510802
   0.18169359  0.56455036  0.19425391
   0.24266817  0.94328726  0.50075717
   0.03971000  0.94194000  0.09637000
   0.31723275  0.69093193  0.29768098
   0.10964966  0.81839600  0.39971636
   0.51481620  0.56416436  0.19395796
   0.57910700  0.94407050  0.50344774
   0.37304000  0.94194000  0.09637000
   0.65012313  0.69014880  0.29686727
   0.44099859  0.81940656  0.40365547
   0.84835545  0.56431713  0.19419486
   0.90740534  0.93821801  0.50341282
   0.70637000  0.94194000  0.09637000
   0.98388589  0.69016253  0.29732896
   0.77333837  0.81793920  0.40064539
   0.57469960  0.69107589  0.49980607
   0.03971000  0.19194000  0.09637000
   0.32126384  0.43918226  0.29592550
   0.11452421  0.06371486  0.39901201
   0.18064625  0.31516316  0.19530933
   0.26316432  0.19288888  0.49471896
   0.37304000  0.19194000  0.09637000
   0.65426429  0.43838757  0.29576647
   0.44979952  0.06680276  0.40059951
   0.51394613  0.31485933  0.19518150
   0.58960330  0.20031002  0.49945753
   0.70637000  0.19194000  0.09637000
   0.98875094  0.43953441  0.29648777
   0.78027769  0.06390132  0.39953346
   0.84758264  0.31534687  0.19553249
   0.93700512  0.18875977  0.49400396
   0.03971000  0.69194000  0.09637000
   0.31326906  0.94161973  0.29814466
   0.12968007  0.56187321  0.39873799
   0.18014347  0.81608183  0.19609253
   0.26870845  0.69123578  0.49874957
   0.37304000  0.69194000  0.09637000
   0.64517391  0.94043203  0.29774225
   0.46244336  0.56194531  0.39719955
   0.51340368  0.81580179  0.19573519
   0.70637000  0.69194000  0.09637000
   0.97876193  0.94023943  0.29752368
   0.84663207  0.81562522  0.19581265
   0.92623864  0.69467667  0.49224621
   0.79475735  0.56102601  0.39685970
   0.17318883  0.33266436  0.10915497
   0.26314630  0.20535072  0.41013103
   0.08616272  0.32032301  0.51085974
   0.31603405  0.45998662  0.21202772
   0.11685215  0.08405532  0.31448947
   0.23858000  0.04636000  0.07986000
   0.04562422  0.17079217  0.18007656
   0.32999673  0.41601165  0.37889520
   0.11126345  0.05413735  0.48736271
   0.18376396  0.29362750  0.27882067
   0.50633000  0.33253000  0.10912000
   0.59994633  0.20848947  0.41366039
   0.42282545  0.31899136  0.51218432
   0.64930396  0.45956133  0.21183054
   0.45138917  0.08552987  0.31578196
   0.57191000  0.04636000  0.07986000
   0.37898262  0.17067722  0.18001921
   0.66389923  0.41614243  0.37977649
   0.44758984  0.05963506  0.48860128
   0.51746302  0.29349465  0.27880116
   0.83992184  0.33272601  0.10930552
   0.92872406  0.20583753  0.41087745
   0.75167431  0.32919631  0.52296902
   0.98294999  0.46015311  0.21241516
   0.78350238  0.08433392  0.31485670
   0.90524000  0.04636000  0.07986000
   0.71246140  0.17098563  0.18017399
   0.99638687  0.41678074  0.38017790
   0.78279456  0.05270689  0.48753885
   0.85091520  0.29405325  0.27932097
   0.17311213  0.83278724  0.10955294
   0.23922928  0.71126208  0.41549387
   0.04188561  0.83401847  0.51190118
   0.31434159  0.96081890  0.21335975
   0.11847254  0.58586050  0.31480316
   0.23858000  0.54636000  0.07986000
   0.04735763  0.67101636  0.18021686
   0.30756612  0.92439792  0.38224481
   0.15445236  0.53711283  0.48271295
   0.18243598  0.79508190  0.27981319
   0.50646352  0.83274611  0.10933180
   0.57573334  0.71152195  0.41562969
   0.37821031  0.84336285  0.50324368
   0.64740497  0.96055987  0.21299996
   0.45146128  0.58595700  0.31397354
   0.57191000  0.54636000  0.07986000
   0.38068269  0.67081615  0.18000727
   0.64000140  0.92227196  0.38200434
   0.48582750  0.53429577  0.47912062
   0.51566011  0.79449348  0.27918572
   0.83967398  0.83267377  0.10946540
   0.70670191  0.83458706  0.51362006
   0.98065756  0.96034825  0.21297946
   0.78415241  0.58454367  0.31344783
   0.90524000  0.54636000  0.07986000
   0.71392688  0.67066710  0.18006409
   0.97354500  0.92196409  0.38179403
   0.82253683  0.53980476  0.48293270
   0.84886772  0.79402934  0.27930733
   0.90833522  0.71086423  0.41074316
   0.80654049  0.61268660  0.63087700
   0.39638325  0.65286430  0.58317709
   0.78000047  0.44341270  0.59623922
   0.80657357  0.65926990  0.67799668
   0.79745817  0.60178182  0.73436359
   0.71128229  0.62884505  0.76270792
   0.76879758  0.51089669  0.72890727
   0.91358745  0.62748499  0.75572633
   0.81682628  0.75089081  0.67786549
