   0.18177000  0.06503000  0.19527000
   0.26753006  0.43250642  0.50250758
   0.03971000  0.44194000  0.09637000
   0.31546006  0.18841199  0.29841070
   0.11655457  0.31413678  0.39990168
   0.51472000  0.06471000  0.19485000
   0.60052034  0.43275673  0.50166975
   0.37304000  0.44194000  0.09637000
   0.64909016  0.18826425  0.29815241
   0.44984438  0.31353381  0.39914881
   0.84826000  0.06468000  0.19455000
   0.93612169  0.43504440  0.50740761
   0.70637000  0.44194000  0.09637000
   0.98225793  0.18842556  0.29831775
   0.78384805  0.31458875  0.39976340
   0.17955000  0.56532000  0.19533000
   0.26258311  0.93259727  0.50476898
   0.03971000  0.94194000  0.09637000
   0.31570986  0.68867016  0.29788243
   0.11981273  0.81315323  0.39673538
   0.51276000  0.56480000  0.19498000
   0.59312705  0.93349917  0.50242344
   0.37304000  0.94194000  0.09637000
   0.64864639  0.68865084  0.29740275
   0.45243919  0.81363701  0.39911643
   0.84642000  0.56519000  0.19522000
   0.92315733  0.93376878  0.50505667
   0.70637000  0.94194000  0.09637000
   0.98190507  0.68847043  0.29732878
   0.78549633  0.81441263  0.39883682
   0.58936884  0.19212071  0.49494519
   0.03971000  0.19194000  0.09637000
   0.31503229  0.43938137  0.29801189
   0.11833053  0.06070932  0.39908292
   0.18013000  0.31638000  0.19719000
   0.25539427  0.19242676  0.49554622
   0.37304000  0.19194000  0.09637000
   0.64798100  0.43890799  0.29735431
   0.45185739  0.06079745  0.40013714
   0.51314000  0.31594000  0.19696000
   0.70637000  0.19194000  0.09637000
   0.98170143  0.43891962  0.29757848
   0.78507026  0.06038684  0.39904415
   0.84665000  0.31624000  0.19703000
   0.92142963  0.19297264  0.49383502
   0.03971000  0.69194000  0.09637000
   0.31707429  0.93970523  0.29849057
   0.12138578  0.55954118  0.39887664
   0.18025000  0.81742000  0.19778000
   0.26107884  0.68781421  0.49486606
   0.37304000  0.69194000  0.09637000
   0.64952307  0.93849655  0.29690553
   0.45447067  0.55994106  0.39976125
   0.51318000  0.81586000  0.19571000
   0.59533037  0.69071688  0.49487321
   0.70637000  0.69194000  0.09637000
   0.98284132  0.93926455  0.29737990
   0.84718000  0.81593000  0.19584000
   0.92325257  0.68963284  0.49306239
   0.78824738  0.55998434  0.39832519
   0.17417000  0.33753000  0.11288000
   0.24999421  0.20655507  0.41266397
   0.06793090  0.32354551  0.50979968
   0.31386000  0.46170000  0.21427000
   0.11589153  0.08396352  0.31580729
   0.23858000  0.04636000  0.07986000
   0.04735000  0.17100000  0.18013000
   0.31601099  0.41791251  0.38185731
   0.18937008  0.01976363  0.46055903
   0.18200115  0.29310351  0.28035018
   0.50750000  0.33753000  0.11288000
   0.58357143  0.20678656  0.41211694
   0.39958811  0.32456376  0.51208783
   0.64712000  0.46121000  0.21367000
   0.44977284  0.08436067  0.31631020
   0.57191000  0.04636000  0.07986000
   0.38063000  0.17082000  0.17998000
   0.64849864  0.41798512  0.38119383
   0.46218295  0.04370857  0.48712783
   0.51504376  0.29259215  0.28003857
   0.84083000  0.33753000  0.11288000
   0.91613168  0.20629858  0.41110771
   0.73255497  0.32495815  0.51057835
   0.98063000  0.46160000  0.21400000
   0.78255842  0.08311265  0.31494674
   0.90524000  0.04636000  0.07986000
   0.71387000  0.17083000  0.18002000
   0.98217628  0.41770707  0.38103627
   0.79355191  0.04388670  0.48582979
   0.84844267  0.29273622  0.27996395
   0.17417000  0.83753000  0.11288000
   0.25218496  0.70708974  0.41222101
   0.05592798  0.82596339  0.52203274
   0.31682000  0.96236000  0.21534000
   0.11590265  0.58419578  0.31521225
   0.23858000  0.54636000  0.07986000
   0.04601000  0.67209000  0.18056000
   0.31829524  0.91730244  0.38201181
   0.13729965  0.54123250  0.48366614
   0.18191488  0.79395243  0.28096297
   0.50619000  0.83294000  0.10916000
   0.58567621  0.70652875  0.41237027
   0.39128569  0.82504282  0.51333535
   0.64926000  0.96050000  0.21277000
   0.44934429  0.58434270  0.31588754
   0.57191000  0.54636000  0.07986000
   0.37906000  0.67136000  0.18002000
   0.65041038  0.91724047  0.38099440
   0.46882882  0.54335195  0.48675436
   0.51492347  0.79316155  0.27925672
   0.83992000  0.83287000  0.10930000
   0.72686908  0.82721367  0.51098779
   0.98268000  0.96077000  0.21320000
   0.78235439  0.58401156  0.31476638
   0.90524000  0.54636000  0.07986000
   0.71230000  0.67144000  0.18017000
   0.98464285  0.91739172  0.38168048
   0.80026114  0.54253417  0.48382405
   0.84849374  0.79369746  0.27948693
   0.91996102  0.70808583  0.41138967
   0.78477000  0.69231000  0.65805000
   0.02217943  0.08380777  0.53905295
   0.03855952  0.70207488  0.59271174
   0.71735447  0.62986627  0.69580462
   0.79705009  0.57553194  0.74112704
   0.74040246  0.48621804  0.74355174
   0.92409255  0.58605173  0.73278889
   0.77677283  0.61181407  0.78323829
   0.58517819  0.61112249  0.69752198
