   0.18177000  0.06503000  0.19527000
   0.24747913  0.43962294  0.50302102
   0.03971000  0.44194000  0.09637000
   0.31714073  0.18982306  0.29891126
   0.11014740  0.31737622  0.40095243
   0.51472000  0.06471000  0.19485000
   0.58259248  0.44021404  0.50144808
   0.37304000  0.44194000  0.09637000
   0.65061188  0.19009115  0.29890063
   0.44419170  0.31653941  0.40216512
   0.84826000  0.06468000  0.19455000
   0.91642177  0.44120299  0.50317211
   0.70637000  0.44194000  0.09637000
   0.98353052  0.18959834  0.29886678
   0.77474609  0.31772528  0.40399905
   0.17955000  0.56532000  0.19533000
   0.28137746  0.93293542  0.50527351
   0.03971000  0.94194000  0.09637000
   0.31498406  0.68943491  0.29792188
   0.12486281  0.81369894  0.39585758
   0.51276000  0.56480000  0.19498000
   0.61015189  0.93359614  0.50393564
   0.37304000  0.94194000  0.09637000
   0.64823412  0.68988824  0.29777452
   0.45767566  0.81466292  0.39830417
   0.84642000  0.56519000  0.19522000
   0.94271017  0.93768100  0.50343637
   0.70637000  0.94194000  0.09637000
   0.98135624  0.68921888  0.29757354
   0.79098869  0.81468744  0.39837543
   0.58473029  0.18884849  0.50229909
   0.03971000  0.19194000  0.09637000
   0.31315769  0.44019403  0.29835600
   0.12484116  0.06141455  0.40097873
   0.18013000  0.31638000  0.19719000
   0.26361226  0.19303496  0.49721201
   0.37304000  0.19194000  0.09637000
   0.64579100  0.44028553  0.29794912
   0.45837593  0.06150760  0.39986714
   0.51314000  0.31594000  0.19696000
   0.70637000  0.19194000  0.09637000
   0.97899563  0.43991075  0.29828442
   0.78952534  0.06199782  0.40002935
   0.84665000  0.31624000  0.19703000
   0.91902135  0.19598466  0.49615497
   0.03971000  0.69194000  0.09637000
   0.31933265  0.94067554  0.29818247
   0.11423517  0.56326037  0.39973659
   0.18025000  0.81742000  0.19778000
   0.26577103  0.69029442  0.49465532
   0.37304000  0.69194000  0.09637000
   0.65199172  0.93961861  0.29717170
   0.44906738  0.56352370  0.39986154
   0.51318000  0.81586000  0.19571000
   0.59152227  0.69712164  0.49576372
   0.70637000  0.69194000  0.09637000
   0.98490496  0.94041302  0.29781768
   0.84718000  0.81593000  0.19584000
   0.92506674  0.69264625  0.49436659
   0.78123820  0.56408782  0.39919383
   0.17417000  0.33753000  0.11288000
   0.24224580  0.21016602  0.41514621
   0.04674145  0.33366850  0.51427022
   0.31386000  0.46170000  0.21427000
   0.11773355  0.08524309  0.31683318
   0.23858000  0.04636000  0.07986000
   0.04735000  0.17100000  0.18013000
   0.30970593  0.42097623  0.38248773
   0.14646963  0.04044436  0.48795350
   0.18267910  0.29353640  0.28038501
   0.50750000  0.33753000  0.11288000
   0.57558062  0.20952414  0.41723431
   0.38054854  0.33633511  0.51074331
   0.64712000  0.46121000  0.21367000
   0.45180945  0.08617108  0.31623994
   0.57191000  0.04636000  0.07986000
   0.38063000  0.17082000  0.17998000
   0.64146998  0.42166894  0.38195130
   0.47444875  0.03395782  0.48188060
   0.51597030  0.29385472  0.28006939
   0.84083000  0.33753000  0.11288000
   0.91084198  0.21023127  0.41398805
   0.71854901  0.33720088  0.50575183
   0.98063000  0.46160000  0.21400000
   0.78434197  0.08479806  0.31595005
   0.90524000  0.04636000  0.07986000
   0.71387000  0.17083000  0.18002000
   0.97544170  0.42096366  0.38257135
   0.81071002  0.04314890  0.48597274
   0.84955182  0.29345444  0.28006721
   0.17417000  0.83753000  0.11288000
   0.25626616  0.70745183  0.41185104
   0.07183091  0.82472669  0.52251839
   0.31682000  0.96236000  0.21534000
   0.11477171  0.58478445  0.31554517
   0.23858000  0.54636000  0.07986000
   0.04601000  0.67209000  0.18056000
   0.32271172  0.91735444  0.38095975
   0.11846899  0.55151262  0.48763508
   0.18162308  0.79457039  0.28092046
   0.50619000  0.83294000  0.10916000
   0.59124474  0.70762234  0.41170789
   0.40944643  0.82057496  0.51474736
   0.64926000  0.96050000  0.21277000
   0.44856441  0.58513987  0.31565641
   0.57191000  0.54636000  0.07986000
   0.37906000  0.67136000  0.18002000
   0.65679637  0.91767135  0.38113629
   0.45086944  0.55358733  0.48774419
   0.51495560  0.79429700  0.27942156
   0.83992000  0.83287000  0.10930000
   0.74530545  0.82537614  0.51488703
   0.98268000  0.96077000  0.21320000
   0.78155697  0.58526258  0.31535076
   0.90524000  0.54636000  0.07986000
   0.71230000  0.67144000  0.18017000
   0.99048684  0.91829091  0.38227222
   0.78491148  0.55286845  0.48623050
   0.84872735  0.79491036  0.27984725
   0.92567559  0.70841180  0.41179896
   0.78477000  0.69231000  0.65805000
   0.54756179  0.15286368  0.59582083
  -0.03428572  0.77124183  0.60151135
   0.72044524  0.61653118  0.69041977
   0.80009022  0.56252532  0.73512003
   0.74819879  0.47241352  0.73625813
   0.92878061  0.57963476  0.72941092
   0.77346157  0.59627578  0.77737950
   0.59035126  0.58686909  0.68656613
