   0.18177000  0.06503000  0.19527000
   0.24249151  0.44340342  0.50453996
   0.03971000  0.44194000  0.09637000
   0.31850920  0.19013644  0.29955614
   0.11593052  0.31737312  0.40095876
   0.51472000  0.06471000  0.19485000
   0.58578242  0.44309472  0.50527483
   0.37304000  0.44194000  0.09637000
   0.65200611  0.18983291  0.29826809
   0.44720704  0.31824355  0.40188069
   0.84826000  0.06468000  0.19455000
   0.90689822  0.43805400  0.50402309
   0.70637000  0.44194000  0.09637000
   0.98582989  0.18968156  0.29784092
   0.78117313  0.31837800  0.40193895
   0.17955000  0.56532000  0.19533000
   0.28432854  0.93842172  0.50443296
   0.03971000  0.94194000  0.09637000
   0.31580760  0.69060873  0.29817190
   0.12536544  0.81609458  0.39799399
   0.51276000  0.56480000  0.19498000
   0.61422053  0.93476825  0.50292980
   0.37304000  0.94194000  0.09637000
   0.64847362  0.69000204  0.29728351
   0.45866852  0.81634343  0.39877862
   0.84642000  0.56519000  0.19522000
   0.94551933  0.93669592  0.50278119
   0.70637000  0.94194000  0.09637000
   0.98234218  0.69053876  0.29791481
   0.79125386  0.81543911  0.39805608
   0.57606925  0.19413811  0.49650548
   0.03971000  0.19194000  0.09637000
   0.31459366  0.44082004  0.29840635
   0.12912265  0.06363021  0.40043879
   0.18013000  0.31638000  0.19719000
   0.26195465  0.19690689  0.50669947
   0.37304000  0.19194000  0.09637000
   0.64763981  0.44016007  0.29740679
   0.46171297  0.06384619  0.40350615
   0.51314000  0.31594000  0.19696000
   0.70637000  0.19194000  0.09637000
   0.98101764  0.44040848  0.29795388
   0.79330682  0.06208018  0.40028443
   0.84665000  0.31624000  0.19703000
   0.92994206  0.19270744  0.49291085
   0.03971000  0.69194000  0.09637000
   0.32049555  0.94252985  0.29961084
   0.11471882  0.56527317  0.39912994
   0.18025000  0.81742000  0.19778000
   0.25855412  0.69594012  0.49427803
   0.37304000  0.69194000  0.09637000
   0.65267254  0.94030263  0.29708057
   0.44712265  0.56551847  0.39978194
   0.51318000  0.81586000  0.19571000
   0.58789152  0.69690651  0.49506571
   0.70637000  0.69194000  0.09637000
   0.98619921  0.94042843  0.29759501
   0.84718000  0.81593000  0.19584000
   0.92056040  0.69778249  0.49424542
   0.78195148  0.56537440  0.39804797
   0.17417000  0.33753000  0.11288000
   0.24880299  0.21058596  0.41584100
   0.04472035  0.34004929  0.51254007
   0.31386000  0.46170000  0.21427000
   0.11931127  0.08506363  0.31598317
   0.23858000  0.04636000  0.07986000
   0.04735000  0.17100000  0.18013000
   0.31283998  0.42240490  0.38194606
   0.14589895  0.04036433  0.48582865
   0.18429643  0.29407939  0.28029763
   0.50750000  0.33753000  0.11288000
   0.58229692  0.21224297  0.41478977
   0.38380539  0.34321731  0.50290744
   0.64712000  0.46121000  0.21367000
   0.45423472  0.08735153  0.31862983
   0.57191000  0.04636000  0.07986000
   0.38063000  0.17082000  0.17998000
   0.64765885  0.42072181  0.38135282
   0.48536320  0.04707787  0.49100710
   0.51738298  0.29358013  0.28018595
   0.84083000  0.33753000  0.11288000
   0.91225105  0.21118812  0.41166673
   0.72334484  0.33802169  0.51583090
   0.98063000  0.46160000  0.21400000
   0.78661243  0.08560183  0.31510791
   0.90524000  0.04636000  0.07986000
   0.71387000  0.17083000  0.18002000
   0.97975794  0.42139733  0.38229094
   0.81321311  0.04736859  0.49006353
   0.85102363  0.29389776  0.28019772
   0.17417000  0.83753000  0.11288000
   0.25743262  0.70830690  0.41035617
   0.07854889  0.82110981  0.51348114
   0.31682000  0.96236000  0.21534000
   0.11558010  0.58572680  0.31474205
   0.23858000  0.54636000  0.07986000
   0.04601000  0.67209000  0.18056000
   0.32493160  0.92149095  0.38387336
   0.11427531  0.55307414  0.49013751
   0.18272857  0.79653219  0.28147965
   0.50619000  0.83294000  0.10916000
   0.59106721  0.70874229  0.41140901
   0.41101628  0.82572263  0.51187011
   0.64926000  0.96050000  0.21277000
   0.44902680  0.58590582  0.31535602
   0.57191000  0.54636000  0.07986000
   0.37906000  0.67136000  0.18002000
   0.65760726  0.91986001  0.38105640
   0.44864410  0.55579329  0.48683733
   0.51539389  0.79521717  0.27961875
   0.83992000  0.83287000  0.10930000
   0.74729925  0.82360173  0.51028884
   0.98268000  0.96077000  0.21320000
   0.78224857  0.58532402  0.31410212
   0.90524000  0.54636000  0.07986000
   0.71230000  0.67144000  0.18017000
   0.99021702  0.91982876  0.38184548
   0.78025518  0.55374767  0.48679190
   0.84884160  0.79536894  0.27974968
   0.92511125  0.70839354  0.40965973
   0.78477000  0.69231000  0.65805000
   0.32719830  0.25302473  0.61665978
   0.95023918  0.65148953  0.60691239
   0.71669270  0.61256163  0.68665630
   0.78746614  0.54332138  0.74525845
   0.74840633  0.45237448  0.75863965
   0.92942546  0.55062366  0.73889099
   0.77174512  0.58708611  0.77392077
   0.60888119  0.54262999  0.68455690
