   0.18177000  0.06503000  0.19527000
   0.26630726  0.43264334  0.50242604
   0.03971000  0.44194000  0.09637000
   0.31535950  0.18827552  0.29821965
   0.11558333  0.31437476  0.40011846
   0.51472000  0.06471000  0.19485000
   0.59950695  0.43271770  0.50124850
   0.37304000  0.44194000  0.09637000
   0.64898143  0.18826156  0.29812786
   0.44867725  0.31343675  0.39887399
   0.84826000  0.06468000  0.19455000
   0.93467472  0.43525314  0.50716835
   0.70637000  0.44194000  0.09637000
   0.98223397  0.18857127  0.29838535
   0.78271658  0.31484172  0.39986753
   0.17955000  0.56532000  0.19533000
   0.26221875  0.93294486  0.50435613
   0.03971000  0.94194000  0.09637000
   0.31523175  0.68848233  0.29781914
   0.11977409  0.81304573  0.39637799
   0.51276000  0.56480000  0.19498000
   0.59413681  0.93293272  0.50238952
   0.37304000  0.94194000  0.09637000
   0.64819120  0.68853356  0.29723396
   0.45254177  0.81349017  0.39900407
   0.84642000  0.56519000  0.19522000
   0.92643946  0.93471434  0.50494875
   0.70637000  0.94194000  0.09637000
   0.98143075  0.68831385  0.29725758
   0.78550374  0.81419387  0.39854766
   0.58928295  0.19131364  0.49424577
   0.03971000  0.19194000  0.09637000
   0.31449891  0.43931027  0.29795541
   0.11897642  0.06029193  0.40017578
   0.18013000  0.31638000  0.19719000
   0.25517707  0.19190578  0.49571746
   0.37304000  0.19194000  0.09637000
   0.64733478  0.43868855  0.29715332
   0.45214637  0.06033233  0.39975218
   0.51314000  0.31594000  0.19696000
   0.70637000  0.19194000  0.09637000
   0.98119212  0.43883638  0.29755120
   0.78525764  0.06004040  0.39909194
   0.84665000  0.31624000  0.19703000
   0.92229446  0.19189581  0.49394803
   0.03971000  0.69194000  0.09637000
   0.31701016  0.93943045  0.29830223
   0.12099005  0.55944317  0.39879757
   0.18025000  0.81742000  0.19778000
   0.26120851  0.68779439  0.49460990
   0.37304000  0.69194000  0.09637000
   0.64942844  0.93848612  0.29688463
   0.45393725  0.56002770  0.39968992
   0.51318000  0.81586000  0.19571000
   0.59536378  0.69051452  0.49476058
   0.70637000  0.69194000  0.09637000
   0.98265870  0.93935612  0.29738294
   0.84718000  0.81593000  0.19584000
   0.92336523  0.68897296  0.49206780
   0.78739283  0.55983427  0.39762234
   0.17417000  0.33753000  0.11288000
   0.24879684  0.20631420  0.41287801
   0.06665120  0.32292477  0.50945543
   0.31386000  0.46170000  0.21427000
   0.11594107  0.08385591  0.31600579
   0.23858000  0.04636000  0.07986000
   0.04735000  0.17100000  0.18013000
   0.31499034  0.41789412  0.38185131
   0.12956630  0.04134607  0.48779323
   0.18187313  0.29293182  0.28027230
   0.50750000  0.33753000  0.11288000
   0.58204762  0.20646607  0.41161400
   0.39826749  0.32457471  0.51228964
   0.64712000  0.46121000  0.21367000
   0.44958653  0.08406432  0.31602476
   0.57191000  0.04636000  0.07986000
   0.38063000  0.17082000  0.17998000
   0.64716229  0.41769437  0.38078971
   0.46253713  0.04285474  0.48657067
   0.51472582  0.29244759  0.27995881
   0.84083000  0.33753000  0.11288000
   0.91516665  0.20620003  0.41122426
   0.73130960  0.32447006  0.50910014
   0.98063000  0.46160000  0.21400000
   0.78264055  0.08305732  0.31503528
   0.90524000  0.04636000  0.07986000
   0.71387000  0.17083000  0.18002000
   0.98135140  0.41773189  0.38105034
   0.79594020  0.04376144  0.48625871
   0.84823195  0.29261939  0.27997780
   0.17417000  0.83753000  0.11288000
   0.25222739  0.70699093  0.41197745
   0.05638656  0.82455311  0.52149062
   0.31682000  0.96236000  0.21534000
   0.11542417  0.58396976  0.31506716
   0.23858000  0.54636000  0.07986000
   0.04601000  0.67209000  0.18056000
   0.31800966  0.91735623  0.38193466
   0.13644723  0.54154778  0.48354771
   0.18154749  0.79377180  0.28090141
   0.50619000  0.83294000  0.10916000
   0.58581493  0.70645743  0.41218664
   0.39207623  0.82484193  0.51315351
   0.64926000  0.96050000  0.21277000
   0.44887510  0.58424353  0.31576614
   0.57191000  0.54636000  0.07986000
   0.37906000  0.67136000  0.18002000
   0.65050347  0.91714576  0.38097031
   0.46757840  0.54356756  0.48674776
   0.51454593  0.79319690  0.27928516
   0.83992000  0.83287000  0.10930000
   0.72772156  0.82693927  0.51131508
   0.98268000  0.96077000  0.21320000
   0.78182922  0.58380097  0.31424006
   0.90524000  0.54636000  0.07986000
   0.71230000  0.67144000  0.18017000
   0.98498135  0.91764738  0.38167764
   0.79849071  0.54256579  0.48256585
   0.84819640  0.79374278  0.27952975
   0.92026425  0.70800237  0.41040946
   0.78477000  0.69231000  0.65805000
   0.98617960  0.50803251  0.61632579
   0.03107327  0.69963949  0.59230093
   0.71755650  0.62939587  0.69565778
   0.79690631  0.57489085  0.74092302
   0.73908004  0.48591399  0.74373586
   0.92363178  0.58456244  0.73243663
   0.77822545  0.61186953  0.78291868
   0.58536111  0.61036150  0.69738439
