   0.18205966  0.06423167  0.19395308
   0.24665995  0.44427367  0.49992485
   0.03971000  0.44194000  0.09637000
   0.31831231  0.19035819  0.29698303
   0.11118900  0.31718477  0.40123871
   0.51526168  0.06410238  0.19384775
   0.57381056  0.44365955  0.50080220
   0.37304000  0.44194000  0.09637000
   0.65156923  0.18938962  0.29664493
   0.44373775  0.31787122  0.40123212
   0.84850575  0.06375799  0.19352385
   0.91546983  0.44690240  0.49820535
   0.70637000  0.44194000  0.09637000
   0.98481644  0.18960211  0.29664227
   0.78007709  0.31619007  0.39763912
   0.18060582  0.56422769  0.19399660
   0.28434927  0.93157280  0.49928288
   0.03971000  0.94194000  0.09637000
   0.31676373  0.68953388  0.29646011
   0.12697848  0.81393532  0.39507537
   0.51362537  0.56391648  0.19392992
   0.61957099  0.93313951  0.50085295
   0.37304000  0.94194000  0.09637000
   0.64962070  0.68886547  0.29609176
   0.46105956  0.81454234  0.39590131
   0.84711852  0.56393319  0.19384723
   0.95203568  0.93147097  0.50032130
   0.70637000  0.94194000  0.09637000
   0.98307546  0.68897126  0.29600405
   0.79397056  0.81391055  0.39517740
   0.93991730  0.19112770  0.49844586
   0.03971000  0.19194000  0.09637000
   0.31349955  0.43951714  0.29627911
   0.12974556  0.06062183  0.39660333
   0.18060521  0.31520309  0.19502652
   0.24348493  0.18955153  0.49838808
   0.37304000  0.19194000  0.09637000
   0.64710943  0.43927408  0.29627098
   0.46151877  0.06364295  0.39979137
   0.51395476  0.31518309  0.19509978
   0.58693527  0.19398047  0.49780751
   0.70637000  0.19194000  0.09637000
   0.98090341  0.43958625  0.29566920
   0.79539789  0.06192455  0.39953996
   0.84724484  0.31497951  0.19492154
   0.03971000  0.69194000  0.09637000
   0.32116728  0.94077402  0.29705603
   0.11545555  0.56477848  0.39648000
   0.18108406  0.81590151  0.19565205
   0.25313122  0.70077266  0.49220937
   0.37304000  0.69194000  0.09637000
   0.65404148  0.94029532  0.29673825
   0.44748526  0.56461680  0.39712048
   0.51414467  0.81567371  0.19553959
   0.58768386  0.69854705  0.49239776
   0.70637000  0.69194000  0.09637000
   0.98694694  0.93924510  0.29519182
   0.84730205  0.81496606  0.19483338
   0.92030625  0.69680187  0.49240797
   0.78091205  0.56387265  0.39696403
   0.17325000  0.33256000  0.10893000
   0.24608433  0.20976285  0.41423233
   0.04462544  0.34439129  0.50275819
   0.31476444  0.45977446  0.21173045
   0.11965779  0.08519567  0.31303475
   0.23858000  0.04636000  0.07986000
   0.04750966  0.17043548  0.17978326
   0.31013705  0.42092323  0.38048465
   0.15106528  0.03359407  0.47901037
   0.18333894  0.29377370  0.27837478
   0.50654000  0.33260000  0.10901000
   0.58089479  0.21331471  0.41622730
   0.37813209  0.33560502  0.50963882
   0.64809069  0.45963727  0.21182016
   0.45319300  0.08674226  0.31601283
   0.57191000  0.04636000  0.07986000
   0.38105070  0.17052723  0.17985783
   0.64435910  0.42006828  0.38100458
   0.48509533  0.04308692  0.48636849
   0.51722716  0.29350479  0.27859267
   0.83980000  0.33255000  0.10889000
   0.90966517  0.21053891  0.41522377
   0.70730717  0.33633118  0.52154170
   0.98148212  0.45960407  0.21138542
   0.78608287  0.08583168  0.31503375
   0.90524000  0.04636000  0.07986000
   0.71431275  0.17028047  0.17977707
   0.97692276  0.42096948  0.37953924
   0.81777572  0.03925992  0.48442390
   0.84988827  0.29343788  0.27841847
   0.17338000  0.83273000  0.10943000
   0.26100065  0.70725238  0.40716214
   0.08407508  0.81874740  0.51038143
   0.31698057  0.96059103  0.21281778
   0.11666157  0.58385701  0.31218115
   0.23858000  0.54636000  0.07986000
   0.04661033  0.67111513  0.18018634
   0.32750561  0.91991672  0.38089368
   0.11507682  0.55757632  0.48351384
   0.18371363  0.79531279  0.27938419
   0.50662000  0.83273000  0.10932000
   0.59393932  0.70657240  0.40816251
   0.41811150  0.82336887  0.50959064
   0.64982308  0.96027388  0.21242050
   0.44962854  0.58376639  0.31279386
   0.57191000  0.54636000  0.07986000
   0.37996010  0.67102196  0.18009292
   0.65991924  0.91896834  0.38052044
   0.44822490  0.55442559  0.48452801
   0.51713405  0.79483517  0.27921330
   0.83987000  0.83253000  0.10888000
   0.74990378  0.82099636  0.51140197
   0.98311485  0.95953462  0.21130334
   0.78271396  0.58345491  0.31266828
   0.90524000  0.54636000  0.07986000
   0.71290907  0.67049415  0.17987673
   0.99264626  0.91733692  0.37826996
   0.77895887  0.55207737  0.48511744
   0.84965274  0.79382802  0.27825006
   0.92605696  0.70594768  0.40790387
   0.78563814  0.54096980  0.67061032
   0.07833617  0.15962179  0.58183497
   0.73918273  0.40973108  0.60331697
   0.79301806  0.54267859  0.72372235
   0.76444615  0.44228712  0.76085006
   0.68503521  0.45073413  0.79670332
   0.71740949  0.36677454  0.73562901
   0.87806033  0.43591397  0.78056828
   0.82596791  0.62565050  0.74494624
