   0.18177000  0.06503000  0.19527000
   0.24957752  0.44391208  0.50299052
   0.03971000  0.44194000  0.09637000
   0.31899507  0.19047097  0.29964881
   0.11671690  0.31699226  0.40092572
   0.51472000  0.06471000  0.19485000
   0.58228561  0.44396207  0.50459046
   0.37304000  0.44194000  0.09637000
   0.65179552  0.18984371  0.29874515
   0.44512709  0.31866231  0.40321243
   0.84826000  0.06468000  0.19455000
   0.91324391  0.44126876  0.50410519
   0.70637000  0.44194000  0.09637000
   0.98532101  0.18957072  0.29826167
   0.78101589  0.31877495  0.40067180
   0.17955000  0.56532000  0.19533000
   0.28054589  0.93622684  0.50467848
   0.03971000  0.94194000  0.09637000
   0.31576131  0.69066842  0.29817662
   0.12475515  0.81581673  0.39780215
   0.51276000  0.56480000  0.19498000
   0.61412756  0.93643258  0.50377111
   0.37304000  0.94194000  0.09637000
   0.64860522  0.69021924  0.29734504
   0.45828960  0.81602760  0.39884031
   0.84642000  0.56519000  0.19522000
   0.94756382  0.93562402  0.50355866
   0.70637000  0.94194000  0.09637000
   0.98215746  0.69061755  0.29787810
   0.79150940  0.81570866  0.39811687
   0.58284013  0.19930535  0.49830128
   0.03971000  0.19194000  0.09637000
   0.31442093  0.44107021  0.29800451
   0.12917873  0.06376578  0.40156080
   0.18013000  0.31638000  0.19719000
   0.26255205  0.19877862  0.50840872
   0.37304000  0.19194000  0.09637000
   0.64761639  0.44003405  0.29769108
   0.46004109  0.06349635  0.40206377
   0.51314000  0.31594000  0.19696000
   0.70637000  0.19194000  0.09637000
   0.98118608  0.44050014  0.29802585
   0.79233618  0.06206255  0.40000359
   0.84665000  0.31624000  0.19703000
   0.93165246  0.19677578  0.49436246
   0.03971000  0.69194000  0.09637000
   0.31997929  0.94213543  0.29944579
   0.11412732  0.56506038  0.39948381
   0.18025000  0.81742000  0.19778000
   0.25921332  0.69760348  0.49504704
   0.37304000  0.69194000  0.09637000
   0.65263828  0.94032743  0.29720883
   0.44797993  0.56521308  0.39968148
   0.51318000  0.81586000  0.19571000
   0.58945620  0.69819036  0.49475259
   0.70637000  0.69194000  0.09637000
   0.98602721  0.94065386  0.29771509
   0.84718000  0.81593000  0.19584000
   0.92115474  0.69665259  0.49347579
   0.78112993  0.56484664  0.39848501
   0.17417000  0.33753000  0.11288000
   0.24586787  0.20966235  0.41861992
   0.04729037  0.33661805  0.51212326
   0.31386000  0.46170000  0.21427000
   0.12033903  0.08555209  0.31614357
   0.23858000  0.04636000  0.07986000
   0.04735000  0.17100000  0.18013000
   0.31151026  0.42249786  0.38159998
   0.14611464  0.04220044  0.48852347
   0.18430845  0.29380229  0.28036624
   0.50750000  0.33753000  0.11288000
   0.58209120  0.21144984  0.41431782
   0.38831542  0.34452889  0.49926970
   0.64712000  0.46121000  0.21367000
   0.45342578  0.08638588  0.31809000
   0.57191000  0.04636000  0.07986000
   0.38063000  0.17082000  0.17998000
   0.64676374  0.42217370  0.38201773
   0.47961994  0.04443829  0.48892200
   0.51731855  0.29347357  0.28003353
   0.84083000  0.33753000  0.11288000
   0.91436631  0.21037128  0.41178099
   0.71229902  0.33559936  0.51566437
   0.98063000  0.46160000  0.21400000
   0.78611116  0.08462814  0.31547176
   0.90524000  0.04636000  0.07986000
   0.71387000  0.17083000  0.18002000
   0.98068809  0.42230595  0.38272798
   0.81491709  0.04512082  0.48820996
   0.85086324  0.29381719  0.28007794
   0.17417000  0.83753000  0.11288000
   0.25631451  0.70730796  0.41087216
   0.07648161  0.82163469  0.51556137
   0.31682000  0.96236000  0.21534000
   0.11546331  0.58552315  0.31502713
   0.23858000  0.54636000  0.07986000
   0.04601000  0.67209000  0.18056000
   0.32419705  0.92038474  0.38383552
   0.11338810  0.55607307  0.49100232
   0.18278924  0.79652739  0.28145877
   0.50619000  0.83294000  0.10916000
   0.59070862  0.70830141  0.41086816
   0.41239767  0.82571904  0.51168025
   0.64926000  0.96050000  0.21277000
   0.44930648  0.58603925  0.31536734
   0.57191000  0.54636000  0.07986000
   0.37906000  0.67136000  0.18002000
   0.65717530  0.91987759  0.38186672
   0.44922199  0.55596084  0.48800901
   0.51557885  0.79537600  0.27966886
   0.83992000  0.83287000  0.10930000
   0.74627036  0.82564055  0.51048748
   0.98268000  0.96077000  0.21320000
   0.78217764  0.58530716  0.31427399
   0.90524000  0.54636000  0.07986000
   0.71230000  0.67144000  0.18017000
   0.99097302  0.92036353  0.38216195
   0.78350763  0.55341081  0.48827480
   0.84876006  0.79537982  0.27972914
   0.92445893  0.70749356  0.40974894
   0.78477000  0.69231000  0.65805000
   0.31941285  0.23922071  0.61081584
   0.96846238  0.65609418  0.59615227
   0.73531422  0.60760559  0.68808758
   0.80454344  0.55450148  0.74042710
   0.74061184  0.46983401  0.74491705
   0.92942663  0.55646352  0.73913396
   0.77634256  0.59743386  0.77863334
   0.61175358  0.56676858  0.67496642
