   0.18177000  0.06503000  0.19527000
   0.24494984  0.43988692  0.50435130
   0.03971000  0.44194000  0.09637000
   0.31822197  0.19013659  0.29942474
   0.11232513  0.31771755  0.40218804
   0.51472000  0.06471000  0.19485000
   0.58113516  0.44192382  0.50177299
   0.37304000  0.44194000  0.09637000
   0.65173052  0.19056205  0.29893634
   0.44511763  0.31604099  0.40317632
   0.84826000  0.06468000  0.19455000
   0.91493802  0.44335130  0.50368281
   0.70637000  0.44194000  0.09637000
   0.98497525  0.18992058  0.29877398
   0.77715447  0.31850470  0.40421261
   0.17955000  0.56532000  0.19533000
   0.28097345  0.93258557  0.50621723
   0.03971000  0.94194000  0.09637000
   0.31503152  0.68926896  0.29797227
   0.12621735  0.81435958  0.39391656
   0.51276000  0.56480000  0.19498000
   0.61141827  0.93448732  0.50281824
   0.37304000  0.94194000  0.09637000
   0.64755459  0.68940768  0.29746748
   0.45747229  0.81508456  0.39854532
   0.84642000  0.56519000  0.19522000
   0.94318175  0.93635359  0.50605088
   0.70637000  0.94194000  0.09637000
   0.98063448  0.68874055  0.29792945
   0.79003754  0.81562029  0.39573151
   0.58469674  0.19071125  0.50362335
   0.03971000  0.19194000  0.09637000
   0.31373883  0.44004768  0.29861076
   0.12550744  0.06086373  0.40151912
   0.18013000  0.31638000  0.19719000
   0.26399923  0.19128021  0.49845297
   0.37304000  0.19194000  0.09637000
   0.64454966  0.43877728  0.29752103
   0.46103178  0.06230634  0.40004729
   0.51314000  0.31594000  0.19696000
   0.70637000  0.19194000  0.09637000
   0.98037027  0.44048731  0.29852689
   0.79117274  0.06249661  0.39974127
   0.84665000  0.31624000  0.19703000
   0.91930779  0.19642124  0.49577322
   0.03971000  0.69194000  0.09637000
   0.32090993  0.94171434  0.29823863
   0.11444712  0.56387921  0.40103359
   0.18025000  0.81742000  0.19778000
   0.26495484  0.69070677  0.49602638
   0.37304000  0.69194000  0.09637000
   0.65177018  0.94029020  0.29686005
   0.44761788  0.56417613  0.40017764
   0.51318000  0.81586000  0.19571000
   0.58785996  0.69794824  0.49576144
   0.70637000  0.69194000  0.09637000
   0.98532392  0.94082652  0.29743501
   0.84718000  0.81593000  0.19584000
   0.91101156  0.70070699  0.48877550
   0.77886649  0.56241584  0.39663454
   0.17417000  0.33753000  0.11288000
   0.24345441  0.20886535  0.41597949
   0.04440967  0.33480945  0.51486445
   0.31386000  0.46170000  0.21427000
   0.11867891  0.08529717  0.31697915
   0.23858000  0.04636000  0.07986000
   0.04735000  0.17100000  0.18013000
   0.31130855  0.42027201  0.38293067
   0.14631687  0.03787601  0.48889531
   0.18375821  0.29357078  0.28047049
   0.50750000  0.33753000  0.11288000
   0.57905040  0.21048774  0.41809284
   0.37935774  0.33620486  0.51072011
   0.64712000  0.46121000  0.21367000
   0.45330516  0.08669105  0.31673783
   0.57191000  0.04636000  0.07986000
   0.38063000  0.17082000  0.17998000
   0.64133532  0.42003564  0.38138952
   0.47317374  0.03457785  0.48185256
   0.51645733  0.29322846  0.27999096
   0.84083000  0.33753000  0.11288000
   0.91305526  0.21083994  0.41420294
   0.71649833  0.33967560  0.50806051
   0.98063000  0.46160000  0.21400000
   0.78589022  0.08528920  0.31541133
   0.90524000  0.04636000  0.07986000
   0.71387000  0.17083000  0.18002000
   0.97716872  0.42170844  0.38339082
   0.81320311  0.04273136  0.48626444
   0.85100396  0.29419855  0.28025956
   0.17417000  0.83753000  0.11288000
   0.25588633  0.70785775  0.41281871
   0.07219293  0.82326226  0.52199343
   0.31682000  0.96236000  0.21534000
   0.11520793  0.58473595  0.31637458
   0.23858000  0.54636000  0.07986000
   0.04601000  0.67209000  0.18056000
   0.32382880  0.91819596  0.38115368
   0.11771060  0.55159086  0.48992878
   0.18172327  0.79483221  0.28122333
   0.50619000  0.83294000  0.10916000
   0.59028786  0.70840055  0.41153513
   0.41068783  0.82115785  0.51462321
   0.64926000  0.96050000  0.21277000
   0.44775068  0.58508658  0.31607973
   0.57191000  0.54636000  0.07986000
   0.37906000  0.67136000  0.18002000
   0.65584857  0.91937375  0.38088494
   0.44821936  0.55436660  0.48829319
   0.51499895  0.79460688  0.27955156
   0.83992000  0.83287000  0.10930000
   0.74636749  0.82451941  0.51253774
   0.98268000  0.96077000  0.21320000
   0.77959519  0.58328522  0.31352182
   0.90524000  0.54636000  0.07986000
   0.71230000  0.67144000  0.18017000
   0.99068969  0.91919697  0.38162356
   0.78172567  0.55528901  0.48285732
   0.84869064  0.79476403  0.27962735
   0.92546060  0.70797016  0.40610914
   0.78477000  0.69231000  0.65805000
   0.54874714  0.15186541  0.59582795
   0.00762004  0.72302215  0.59709550
   0.71498591  0.61243592  0.68637653
   0.79709186  0.56302739  0.73328098
   0.75028222  0.47400904  0.74071681
   0.92627529  0.58245007  0.72514086
   0.77116566  0.60658651  0.77324692
   0.58703754  0.57841802  0.67905912
