   0.18177000  0.06503000  0.19527000
   0.25417991  0.43853856  0.50434040
   0.03971000  0.44194000  0.09637000
   0.31761511  0.18882098  0.29796753
   0.11301721  0.31772742  0.40045517
   0.51472000  0.06471000  0.19485000
   0.59031401  0.43991744  0.50749179
   0.37304000  0.44194000  0.09637000
   0.65142144  0.18959911  0.29824761
   0.44618714  0.31734054  0.39970655
   0.84826000  0.06468000  0.19455000
   0.91996655  0.44061974  0.50637790
   0.70637000  0.44194000  0.09637000
   0.98456163  0.18965554  0.29827883
   0.77942648  0.31927724  0.40135068
   0.17955000  0.56532000  0.19533000
   0.27368279  0.93290654  0.50425286
   0.03971000  0.94194000  0.09637000
   0.31494899  0.68941072  0.29838961
   0.12337432  0.81479347  0.39592939
   0.51276000  0.56480000  0.19498000
   0.60787579  0.93535861  0.50104160
   0.37304000  0.94194000  0.09637000
   0.64748041  0.68976773  0.29748541
   0.45554595  0.81470247  0.39940425
   0.84642000  0.56519000  0.19522000
   0.94002398  0.93402473  0.50490761
   0.70637000  0.94194000  0.09637000
   0.98114838  0.68947063  0.29802311
   0.78831587  0.81586233  0.39828877
   0.59008533  0.19233825  0.49229892
   0.03971000  0.19194000  0.09637000
   0.31362462  0.44057708  0.29834607
   0.12408979  0.06161025  0.39997000
   0.18013000  0.31638000  0.19719000
   0.25872381  0.19374918  0.49540677
   0.37304000  0.19194000  0.09637000
   0.64565627  0.43968252  0.29706073
   0.45733805  0.06119301  0.39905503
   0.51314000  0.31594000  0.19696000
   0.70637000  0.19194000  0.09637000
   0.98062028  0.44068703  0.29825205
   0.79150463  0.06243132  0.39931205
   0.84665000  0.31624000  0.19703000
   0.92232159  0.19777655  0.49480888
   0.03971000  0.69194000  0.09637000
   0.31907928  0.93982000  0.29825447
   0.11633887  0.56336314  0.40080039
   0.18025000  0.81742000  0.19778000
   0.26095785  0.69424744  0.49603505
   0.37304000  0.69194000  0.09637000
   0.65096208  0.93982432  0.29718140
   0.45053204  0.56277899  0.40087210
   0.51318000  0.81586000  0.19571000
   0.59417304  0.69440208  0.49555013
   0.70637000  0.69194000  0.09637000
   0.98419391  0.94011157  0.29736815
   0.84718000  0.81593000  0.19584000
   0.92329812  0.69360955  0.48995297
   0.78188105  0.56342829  0.39689387
   0.17417000  0.33753000  0.11288000
   0.24590018  0.20993499  0.41346537
   0.05352836  0.33264503  0.51353974
   0.31386000  0.46170000  0.21427000
   0.11849989  0.08467382  0.31582258
   0.23858000  0.04636000  0.07986000
   0.04735000  0.17100000  0.18013000
   0.31138562  0.42105713  0.38269447
   0.14167824  0.04050960  0.48742410
   0.18388216  0.29344864  0.28030380
   0.50750000  0.33753000  0.11288000
   0.57849405  0.20930130  0.41059588
   0.38603791  0.33087166  0.51365178
   0.64712000  0.46121000  0.21367000
   0.45235372  0.08451143  0.31551192
   0.57191000  0.04636000  0.07986000
   0.38063000  0.17082000  0.17998000
   0.64289407  0.42060628  0.38039949
   0.47259775  0.04278407  0.48564326
   0.51614251  0.29260746  0.27971084
   0.84083000  0.33753000  0.11288000
   0.91353785  0.21073689  0.41247769
   0.72168304  0.32747647  0.50334412
   0.98063000  0.46160000  0.21400000
   0.78550360  0.08462492  0.31525028
   0.90524000  0.04636000  0.07986000
   0.71387000  0.17083000  0.18002000
   0.97913313  0.42128160  0.38240637
   0.81015637  0.04485012  0.48610542
   0.85043412  0.29381813  0.28011461
   0.17417000  0.83753000  0.11288000
   0.25438776  0.70813543  0.41279357
   0.06633752  0.81830605  0.52301159
   0.31682000  0.96236000  0.21534000
   0.11537115  0.58529214  0.31640747
   0.23858000  0.54636000  0.07986000
   0.04601000  0.67209000  0.18056000
   0.32197545  0.91859411  0.38198786
   0.12381203  0.55077049  0.48901295
   0.18156680  0.79469073  0.28127641
   0.50619000  0.83294000  0.10916000
   0.58805251  0.70772625  0.41209892
   0.40634599  0.82648222  0.51212023
   0.64926000  0.96050000  0.21277000
   0.44816739  0.58524672  0.31633260
   0.57191000  0.54636000  0.07986000
   0.37906000  0.67136000  0.18002000
   0.65400244  0.91964536  0.38153317
   0.45647127  0.55025601  0.48935127
   0.51418698  0.79459892  0.27966942
   0.83992000  0.83287000  0.10930000
   0.73985731  0.82761827  0.51020418
   0.98268000  0.96077000  0.21320000
   0.78078207  0.58471372  0.31340264
   0.90524000  0.54636000  0.07986000
   0.71230000  0.67144000  0.18017000
   0.98862607  0.91963592  0.38173499
   0.78791691  0.55062990  0.48033665
   0.84817462  0.79489735  0.27976450
   0.92403557  0.70975876  0.40806601
   0.78477000  0.69231000  0.65805000
   0.78319393  0.47561840  0.60367739
   0.96872187  0.66354110  0.59252881
   0.71438489  0.62151366  0.69202938
   0.79560630  0.57028462  0.73762136
   0.73624266  0.48164489  0.74329701
   0.91931584  0.57739276  0.72477937
   0.78883129  0.61248024  0.77873796
   0.58382921  0.59396316  0.68957920
