   0.18177000  0.06503000  0.19527000
   0.26800953  0.43183680  0.50219140
   0.03971000  0.44194000  0.09637000
   0.31504419  0.18811447  0.29851357
   0.11608376  0.31352158  0.39981678
   0.51472000  0.06471000  0.19485000
   0.60009054  0.43243464  0.50135474
   0.37304000  0.44194000  0.09637000
   0.64950397  0.18806765  0.29824539
   0.44946450  0.31327436  0.39910231
   0.84826000  0.06468000  0.19455000
   0.93617665  0.43342079  0.50595976
   0.70637000  0.44194000  0.09637000
   0.98196749  0.18811965  0.29840770
   0.78439795  0.31402213  0.39973665
   0.17955000  0.56532000  0.19533000
   0.26979494  0.92686766  0.50615848
   0.03971000  0.94194000  0.09637000
   0.31568783  0.68880468  0.29789051
   0.12113831  0.81408248  0.39679579
   0.51276000  0.56480000  0.19498000
   0.59309815  0.93416168  0.50213603
   0.37304000  0.94194000  0.09637000
   0.64863172  0.68877138  0.29743648
   0.45170103  0.81411210  0.39903007
   0.84642000  0.56519000  0.19522000
   0.91521907  0.92520174  0.50373384
   0.70637000  0.94194000  0.09637000
   0.98199038  0.68861422  0.29738481
   0.78611470  0.81484871  0.39859713
   0.58873137  0.19122427  0.49486542
   0.03971000  0.19194000  0.09637000
   0.31505916  0.43928981  0.29802262
   0.11310940  0.06335041  0.39188494
   0.18013000  0.31638000  0.19719000
   0.25616819  0.18986785  0.49402827
   0.37304000  0.19194000  0.09637000
   0.64775630  0.43886811  0.29733051
   0.45001120  0.06026236  0.40036068
   0.51314000  0.31594000  0.19696000
   0.70637000  0.19194000  0.09637000
   0.98160345  0.43878019  0.29750151
   0.78489425  0.06052851  0.39903533
   0.84665000  0.31624000  0.19703000
   0.91655363  0.19608939  0.49232351
   0.03971000  0.69194000  0.09637000
   0.31721244  0.93976242  0.29880076
   0.12130700  0.55979892  0.39864407
   0.18025000  0.81742000  0.19778000
   0.26215537  0.68875980  0.49469334
   0.37304000  0.69194000  0.09637000
   0.64944280  0.93849950  0.29693413
   0.45450674  0.55969057  0.39951584
   0.51318000  0.81586000  0.19571000
   0.59542898  0.69122792  0.49475324
   0.70637000  0.69194000  0.09637000
   0.98287574  0.93912686  0.29737420
   0.84718000  0.81593000  0.19584000
   0.92316184  0.69007168  0.49275132
   0.78843177  0.56009038  0.39804764
   0.17417000  0.33753000  0.11288000
   0.25071880  0.20938401  0.41290614
   0.06902140  0.32864556  0.51034397
   0.31386000  0.46170000  0.21427000
   0.11480730  0.08496167  0.31544986
   0.23858000  0.04636000  0.07986000
   0.04735000  0.17100000  0.18013000
   0.31605197  0.41814128  0.38197720
   0.18798847  0.02285016  0.46478245
   0.18206381  0.29335501  0.28034899
   0.50750000  0.33753000  0.11288000
   0.58401590  0.20731036  0.41216761
   0.40039814  0.32584669  0.51268521
   0.64712000  0.46121000  0.21367000
   0.45032853  0.08457939  0.31617318
   0.57191000  0.04636000  0.07986000
   0.38063000  0.17082000  0.17998000
   0.64861150  0.41826557  0.38131290
   0.46781979  0.04393972  0.48806002
   0.51550236  0.29239361  0.27997129
   0.84083000  0.33753000  0.11288000
   0.91513398  0.20728911  0.41062519
   0.73365540  0.32609884  0.51096223
   0.98063000  0.46160000  0.21400000
   0.78243301  0.08306049  0.31471425
   0.90524000  0.04636000  0.07986000
   0.71387000  0.17083000  0.18002000
   0.98266574  0.41824715  0.38090238
   0.78091873  0.04057044  0.48270433
   0.84832811  0.29288651  0.27988932
   0.17417000  0.83753000  0.11288000
   0.25197397  0.70657942  0.41224137
   0.05575064  0.82535897  0.52212726
   0.31682000  0.96236000  0.21534000
   0.11584568  0.58403727  0.31519333
   0.23858000  0.54636000  0.07986000
   0.04601000  0.67209000  0.18056000
   0.32005651  0.91542685  0.38086967
   0.13622168  0.54125991  0.48474406
   0.18186933  0.79378078  0.28084397
   0.50619000  0.83294000  0.10916000
   0.58558490  0.70645472  0.41247571
   0.39092275  0.82350743  0.51418123
   0.64926000  0.96050000  0.21277000
   0.44936975  0.58426818  0.31590991
   0.57191000  0.54636000  0.07986000
   0.37906000  0.67136000  0.18002000
   0.65058637  0.91691813  0.38087345
   0.46862793  0.54304006  0.48703571
   0.51504533  0.79306113  0.27914351
   0.83992000  0.83287000  0.10930000
   0.72547537  0.82581647  0.51077271
   0.98268000  0.96077000  0.21320000
   0.78232620  0.58371479  0.31481636
   0.90524000  0.54636000  0.07986000
   0.71230000  0.67144000  0.18017000
   0.98233772  0.91607799  0.38117103
   0.80096349  0.54248427  0.48455068
   0.84849085  0.79363021  0.27941526
   0.91943376  0.70789321  0.41147990
   0.78477000  0.69231000  0.65805000
   0.04185602  0.09120334  0.54924952
   0.03845071  0.70339407  0.59319051
   0.71741438  0.62953215  0.69608535
   0.79627762  0.57523305  0.74094793
   0.74049015  0.48635384  0.74361326
   0.92425652  0.58629187  0.73289094
   0.77702943  0.61166458  0.78314620
   0.58545685  0.61144663  0.69756445
