   0.18177000  0.06503000  0.19527000
   0.25947612  0.43509423  0.50458131
   0.03971000  0.44194000  0.09637000
   0.31698707  0.18924433  0.29795451
   0.11309377  0.31664757  0.40030207
   0.51472000  0.06471000  0.19485000
   0.58939761  0.43494590  0.49582602
   0.37304000  0.44194000  0.09637000
   0.65095095  0.18919774  0.29902220
   0.44408580  0.31405689  0.39801699
   0.84826000  0.06468000  0.19455000
   0.92445502  0.43789353  0.50456989
   0.70637000  0.44194000  0.09637000
   0.98411493  0.18988824  0.29859313
   0.77899812  0.31703572  0.40110926
   0.17955000  0.56532000  0.19533000
   0.26847488  0.93044180  0.50548507
   0.03971000  0.94194000  0.09637000
   0.31526014  0.68983487  0.29832177
   0.12148343  0.81472686  0.39557413
   0.51276000  0.56480000  0.19498000
   0.60169960  0.93371475  0.50290121
   0.37304000  0.94194000  0.09637000
   0.64836545  0.68975078  0.29656573
   0.45541603  0.81438245  0.39911423
   0.84642000  0.56519000  0.19522000
   0.93482407  0.93377103  0.50528339
   0.70637000  0.94194000  0.09637000
   0.98131570  0.68981341  0.29658986
   0.78782433  0.81629033  0.39794515
   0.58805075  0.19093877  0.49154012
   0.03971000  0.19194000  0.09637000
   0.31410503  0.44130254  0.29859060
   0.12145128  0.06163423  0.40109492
   0.18013000  0.31638000  0.19719000
   0.25729155  0.19222914  0.49727840
   0.37304000  0.19194000  0.09637000
   0.64648380  0.43896623  0.29646352
   0.45200092  0.05914935  0.39867910
   0.51314000  0.31594000  0.19696000
   0.70637000  0.19194000  0.09637000
   0.98063339  0.44000082  0.29794533
   0.78902419  0.06130886  0.39943383
   0.84665000  0.31624000  0.19703000
   0.92571009  0.19450419  0.49422088
   0.03971000  0.69194000  0.09637000
   0.31729492  0.93912388  0.29780155
   0.11830301  0.56195340  0.39929240
   0.18025000  0.81742000  0.19778000
   0.26055282  0.69012363  0.49475998
   0.37304000  0.69194000  0.09637000
   0.65072660  0.93910712  0.29702565
   0.45158716  0.56309555  0.40045950
   0.51318000  0.81586000  0.19571000
   0.59629436  0.69231817  0.49569164
   0.70637000  0.69194000  0.09637000
   0.98400194  0.94096714  0.29735554
   0.84718000  0.81593000  0.19584000
   0.92084884  0.68772422  0.48792918
   0.78436845  0.56231817  0.39428668
   0.17417000  0.33753000  0.11288000
   0.24508571  0.20874835  0.41481257
   0.05776841  0.32833987  0.51228553
   0.31386000  0.46170000  0.21427000
   0.11849254  0.08549585  0.31662345
   0.23858000  0.04636000  0.07986000
   0.04735000  0.17100000  0.18013000
   0.31237948  0.42069305  0.38280929
   0.13670388  0.03891676  0.48938623
   0.18336478  0.29446991  0.28080300
   0.50750000  0.33753000  0.11288000
   0.57640481  0.20596947  0.40944436
   0.39039532  0.32674038  0.51407248
   0.64712000  0.46121000  0.21367000
   0.45048036  0.08363063  0.31499558
   0.57191000  0.04636000  0.07986000
   0.38063000  0.17082000  0.17998000
   0.64262221  0.41886935  0.37976924
   0.46682899  0.04103043  0.48616980
   0.51594044  0.29226324  0.27995033
   0.84083000  0.33753000  0.11288000
   0.91402427  0.20870408  0.41228593
   0.72370141  0.32652818  0.50014720
   0.98063000  0.46160000  0.21400000
   0.78546075  0.08388326  0.31524571
   0.90524000  0.04636000  0.07986000
   0.71387000  0.17083000  0.18002000
   0.97874869  0.42048276  0.38183800
   0.80416420  0.04479059  0.48695200
   0.84942427  0.29315539  0.28020071
   0.17417000  0.83753000  0.11288000
   0.25416075  0.70787700  0.41181274
   0.06170109  0.81669077  0.52039301
   0.31682000  0.96236000  0.21534000
   0.11551358  0.58521605  0.31535035
   0.23858000  0.54636000  0.07986000
   0.04601000  0.67209000  0.18056000
   0.31986604  0.91672348  0.38126389
   0.12945480  0.54601691  0.48576979
   0.18175633  0.79453918  0.28077471
   0.50619000  0.83294000  0.10916000
   0.58869477  0.70817112  0.41276698
   0.40209194  0.82377089  0.51375174
   0.64926000  0.96050000  0.21277000
   0.44913473  0.58579182  0.31652296
   0.57191000  0.54636000  0.07986000
   0.37906000  0.67136000  0.18002000
   0.65186591  0.91896123  0.38132172
   0.46077507  0.54712503  0.48678177
   0.51419446  0.79432032  0.27947358
   0.83992000  0.83287000  0.10930000
   0.73544350  0.82768321  0.51105667
   0.98268000  0.96077000  0.21320000
   0.78140166  0.58439716  0.31144949
   0.90524000  0.54636000  0.07986000
   0.71230000  0.67144000  0.18017000
   0.98708972  0.91984572  0.38167822
   0.79160944  0.54552437  0.47785705
   0.84815512  0.79573021  0.27946843
   0.92207064  0.70899264  0.40660423
   0.78477000  0.69231000  0.65805000
   0.86851429  0.48503385  0.61386594
   0.98932628  0.68140486  0.59154789
   0.71630108  0.62276831  0.69392762
   0.79865290  0.56874277  0.73981817
   0.73836262  0.48051436  0.74510992
   0.92329489  0.57488762  0.73116046
   0.78274902  0.61319578  0.77947005
   0.58642568  0.60455544  0.69357827
