   0.17781233  0.06441366  0.19539736
   0.28374335  0.43380096  0.49809802
   0.03971000  0.44194000  0.09637000
   0.31520068  0.18933702  0.29769099
   0.12751257  0.31134882  0.40426536
   0.51135059  0.06468636  0.19551983
   0.61638352  0.43491257  0.50136651
   0.37304000  0.44194000  0.09637000
   0.64759138  0.18885094  0.29995466
   0.45639388  0.31065063  0.40548377
   0.84409755  0.06416721  0.19479822
   0.94820397  0.43202471  0.50080336
   0.70637000  0.44194000  0.09637000
   0.98212716  0.18843141  0.29855398
   0.79395624  0.31205977  0.39958019
   0.17992122  0.56369716  0.19497539
   0.25355497  0.93864072  0.50774033
   0.03971000  0.94194000  0.09637000
   0.31467390  0.68809977  0.29836989
   0.11218089  0.81621337  0.39545775
   0.51296950  0.56321722  0.19490454
   0.58676988  0.94064264  0.50492575
   0.37304000  0.94194000  0.09637000
   0.64857374  0.68821169  0.29759966
   0.44414879  0.81627462  0.39846133
   0.84632011  0.56317551  0.19521861
   0.91458458  0.93547803  0.50696924
   0.70637000  0.94194000  0.09637000
   0.98082390  0.68716270  0.29730947
   0.77844466  0.81923107  0.39805287
   0.92505973  0.69441378  0.49024041
   0.03971000  0.19194000  0.09637000
   0.31842153  0.43792122  0.29811551
   0.11493325  0.06008376  0.40242635
   0.17925576  0.31481075  0.19641041
   0.25551543  0.18434763  0.50286911
   0.37304000  0.19194000  0.09637000
   0.65107524  0.43768939  0.29900536
   0.44624769  0.06277848  0.40000214
   0.51236587  0.31559162  0.19744096
   0.59146399  0.19375192  0.49447849
   0.70637000  0.19194000  0.09637000
   0.98577884  0.43700205  0.29874477
   0.78065987  0.06227054  0.40022128
   0.84493053  0.31563895  0.19739445
   0.93208237  0.19226854  0.49444065
   0.03971000  0.69194000  0.09637000
   0.31077080  0.94047182  0.29761902
   0.12747807  0.55973617  0.40021484
   0.17787338  0.81533901  0.19693787
   0.26446043  0.69684754  0.49591220
   0.37304000  0.69194000  0.09637000
   0.64466994  0.94065054  0.29818518
   0.46017976  0.56017479  0.39983716
   0.51103519  0.81597629  0.19724451
   0.59680975  0.69593877  0.49548429
   0.70637000  0.69194000  0.09637000
   0.97955517  0.94191381  0.29714755
   0.84419744  0.81483065  0.19656176
   0.79171747  0.55961854  0.39915892
   0.17310000  0.33301000  0.10976000
   0.25469643  0.20058287  0.41922757
   0.08076056  0.32695113  0.50522149
   0.31425465  0.45978877  0.21357812
   0.11804909  0.08550939  0.31657596
   0.23858000  0.04636000  0.07986000
   0.04418194  0.17065680  0.18052124
   0.32523628  0.41507422  0.38234439
   0.11113920  0.03409742  0.48688816
   0.18132755  0.29386964  0.27986631
   0.50750000  0.33753000  0.11288000
   0.59455636  0.20307661  0.41020025
   0.41813378  0.32735283  0.50200870
   0.64776665  0.46047608  0.21500564
   0.44685694  0.08419677  0.31585485
   0.57191000  0.04636000  0.07986000
   0.37744627  0.17073988  0.18054335
   0.65681222  0.41581984  0.38314523
   0.45560753  0.04799262  0.48581328
   0.51514938  0.29368854  0.28060042
   0.84083000  0.33753000  0.11288000
   0.92490614  0.20294054  0.41096319
   0.74677408  0.32346317  0.50969531
   0.98139593  0.46057462  0.21481355
   0.78148200  0.08384183  0.31580544
   0.90524000  0.04636000  0.07986000
   0.71078314  0.17081366  0.18022491
   0.99460697  0.41523020  0.38290035
   0.78941830  0.04927861  0.48744535
   0.84732877  0.29289085  0.28066709
   0.17417000  0.83753000  0.11288000
   0.24463043  0.71080824  0.41412979
   0.04501447  0.82075833  0.52496372
   0.31196991  0.96065159  0.21408659
   0.11637511  0.58367256  0.31684779
   0.23858000  0.54636000  0.07986000
   0.04566122  0.66976839  0.18007397
   0.30984637  0.91981409  0.38144140
   0.14775691  0.54603947  0.48797560
   0.18045503  0.79207749  0.28016014
   0.50750000  0.83753000  0.11288000
   0.57806895  0.71090077  0.41388619
   0.38564932  0.83324268  0.51738633
   0.64524250  0.96106900  0.21454973
   0.44920130  0.58415832  0.31633705
   0.57191000  0.54636000  0.07986000
   0.37936416  0.67020397  0.18028307
   0.64186230  0.92058196  0.38230348
   0.48384878  0.54587064  0.48646235
   0.51326298  0.79326491  0.28066170
   0.84083000  0.83753000  0.11288000
   0.71667443  0.83172445  0.51646418
   0.97870563  0.96055469  0.21322963
   0.78221987  0.58332104  0.31649886
   0.90524000  0.54636000  0.07986000
   0.71212174  0.66890691  0.17977123
   0.97886573  0.92162748  0.38069520
   0.81754913  0.54368879  0.48605709
   0.84806176  0.79297581  0.27936024
   0.91090340  0.71169174  0.40932890
   0.74724202  0.57142565  0.64619241
   0.25529533  0.15160771  0.59740456
   0.96639101  0.66497256  0.59459731
   0.69360384  0.53442752  0.69403585
   0.79088146  0.52945285  0.74626809
   0.75422311  0.44696099  0.76652104
   0.91758228  0.54905314  0.73669280
   0.76321150  0.58948978  0.77800678
   0.56521743  0.50391825  0.69805885
