   0.17833593  0.06496294  0.19529554
   0.27866945  0.43352336  0.50132890
   0.03971000  0.44194000  0.09637000
   0.31555502  0.18982494  0.30032433
   0.12425947  0.31286542  0.40003205
   0.51165634  0.06472163  0.19458729
   0.61339362  0.43362082  0.50016649
   0.37304000  0.44194000  0.09637000
   0.64818733  0.18952204  0.29921376
   0.45805937  0.31203081  0.40332123
   0.84471729  0.06490673  0.19522143
   0.94626314  0.43486805  0.50162135
   0.70637000  0.44194000  0.09637000
   0.98198483  0.18888467  0.29913136
   0.78921439  0.31226118  0.40422567
   0.17987344  0.56318912  0.19508092
   0.25520325  0.93329411  0.50873636
   0.03971000  0.94194000  0.09637000
   0.31499619  0.68794557  0.29777801
   0.11453308  0.81625985  0.39518027
   0.51337773  0.56355967  0.19500972
   0.58799447  0.93838247  0.50762284
   0.37304000  0.94194000  0.09637000
   0.64799808  0.68824386  0.29792325
   0.44648078  0.81636823  0.39862039
   0.84689282  0.56363898  0.19521279
   0.91875534  0.93668907  0.50716310
   0.70637000  0.94194000  0.09637000
   0.98193294  0.68795966  0.29763671
   0.77909289  0.81739420  0.39787473
   0.92227960  0.69725817  0.48794878
   0.03971000  0.19194000  0.09637000
   0.31908892  0.43775613  0.29839862
   0.11487259  0.06143266  0.40067614
   0.17921145  0.31502153  0.19650254
   0.26253769  0.18979850  0.49574515
   0.37304000  0.19194000  0.09637000
   0.64980842  0.43669416  0.29883899
   0.44825161  0.06206296  0.40202774
   0.51209308  0.31601366  0.19718745
   0.59364331  0.18665267  0.50335319
   0.70637000  0.19194000  0.09637000
   0.98396003  0.43810868  0.29941904
   0.78103657  0.06245625  0.39979265
   0.84597693  0.31586247  0.19739230
   0.92298999  0.19328014  0.49588237
   0.03971000  0.69194000  0.09637000
   0.31456585  0.94164202  0.29800764
   0.12517236  0.56108566  0.40061945
   0.17905016  0.81583824  0.19740283
   0.26743867  0.69350036  0.49547572
   0.37304000  0.69194000  0.09637000
   0.64460229  0.94073675  0.29768546
   0.45896781  0.56075133  0.39997774
   0.51137881  0.81563237  0.19702852
   0.59378747  0.69491030  0.49538307
   0.70637000  0.69194000  0.09637000
   0.97891900  0.94019665  0.29769997
   0.84454451  0.81588554  0.19712191
   0.79205742  0.55905465  0.39727242
   0.17310000  0.33301000  0.10976000
   0.25455758  0.20355518  0.41207355
   0.07672368  0.32416768  0.50999846
   0.31449606  0.45958870  0.21405095
   0.11541468  0.08368114  0.31576925
   0.23858000  0.04636000  0.07986000
   0.04422616  0.17110840  0.17993218
   0.32359778  0.41714981  0.38256800
   0.12284146  0.04060363  0.48937867
   0.18169061  0.29332526  0.28048384
   0.50750000  0.33753000  0.11288000
   0.58934100  0.20382411  0.41806871
   0.40790518  0.32641651  0.50630467
   0.64760624  0.46052982  0.21465855
   0.44932548  0.08585314  0.31779725
   0.57191000  0.04636000  0.07986000
   0.37772560  0.17114773  0.17988919
   0.65621095  0.41614314  0.38297611
   0.44796243  0.03915446  0.48528450
   0.51441777  0.29334631  0.28042857
   0.84083000  0.33753000  0.11288000
   0.92528068  0.20409126  0.41186156
   0.74982971  0.33052336  0.50648232
   0.98150345  0.46043466  0.21516191
   0.78114603  0.08432212  0.31535831
   0.90524000  0.04636000  0.07986000
   0.71105813  0.17117977  0.17995624
   0.98956937  0.41818760  0.38372847
   0.79099255  0.04548751  0.48569808
   0.84830573  0.29350001  0.28058189
   0.17417000  0.83753000  0.11288000
   0.24600838  0.71012899  0.41379100
   0.04462618  0.81889923  0.52866680
   0.31312970  0.96164789  0.21451884
   0.11563189  0.58432518  0.31684875
   0.23858000  0.54636000  0.07986000
   0.04658124  0.67014907  0.18029274
   0.31142091  0.91892677  0.38076618
   0.14648977  0.54547354  0.48891535
   0.18167464  0.79331589  0.28051091
   0.50750000  0.83753000  0.11288000
   0.58092044  0.71076354  0.41306810
   0.38711081  0.82672153  0.51925170
   0.64559815  0.96095563  0.21408251
   0.44935029  0.58424255  0.31635567
   0.57191000  0.54636000  0.07986000
   0.37922984  0.66985593  0.18007649
   0.64426773  0.91966987  0.38122231
   0.48008063  0.54529927  0.48648851
   0.51422629  0.79295850  0.28018470
   0.84083000  0.83753000  0.11288000
   0.72198871  0.82953167  0.51600054
   0.97884653  0.96122960  0.21417704
   0.78147407  0.58273728  0.31471366
   0.90524000  0.54636000  0.07986000
   0.71278840  0.67017078  0.17998532
   0.97832650  0.92018966  0.38182900
   0.81282036  0.54591780  0.48356273
   0.84795484  0.79259465  0.28027120
   0.91520509  0.71073995  0.40762325
   0.75555994  0.57578581  0.64544989
   0.59201576  0.14653013  0.59618173
   0.95886035  0.68150154  0.59251146
   0.70204293  0.53648616  0.69221339
   0.79312592  0.52969903  0.74592476
   0.75585754  0.44615758  0.76480657
   0.92117334  0.54960412  0.73775327
   0.76279427  0.58783752  0.77716180
   0.57017344  0.50391189  0.69508317
