   0.18177000  0.06503000  0.19527000
   0.26133498  0.43676251  0.50371652
   0.03971000  0.44194000  0.09637000
   0.31646394  0.18895662  0.29869104
   0.11260276  0.31328013  0.40418370
   0.51472000  0.06471000  0.19485000
   0.58924829  0.43207562  0.50329967
   0.37304000  0.44194000  0.09637000
   0.65115739  0.18785937  0.29922385
   0.44615172  0.31341725  0.40143845
   0.84826000  0.06468000  0.19455000
   0.92394574  0.43578493  0.50078777
   0.70637000  0.44194000  0.09637000
   0.98209334  0.18926225  0.29903571
   0.78308066  0.31422417  0.40189914
   0.17955000  0.56532000  0.19533000
   0.27536179  0.93167723  0.50375568
   0.03971000  0.94194000  0.09637000
   0.31801609  0.68750721  0.29789513
   0.12631234  0.81154008  0.39607767
   0.51276000  0.56480000  0.19498000
   0.60726100  0.93156925  0.50451616
   0.37304000  0.94194000  0.09637000
   0.65068353  0.68741891  0.29746275
   0.45883605  0.81301172  0.39901696
   0.84642000  0.56519000  0.19522000
   0.93946608  0.93312804  0.50250574
   0.70637000  0.94194000  0.09637000
   0.98409351  0.68724578  0.29767415
   0.79183747  0.81220179  0.39743267
   0.59368627  0.19175410  0.49555065
   0.03971000  0.19194000  0.09637000
   0.31415556  0.43895153  0.29882431
   0.12426761  0.05944238  0.39861150
   0.18013000  0.31638000  0.19719000
   0.24668225  0.18557913  0.50127198
   0.37304000  0.19194000  0.09637000
   0.64670908  0.43792217  0.29787905
   0.45496366  0.06059091  0.40063677
   0.51314000  0.31594000  0.19696000
   0.70637000  0.19194000  0.09637000
   0.98144685  0.43862088  0.29779680
   0.78826408  0.06043175  0.40162194
   0.84665000  0.31624000  0.19703000
   0.93950597  0.18725905  0.50207749
   0.03971000  0.69194000  0.09637000
   0.31975375  0.93939040  0.29843886
   0.12085366  0.56041976  0.39983926
   0.18025000  0.81742000  0.19778000
   0.27308466  0.69174245  0.49438405
   0.37304000  0.69194000  0.09637000
   0.65253665  0.93839388  0.29719630
   0.45498596  0.55920255  0.40026893
   0.51318000  0.81586000  0.19571000
   0.60259384  0.69001921  0.49579063
   0.70637000  0.69194000  0.09637000
   0.98527357  0.93842750  0.29666474
   0.84718000  0.81593000  0.19584000
   0.93886918  0.68206138  0.49341473
   0.78643180  0.55997012  0.39882617
   0.17417000  0.33753000  0.11288000
   0.24880149  0.20661250  0.41678467
   0.05997510  0.33705251  0.50358762
   0.31386000  0.46170000  0.21427000
   0.11601460  0.08550945  0.31576845
   0.23858000  0.04636000  0.07986000
   0.04735000  0.17100000  0.18013000
   0.31264403  0.41799776  0.38309933
   0.14150282  0.03040526  0.48042251
   0.18239337  0.29341657  0.28051157
   0.50750000  0.33753000  0.11288000
   0.58198161  0.20785953  0.41314787
   0.38826789  0.32757800  0.51521264
   0.64712000  0.46121000  0.21367000
   0.45100374  0.08444211  0.31673333
   0.57191000  0.04636000  0.07986000
   0.38063000  0.17082000  0.17998000
   0.64641710  0.41771600  0.38215783
   0.47451741  0.04110253  0.48696505
   0.51722172  0.29104120  0.27984051
   0.84083000  0.33753000  0.11288000
   0.91099009  0.20617853  0.41809783
   0.72364454  0.32828382  0.51309746
   0.98063000  0.46160000  0.21400000
   0.78433970  0.08362789  0.31671724
   0.90524000  0.04636000  0.07986000
   0.71387000  0.17083000  0.18002000
   0.98093089  0.41802606  0.38132459
   0.80589651  0.03859538  0.48716524
   0.84866376  0.29261496  0.27997417
   0.17417000  0.83753000  0.11288000
   0.25876479  0.70631742  0.41184664
   0.07001855  0.82046459  0.52006927
   0.31682000  0.96236000  0.21534000
   0.11823095  0.58294919  0.31546479
   0.23858000  0.54636000  0.07986000
   0.04601000  0.67209000  0.18056000
   0.32422137  0.91623277  0.38186043
   0.12720506  0.55252659  0.48731894
   0.18463537  0.79297152  0.28079145
   0.50619000  0.83294000  0.10916000
   0.59145431  0.70591316  0.41322996
   0.40530422  0.82508973  0.51636062
   0.64926000  0.96050000  0.21277000
   0.45156678  0.58307195  0.31633038
   0.57191000  0.54636000  0.07986000
   0.37906000  0.67136000  0.18002000
   0.65729780  0.91543545  0.38095775
   0.46275882  0.54631707  0.48811948
   0.51783984  0.79245128  0.27917100
   0.83992000  0.83287000  0.10930000
   0.74007032  0.82346480  0.51649971
   0.98268000  0.96077000  0.21320000
   0.78392113  0.58230286  0.31506774
   0.90524000  0.54636000  0.07986000
   0.71230000  0.67144000  0.18017000
   0.99052644  0.91431064  0.37989105
   0.79203239  0.54438886  0.48557017
   0.85082008  0.79228121  0.27919561
   0.92496075  0.70640195  0.41182465
   0.78477000  0.69231000  0.65805000
   0.07393192  0.14902513  0.58576740
  -0.04518987  0.77491335  0.59846795
   0.72128847  0.63194366  0.69750121
   0.80244808  0.57521513  0.74057474
   0.74589636  0.48557889  0.74098867
   0.92966041  0.58751622  0.73260775
   0.78064742  0.60639370  0.78368419
   0.59036515  0.61879491  0.70146704
