   0.17788150  0.06430489  0.19531435
   0.28575671  0.43013319  0.50126939
   0.03971000  0.44194000  0.09637000
   0.31435381  0.18835194  0.29853430
   0.12854595  0.31110698  0.39814753
   0.51099725  0.06410293  0.19529636
   0.61902546  0.43214689  0.50224709
   0.37304000  0.44194000  0.09637000
   0.64782197  0.18808853  0.29854538
   0.46214676  0.31182988  0.39887603
   0.84427221  0.06394379  0.19525545
   0.95284813  0.42914263  0.50139259
   0.70637000  0.44194000  0.09637000
   0.98092669  0.18770578  0.29807249
   0.79557748  0.31164888  0.39822379
   0.18018380  0.56395829  0.19493464
   0.24872175  0.93933368  0.50188747
   0.03971000  0.94194000  0.09637000
   0.31538670  0.68888036  0.29835148
   0.11066457  0.81518011  0.39972409
   0.51349717  0.56420806  0.19520278
   0.58273539  0.94104984  0.50338804
   0.37304000  0.94194000  0.09637000
   0.64842291  0.68889833  0.29896591
   0.44154325  0.81677326  0.40365468
   0.84657480  0.56372302  0.19485583
   0.91372371  0.93905947  0.50431015
   0.70637000  0.94194000  0.09637000
   0.98198184  0.68816554  0.29804638
   0.77631300  0.81673171  0.39982224
   0.92845463  0.69451547  0.49526562
   0.03971000  0.19194000  0.09637000
   0.31885175  0.43808389  0.29764925
   0.11456655  0.06228957  0.40009726
   0.17917369  0.31494923  0.19607883
   0.26041108  0.19355929  0.49541726
   0.37304000  0.19194000  0.09637000
   0.65239411  0.43874197  0.29857679
   0.44793699  0.06291501  0.39988448
   0.51209654  0.31589275  0.19752572
   0.59364835  0.19551082  0.49513924
   0.70637000  0.19194000  0.09637000
   0.98650934  0.43775412  0.29709347
   0.78051315  0.06238816  0.40019709
   0.84494033  0.31486216  0.19688782
   0.92862735  0.19184277  0.49494538
   0.03971000  0.69194000  0.09637000
   0.31111248  0.93955445  0.29833437
   0.12731747  0.55843628  0.39915101
   0.17801434  0.81569061  0.19716451
   0.25609245  0.68866003  0.49922791
   0.37304000  0.69194000  0.09637000
   0.64336724  0.93928254  0.29873353
   0.46007516  0.55965938  0.39976596
   0.51163496  0.81563742  0.19720411
   0.59270504  0.69355667  0.49531023
   0.70637000  0.69194000  0.09637000
   0.97789571  0.93944070  0.29835786
   0.84451336  0.81566957  0.19727069
   0.79391530  0.56020311  0.40023046
   0.17310000  0.33301000  0.10976000
   0.26168770  0.20376884  0.41091621
   0.08571899  0.31865661  0.51112508
   0.31445716  0.45981850  0.21352743
   0.11433101  0.08334648  0.31562840
   0.23858000  0.04636000  0.07986000
   0.04400967  0.17061065  0.18004301
   0.32794552  0.41549478  0.38144838
   0.11682626  0.05053899  0.48777255
   0.18113338  0.29297514  0.27971232
   0.50750000  0.33753000  0.11288000
   0.59577113  0.20444695  0.41081781
   0.41902944  0.32109533  0.51121594
   0.64773967  0.46093705  0.21478721
   0.44774354  0.08352108  0.31558706
   0.57191000  0.04636000  0.07986000
   0.37762940  0.17098414  0.18029539
   0.66151098  0.41667544  0.38255280
   0.45110486  0.05285822  0.48733673
   0.51500023  0.29351252  0.28091278
   0.84083000  0.33753000  0.11288000
   0.92769506  0.20361596  0.41095352
   0.75116153  0.32276886  0.51224209
   0.98130735  0.45987326  0.21345903
   0.78074699  0.08293145  0.31573488
   0.90524000  0.04636000  0.07986000
   0.71057698  0.17012479  0.17986414
   0.99422093  0.41460101  0.38036627
   0.78520306  0.05000136  0.48804627
   0.84789385  0.29239173  0.27991509
   0.17417000  0.83753000  0.11288000
   0.24108742  0.70778462  0.41585647
   0.04559313  0.83338232  0.51525707
   0.31202174  0.96081793  0.21435738
   0.11674544  0.58405227  0.31549412
   0.23858000  0.54636000  0.07986000
   0.04588149  0.67014037  0.18005127
   0.30790411  0.92002991  0.38226099
   0.14960162  0.53429973  0.48301616
   0.18041551  0.79282151  0.28022345
   0.50750000  0.83753000  0.11288000
   0.57764882  0.70932821  0.41348787
   0.38422357  0.83538836  0.50511898
   0.64537049  0.96064467  0.21460516
   0.44951333  0.58417234  0.31608355
   0.57191000  0.54636000  0.07986000
   0.37925923  0.67026889  0.18005716
   0.64107623  0.92008175  0.38308616
   0.48564545  0.54061238  0.48594694
   0.51405688  0.79266927  0.28022695
   0.84083000  0.83753000  0.11288000
   0.71259299  0.83222686  0.51494268
   0.97875128  0.96071282  0.21447232
   0.78314414  0.58453284  0.31666155
   0.90524000  0.54636000  0.07986000
   0.71266446  0.67021768  0.17994752
   0.97578952  0.91958509  0.38248528
   0.82040985  0.54168380  0.48775343
   0.84734827  0.79254834  0.28044750
   0.90965927  0.70999134  0.41360829
   0.72225995  0.57182573  0.64694269
   0.23805503  0.66050376  0.60095135
   0.96250413  0.63104576  0.61197812
   0.68012993  0.53424660  0.69514416
   0.78614691  0.53021133  0.74506570
   0.75565029  0.44805649  0.76595629
   0.91156327  0.55076061  0.73251686
   0.76428378  0.59062690  0.77754848
   0.55127236  0.50129644  0.70205446
