   0.17828242  0.06459244  0.19476727
   0.28087043  0.43478447  0.49935213
   0.03971000  0.44194000  0.09637000
   0.31519191  0.18985585  0.29805162
   0.12652158  0.31197613  0.40473113
   0.51141794  0.06488764  0.19539261
   0.61312896  0.43487171  0.50187958
   0.37304000  0.44194000  0.09637000
   0.64804342  0.18943829  0.29995537
   0.45518663  0.31104176  0.40596084
   0.84447903  0.06451476  0.19478234
   0.94567572  0.43470373  0.50030877
   0.70637000  0.44194000  0.09637000
   0.98321146  0.18949244  0.29978360
   0.79174360  0.31249605  0.39933697
   0.17988604  0.56345398  0.19499118
   0.25704161  0.93764340  0.51112381
   0.03971000  0.94194000  0.09637000
   0.31491227  0.68777181  0.29793180
   0.11434660  0.81632991  0.39410146
   0.51306285  0.56319713  0.19483315
   0.58826614  0.93978536  0.50507050
   0.37304000  0.94194000  0.09637000
   0.64853016  0.68848936  0.29761484
   0.44609341  0.81644681  0.39803341
   0.84631699  0.56285900  0.19512547
   0.91645575  0.93286412  0.50935899
   0.70637000  0.94194000  0.09637000
   0.98095627  0.68686339  0.29707676
   0.77904914  0.81857293  0.39719269
   0.92230102  0.69439608  0.48737105
   0.03971000  0.19194000  0.09637000
   0.31800914  0.43723643  0.29892261
   0.11506169  0.06030765  0.40302050
   0.17928262  0.31549513  0.19606606
   0.25741231  0.18418913  0.50456116
   0.37304000  0.19194000  0.09637000
   0.64895708  0.43693462  0.29917139
   0.44636980  0.06253338  0.39991363
   0.51293717  0.31584043  0.19730768
   0.59227404  0.19329782  0.49500494
   0.70637000  0.19194000  0.09637000
   0.98663112  0.43693370  0.29911212
   0.78149754  0.06253888  0.39992583
   0.84493218  0.31568025  0.19760777
   0.93019054  0.19263321  0.49480965
   0.03971000  0.69194000  0.09637000
   0.31176563  0.94116126  0.29752425
   0.12713462  0.56118494  0.40066237
   0.17800160  0.81529773  0.19703625
   0.26552040  0.69714745  0.49583766
   0.37304000  0.69194000  0.09637000
   0.64531005  0.94069459  0.29784102
   0.46036982  0.56022134  0.39996782
   0.51084852  0.81594519  0.19738649
   0.59356120  0.69533577  0.49486384
   0.70637000  0.69194000  0.09637000
   0.98155757  0.94309860  0.29755274
   0.84513405  0.81546847  0.19691472
   0.78972124  0.55902197  0.39814419
   0.17310000  0.33301000  0.10976000
   0.25316428  0.20086462  0.41981677
   0.07702004  0.32788124  0.50556684
   0.31432160  0.45993278  0.21384246
   0.11785431  0.08656105  0.31810007
   0.23858000  0.04636000  0.07986000
   0.04423807  0.17100905  0.18023589
   0.32431548  0.41550481  0.38360816
   0.11337085  0.03042742  0.48686985
   0.18121119  0.29411296  0.27953893
   0.50750000  0.33753000  0.11288000
   0.59273597  0.20353316  0.41085561
   0.41555618  0.32814324  0.50576881
   0.64762222  0.46032933  0.21494432
   0.44748473  0.08487295  0.31551558
   0.57191000  0.04636000  0.07986000
   0.37767235  0.17119562  0.18040470
   0.65528516  0.41592177  0.38359442
   0.45689958  0.04654260  0.48569972
   0.51483411  0.29330850  0.28023279
   0.84083000  0.33753000  0.11288000
   0.92354766  0.20394591  0.41120563
   0.74540984  0.32474280  0.50973113
   0.98127395  0.46009401  0.21492340
   0.78254525  0.08382562  0.31549630
   0.90524000  0.04636000  0.07986000
   0.71082021  0.17101776  0.17994295
   0.99301977  0.41699369  0.38322238
   0.79066121  0.04778077  0.48762093
   0.84826979  0.29293333  0.28087024
   0.17417000  0.83753000  0.11288000
   0.24574128  0.71188219  0.41372892
   0.04527301  0.81308869  0.52941749
   0.31212329  0.96076572  0.21389976
   0.11609333  0.58358486  0.31669938
   0.23858000  0.54636000  0.07986000
   0.04560074  0.66975174  0.18003518
   0.31180167  0.91932452  0.38079026
   0.14717793  0.54707541  0.48750163
   0.18054932  0.79228495  0.28026499
   0.50750000  0.83753000  0.11288000
   0.58159858  0.71167530  0.41269002
   0.38979764  0.83237584  0.51857885
   0.64533922  0.96108476  0.21413871
   0.44916907  0.58381977  0.31642972
   0.57191000  0.54636000  0.07986000
   0.37933940  0.67026139  0.18015022
   0.64333649  0.92094392  0.38162419
   0.48105786  0.54644785  0.48626531
   0.51438640  0.79293272  0.28063138
   0.84083000  0.83753000  0.11288000
   0.71835305  0.83130043  0.51670837
   0.97958706  0.96142897  0.21377721
   0.78082747  0.58288720  0.31539730
   0.90524000  0.54636000  0.07986000
   0.71275974  0.66939445  0.17983840
   0.97720669  0.91922145  0.38071016
   0.81315787  0.54407673  0.48451655
   0.84857787  0.79339023  0.27991121
   0.91343810  0.71122942  0.40724178
   0.75515227  0.57415992  0.64576209
   0.25427735  0.14044870  0.59712521
   0.96035264  0.68088211  0.59300850
   0.69904402  0.53620582  0.69265145
   0.79312268  0.52990221  0.74537745
   0.75480792  0.44651836  0.76564120
   0.92006855  0.54958484  0.73782086
   0.76265118  0.58935145  0.77794626
   0.56994372  0.50500539  0.69585886
