   0.18177000  0.06503000  0.19527000
   0.26941445  0.43184194  0.50165922
   0.03971000  0.44194000  0.09637000
   0.31634729  0.18942509  0.29804437
   0.11533398  0.31562251  0.39928877
   0.51472000  0.06471000  0.19485000
   0.59937684  0.43178610  0.50107916
   0.37304000  0.44194000  0.09637000
   0.65014602  0.18783527  0.29847079
   0.45018881  0.31467288  0.39896384
   0.84826000  0.06468000  0.19455000
   0.93430991  0.43469788  0.50166046
   0.70637000  0.44194000  0.09637000
   0.97937347  0.19018688  0.29738788
   0.78378524  0.31518610  0.39914303
   0.17955000  0.56532000  0.19533000
   0.27166718  0.92921019  0.50382857
   0.03971000  0.94194000  0.09637000
   0.31576569  0.68875284  0.29777970
   0.12185208  0.81491788  0.39694180
   0.51276000  0.56480000  0.19498000
   0.59372036  0.93054867  0.50198238
   0.37304000  0.94194000  0.09637000
   0.64872613  0.68861675  0.29749265
   0.45355209  0.81218995  0.39845032
   0.84642000  0.56519000  0.19522000
   0.92335705  0.93454886  0.50383428
   0.70637000  0.94194000  0.09637000
   0.98210453  0.68849655  0.29753919
   0.78427463  0.81360152  0.39748517
   0.59216284  0.19287845  0.49556995
   0.03971000  0.19194000  0.09637000
   0.31502314  0.43933912  0.29806951
   0.12046917  0.06227895  0.39261876
   0.18013000  0.31638000  0.19719000
   0.25655816  0.17846867  0.49241327
   0.37304000  0.19194000  0.09637000
   0.64693962  0.43857858  0.29735009
   0.44634858  0.05994688  0.40131159
   0.51314000  0.31594000  0.19696000
   0.70637000  0.19194000  0.09637000
   0.98175760  0.43894788  0.29716852
   0.78090139  0.06040543  0.39721955
   0.84665000  0.31624000  0.19703000
   0.92067417  0.19076692  0.49543416
   0.03971000  0.69194000  0.09637000
   0.31869056  0.93954714  0.29746234
   0.12086722  0.56026232  0.39908508
   0.18025000  0.81742000  0.19778000
   0.26329880  0.68669781  0.49429851
   0.37304000  0.69194000  0.09637000
   0.64892906  0.93807491  0.29655170
   0.45533561  0.55948482  0.39936969
   0.51318000  0.81586000  0.19571000
   0.59124045  0.68764701  0.49426697
   0.70637000  0.69194000  0.09637000
   0.98133589  0.93772178  0.29570583
   0.84718000  0.81593000  0.19584000
   0.92305389  0.68856986  0.49240940
   0.78897069  0.56020948  0.39827739
   0.17417000  0.33753000  0.11288000
   0.24940035  0.21191168  0.40990542
   0.06319834  0.33264311  0.51050055
   0.31386000  0.46170000  0.21427000
   0.11174968  0.08596144  0.30957160
   0.23858000  0.04636000  0.07986000
   0.04735000  0.17100000  0.18013000
   0.31591676  0.41958920  0.38196075
   0.16619274  0.03044692  0.46906492
   0.18217349  0.29432892  0.28045876
   0.50750000  0.33753000  0.11288000
   0.58201720  0.20649445  0.41217776
   0.39884953  0.32394112  0.51337407
   0.64712000  0.46121000  0.21367000
   0.44973910  0.08448382  0.31664726
   0.57191000  0.04636000  0.07986000
   0.38063000  0.17082000  0.17998000
   0.64913655  0.41860636  0.38157921
   0.47118731  0.04135250  0.48970815
   0.51695075  0.29165714  0.27989566
   0.84083000  0.33753000  0.11288000
   0.91439145  0.20804089  0.41054845
   0.73318845  0.32522208  0.51147331
   0.98063000  0.46160000  0.21400000
   0.78231519  0.08253551  0.31415192
   0.90524000  0.04636000  0.07986000
   0.71387000  0.17083000  0.18002000
   0.98323043  0.41925524  0.38052458
   0.78721862  0.04066477  0.48013629
   0.84765063  0.29335188  0.27986259
   0.17417000  0.83753000  0.11288000
   0.25169017  0.70666650  0.41228696
   0.05598902  0.82286301  0.52179916
   0.31682000  0.96236000  0.21534000
   0.11606511  0.58410507  0.31490683
   0.23858000  0.54636000  0.07986000
   0.04601000  0.67209000  0.18056000
   0.32225290  0.91403269  0.37959487
   0.13498448  0.54468541  0.48671984
   0.18170202  0.79355997  0.28056762
   0.50619000  0.83294000  0.10916000
   0.58479387  0.70644860  0.41225122
   0.39723452  0.81691154  0.51819341
   0.64926000  0.96050000  0.21277000
   0.44966382  0.58434632  0.31574517
   0.57191000  0.54636000  0.07986000
   0.37906000  0.67136000  0.18002000
   0.64986372  0.91510967  0.37954295
   0.46824696  0.54266440  0.48705891
   0.51521862  0.79266177  0.27885960
   0.83992000  0.83287000  0.10930000
   0.72129040  0.82385059  0.51164130
   0.98268000  0.96077000  0.21320000
   0.78233160  0.58339698  0.31469301
   0.90524000  0.54636000  0.07986000
   0.71230000  0.67144000  0.18017000
   0.98251193  0.91582246  0.37894937
   0.80143906  0.54260508  0.48546731
   0.84797311  0.79257437  0.27904305
   0.91982569  0.70879644  0.41112448
   0.78477000  0.69231000  0.65805000
   0.05575237  0.10358076  0.56982379
   0.03581438  0.70899740  0.59553378
   0.71747020  0.62958061  0.69611400
   0.79614713  0.57452024  0.74092371
   0.74034064  0.48582443  0.74374436
   0.92473768  0.58684367  0.73308270
   0.77729125  0.61127614  0.78302592
   0.58560971  0.61275614  0.69785684
