   0.18177000  0.06503000  0.19527000
   0.24349809  0.44097982  0.50378719
   0.03971000  0.44194000  0.09637000
   0.31889185  0.19026922  0.29921082
   0.11447100  0.31809799  0.40044336
   0.51472000  0.06471000  0.19485000
   0.58093173  0.44216473  0.50450837
   0.37304000  0.44194000  0.09637000
   0.65200332  0.18988423  0.29820578
   0.44907627  0.31911462  0.40132771
   0.84826000  0.06468000  0.19455000
   0.91113225  0.44108752  0.50330340
   0.70637000  0.44194000  0.09637000
   0.98552158  0.18973275  0.29776604
   0.78097645  0.31828804  0.40135535
   0.17955000  0.56532000  0.19533000
   0.28178585  0.93596957  0.50377800
   0.03971000  0.94194000  0.09637000
   0.31575177  0.69063117  0.29817153
   0.12518170  0.81601647  0.39840850
   0.51276000  0.56480000  0.19498000
   0.61383508  0.93381844  0.50303213
   0.37304000  0.94194000  0.09637000
   0.64859893  0.68998485  0.29727557
   0.45857862  0.81621294  0.39883247
   0.84642000  0.56519000  0.19522000
   0.94609214  0.93528382  0.50242607
   0.70637000  0.94194000  0.09637000
   0.98223296  0.69049135  0.29794110
   0.79116645  0.81531687  0.39818634
   0.58738692  0.19275091  0.49570707
   0.03971000  0.19194000  0.09637000
   0.31462502  0.44091503  0.29814783
   0.12734507  0.06185399  0.39998560
   0.18013000  0.31638000  0.19719000
   0.25892383  0.19522723  0.49502247
   0.37304000  0.19194000  0.09637000
   0.64758872  0.44019264  0.29748573
   0.46128718  0.06341902  0.40258964
   0.51314000  0.31594000  0.19696000
   0.70637000  0.19194000  0.09637000
   0.98107910  0.44056261  0.29791492
   0.79370677  0.06187481  0.39971246
   0.84665000  0.31624000  0.19703000
   0.92814940  0.19595921  0.49397479
   0.03971000  0.69194000  0.09637000
   0.32047878  0.94238263  0.29953520
   0.11467417  0.56536393  0.39914241
   0.18025000  0.81742000  0.19778000
   0.25781863  0.69672135  0.49453655
   0.37304000  0.69194000  0.09637000
   0.65272082  0.94025377  0.29699727
   0.44714046  0.56621158  0.39950704
   0.51318000  0.81586000  0.19571000
   0.58946046  0.69714511  0.49558125
   0.70637000  0.69194000  0.09637000
   0.98606545  0.94027759  0.29747387
   0.84718000  0.81593000  0.19584000
   0.91999426  0.69704817  0.49517997
   0.78207548  0.56536458  0.39795672
   0.17417000  0.33753000  0.11288000
   0.24832110  0.21077383  0.41319910
   0.04425649  0.33584683  0.51339538
   0.31386000  0.46170000  0.21427000
   0.11963308  0.08526974  0.31607965
   0.23858000  0.04636000  0.07986000
   0.04735000  0.17100000  0.18013000
   0.31300637  0.42158591  0.38231712
   0.14763936  0.04361881  0.48708866
   0.18441501  0.29402213  0.28049491
   0.50750000  0.33753000  0.11288000
   0.57955959  0.21079388  0.41450455
   0.37774604  0.33649930  0.51170667
   0.64712000  0.46121000  0.21367000
   0.45394887  0.08727382  0.31866629
   0.57191000  0.04636000  0.07986000
   0.38063000  0.17082000  0.17998000
   0.64677075  0.42057482  0.38115642
   0.48101093  0.04302036  0.49106939
   0.51730019  0.29348897  0.28018680
   0.84083000  0.33753000  0.11288000
   0.91397286  0.21050179  0.41241575
   0.71957299  0.32979519  0.50523769
   0.98063000  0.46160000  0.21400000
   0.78655942  0.08544400  0.31531955
   0.90524000  0.04636000  0.07986000
   0.71387000  0.17083000  0.18002000
   0.98051748  0.42138332  0.38214673
   0.81290731  0.04517120  0.48853267
   0.85101818  0.29387398  0.28025702
   0.17417000  0.83753000  0.11288000
   0.25766786  0.70824149  0.41046569
   0.07931670  0.82334197  0.51198502
   0.31682000  0.96236000  0.21534000
   0.11560694  0.58557519  0.31491696
   0.23858000  0.54636000  0.07986000
   0.04601000  0.67209000  0.18056000
   0.32486905  0.92176133  0.38398553
   0.11674418  0.55328287  0.48876758
   0.18279680  0.79657293  0.28154967
   0.50619000  0.83294000  0.10916000
   0.59087032  0.70878114  0.41158985
   0.41115013  0.82531303  0.51176564
   0.64926000  0.96050000  0.21277000
   0.44901962  0.58581794  0.31538973
   0.57191000  0.54636000  0.07986000
   0.37906000  0.67136000  0.18002000
   0.65744491  0.91993757  0.38113556
   0.44542495  0.55552785  0.48648095
   0.51543436  0.79515811  0.27967300
   0.83992000  0.83287000  0.10930000
   0.74675592  0.82501503  0.50992339
   0.98268000  0.96077000  0.21320000
   0.78223045  0.58528488  0.31409640
   0.90524000  0.54636000  0.07986000
   0.71230000  0.67144000  0.18017000
   0.99031720  0.92028356  0.38190612
   0.78065518  0.55265968  0.48419425
   0.84885702  0.79539343  0.27981850
   0.92547828  0.70885047  0.41024544
   0.78477000  0.69231000  0.65805000
   0.69600940  0.44439358  0.63491863
   0.95368342  0.64877784  0.60788231
   0.71256186  0.56926804  0.68331152
   0.79406536  0.53509602  0.73836563
   0.75002072  0.44933321  0.76044826
   0.91607820  0.54766326  0.73672535
   0.76541104  0.59222406  0.77326354
   0.58192305  0.53822527  0.69090883
