   0.18177000  0.06503000  0.19527000
   0.26490615  0.43833290  0.50219348
   0.03971000  0.44194000  0.09637000
   0.31689455  0.19097441  0.29891718
   0.11794718  0.31593601  0.40291615
   0.51472000  0.06471000  0.19485000
   0.59495732  0.43733133  0.50313091
   0.37304000  0.44194000  0.09637000
   0.64995850  0.19026535  0.29903882
   0.44944164  0.31653196  0.40297734
   0.84826000  0.06468000  0.19455000
   0.92868857  0.43778196  0.50069201
   0.70637000  0.44194000  0.09637000
   0.98314856  0.19035700  0.29865126
   0.78512704  0.31627476  0.40072187
   0.17955000  0.56532000  0.19533000
   0.27125427  0.93588576  0.50353439
   0.03971000  0.94194000  0.09637000
   0.31761752  0.68977917  0.29807265
   0.12294830  0.81496733  0.39573333
   0.51276000  0.56480000  0.19498000
   0.60214408  0.93725864  0.50473245
   0.37304000  0.94194000  0.09637000
   0.65026196  0.68941279  0.29727984
   0.45681610  0.81612799  0.39885001
   0.84642000  0.56519000  0.19522000
   0.93353295  0.93703974  0.50202764
   0.70637000  0.94194000  0.09637000
   0.98347683  0.68897862  0.29736071
   0.78925786  0.81532296  0.39756763
   0.59032800  0.19697166  0.49607019
   0.03971000  0.19194000  0.09637000
   0.31563956  0.44049310  0.29868122
   0.12379653  0.06181375  0.39778494
   0.18013000  0.31638000  0.19719000
   0.24803583  0.18685414  0.50057151
   0.37304000  0.19194000  0.09637000
   0.64844237  0.43965012  0.29791610
   0.45458246  0.06361907  0.40074668
   0.51314000  0.31594000  0.19696000
   0.70637000  0.19194000  0.09637000
   0.98291344  0.43993546  0.29813639
   0.78834406  0.06363102  0.40091910
   0.84665000  0.31624000  0.19703000
   0.93835422  0.19182021  0.49936221
   0.03971000  0.69194000  0.09637000
   0.31905616  0.94114138  0.29846640
   0.12216106  0.56252986  0.39951700
   0.18025000  0.81742000  0.19778000
   0.26924189  0.69399088  0.49440695
   0.37304000  0.69194000  0.09637000
   0.65159434  0.94064470  0.29741249
   0.45578269  0.56307927  0.40033041
   0.51318000  0.81586000  0.19571000
   0.59899388  0.69609299  0.49583379
   0.70637000  0.69194000  0.09637000
   0.98410072  0.94017822  0.29655988
   0.84718000  0.81593000  0.19584000
   0.93441322  0.68702246  0.49313360
   0.78731466  0.56214713  0.39860498
   0.17417000  0.33753000  0.11288000
   0.25116588  0.20780759  0.41595700
   0.06269394  0.33653503  0.50598385
   0.31386000  0.46170000  0.21427000
   0.11740857  0.08581121  0.31430007
   0.23858000  0.04636000  0.07986000
   0.04735000  0.17100000  0.18013000
   0.31592440  0.42096221  0.38290333
   0.13411767  0.03310863  0.47958846
   0.18217584  0.29475170  0.28044336
   0.50750000  0.33753000  0.11288000
   0.58539110  0.20922796  0.41322217
   0.39647696  0.33043789  0.50872346
   0.64712000  0.46121000  0.21367000
   0.45077499  0.08627186  0.31657240
   0.57191000  0.04636000  0.07986000
   0.38063000  0.17082000  0.17998000
   0.64950810  0.41989730  0.38207628
   0.47054100  0.04599775  0.48723851
   0.51595357  0.29409948  0.28002789
   0.84083000  0.33753000  0.11288000
   0.91660341  0.20899945  0.41556941
   0.72742103  0.33124950  0.51326306
   0.98063000  0.46160000  0.21400000
   0.78418117  0.08562068  0.31614799
   0.90524000  0.04636000  0.07986000
   0.71387000  0.17083000  0.18002000
   0.98355549  0.42017426  0.38211069
   0.80260103  0.04493694  0.48745210
   0.84903525  0.29416312  0.28032840
   0.17417000  0.83753000  0.11288000
   0.25602220  0.70953232  0.41181435
   0.06535031  0.82467308  0.51978848
   0.31682000  0.96236000  0.21534000
   0.11809789  0.58515747  0.31548960
   0.23858000  0.54636000  0.07986000
   0.04601000  0.67209000  0.18056000
   0.32209638  0.91944287  0.38193366
   0.13165496  0.55178158  0.48688030
   0.18349357  0.79463602  0.28093801
   0.50619000  0.83294000  0.10916000
   0.59034892  0.70946730  0.41303471
   0.40136147  0.82870663  0.51491042
   0.64926000  0.96050000  0.21277000
   0.45140646  0.58566231  0.31623347
   0.57191000  0.54636000  0.07986000
   0.37906000  0.67136000  0.18002000
   0.65488597  0.91936103  0.38151407
   0.46630276  0.55053237  0.48785318
   0.51703890  0.79440638  0.27953989
   0.83992000  0.83287000  0.10930000
   0.73451045  0.82944464  0.51722581
   0.98268000  0.96077000  0.21320000
   0.78391610  0.58482942  0.31497341
   0.90524000  0.54636000  0.07986000
   0.71230000  0.67144000  0.18017000
   0.98719030  0.91751030  0.37945160
   0.79683734  0.54682980  0.48531277
   0.84991649  0.79369729  0.27925630
   0.92359599  0.70892343  0.41149975
   0.78477000  0.69231000  0.65805000
   0.13569706  0.15130958  0.58970838
  -0.04552618  0.77732995  0.59878244
   0.72195079  0.63174856  0.69734880
   0.80303392  0.57471656  0.74036049
   0.74753157  0.48525752  0.74063731
   0.93065410  0.58769580  0.73237290
   0.78122460  0.60558475  0.78356599
   0.59062094  0.61791984  0.70144333
