   0.18180203  0.06498781  0.19519574
   0.24178462  0.44272863  0.50354064
   0.03971000  0.44194000  0.09637000
   0.31898332  0.19023860  0.29923045
   0.11290670  0.31822327  0.40119103
   0.51482193  0.06477740  0.19490765
   0.57398130  0.44834161  0.50056915
   0.37304000  0.44194000  0.09637000
   0.65210762  0.18990543  0.29850374
   0.44821951  0.31846078  0.40127512
   0.84828268  0.06470363  0.19463964
   0.91347943  0.44816997  0.50053606
   0.70637000  0.44194000  0.09637000
   0.98550723  0.18985038  0.29814931
   0.77991765  0.31733173  0.40117087
   0.17938025  0.56525694  0.19529375
   0.28487162  0.93471677  0.50301111
   0.03971000  0.94194000  0.09637000
   0.31542982  0.69066722  0.29821306
   0.12621812  0.81594963  0.39830608
   0.51268898  0.56488125  0.19511120
   0.61824078  0.93357781  0.50293771
   0.37304000  0.94194000  0.09637000
   0.64848540  0.69020174  0.29763861
   0.45933949  0.81608667  0.39836509
   0.84621668  0.56518827  0.19531365
   0.95139066  0.93446094  0.50162608
   0.70637000  0.94194000  0.09637000
   0.98206895  0.69055633  0.29825368
   0.79208955  0.81544362  0.39766708
   0.60342944  0.19303017  0.50223430
   0.03971000  0.19194000  0.09637000
   0.31388584  0.44065928  0.29810563
   0.12799763  0.06237824  0.40029266
   0.18003902  0.31625640  0.19714487
   0.26121288  0.19730541  0.49539386
   0.37304000  0.19194000  0.09637000
   0.64724872  0.44053429  0.29788152
   0.46312426  0.06414756  0.40266176
   0.51321111  0.31611900  0.19712270
   0.70637000  0.19194000  0.09637000
   0.98043216  0.44077248  0.29801351
   0.79615172  0.06197655  0.39958793
   0.84656231  0.31628419  0.19709718
   0.91647114  0.19371489  0.49952438
   0.03971000  0.69194000  0.09637000
   0.32047070  0.94208126  0.29934086
   0.11412405  0.56582544  0.39912358
   0.18005159  0.81724758  0.19769794
   0.25547387  0.69823284  0.49465970
   0.37304000  0.69194000  0.09637000
   0.65287837  0.94026635  0.29722438
   0.44558199  0.56635177  0.39923579
   0.51322318  0.81594303  0.19580956
   0.58686869  0.69910998  0.49485317
   0.70637000  0.69194000  0.09637000
   0.98631227  0.94035898  0.29764302
   0.84711223  0.81599537  0.19594062
   0.91980454  0.70149315  0.49436857
   0.78030986  0.56645935  0.39867691
   0.17417000  0.33753000  0.11288000
   0.24773802  0.21164168  0.41359767
   0.03988176  0.33850030  0.51305832
   0.31367133  0.46159566  0.21415324
   0.11986979  0.08550592  0.31616830
   0.23858000  0.04636000  0.07986000
   0.04734277  0.17090994  0.18010157
   0.31224347  0.42136966  0.38223790
   0.15209342  0.04468746  0.48714639
   0.18429571  0.29367844  0.28028168
   0.50750000  0.33753000  0.11288000
   0.58052551  0.21295190  0.41937441
   0.37599870  0.33808939  0.51451099
   0.64702909  0.46137908  0.21394823
   0.45424306  0.08721345  0.31822758
   0.57191000  0.04636000  0.07986000
   0.38070351  0.17091444  0.18003592
   0.64596199  0.42115465  0.38196038
   0.48485806  0.04209488  0.48813956
   0.51755478  0.29365321  0.28029606
   0.84083000  0.33753000  0.11288000
   0.91416471  0.21128527  0.41605191
   0.70891400  0.34712300  0.51108446
   0.98044369  0.46160265  0.21406114
   0.78685338  0.08574355  0.31564120
   0.90524000  0.04636000  0.07986000
   0.71395045  0.17086413  0.18004798
   0.97810951  0.42132880  0.38211803
   0.81729890  0.03912436  0.48387464
   0.85079532  0.29381656  0.28021671
   0.17417000  0.83753000  0.11288000
   0.25913498  0.70832826  0.41021306
   0.08342192  0.82500633  0.51146117
   0.31677620  0.96218172  0.21508929
   0.11534697  0.58544986  0.31493702
   0.23858000  0.54636000  0.07986000
   0.04581225  0.67197648  0.18051299
   0.32552143  0.92141941  0.38335743
   0.11469389  0.55527565  0.48622957
   0.18252293  0.79641174  0.28121591
   0.50619000  0.83294000  0.10916000
   0.59187822  0.70817235  0.41020248
   0.41618626  0.82304975  0.51218382
   0.64937993  0.96057046  0.21289292
   0.44844341  0.58545269  0.31492503
   0.57191000  0.54636000  0.07986000
   0.37894649  0.67142066  0.18005765
   0.65802288  0.91963156  0.38097349
   0.44305349  0.55647029  0.48668452
   0.51538144  0.79516581  0.27951583
   0.83992000  0.83287000  0.10930000
   0.75052258  0.82237668  0.51190695
   0.98273340  0.96080271  0.21329647
   0.78179144  0.58529262  0.31445801
   0.90524000  0.54636000  0.07986000
   0.71223708  0.67151787  0.18022501
   0.99158342  0.92011519  0.38180795
   0.77943116  0.55849702  0.48551714
   0.84883619  0.79540678  0.27976283
   0.92622179  0.70853045  0.40942196
   0.76691901  0.54398053  0.65400012
   0.73894626  0.16914276  0.59241734
   0.74191144  0.37642449  0.60852528
   0.76336387  0.57595811  0.70408302
   0.73310389  0.50254629  0.75546830
   0.64410471  0.52718718  0.78327227
   0.69671767  0.41452971  0.74292634
   0.84233524  0.51526187  0.78112847
   0.78619614  0.66765615  0.71193417
