   0.18177000  0.06503000  0.19527000
   0.26564877  0.43804400  0.50206346
   0.03971000  0.44194000  0.09637000
   0.31672898  0.19085848  0.29886703
   0.11836129  0.31565742  0.40292641
   0.51472000  0.06471000  0.19485000
   0.59571199  0.43755036  0.50284508
   0.37304000  0.44194000  0.09637000
   0.64958335  0.19009570  0.29892334
   0.44962048  0.31600265  0.40299700
   0.84826000  0.06468000  0.19455000
   0.92936703  0.43770056  0.50048714
   0.70637000  0.44194000  0.09637000
   0.98296588  0.19035838  0.29868235
   0.78506263  0.31611141  0.40042254
   0.17955000  0.56532000  0.19533000
   0.26919604  0.93671276  0.50433815
   0.03971000  0.94194000  0.09637000
   0.31754352  0.68963222  0.29789633
   0.12232234  0.81534438  0.39596724
   0.51276000  0.56480000  0.19498000
   0.60010318  0.93774242  0.50480375
   0.37304000  0.94194000  0.09637000
   0.65015828  0.68934002  0.29728744
   0.45612181  0.81645690  0.39858099
   0.84642000  0.56519000  0.19522000
   0.93192737  0.93760446  0.50249845
   0.70637000  0.94194000  0.09637000
   0.98356109  0.68904932  0.29732759
   0.78869164  0.81564342  0.39778392
   0.58919663  0.19694388  0.49601321
   0.03971000  0.19194000  0.09637000
   0.31581306  0.44024388  0.29861800
   0.12326644  0.06201328  0.39831369
   0.18013000  0.31638000  0.19719000
   0.24832332  0.18688085  0.50159210
   0.37304000  0.19194000  0.09637000
   0.64875732  0.43976259  0.29792573
   0.45370503  0.06364444  0.40091881
   0.51314000  0.31594000  0.19696000
   0.70637000  0.19194000  0.09637000
   0.98302744  0.43990222  0.29806762
   0.78773492  0.06352108  0.40051071
   0.84665000  0.31624000  0.19703000
   0.93532591  0.19228077  0.49819402
   0.03971000  0.69194000  0.09637000
   0.31851653  0.94121250  0.29851605
   0.12231160  0.56283519  0.39929143
   0.18025000  0.81742000  0.19778000
   0.26851031  0.69467536  0.49429973
   0.37304000  0.69194000  0.09637000
   0.65125103  0.94038238  0.29726824
   0.45580937  0.56280465  0.40010544
   0.51318000  0.81586000  0.19571000
   0.59730488  0.69633851  0.49557661
   0.70637000  0.69194000  0.09637000
   0.98373968  0.94034240  0.29668695
   0.84718000  0.81593000  0.19584000
   0.93319237  0.68777059  0.49379019
   0.78776646  0.56244839  0.39879485
   0.17417000  0.33753000  0.11288000
   0.25130118  0.20776401  0.41655712
   0.06299033  0.33583957  0.50611025
   0.31386000  0.46170000  0.21427000
   0.11729904  0.08585575  0.31469259
   0.23858000  0.04636000  0.07986000
   0.04735000  0.17100000  0.18013000
   0.31640250  0.42058276  0.38280503
   0.13183430  0.03327768  0.48012530
   0.18210007  0.29459079  0.28043716
   0.50750000  0.33753000  0.11288000
   0.58552361  0.20910080  0.41304959
   0.39727396  0.33061368  0.50896366
   0.64712000  0.46121000  0.21367000
   0.45042905  0.08622729  0.31664172
   0.57191000  0.04636000  0.07986000
   0.38063000  0.17082000  0.17998000
   0.64970593  0.41989757  0.38204910
   0.46865077  0.04622978  0.48740364
   0.51581378  0.29406818  0.28007091
   0.84083000  0.33753000  0.11288000
   0.91677495  0.20878982  0.41463445
   0.72818970  0.33115531  0.51257450
   0.98063000  0.46160000  0.21400000
   0.78391299  0.08537413  0.31581269
   0.90524000  0.04636000  0.07986000
   0.71387000  0.17083000  0.18002000
   0.98399182  0.42012103  0.38204695
   0.80117403  0.04568778  0.48727980
   0.84877108  0.29411274  0.28035343
   0.17417000  0.83753000  0.11288000
   0.25549094  0.70984116  0.41172240
   0.06365093  0.82500792  0.52055556
   0.31682000  0.96236000  0.21534000
   0.11796686  0.58516019  0.31533978
   0.23858000  0.54636000  0.07986000
   0.04601000  0.67209000  0.18056000
   0.32122477  0.91954820  0.38201694
   0.13232033  0.55140631  0.48657633
   0.18349800  0.79463489  0.28090840
   0.50619000  0.83294000  0.10916000
   0.58958976  0.70958139  0.41276020
   0.39922326  0.82893822  0.51534854
   0.64926000  0.96050000  0.21277000
   0.45124161  0.58536343  0.31604624
   0.57191000  0.54636000  0.07986000
   0.37906000  0.67136000  0.18002000
   0.65420948  0.91939107  0.38141509
   0.46657213  0.55033666  0.48749372
   0.51692265  0.79426597  0.27947932
   0.83992000  0.83287000  0.10930000
   0.73259874  0.82981523  0.51710325
   0.98268000  0.96077000  0.21320000
   0.78415562  0.58498773  0.31514893
   0.90524000  0.54636000  0.07986000
   0.71230000  0.67144000  0.18017000
   0.98637524  0.91775624  0.37962698
   0.79726842  0.54677513  0.48545361
   0.84982788  0.79375647  0.27924548
   0.92305479  0.70944620  0.41209951
   0.78477000  0.69231000  0.65805000
   0.14820635  0.14902190  0.59182680
  -0.04284029  0.77722454  0.59998993
   0.72101295  0.63191276  0.69751839
   0.80158198  0.57492481  0.74067224
   0.74450884  0.48536386  0.74096958
   0.92884511  0.58672635  0.73276693
   0.77983195  0.60596344  0.78364459
   0.59027199  0.61907615  0.70140296
