   0.18177703  0.06519035  0.19552452
   0.25346438  0.43616603  0.50254393
   0.03971000  0.44194000  0.09637000
   0.31856242  0.19064433  0.30018906
   0.11769031  0.31503643  0.40143679
   0.51450994  0.06448097  0.19464928
   0.58507618  0.44466705  0.50090964
   0.37304000  0.44194000  0.09637000
   0.65108681  0.18926479  0.29793573
   0.45409125  0.31679527  0.40280455
   0.84817906  0.06470346  0.19453614
   0.92716724  0.44076408  0.50079643
   0.70637000  0.44194000  0.09637000
   0.98485172  0.18951582  0.29784085
   0.78546259  0.31339299  0.40008057
   0.18003255  0.56533066  0.19543651
   0.26932882  0.93598353  0.50372387
   0.03971000  0.94194000  0.09637000
   0.31684328  0.69060452  0.29843422
   0.12252068  0.81663572  0.39846030
   0.51312214  0.56428539  0.19475809
   0.60258141  0.93443981  0.50452243
   0.37304000  0.94194000  0.09637000
   0.64929304  0.68904000  0.29700047
   0.45521224  0.81721872  0.39905911
   0.84698378  0.56502010  0.19509220
   0.93409910  0.93198308  0.50104623
   0.70637000  0.94194000  0.09637000
   0.98354743  0.69014360  0.29794093
   0.78742059  0.81503790  0.39672189
   0.60547078  0.19313940  0.50885797
   0.03971000  0.19194000  0.09637000
   0.31621589  0.43996329  0.29846708
   0.12191112  0.06184550  0.39988861
   0.18020513  0.31651874  0.19737783
   0.25896558  0.19398370  0.49513525
   0.37304000  0.19194000  0.09637000
   0.64959956  0.43874276  0.29716057
   0.46001617  0.06775410  0.40572338
   0.51303985  0.31559357  0.19685732
   0.70637000  0.19194000  0.09637000
   0.98325638  0.43996964  0.29776208
   0.79037493  0.06054992  0.39753849
   0.84666412  0.31623967  0.19701598
   0.91339175  0.18502515  0.49930992
   0.03971000  0.69194000  0.09637000
   0.31990837  0.94386507  0.30074408
   0.12021806  0.56292874  0.39892608
   0.18083652  0.81782047  0.19814719
   0.25738745  0.69521750  0.49458842
   0.37304000  0.69194000  0.09637000
   0.65062449  0.93931121  0.29604403
   0.45119082  0.56405262  0.39926554
   0.51299564  0.81532429  0.19537935
   0.58884038  0.69639640  0.49473505
   0.70637000  0.69194000  0.09637000
   0.98483195  0.93976616  0.29701863
   0.84725622  0.81560598  0.19560535
   0.92425297  0.69607628  0.49223694
   0.78662988  0.56244128  0.39723998
   0.17417000  0.33753000  0.11288000
   0.25327821  0.20812658  0.41257511
   0.05141719  0.32944442  0.51022200
   0.31426274  0.46168729  0.21454300
   0.11879484  0.08476733  0.31546860
   0.23858000  0.04636000  0.07986000
   0.04735292  0.17121561  0.18018764
   0.31788327  0.41908763  0.38240004
   0.13588245  0.04504169  0.48684711
   0.18401152  0.29390735  0.28056922
   0.50750000  0.33753000  0.11288000
   0.58832197  0.21464543  0.42441527
   0.38813272  0.33205103  0.51291077
   0.64777111  0.46069370  0.21340477
   0.45433459  0.08893438  0.32058141
   0.57191000  0.04636000  0.07986000
   0.38053520  0.17054895  0.17985808
   0.65241334  0.41774842  0.38125301
   0.47087097  0.04612039  0.49116492
   0.51710219  0.29314372  0.27988895
   0.84083000  0.33753000  0.11288000
   0.91813647  0.20719518  0.41481670
   0.71988828  0.34863185  0.52373865
   0.98129176  0.46154656  0.21394326
   0.78526971  0.08470595  0.31368007
   0.90524000  0.04636000  0.07986000
   0.71371313  0.17083729  0.17999356
   0.98368440  0.41868401  0.38157393
   0.80181174  0.03461977  0.47988335
   0.85031150  0.29386318  0.28008725
   0.17417000  0.83753000  0.11288000
   0.25524096  0.70912619  0.41127266
   0.06888644  0.82589175  0.51072272
   0.31703849  0.96283375  0.21615209
   0.11727566  0.58528968  0.31511334
   0.23858000  0.54636000  0.07986000
   0.04659380  0.67237122  0.18072283
   0.32201999  0.92346895  0.38483148
   0.12705818  0.54829155  0.48561832
   0.18397603  0.79683145  0.28186713
   0.50619000  0.83294000  0.10916000
   0.58801500  0.70915302  0.41150491
   0.39987809  0.82614891  0.51375707
   0.64876561  0.95996957  0.21201942
   0.44994486  0.58516967  0.31550713
   0.57191000  0.54636000  0.07986000
   0.37925155  0.67088227  0.17983403
   0.65272446  0.91808794  0.37909554
   0.45468206  0.55087552  0.48582327
   0.51597496  0.79352961  0.27873615
   0.83992000  0.83287000  0.10930000
   0.73372274  0.82442392  0.51448954
   0.98257905  0.96051801  0.21283851
   0.78310766  0.58408154  0.31355372
   0.90524000  0.54636000  0.07986000
   0.71254890  0.67102239  0.18002640
   0.98674186  0.91917431  0.38077844
   0.79341442  0.55053954  0.48351665
   0.84922201  0.79406836  0.27919614
   0.92199996  0.70812485  0.40891289
   0.77905672  0.59011223  0.65846374
   0.75453129  0.15101698  0.58772363
   0.75477447  0.44241054  0.60255626
   0.76169824  0.60393077  0.71041664
   0.73440760  0.51287785  0.75385322
   0.65207194  0.52752166  0.78748599
   0.69412231  0.43176935  0.73334996
   0.84865342  0.51455693  0.77555941
   0.76876525  0.69057102  0.72584469
