   0.18177000  0.06503000  0.19527000
   0.26306741  0.43257458  0.50228507
   0.03971000  0.44194000  0.09637000
   0.31532787  0.18811750  0.29755186
   0.11344926  0.31555230  0.40089570
   0.51472000  0.06471000  0.19485000
   0.59496701  0.43262015  0.49731419
   0.37304000  0.44194000  0.09637000
   0.64954030  0.18802706  0.29832522
   0.44527807  0.31277311  0.39720476
   0.84826000  0.06468000  0.19455000
   0.93037730  0.43581401  0.50647515
   0.70637000  0.44194000  0.09637000
   0.98284751  0.18960596  0.29895372
   0.78039513  0.31551058  0.40039051
   0.17955000  0.56532000  0.19533000
   0.26388041  0.93023848  0.50497890
   0.03971000  0.94194000  0.09637000
   0.31503902  0.68927512  0.29784568
   0.12007463  0.81321806  0.39531763
   0.51276000  0.56480000  0.19498000
   0.59660697  0.93248851  0.50288134
   0.37304000  0.94194000  0.09637000
   0.64837444  0.68944600  0.29641343
   0.45328742  0.81380708  0.39900712
   0.84642000  0.56519000  0.19522000
   0.92843634  0.93186446  0.50510367
   0.70637000  0.94194000  0.09637000
   0.98116293  0.68895657  0.29661808
   0.78620549  0.81529666  0.39785655
   0.58703911  0.18935965  0.49181470
   0.03971000  0.19194000  0.09637000
   0.31361638  0.44052110  0.29780994
   0.11890965  0.06098910  0.40131427
   0.18013000  0.31638000  0.19719000
   0.25681186  0.19124028  0.49689013
   0.37304000  0.19194000  0.09637000
   0.64610995  0.43812742  0.29601570
   0.45128316  0.05860872  0.39915099
   0.51314000  0.31594000  0.19696000
   0.70637000  0.19194000  0.09637000
   0.98093900  0.43905851  0.29722752
   0.78594807  0.06054454  0.39953085
   0.84665000  0.31624000  0.19703000
   0.92405560  0.19087608  0.49420601
   0.03971000  0.69194000  0.09637000
   0.31725092  0.93916200  0.29789090
   0.12009494  0.55952270  0.39842258
   0.18025000  0.81742000  0.19778000
   0.26160297  0.68746706  0.49446152
   0.37304000  0.69194000  0.09637000
   0.64991240  0.93949096  0.29691364
   0.45249943  0.56154563  0.39929372
   0.51318000  0.81586000  0.19571000
   0.59538581  0.69054232  0.49469931
   0.70637000  0.69194000  0.09637000
   0.98306333  0.94107974  0.29770757
   0.84718000  0.81593000  0.19584000
   0.92488340  0.68545302  0.48853484
   0.78634666  0.55959012  0.39430921
   0.17417000  0.33753000  0.11288000
   0.24558591  0.20749127  0.41484680
   0.06306554  0.32388093  0.51051578
   0.31386000  0.46170000  0.21427000
   0.11685588  0.08547988  0.31691631
   0.23858000  0.04636000  0.07986000
   0.04735000  0.17100000  0.18013000
   0.31300560  0.41886011  0.38158839
   0.13184109  0.03897924  0.48934234
   0.18268084  0.29349524  0.28026633
   0.50750000  0.33753000  0.11288000
   0.57788489  0.20519021  0.40958563
   0.39556252  0.32530739  0.51270843
   0.64712000  0.46121000  0.21367000
   0.44944113  0.08351917  0.31524045
   0.57191000  0.04636000  0.07986000
   0.38063000  0.17082000  0.17998000
   0.64414550  0.41708633  0.37877541
   0.46403755  0.04054134  0.48625117
   0.51435446  0.29132393  0.27953500
   0.84083000  0.33753000  0.11288000
   0.91362507  0.20697669  0.41169228
   0.72872136  0.32468222  0.50139738
   0.98063000  0.46160000  0.21400000
   0.78403473  0.08342384  0.31543948
   0.90524000  0.04636000  0.07986000
   0.71387000  0.17083000  0.18002000
   0.97961734  0.41846221  0.38072579
   0.79880524  0.04278325  0.48669902
   0.84827583  0.29260139  0.27998492
   0.17417000  0.83753000  0.11288000
   0.25258671  0.70673332  0.41173891
   0.05710561  0.82005330  0.51991190
   0.31682000  0.96236000  0.21534000
   0.11540364  0.58400008  0.31461034
   0.23858000  0.54636000  0.07986000
   0.04601000  0.67209000  0.18056000
   0.31811608  0.91634627  0.38150746
   0.13395466  0.54285484  0.48354471
   0.18178210  0.79410619  0.28075428
   0.50619000  0.83294000  0.10916000
   0.58678736  0.70753164  0.41222381
   0.39410986  0.82307708  0.51427869
   0.64926000  0.96050000  0.21277000
   0.44887958  0.58528282  0.31554581
   0.57191000  0.54636000  0.07986000
   0.37906000  0.67136000  0.18002000
   0.65060702  0.91793385  0.38125337
   0.46338100  0.54471775  0.48584347
   0.51448504  0.79435303  0.27931828
   0.83992000  0.83287000  0.10930000
   0.72876288  0.82565071  0.51241857
   0.98268000  0.96077000  0.21320000
   0.78123095  0.58349950  0.31147169
   0.90524000  0.54636000  0.07986000
   0.71230000  0.67144000  0.18017000
   0.98589626  0.91876363  0.38212345
   0.79510456  0.54244300  0.47840899
   0.84842698  0.79517307  0.27974327
   0.92036497  0.70764372  0.40715543
   0.78477000  0.69231000  0.65805000
   0.96197645  0.49892446  0.61305134
   0.01000603  0.69186589  0.59209807
   0.72057397  0.62730347  0.69560646
   0.79794068  0.57264847  0.74110046
   0.73599653  0.48552813  0.74498601
   0.92319653  0.57866627  0.73416602
   0.77872642  0.61086619  0.78207588
   0.58747843  0.60713964  0.69834943
