   0.18177000  0.06503000  0.19527000
   0.24681792  0.44107340  0.50344451
   0.03971000  0.44194000  0.09637000
   0.31909202  0.19021841  0.29943466
   0.11456507  0.31744903  0.40096053
   0.51472000  0.06471000  0.19485000
   0.57859983  0.44417128  0.50151465
   0.37304000  0.44194000  0.09637000
   0.65158687  0.18972706  0.29852116
   0.45013326  0.31778104  0.40156232
   0.84826000  0.06468000  0.19455000
   0.91052216  0.44370539  0.50136040
   0.70637000  0.44194000  0.09637000
   0.98544361  0.18968968  0.29798745
   0.77944289  0.31646659  0.40132676
   0.17955000  0.56532000  0.19533000
   0.28332217  0.93643344  0.50399713
   0.03971000  0.94194000  0.09637000
   0.31582765  0.69088896  0.29836601
   0.12554418  0.81623379  0.39861686
   0.51276000  0.56480000  0.19498000
   0.61229597  0.93470254  0.50372035
   0.37304000  0.94194000  0.09637000
   0.64865433  0.69021785  0.29744536
   0.45878299  0.81680319  0.39900108
   0.84642000  0.56519000  0.19522000
   0.94744020  0.93426710  0.50177117
   0.70637000  0.94194000  0.09637000
   0.98238096  0.69069824  0.29808082
   0.79106481  0.81534937  0.39802387
   0.59549388  0.19260207  0.50730699
   0.03971000  0.19194000  0.09637000
   0.31458874  0.44072501  0.29827111
   0.12722656  0.06214831  0.40032577
   0.18013000  0.31638000  0.19719000
   0.26223848  0.19517952  0.49616842
   0.37304000  0.19194000  0.09637000
   0.64762774  0.44008362  0.29751870
   0.46288348  0.06509778  0.40387511
   0.51314000  0.31594000  0.19696000
   0.70637000  0.19194000  0.09637000
   0.98111682  0.44049073  0.29789843
   0.79437855  0.06180588  0.39899612
   0.84665000  0.31624000  0.19703000
   0.91854381  0.19308533  0.49736436
   0.03971000  0.69194000  0.09637000
   0.32051703  0.94255918  0.29978696
   0.11530441  0.56541219  0.39860846
   0.18025000  0.81742000  0.19778000
   0.25861580  0.69881876  0.49460727
   0.37304000  0.69194000  0.09637000
   0.65250528  0.94016516  0.29710774
   0.44713733  0.56615444  0.39944946
   0.51318000  0.81586000  0.19571000
   0.59039257  0.69789362  0.49594745
   0.70637000  0.69194000  0.09637000
   0.98603110  0.94025268  0.29756908
   0.84718000  0.81593000  0.19584000
   0.91918395  0.69912711  0.49498119
   0.78191784  0.56527091  0.39757588
   0.17417000  0.33753000  0.11288000
   0.24827485  0.21121008  0.41333557
   0.04123807  0.33545805  0.51269144
   0.31386000  0.46170000  0.21427000
   0.11941667  0.08534938  0.31589752
   0.23858000  0.04636000  0.07986000
   0.04735000  0.17100000  0.18013000
   0.31323413  0.42138476  0.38236403
   0.14687777  0.04422354  0.48658655
   0.18430194  0.29391803  0.28029669
   0.50750000  0.33753000  0.11288000
   0.58324607  0.21335836  0.41949617
   0.37716477  0.33981302  0.51337644
   0.64712000  0.46121000  0.21367000
   0.45404375  0.08757969  0.31838962
   0.57191000  0.04636000  0.07986000
   0.38063000  0.17082000  0.17998000
   0.64741918  0.42059795  0.38105154
   0.48101442  0.04109473  0.48631084
   0.51734010  0.29352177  0.27996872
   0.84083000  0.33753000  0.11288000
   0.91483252  0.21042206  0.41607818
   0.71549228  0.34556621  0.51316262
   0.98063000  0.46160000  0.21400000
   0.78676022  0.08569537  0.31526758
   0.90524000  0.04636000  0.07986000
   0.71387000  0.17083000  0.18002000
   0.97999215  0.42091641  0.38201015
   0.81410909  0.04140219  0.48444927
   0.85094611  0.29384305  0.28009094
   0.17417000  0.83753000  0.11288000
   0.25801755  0.70806184  0.41047119
   0.07794111  0.82362688  0.51139592
   0.31682000  0.96236000  0.21534000
   0.11567634  0.58550824  0.31502918
   0.23858000  0.54636000  0.07986000
   0.04601000  0.67209000  0.18056000
   0.32424873  0.92118039  0.38352054
   0.11735083  0.55242718  0.48691916
   0.18276181  0.79640712  0.28129208
   0.50619000  0.83294000  0.10916000
   0.59096466  0.70834422  0.41144935
   0.41077254  0.82321748  0.51199162
   0.64926000  0.96050000  0.21277000
   0.44892901  0.58579533  0.31529216
   0.57191000  0.54636000  0.07986000
   0.37906000  0.67136000  0.18002000
   0.65745518  0.91908526  0.38052098
   0.44594377  0.55417859  0.48676489
   0.51535882  0.79484451  0.27934608
   0.83992000  0.83287000  0.10930000
   0.74714321  0.82456551  0.51107380
   0.98268000  0.96077000  0.21320000
   0.78222583  0.58529220  0.31389184
   0.90524000  0.54636000  0.07986000
   0.71230000  0.67144000  0.18017000
   0.99033411  0.91963165  0.38162093
   0.78219451  0.55418346  0.48380342
   0.84892262  0.79517121  0.27959186
   0.92538255  0.70827250  0.40982445
   0.78477000  0.69231000  0.65805000
   0.53691786  0.13599585  0.60673299
   0.96521440  0.64395621  0.61037200
   0.69870439  0.54753662  0.69497738
   0.78968140  0.53152895  0.74301726
   0.75373038  0.44498973  0.76813349
   0.91119078  0.54751426  0.73581976
   0.76530103  0.59233636  0.77808643
   0.56058368  0.50804249  0.69794158
