   0.18177000  0.06503000  0.19527000
   0.25385267  0.44485339  0.50126236
   0.03971000  0.44194000  0.09637000
   0.31786668  0.19026423  0.30065859
   0.11218051  0.31904110  0.40207619
   0.51472000  0.06471000  0.19485000
   0.58640644  0.44767750  0.50128304
   0.37304000  0.44194000  0.09637000
   0.65161689  0.19021898  0.29816393
   0.44128142  0.31919569  0.40449094
   0.84826000  0.06468000  0.19455000
   0.91686156  0.44418479  0.50201283
   0.70637000  0.44194000  0.09637000
   0.98529388  0.19080375  0.29971912
   0.77647730  0.31976752  0.40100439
   0.17955000  0.56532000  0.19533000
   0.28171904  0.93946879  0.50849225
   0.03971000  0.94194000  0.09637000
   0.31472156  0.68991935  0.29800396
   0.12581016  0.81591128  0.39470160
   0.51276000  0.56480000  0.19498000
   0.61183039  0.93955915  0.50315091
   0.37304000  0.94194000  0.09637000
   0.64761631  0.68961131  0.29680665
   0.45809989  0.81764266  0.39811094
   0.84642000  0.56519000  0.19522000
   0.94174216  0.93851208  0.50604845
   0.70637000  0.94194000  0.09637000
   0.98145882  0.69001987  0.29778169
   0.79075380  0.81590133  0.39513079
   0.58412677  0.20024674  0.49923180
   0.03971000  0.19194000  0.09637000
   0.31307546  0.44064776  0.29852846
   0.12327006  0.06076802  0.40088818
   0.18013000  0.31638000  0.19719000
   0.25955714  0.18955662  0.50068482
   0.37304000  0.19194000  0.09637000
   0.64417084  0.43906552  0.29720183
   0.45857909  0.06454764  0.40167700
   0.51314000  0.31594000  0.19696000
   0.70637000  0.19194000  0.09637000
   0.98050356  0.44065518  0.29855502
   0.79044535  0.06349280  0.40005879
   0.84665000  0.31624000  0.19703000
   0.92987724  0.19761418  0.49497500
   0.03971000  0.69194000  0.09637000
   0.32045378  0.94190332  0.29877304
   0.11625789  0.56521765  0.40024199
   0.18025000  0.81742000  0.19778000
   0.26316097  0.69666775  0.49527571
   0.37304000  0.69194000  0.09637000
   0.65160411  0.94073970  0.29712384
   0.44963920  0.56700685  0.39970516
   0.51318000  0.81586000  0.19571000
   0.58721121  0.70449969  0.49455228
   0.70637000  0.69194000  0.09637000
   0.98493144  0.94149725  0.29757270
   0.84718000  0.81593000  0.19584000
   0.91960045  0.69711857  0.49110093
   0.78343837  0.56371397  0.39559237
   0.17417000  0.33753000  0.11288000
   0.24149478  0.20997204  0.41725342
   0.05208811  0.33900752  0.51034729
   0.31386000  0.46170000  0.21427000
   0.11821646  0.08590082  0.31751270
   0.23858000  0.04636000  0.07986000
   0.04735000  0.17100000  0.18013000
   0.30944574  0.42438113  0.38285019
   0.13998015  0.03472403  0.48387507
   0.18399140  0.29393223  0.28061315
   0.50750000  0.33753000  0.11288000
   0.57822970  0.21290205  0.41582029
   0.38739765  0.34149612  0.50345466
   0.64712000  0.46121000  0.21367000
   0.45366349  0.08669270  0.31789473
   0.57191000  0.04636000  0.07986000
   0.38063000  0.17082000  0.17998000
   0.64188267  0.42134387  0.38105043
   0.47830688  0.04526413  0.48679539
   0.51569152  0.29260039  0.27980032
   0.84083000  0.33753000  0.11288000
   0.90924097  0.21204686  0.41278932
   0.71542336  0.34007560  0.51532552
   0.98063000  0.46160000  0.21400000
   0.78546877  0.08554915  0.31547611
   0.90524000  0.04636000  0.07986000
   0.71387000  0.17083000  0.18002000
   0.97669829  0.42317548  0.38313685
   0.81382246  0.04770886  0.48787055
   0.85102838  0.29419866  0.28041777
   0.17417000  0.83753000  0.11288000
   0.25774712  0.71001564  0.41216848
   0.07191872  0.82264548  0.52165220
   0.31682000  0.96236000  0.21534000
   0.11526327  0.58552769  0.31622027
   0.23858000  0.54636000  0.07986000
   0.04601000  0.67209000  0.18056000
   0.32453671  0.92067386  0.38198027
   0.11788267  0.55520228  0.48784628
   0.18216850  0.79563491  0.28149556
   0.50619000  0.83294000  0.10916000
   0.59182953  0.71071984  0.41054211
   0.41100390  0.82699396  0.51481833
   0.64926000  0.96050000  0.21277000
   0.44815189  0.58555339  0.31551918
   0.57191000  0.54636000  0.07986000
   0.37906000  0.67136000  0.18002000
   0.65596680  0.92124895  0.38149435
   0.45299688  0.55999573  0.48750147
   0.51464314  0.79500266  0.27959822
   0.83992000  0.83287000  0.10930000
   0.74328073  0.82933253  0.51468507
   0.98268000  0.96077000  0.21320000
   0.78067763  0.58411994  0.31232324
   0.90524000  0.54636000  0.07986000
   0.71230000  0.67144000  0.18017000
   0.98942940  0.91849449  0.38064714
   0.78751254  0.55301001  0.48213363
   0.84829997  0.79555099  0.27991665
   0.92583471  0.70867220  0.40746711
   0.78477000  0.69231000  0.65805000
   0.28710959  0.13896939  0.59319298
   0.00590503  0.74884457  0.60533529
   0.71162975  0.61302366  0.68696002
   0.79368962  0.56261921  0.73240502
   0.75654448  0.47325597  0.73980119
   0.92087114  0.58575950  0.72517484
   0.77118529  0.60396311  0.77277592
   0.58279639  0.58776757  0.67974642
