   0.18177000  0.06503000  0.19527000
   0.25654641  0.43567003  0.50512868
   0.03971000  0.44194000  0.09637000
   0.31732860  0.18899212  0.29798094
   0.11329189  0.31746493  0.39990531
   0.51472000  0.06471000  0.19485000
   0.59054085  0.43512282  0.49700810
   0.37304000  0.44194000  0.09637000
   0.65092338  0.18910947  0.29897607
   0.44488845  0.31541374  0.39862772
   0.84826000  0.06468000  0.19455000
   0.92264864  0.43835106  0.50393592
   0.70637000  0.44194000  0.09637000
   0.98440879  0.18949572  0.29838681
   0.77939782  0.31792061  0.40143634
   0.17955000  0.56532000  0.19533000
   0.27114132  0.93029876  0.50562883
   0.03971000  0.94194000  0.09637000
   0.31524823  0.68964762  0.29863563
   0.12204506  0.81425408  0.39594866
   0.51276000  0.56480000  0.19498000
   0.60409749  0.93518645  0.50272884
   0.37304000  0.94194000  0.09637000
   0.64779515  0.68960323  0.29680113
   0.45485967  0.81391925  0.39927443
   0.84642000  0.56519000  0.19522000
   0.93541734  0.93365286  0.50548927
   0.70637000  0.94194000  0.09637000
   0.98138153  0.68988434  0.29684423
   0.78738541  0.81617145  0.39822797
   0.58796581  0.19095637  0.49143831
   0.03971000  0.19194000  0.09637000
   0.31423706  0.44173938  0.29870420
   0.12184154  0.06114881  0.40087414
   0.18013000  0.31638000  0.19719000
   0.25710271  0.19193906  0.49676511
   0.37304000  0.19194000  0.09637000
   0.64680618  0.43960482  0.29675351
   0.45235176  0.05916909  0.39888243
   0.51314000  0.31594000  0.19696000
   0.70637000  0.19194000  0.09637000
   0.98090093  0.44047917  0.29806539
   0.79040205  0.06151330  0.39933624
   0.84665000  0.31624000  0.19703000
   0.92523093  0.19540618  0.49466297
   0.03971000  0.69194000  0.09637000
   0.31772877  0.93953927  0.29783744
   0.11746986  0.56309240  0.39988492
   0.18025000  0.81742000  0.19778000
   0.26085771  0.69233062  0.49506140
   0.37304000  0.69194000  0.09637000
   0.65101264  0.93939084  0.29704069
   0.45186292  0.56351145  0.40057006
   0.51318000  0.81586000  0.19571000
   0.59647551  0.69314266  0.49575059
   0.70637000  0.69194000  0.09637000
   0.98452581  0.94087464  0.29728729
   0.84718000  0.81593000  0.19584000
   0.92177243  0.69076867  0.48858956
   0.78337411  0.56292210  0.39504333
   0.17417000  0.33753000  0.11288000
   0.24548999  0.20869694  0.41478223
   0.05739819  0.32979450  0.51280136
   0.31386000  0.46170000  0.21427000
   0.11847708  0.08546110  0.31642190
   0.23858000  0.04636000  0.07986000
   0.04735000  0.17100000  0.18013000
   0.31177298  0.42092507  0.38332988
   0.13872202  0.03950823  0.48880740
   0.18391087  0.29459543  0.28102476
   0.50750000  0.33753000  0.11288000
   0.57678173  0.20684373  0.40970738
   0.38957777  0.32849990  0.51453562
   0.64712000  0.46121000  0.21367000
   0.45118559  0.08372990  0.31487583
   0.57191000  0.04636000  0.07986000
   0.38063000  0.17082000  0.17998000
   0.64258941  0.41962902  0.38002634
   0.46863104  0.04084958  0.48600321
   0.51620196  0.29313512  0.28010701
   0.84083000  0.33753000  0.11288000
   0.91383835  0.20956212  0.41204892
   0.72192801  0.32771438  0.50072403
   0.98063000  0.46160000  0.21400000
   0.78554779  0.08373308  0.31536860
   0.90524000  0.04636000  0.07986000
   0.71387000  0.17083000  0.18002000
   0.97810842  0.42079321  0.38227617
   0.80461482  0.04470352  0.48677959
   0.85012812  0.29373796  0.28032271
   0.17417000  0.83753000  0.11288000
   0.25425729  0.70813447  0.41189828
   0.06325459  0.81682036  0.52042467
   0.31682000  0.96236000  0.21534000
   0.11496257  0.58546120  0.31530332
   0.23858000  0.54636000  0.07986000
   0.04601000  0.67209000  0.18056000
   0.31984282  0.91696568  0.38138189
   0.12939941  0.54775207  0.48681832
   0.18093974  0.79430060  0.28067325
   0.50619000  0.83294000  0.10916000
   0.58924584  0.70803377  0.41265104
   0.40306602  0.82387133  0.51318903
   0.64926000  0.96050000  0.21277000
   0.44953300  0.58595269  0.31633955
   0.57191000  0.54636000  0.07986000
   0.37906000  0.67136000  0.18002000
   0.65354060  0.91920892  0.38131355
   0.45980449  0.54851464  0.48772995
   0.51434894  0.79400401  0.27947484
   0.83992000  0.83287000  0.10930000
   0.73741425  0.82823986  0.51053450
   0.98268000  0.96077000  0.21320000
   0.78191168  0.58466084  0.31221406
   0.90524000  0.54636000  0.07986000
   0.71230000  0.67144000  0.18017000
   0.98754564  0.92019208  0.38146449
   0.78878238  0.54612323  0.47802503
   0.84769262  0.79531575  0.27946068
   0.92320610  0.71000538  0.40626019
   0.78477000  0.69231000  0.65805000
   0.83745626  0.48342272  0.61360344
   0.98276832  0.67578849  0.59167578
   0.71532396  0.62207164  0.69221772
   0.79557321  0.56842140  0.73775813
   0.74016214  0.48075994  0.74470086
   0.92231078  0.57482002  0.73093487
   0.78770147  0.61328270  0.77858451
   0.58757751  0.60446819  0.69158096
