   0.18177000  0.06503000  0.19527000
   0.26580055  0.43254277  0.50235526
   0.03971000  0.44194000  0.09637000
   0.31534225  0.18820667  0.29819755
   0.11543007  0.31448279  0.40015002
   0.51472000  0.06471000  0.19485000
   0.59992128  0.43249222  0.50122995
   0.37304000  0.44194000  0.09637000
   0.64900291  0.18821455  0.29812128
   0.44852690  0.31341905  0.39883845
   0.84826000  0.06468000  0.19455000
   0.93442544  0.43518409  0.50710672
   0.70637000  0.44194000  0.09637000
   0.98228226  0.18856118  0.29839796
   0.78264693  0.31491282  0.39988668
   0.17955000  0.56532000  0.19533000
   0.26254337  0.93283294  0.50432451
   0.03971000  0.94194000  0.09637000
   0.31519957  0.68845341  0.29782904
   0.11980816  0.81299226  0.39635017
   0.51276000  0.56480000  0.19498000
   0.59429277  0.93293493  0.50236355
   0.37304000  0.94194000  0.09637000
   0.64812601  0.68848457  0.29721547
   0.45244775  0.81347808  0.39901050
   0.84642000  0.56519000  0.19522000
   0.92626867  0.93460699  0.50493132
   0.70637000  0.94194000  0.09637000
   0.98138417  0.68831243  0.29726125
   0.78544169  0.81415905  0.39852925
   0.58915253  0.19114655  0.49416735
   0.03971000  0.19194000  0.09637000
   0.31445942  0.43935434  0.29792697
   0.11891257  0.06024843  0.40016701
   0.18013000  0.31638000  0.19719000
   0.25526781  0.19191887  0.49573474
   0.37304000  0.19194000  0.09637000
   0.64726043  0.43868714  0.29713959
   0.45217823  0.06023942  0.39971820
   0.51314000  0.31594000  0.19696000
   0.70637000  0.19194000  0.09637000
   0.98111679  0.43880456  0.29753539
   0.78527919  0.06000424  0.39910993
   0.84665000  0.31624000  0.19703000
   0.92233902  0.19179080  0.49398001
   0.03971000  0.69194000  0.09637000
   0.31702038  0.93939602  0.29826407
   0.12095923  0.55941389  0.39881479
   0.18025000  0.81742000  0.19778000
   0.26128835  0.68791214  0.49457474
   0.37304000  0.69194000  0.09637000
   0.64939211  0.93851060  0.29688560
   0.45387216  0.56006680  0.39962923
   0.51318000  0.81586000  0.19571000
   0.59536306  0.69051012  0.49472888
   0.70637000  0.69194000  0.09637000
   0.98264022  0.93939302  0.29737450
   0.84718000  0.81593000  0.19584000
   0.92345379  0.68897704  0.49192109
   0.78731635  0.55979377  0.39754629
   0.17417000  0.33753000  0.11288000
   0.24863851  0.20628330  0.41290738
   0.06668151  0.32298136  0.50943152
   0.31386000  0.46170000  0.21427000
   0.11590620  0.08391612  0.31604343
   0.23858000  0.04636000  0.07986000
   0.04735000  0.17100000  0.18013000
   0.31481673  0.41784921  0.38184048
   0.12977077  0.04126222  0.48774497
   0.18187452  0.29293175  0.28023728
   0.50750000  0.33753000  0.11288000
   0.58184377  0.20643482  0.41148989
   0.39800086  0.32471658  0.51233760
   0.64712000  0.46121000  0.21367000
   0.44965117  0.08417289  0.31600569
   0.57191000  0.04636000  0.07986000
   0.38063000  0.17082000  0.17998000
   0.64698371  0.41767054  0.38070517
   0.46267196  0.04253593  0.48652144
   0.51465555  0.29249611  0.27996601
   0.84083000  0.33753000  0.11288000
   0.91501492  0.20622584  0.41114723
   0.73113971  0.32454235  0.50889484
   0.98063000  0.46160000  0.21400000
   0.78267175  0.08306913  0.31506424
   0.90524000  0.04636000  0.07986000
   0.71387000  0.17083000  0.18002000
   0.98125644  0.41770008  0.38100926
   0.79598144  0.04351138  0.48630481
   0.84817458  0.29264570  0.28000501
   0.17417000  0.83753000  0.11288000
   0.25220209  0.70695223  0.41192512
   0.05649661  0.82414345  0.52143235
   0.31682000  0.96236000  0.21534000
   0.11524596  0.58394402  0.31496826
   0.23858000  0.54636000  0.07986000
   0.04601000  0.67209000  0.18056000
   0.31788203  0.91735394  0.38193522
   0.13656867  0.54163387  0.48361771
   0.18136756  0.79363582  0.28086811
   0.50619000  0.83294000  0.10916000
   0.58576111  0.70645420  0.41216201
   0.39211434  0.82479811  0.51314654
   0.64926000  0.96050000  0.21277000
   0.44881086  0.58425451  0.31570527
   0.57191000  0.54636000  0.07986000
   0.37906000  0.67136000  0.18002000
   0.65062653  0.91706112  0.38093230
   0.46732000  0.54378144  0.48682670
   0.51449300  0.79311571  0.27926867
   0.83992000  0.83287000  0.10930000
   0.72774577  0.82695895  0.51136167
   0.98268000  0.96077000  0.21320000
   0.78170939  0.58369382  0.31418119
   0.90524000  0.54636000  0.07986000
   0.71230000  0.67144000  0.18017000
   0.98512117  0.91769716  0.38169014
   0.79804380  0.54271914  0.48232307
   0.84810440  0.79367176  0.27955879
   0.92045402  0.70812898  0.41026472
   0.78477000  0.69231000  0.65805000
   0.98444109  0.50750449  0.61618315
   0.03015597  0.69943863  0.59224023
   0.71762365  0.62914981  0.69554800
   0.79635223  0.57484816  0.74067630
   0.73885170  0.48613644  0.74381762
   0.92317326  0.58460923  0.73256394
   0.77890116  0.61159566  0.78269254
   0.58574170  0.61023003  0.69749507
