   0.18177000  0.06503000  0.19527000
   0.26301336  0.43347119  0.50177401
   0.03971000  0.44194000  0.09637000
   0.31488901  0.18930856  0.29854277
   0.11283418  0.31085965  0.40280543
   0.51472000  0.06471000  0.19485000
   0.59148748  0.43162981  0.50095300
   0.37304000  0.44194000  0.09637000
   0.65054705  0.18908807  0.29882248
   0.44590073  0.31107995  0.40091047
   0.84826000  0.06468000  0.19455000
   0.92787840  0.43377574  0.50048592
   0.70637000  0.44194000  0.09637000
   0.98082219  0.18944113  0.29803309
   0.78494055  0.31439214  0.40308865
   0.17955000  0.56532000  0.19533000
   0.27357325  0.93256304  0.50306482
   0.03971000  0.94194000  0.09637000
   0.31754376  0.68804967  0.29785630
   0.12413773  0.81125612  0.39546493
   0.51276000  0.56480000  0.19498000
   0.60109528  0.92999657  0.50361793
   0.37304000  0.94194000  0.09637000
   0.64969163  0.68727022  0.29711529
   0.45627212  0.81519243  0.39929273
   0.84642000  0.56519000  0.19522000
   0.93398104  0.93100600  0.50358383
   0.70637000  0.94194000  0.09637000
   0.98311212  0.68766115  0.29750743
   0.78781205  0.81296139  0.39700980
   0.59276165  0.19170777  0.49469360
   0.03971000  0.19194000  0.09637000
   0.31298248  0.43899110  0.29871542
   0.12030924  0.05704010  0.39788074
   0.18013000  0.31638000  0.19719000
   0.24561004  0.18268213  0.49972762
   0.37304000  0.19194000  0.09637000
   0.64595042  0.43781843  0.29767038
   0.45548466  0.06110692  0.39922620
   0.51314000  0.31594000  0.19696000
   0.70637000  0.19194000  0.09637000
   0.98023007  0.43907773  0.29805673
   0.78916842  0.06084498  0.40137148
   0.84665000  0.31624000  0.19703000
   0.94054143  0.18381214  0.50219739
   0.03971000  0.69194000  0.09637000
   0.31774633  0.94090997  0.29822451
   0.12229082  0.56009714  0.40049033
   0.18025000  0.81742000  0.19778000
   0.27006615  0.69099046  0.49516855
   0.37304000  0.69194000  0.09637000
   0.65222596  0.93985124  0.29707350
   0.45365965  0.55869380  0.40005119
   0.51318000  0.81586000  0.19571000
   0.59987391  0.68816361  0.49455715
   0.70637000  0.69194000  0.09637000
   0.98452578  0.93754316  0.29591159
   0.84718000  0.81593000  0.19584000
   0.92600475  0.68659990  0.49325468
   0.78621607  0.55949584  0.39820613
   0.17417000  0.33753000  0.11288000
   0.24684706  0.20278579  0.41438752
   0.06273395  0.33347295  0.50560009
   0.31386000  0.46170000  0.21427000
   0.11435895  0.08523173  0.31465842
   0.23858000  0.04636000  0.07986000
   0.04735000  0.17100000  0.18013000
   0.31333449  0.41594961  0.38257690
   0.13331546  0.02610523  0.47940381
   0.18019688  0.29332656  0.28017244
   0.50750000  0.33753000  0.11288000
   0.58471562  0.20706503  0.41180340
   0.39211073  0.32354970  0.51105511
   0.64712000  0.46121000  0.21367000
   0.45096805  0.08527237  0.31567137
   0.57191000  0.04636000  0.07986000
   0.38063000  0.17082000  0.17998000
   0.64594983  0.41768219  0.38195062
   0.47136696  0.04232119  0.48562103
   0.51520961  0.29159861  0.27962177
   0.84083000  0.33753000  0.11288000
   0.91318223  0.20519025  0.41903822
   0.72458653  0.32777666  0.51151333
   0.98063000  0.46160000  0.21400000
   0.78454533  0.08535900  0.31654950
   0.90524000  0.04636000  0.07986000
   0.71387000  0.17083000  0.18002000
   0.98236857  0.41701973  0.38154696
   0.80190136  0.03676367  0.48697799
   0.84726244  0.29346563  0.27966577
   0.17417000  0.83753000  0.11288000
   0.25766734  0.70731227  0.41277955
   0.06603540  0.81774456  0.52232150
   0.31682000  0.96236000  0.21534000
   0.11717499  0.58363717  0.31605170
   0.23858000  0.54636000  0.07986000
   0.04601000  0.67209000  0.18056000
   0.32172981  0.91765232  0.38126671
   0.13285749  0.54853724  0.48665116
   0.18369837  0.79378612  0.28086816
   0.50619000  0.83294000  0.10916000
   0.58643410  0.70651908  0.41202696
   0.40134291  0.82600326  0.51664573
   0.64926000  0.96050000  0.21277000
   0.45005349  0.58324807  0.31659259
   0.57191000  0.54636000  0.07986000
   0.37906000  0.67136000  0.18002000
   0.65470038  0.91760903  0.38059779
   0.46364241  0.54487124  0.48766221
   0.51784883  0.79307856  0.27928199
   0.83992000  0.83287000  0.10930000
   0.73370828  0.82177065  0.51357276
   0.98268000  0.96077000  0.21320000
   0.78339701  0.58209931  0.31436886
   0.90524000  0.54636000  0.07986000
   0.71230000  0.67144000  0.18017000
   0.98781840  0.91297264  0.37834445
   0.79358771  0.54344836  0.48478535
   0.84988939  0.79214660  0.27851562
   0.92126060  0.70663653  0.41120637
   0.78477000  0.69231000  0.65805000
   0.06224332  0.13951534  0.58510608
  -0.01110895  0.75335844  0.60492250
   0.71959250  0.63098659  0.69720566
   0.79804110  0.57498316  0.74089342
   0.74115365  0.48527724  0.74244367
   0.92625586  0.58626333  0.73313947
   0.77709116  0.60870022  0.78318981
   0.58857863  0.61869809  0.70018286
