   0.18177000  0.06503000  0.19527000
   0.24611011  0.43842222  0.50337696
   0.03971000  0.44194000  0.09637000
   0.31761740  0.18960369  0.29881359
   0.11049992  0.31698465  0.40169159
   0.51472000  0.06471000  0.19485000
   0.58165813  0.44164043  0.50061606
   0.37304000  0.44194000  0.09637000
   0.65115191  0.19015792  0.29879254
   0.44403124  0.31596301  0.40247512
   0.84826000  0.06468000  0.19455000
   0.91520051  0.44259469  0.50234992
   0.70637000  0.44194000  0.09637000
   0.98435367  0.19011874  0.29895075
   0.77456872  0.31759208  0.40410051
   0.17955000  0.56532000  0.19533000
   0.28086431  0.93206896  0.50500928
   0.03971000  0.94194000  0.09637000
   0.31467116  0.68924908  0.29825699
   0.12477607  0.81363974  0.39530381
   0.51276000  0.56480000  0.19498000
   0.61054507  0.93290911  0.50401242
   0.37304000  0.94194000  0.09637000
   0.64736705  0.68885941  0.29674883
   0.45747887  0.81479796  0.39819726
   0.84642000  0.56519000  0.19522000
   0.94246131  0.93779598  0.50450919
   0.70637000  0.94194000  0.09637000
   0.98102038  0.68898415  0.29728037
   0.79010516  0.81417098  0.39630654
   0.58407989  0.18977300  0.50261666
   0.03971000  0.19194000  0.09637000
   0.31281242  0.44027469  0.29867824
   0.12437946  0.06120893  0.40150860
   0.18013000  0.31638000  0.19719000
   0.26428813  0.19224145  0.49837799
   0.37304000  0.19194000  0.09637000
   0.64493114  0.43911571  0.29739832
   0.45883180  0.06135600  0.39984287
   0.51314000  0.31594000  0.19696000
   0.70637000  0.19194000  0.09637000
   0.97940203  0.44016769  0.29859432
   0.78972945  0.06182594  0.39998224
   0.84665000  0.31624000  0.19703000
   0.91848749  0.19679641  0.49652743
   0.03971000  0.69194000  0.09637000
   0.31977915  0.94070417  0.29813138
   0.11446089  0.56356456  0.40035955
   0.18025000  0.81742000  0.19778000
   0.26613530  0.68971445  0.49518160
   0.37304000  0.69194000  0.09637000
   0.65150086  0.93999638  0.29704352
   0.44816264  0.56361899  0.40018789
   0.51318000  0.81586000  0.19571000
   0.58961196  0.69736317  0.49557980
   0.70637000  0.69194000  0.09637000
   0.98552261  0.94079657  0.29754214
   0.84718000  0.81593000  0.19584000
   0.91573452  0.69722503  0.49275036
   0.78097991  0.56345047  0.39712261
   0.17417000  0.33753000  0.11288000
   0.24169665  0.20919334  0.41614789
   0.04397365  0.33407015  0.51497958
   0.31386000  0.46170000  0.21427000
   0.11834644  0.08563944  0.31707051
   0.23858000  0.04636000  0.07986000
   0.04735000  0.17100000  0.18013000
   0.30966020  0.42029994  0.38299500
   0.14590512  0.03991557  0.48927642
   0.18318591  0.29373816  0.28050046
   0.50750000  0.33753000  0.11288000
   0.57556888  0.20919958  0.41727165
   0.38092633  0.33607009  0.51053983
   0.64712000  0.46121000  0.21367000
   0.45274255  0.08571571  0.31616386
   0.57191000  0.04636000  0.07986000
   0.38063000  0.17082000  0.17998000
   0.64134421  0.42075746  0.38110866
   0.47424779  0.03352855  0.48195365
   0.51574268  0.29289984  0.27978074
   0.84083000  0.33753000  0.11288000
   0.91107250  0.21008208  0.41437885
   0.71747733  0.33917298  0.50521742
   0.98063000  0.46160000  0.21400000
   0.78529464  0.08507624  0.31583969
   0.90524000  0.04636000  0.07986000
   0.71387000  0.17083000  0.18002000
   0.97577618  0.42086794  0.38318006
   0.80994297  0.04288088  0.48633110
   0.84999767  0.29385673  0.28015840
   0.17417000  0.83753000  0.11288000
   0.25634411  0.70792671  0.41227146
   0.07231022  0.82416803  0.52162092
   0.31682000  0.96236000  0.21534000
   0.11461606  0.58468430  0.31613650
   0.23858000  0.54636000  0.07986000
   0.04601000  0.67209000  0.18056000
   0.32232462  0.91761649  0.38097536
   0.11891064  0.55100173  0.48779303
   0.18157815  0.79457018  0.28089296
   0.50619000  0.83294000  0.10916000
   0.59027389  0.70776158  0.41148364
   0.40983978  0.81998646  0.51594281
   0.64926000  0.96050000  0.21277000
   0.44779556  0.58500027  0.31597513
   0.57191000  0.54636000  0.07986000
   0.37906000  0.67136000  0.18002000
   0.65642561  0.91829748  0.38087340
   0.44871930  0.55411081  0.48814712
   0.51451776  0.79431510  0.27934757
   0.83992000  0.83287000  0.10930000
   0.74719173  0.82422184  0.51377399
   0.98268000  0.96077000  0.21320000
   0.78100524  0.58397834  0.31326736
   0.90524000  0.54636000  0.07986000
   0.71230000  0.67144000  0.18017000
   0.99056735  0.91862432  0.38172902
   0.78273788  0.55433161  0.48407290
   0.84836665  0.79505697  0.27971412
   0.92529175  0.70803380  0.40930343
   0.78477000  0.69231000  0.65805000
   0.54844897  0.15337321  0.59585951
  -0.00457570  0.76301707  0.60462223
   0.71499932  0.61489626  0.68842798
   0.79649592  0.56308078  0.73363541
   0.75318883  0.47314360  0.73845976
   0.92368848  0.58519904  0.72534425
   0.77211655  0.60305309  0.77377205
   0.58371308  0.58786085  0.68222152
