   0.18177000  0.06503000  0.19527000
   0.26130759  0.43676550  0.50372325
   0.03971000  0.44194000  0.09637000
   0.31648392  0.18897196  0.29868829
   0.11260190  0.31330204  0.40419045
   0.51472000  0.06471000  0.19485000
   0.58921918  0.43208756  0.50329472
   0.37304000  0.44194000  0.09637000
   0.65117378  0.18789137  0.29922955
   0.44613202  0.31344093  0.40146071
   0.84826000  0.06468000  0.19455000
   0.92388981  0.43577872  0.50077856
   0.70637000  0.44194000  0.09637000
   0.98210096  0.18927044  0.29904794
   0.78309485  0.31423472  0.40188415
   0.17955000  0.56532000  0.19533000
   0.27542495  0.93171145  0.50375513
   0.03971000  0.94194000  0.09637000
   0.31804128  0.68754048  0.29790985
   0.12633356  0.81154078  0.39606954
   0.51276000  0.56480000  0.19498000
   0.60724715  0.93158747  0.50451262
   0.37304000  0.94194000  0.09637000
   0.65069320  0.68741881  0.29746120
   0.45888306  0.81302863  0.39901364
   0.84642000  0.56519000  0.19522000
   0.93954642  0.93314633  0.50248906
   0.70637000  0.94194000  0.09637000
   0.98410011  0.68724459  0.29767592
   0.79188154  0.81220351  0.39742947
   0.59369757  0.19173881  0.49556200
   0.03971000  0.19194000  0.09637000
   0.31413445  0.43898334  0.29882923
   0.12435429  0.05946687  0.39860143
   0.18013000  0.31638000  0.19719000
   0.24671921  0.18562678  0.50127004
   0.37304000  0.19194000  0.09637000
   0.64669855  0.43791373  0.29787064
   0.45497139  0.06062074  0.40065380
   0.51314000  0.31594000  0.19696000
   0.70637000  0.19194000  0.09637000
   0.98145335  0.43861760  0.29780657
   0.78829738  0.06043018  0.40160541
   0.84665000  0.31624000  0.19703000
   0.93958182  0.18729628  0.50206008
   0.03971000  0.69194000  0.09637000
   0.31981689  0.93938789  0.29845175
   0.12086934  0.56046251  0.39984657
   0.18025000  0.81742000  0.19778000
   0.27312383  0.69175829  0.49440142
   0.37304000  0.69194000  0.09637000
   0.65253689  0.93839552  0.29719967
   0.45499872  0.55925077  0.40028597
   0.51318000  0.81586000  0.19571000
   0.60264063  0.69007382  0.49578794
   0.70637000  0.69194000  0.09637000
   0.98528463  0.93842127  0.29665946
   0.84718000  0.81593000  0.19584000
   0.93894661  0.68207026  0.49340014
   0.78646741  0.55997850  0.39881764
   0.17417000  0.33753000  0.11288000
   0.24884008  0.20665600  0.41676680
   0.05998938  0.33706473  0.50358901
   0.31386000  0.46170000  0.21427000
   0.11606495  0.08550685  0.31576298
   0.23858000  0.04636000  0.07986000
   0.04735000  0.17100000  0.18013000
   0.31265348  0.41803348  0.38308906
   0.14147427  0.03041162  0.48041116
   0.18236832  0.29341696  0.28049636
   0.50750000  0.33753000  0.11288000
   0.58198309  0.20789729  0.41314744
   0.38823354  0.32751372  0.51521731
   0.64712000  0.46121000  0.21367000
   0.45101150  0.08443259  0.31673875
   0.57191000  0.04636000  0.07986000
   0.38063000  0.17082000  0.17998000
   0.64638218  0.41773525  0.38213794
   0.47459408  0.04110318  0.48696395
   0.51721554  0.29103619  0.27982828
   0.84083000  0.33753000  0.11288000
   0.91095941  0.20619611  0.41810526
   0.72358109  0.32827787  0.51312036
   0.98063000  0.46160000  0.21400000
   0.78434831  0.08364321  0.31668470
   0.90524000  0.04636000  0.07986000
   0.71387000  0.17083000  0.18002000
   0.98094114  0.41805543  0.38131346
   0.80589768  0.03862070  0.48714218
   0.84868254  0.29262175  0.27997772
   0.17417000  0.83753000  0.11288000
   0.25878657  0.70633080  0.41183499
   0.07010567  0.82049314  0.52003304
   0.31682000  0.96236000  0.21534000
   0.11825170  0.58296371  0.31545904
   0.23858000  0.54636000  0.07986000
   0.04601000  0.67209000  0.18056000
   0.32425059  0.91622870  0.38185574
   0.12717443  0.55253342  0.48731588
   0.18463057  0.79298538  0.28079789
   0.50619000  0.83294000  0.10916000
   0.59150571  0.70593426  0.41323184
   0.40539941  0.82512318  0.51636002
   0.64926000  0.96050000  0.21277000
   0.45158138  0.58308248  0.31632914
   0.57191000  0.54636000  0.07986000
   0.37906000  0.67136000  0.18002000
   0.65736139  0.91544824  0.38094454
   0.46276894  0.54639476  0.48813314
   0.51783968  0.79247556  0.27916395
   0.83992000  0.83287000  0.10930000
   0.74009940  0.82343844  0.51651499
   0.98268000  0.96077000  0.21320000
   0.78394572  0.58230254  0.31506389
   0.90524000  0.54636000  0.07986000
   0.71230000  0.67144000  0.18017000
   0.99056127  0.91429893  0.37988049
   0.79200542  0.54443573  0.48555849
   0.85086630  0.79231534  0.27919127
   0.92505328  0.70640154  0.41179931
   0.78477000  0.69231000  0.65805000
   0.07391268  0.14900031  0.58575027
  -0.04526168  0.77488963  0.59844636
   0.72114344  0.63195188  0.69749241
   0.80243932  0.57506802  0.74059545
   0.74607009  0.48566798  0.74097605
   0.92978194  0.58756595  0.73259005
   0.78070500  0.60638490  0.78367862
   0.59048308  0.61876712  0.70147080
