   0.18177000  0.06503000  0.19527000
   0.26741377  0.43261360  0.50256158
   0.03971000  0.44194000  0.09637000
   0.31554546  0.18845216  0.29839130
   0.11659668  0.31423210  0.39991837
   0.51472000  0.06471000  0.19485000
   0.60062271  0.43279683  0.50170063
   0.37304000  0.44194000  0.09637000
   0.64902046  0.18827808  0.29814107
   0.44991235  0.31356888  0.39914948
   0.84826000  0.06468000  0.19455000
   0.93611984  0.43526560  0.50764143
   0.70637000  0.44194000  0.09637000
   0.98228462  0.18846567  0.29830307
   0.78375400  0.31465765  0.39976903
   0.17955000  0.56532000  0.19533000
   0.26136026  0.93361693  0.50460233
   0.03971000  0.94194000  0.09637000
   0.31572698  0.68865964  0.29787883
   0.11962536  0.81305297  0.39672797
   0.51276000  0.56480000  0.19498000
   0.59311737  0.93345291  0.50246390
   0.37304000  0.94194000  0.09637000
   0.64864818  0.68863998  0.29739672
   0.45256847  0.81358824  0.39912463
   0.84642000  0.56519000  0.19522000
   0.92563554  0.93570139  0.50510786
   0.70637000  0.94194000  0.09637000
   0.98190826  0.68846187  0.29731554
   0.78539055  0.81436902  0.39887174
   0.58949227  0.19221175  0.49495841
   0.03971000  0.19194000  0.09637000
   0.31502908  0.43939730  0.29801271
   0.11891375  0.06035260  0.40010012
   0.18013000  0.31638000  0.19719000
   0.25477265  0.19207659  0.49566539
   0.37304000  0.19194000  0.09637000
   0.64801666  0.43891209  0.29735808
   0.45210423  0.06086339  0.40012861
   0.51314000  0.31594000  0.19696000
   0.70637000  0.19194000  0.09637000
   0.98171314  0.43893776  0.29759330
   0.78507722  0.06036165  0.39906687
   0.84665000  0.31624000  0.19703000
   0.92200199  0.19256057  0.49400270
   0.03971000  0.69194000  0.09637000
   0.31706116  0.93968797  0.29845261
   0.12138499  0.55949629  0.39890846
   0.18025000  0.81742000  0.19778000
   0.26098398  0.68771524  0.49486912
   0.37304000  0.69194000  0.09637000
   0.64954218  0.93850247  0.29690620
   0.45446497  0.55998002  0.39979918
   0.51318000  0.81586000  0.19571000
   0.59532092  0.69065339  0.49489138
   0.70637000  0.69194000  0.09637000
   0.98282283  0.93926947  0.29738440
   0.84718000  0.81593000  0.19584000
   0.92326735  0.68960361  0.49308466
   0.78820674  0.55996145  0.39836284
   0.17417000  0.33753000  0.11288000
   0.24996276  0.20624547  0.41264758
   0.06783974  0.32281723  0.50970011
   0.31386000  0.46170000  0.21427000
   0.11604348  0.08382129  0.31591977
   0.23858000  0.04636000  0.07986000
   0.04735000  0.17100000  0.18013000
   0.31600829  0.41788729  0.38183631
   0.12860590  0.04195811  0.48781099
   0.18199582  0.29306940  0.28035299
   0.50750000  0.33753000  0.11288000
   0.58349954  0.20672588  0.41210453
   0.39929542  0.32427325  0.51199206
   0.64712000  0.46121000  0.21367000
   0.44967851  0.08433918  0.31632516
   0.57191000  0.04636000  0.07986000
   0.38063000  0.17082000  0.17998000
   0.64849022  0.41795491  0.38118115
   0.46155800  0.04366541  0.48700911
   0.51495453  0.29261981  0.28004746
   0.84083000  0.33753000  0.11288000
   0.91631024  0.20616155  0.41119098
   0.73235736  0.32483779  0.51052343
   0.98063000  0.46160000  0.21400000
   0.78257723  0.08312731  0.31497479
   0.90524000  0.04636000  0.07986000
   0.71387000  0.17083000  0.18002000
   0.98209740  0.41763101  0.38105745
   0.79521518  0.04429628  0.48620373
   0.84847337  0.29272346  0.27997050
   0.17417000  0.83753000  0.11288000
   0.25220883  0.70715254  0.41223425
   0.05585173  0.82586235  0.52205059
   0.31682000  0.96236000  0.21534000
   0.11592013  0.58422595  0.31522088
   0.23858000  0.54636000  0.07986000
   0.04601000  0.67209000  0.18056000
   0.31809312  0.91751798  0.38213760
   0.13747041  0.54125101  0.48350189
   0.18191544  0.79397251  0.28098214
   0.50619000  0.83294000  0.10916000
   0.58568490  0.70652617  0.41235726
   0.39130072  0.82519432  0.51321703
   0.64926000  0.96050000  0.21277000
   0.44933432  0.58435143  0.31588713
   0.57191000  0.54636000  0.07986000
   0.37906000  0.67136000  0.18002000
   0.65037083  0.91726862  0.38100849
   0.46886800  0.54340119  0.48671001
   0.51489805  0.79316705  0.27927144
   0.83992000  0.83287000  0.10930000
   0.72715152  0.82742855  0.51101598
   0.98268000  0.96077000  0.21320000
   0.78235213  0.58406009  0.31476139
   0.90524000  0.54636000  0.07986000
   0.71230000  0.67144000  0.18017000
   0.98496227  0.91759825  0.38171534
   0.80014448  0.54254265  0.48372693
   0.84849055  0.79370347  0.27949433
   0.92003331  0.70808022  0.41139814
   0.78477000  0.69231000  0.65805000
   0.99980562  0.51160222  0.61784889
   0.03857833  0.70193278  0.59262937
   0.71774435  0.62984769  0.69584307
   0.79645533  0.57562106  0.74115354
   0.74041659  0.48617484  0.74354171
   0.92455195  0.58604675  0.73273641
   0.77676429  0.61183116  0.78324005
   0.58493070  0.61105400  0.69751287
