   0.17924144  0.06448607  0.19526477
   0.26647841  0.43330405  0.50239757
   0.03971000  0.44194000  0.09637000
   0.31471280  0.18897694  0.29924939
   0.11863165  0.31244818  0.40270332
   0.51252143  0.06452568  0.19541581
   0.59963709  0.43393017  0.50304269
   0.37304000  0.44194000  0.09637000
   0.64786519  0.18861901  0.29938672
   0.44840737  0.31276375  0.40443487
   0.84582286  0.06457536  0.19537390
   0.93163862  0.43198941  0.50253623
   0.70637000  0.44194000  0.09637000
   0.98169197  0.18886348  0.29952876
   0.78376636  0.31331359  0.40087864
   0.17975948  0.56379366  0.19528645
   0.26388134  0.93650764  0.51001476
   0.03971000  0.94194000  0.09637000
   0.31654902  0.68757487  0.29861570
   0.12163969  0.81325298  0.39677812
   0.51305188  0.56384124  0.19519664
   0.59378583  0.93364600  0.50570516
   0.37304000  0.94194000  0.09637000
   0.64944361  0.68744224  0.29811176
   0.45424423  0.81375730  0.39962224
   0.84626617  0.56369546  0.19545390
   0.92490602  0.93322456  0.50512889
   0.70637000  0.94194000  0.09637000
   0.98293465  0.68727737  0.29807300
   0.78759171  0.81301458  0.39822741
   0.93353924  0.68447339  0.49375074
   0.03971000  0.19194000  0.09637000
   0.31557052  0.43826226  0.29884409
   0.11960552  0.05968808  0.40085756
   0.17927304  0.31531567  0.19647838
   0.25921067  0.18205760  0.50343105
   0.37304000  0.19194000  0.09637000
   0.64766144  0.43776218  0.29871526
   0.45184843  0.06012126  0.40025118
   0.51215695  0.31553223  0.19737189
   0.58567983  0.19045047  0.49719697
   0.70637000  0.19194000  0.09637000
   0.98302427  0.43805145  0.29897295
   0.78476120  0.06059971  0.40111891
   0.84545305  0.31555295  0.19753551
   0.92618160  0.19141406  0.49630282
   0.03971000  0.69194000  0.09637000
   0.31632095  0.93896306  0.29773184
   0.12288473  0.55960881  0.40068915
   0.17914623  0.81522847  0.19710238
   0.26581414  0.69121886  0.49602480
   0.37304000  0.69194000  0.09637000
   0.64919497  0.93910217  0.29848852
   0.45609561  0.56011549  0.40100388
   0.51249584  0.81564954  0.19731318
   0.59614878  0.69311008  0.49704808
   0.70637000  0.69194000  0.09637000
   0.98281746  0.93953140  0.29780120
   0.84577915  0.81552980  0.19711638
   0.78823171  0.55901709  0.39923796
   0.17310000  0.33301000  0.10976000
   0.24814108  0.20452147  0.41846424
   0.06326992  0.32738374  0.51148087
   0.31394996  0.46016427  0.21423650
   0.11573125  0.08477341  0.31665748
   0.23858000  0.04636000  0.07986000
   0.04538107  0.17083188  0.18011346
   0.31612555  0.41756165  0.38309668
   0.12362790  0.03205866  0.48384141
   0.18098018  0.29324065  0.28021019
   0.50750000  0.33753000  0.11288000
   0.58490172  0.20562615  0.41385429
   0.40120827  0.32925171  0.50713688
   0.64716782  0.46055152  0.21477606
   0.44821537  0.08409360  0.31628849
   0.57191000  0.04636000  0.07986000
   0.37860720  0.17065861  0.18013906
   0.64859196  0.41690106  0.38267769
   0.46456952  0.04051290  0.48507549
   0.51409443  0.29259435  0.28048018
   0.84083000  0.33753000  0.11288000
   0.91641111  0.20596359  0.41359865
   0.72964809  0.32474114  0.51345323
   0.98094064  0.46043522  0.21487852
   0.78174514  0.08402090  0.31692217
   0.90524000  0.04636000  0.07986000
   0.71197911  0.17069023  0.18013699
   0.98424368  0.41721245  0.38307933
   0.79637409  0.04332174  0.48804380
   0.84764228  0.29291046  0.28087259
   0.17417000  0.83753000  0.11288000
   0.25372136  0.70735504  0.41374286
   0.05250216  0.82070564  0.52571063
   0.31332916  0.96067515  0.21426080
   0.11719559  0.58332249  0.31681226
   0.23858000  0.54636000  0.07986000
   0.04582565  0.66999559  0.18009709
   0.31964798  0.91597282  0.38094900
   0.13415330  0.54559086  0.48797192
   0.18257279  0.79188273  0.28032485
   0.50750000  0.83753000  0.11288000
   0.58859875  0.70766432  0.41449843
   0.39233051  0.82624369  0.51746028
   0.64675354  0.96104422  0.21478237
   0.45044449  0.58342669  0.31699513
   0.57191000  0.54636000  0.07986000
   0.37923975  0.67031610  0.18016523
   0.65293185  0.91654037  0.38230267
   0.46898943  0.54664311  0.48799806
   0.51605528  0.79224650  0.28053620
   0.84083000  0.83753000  0.11288000
   0.72634973  0.82693325  0.52059441
   0.98003602  0.96102478  0.21440259
   0.78329288  0.58299867  0.31601296
   0.90524000  0.54636000  0.07986000
   0.71253750  0.67018770  0.18011447
   0.98545979  0.91556592  0.38080289
   0.80199238  0.54172532  0.48534020
   0.84918140  0.79202696  0.28021678
   0.92233487  0.70713100  0.41262259
   0.76839627  0.62398282  0.65187895
   0.28121504  0.12690997  0.59514973
   0.92735788  0.74862467  0.60045545
   0.71881974  0.55321094  0.68900838
   0.80296660  0.53563993  0.74286023
   0.76790136  0.44870038  0.75712588
   0.93196656  0.56214631  0.73851119
   0.76415798  0.58698458  0.77670380
   0.59926628  0.49912477  0.68229948
