   0.18177000  0.06503000  0.19527000
   0.24808946  0.44346867  0.50350632
   0.03971000  0.44194000  0.09637000
   0.31897491  0.19026552  0.29909577
   0.11514811  0.31841944  0.39920893
   0.51472000  0.06471000  0.19485000
   0.58246485  0.43988720  0.50360170
   0.37304000  0.44194000  0.09637000
   0.65195381  0.18985827  0.29862876
   0.44760071  0.31955290  0.40030133
   0.84826000  0.06468000  0.19455000
   0.91597790  0.44231632  0.50303586
   0.70637000  0.44194000  0.09637000
   0.98500256  0.18963144  0.29809641
   0.78051350  0.31911909  0.40145280
   0.17955000  0.56532000  0.19533000
   0.27840209  0.93357838  0.50406085
   0.03971000  0.94194000  0.09637000
   0.31565857  0.69072506  0.29817661
   0.12451845  0.81570379  0.39853307
   0.51276000  0.56480000  0.19498000
   0.61426465  0.93524532  0.50391577
   0.37304000  0.94194000  0.09637000
   0.64863606  0.69020019  0.29732984
   0.45832400  0.81589860  0.39902135
   0.84642000  0.56519000  0.19522000
   0.94657058  0.93534125  0.50317524
   0.70637000  0.94194000  0.09637000
   0.98233193  0.69066344  0.29786207
   0.79103800  0.81556562  0.39863637
   0.59207636  0.19499364  0.49566567
   0.03971000  0.19194000  0.09637000
   0.31468005  0.44109709  0.29805976
   0.12699730  0.06177487  0.39963634
   0.18013000  0.31638000  0.19719000
   0.25949913  0.19627774  0.49512824
   0.37304000  0.19194000  0.09637000
   0.64756715  0.44028153  0.29729590
   0.45839117  0.06039031  0.40094769
   0.51314000  0.31594000  0.19696000
   0.70637000  0.19194000  0.09637000
   0.98119674  0.44071379  0.29783065
   0.79281292  0.06144207  0.39978238
   0.84665000  0.31624000  0.19703000
   0.92640888  0.19691799  0.49535302
   0.03971000  0.69194000  0.09637000
   0.31994282  0.94180682  0.29927326
   0.11431045  0.56547398  0.39992209
   0.18025000  0.81742000  0.19778000
   0.25834164  0.69653808  0.49495535
   0.37304000  0.69194000  0.09637000
   0.65274706  0.94022366  0.29713547
   0.44777026  0.56587411  0.40005515
   0.51318000  0.81586000  0.19571000
   0.58904139  0.69659257  0.49524871
   0.70637000  0.69194000  0.09637000
   0.98572743  0.94028439  0.29749192
   0.84718000  0.81593000  0.19584000
   0.91879760  0.69559319  0.49428878
   0.78118499  0.56494539  0.39863648
   0.17417000  0.33753000  0.11288000
   0.24720191  0.21083359  0.41342483
   0.04813992  0.33532016  0.51381508
   0.31386000  0.46170000  0.21427000
   0.12005827  0.08521125  0.31595184
   0.23858000  0.04636000  0.07986000
   0.04735000  0.17100000  0.18013000
   0.31289101  0.42192746  0.38237673
   0.14658350  0.04378192  0.48715876
   0.18444391  0.29387590  0.28053615
   0.50750000  0.33753000  0.11288000
   0.57787705  0.20944170  0.41197361
   0.38208608  0.33405088  0.51221282
   0.64712000  0.46121000  0.21367000
   0.45289579  0.08595526  0.31752139
   0.57191000  0.04636000  0.07986000
   0.38063000  0.17082000  0.17998000
   0.64634144  0.42206318  0.38127364
   0.47645717  0.04165237  0.48889464
   0.51719382  0.29341453  0.28001059
   0.84083000  0.33753000  0.11288000
   0.91596834  0.21013812  0.41127794
   0.71371828  0.33570762  0.50679433
   0.98063000  0.46160000  0.21400000
   0.78610555  0.08451130  0.31546902
   0.90524000  0.04636000  0.07986000
   0.71387000  0.17083000  0.18002000
   0.98020123  0.42228112  0.38238619
   0.81457825  0.04473562  0.48707743
   0.85084368  0.29378602  0.28003228
   0.17417000  0.83753000  0.11288000
   0.25678933  0.70766392  0.41066183
   0.07782918  0.82410367  0.51276524
   0.31682000  0.96236000  0.21534000
   0.11556741  0.58558366  0.31504952
   0.23858000  0.54636000  0.07986000
   0.04601000  0.67209000  0.18056000
   0.32345502  0.92018602  0.38369987
   0.11314160  0.55404406  0.48963762
   0.18274894  0.79660784  0.28150275
   0.50619000  0.83294000  0.10916000
   0.59044591  0.70845839  0.41114758
   0.41231630  0.82485869  0.51137052
   0.64926000  0.96050000  0.21277000
   0.44907468  0.58587291  0.31525202
   0.57191000  0.54636000  0.07986000
   0.37906000  0.67136000  0.18002000
   0.65699436  0.92013521  0.38171446
   0.44876761  0.55196104  0.48805100
   0.51567011  0.79535301  0.27970350
   0.83992000  0.83287000  0.10930000
   0.74660433  0.82596900  0.50932539
   0.98268000  0.96077000  0.21320000
   0.78243649  0.58542580  0.31425981
   0.90524000  0.54636000  0.07986000
   0.71230000  0.67144000  0.18017000
   0.99019253  0.91998131  0.38198624
   0.78109328  0.55011902  0.48644934
   0.84880087  0.79539360  0.27980548
   0.92437753  0.70744037  0.41072736
   0.78477000  0.69231000  0.65805000
   0.71895301  0.45923436  0.63407033
   0.97096272  0.65394312  0.60006447
   0.72280576  0.58844804  0.68405935
   0.79768829  0.54587169  0.73953800
   0.74270794  0.45883879  0.74900827
   0.92584709  0.55028814  0.73518470
   0.76820604  0.59868451  0.77355904
   0.59379662  0.57447715  0.68883741
