   0.18177000  0.06503000  0.19527000
   0.27465698  0.43512772  0.50096814
   0.03971000  0.44194000  0.09637000
   0.31554367  0.18846190  0.29849833
   0.11741711  0.31341162  0.39860645
   0.51472000  0.06471000  0.19485000
   0.60560581  0.43454060  0.50087022
   0.37304000  0.44194000  0.09637000
   0.64894944  0.18833802  0.29816272
   0.45006574  0.31360781  0.39981689
   0.84826000  0.06468000  0.19455000
   0.93032165  0.43774305  0.50301921
   0.70637000  0.44194000  0.09637000
   0.98232715  0.18835512  0.29819855
   0.78369807  0.31450246  0.39948728
   0.17955000  0.56532000  0.19533000
   0.26061515  0.93380028  0.50445423
   0.03971000  0.94194000  0.09637000
   0.31564929  0.68876630  0.29806533
   0.11901439  0.81280002  0.39694947
   0.51276000  0.56480000  0.19498000
   0.59284637  0.93381832  0.50238247
   0.37304000  0.94194000  0.09637000
   0.64887427  0.68864032  0.29748228
   0.45221028  0.81356149  0.39910311
   0.84642000  0.56519000  0.19522000
   0.92569761  0.93557538  0.50485030
   0.70637000  0.94194000  0.09637000
   0.98171607  0.68860907  0.29769276
   0.78604971  0.81407489  0.39878804
   0.58959073  0.19345292  0.49505494
   0.03971000  0.19194000  0.09637000
   0.31506701  0.43942339  0.29803065
   0.11930486  0.06032544  0.40022365
   0.18013000  0.31638000  0.19719000
   0.25754445  0.19314548  0.49845802
   0.37304000  0.19194000  0.09637000
   0.64812362  0.43898212  0.29743024
   0.45229946  0.06098803  0.40012173
   0.51314000  0.31594000  0.19696000
   0.70637000  0.19194000  0.09637000
   0.98173341  0.43888760  0.29761877
   0.78541613  0.06059456  0.39876681
   0.84665000  0.31624000  0.19703000
   0.92114334  0.19056164  0.49490217
   0.03971000  0.69194000  0.09637000
   0.31709334  0.93971134  0.29854590
   0.12109127  0.56006408  0.39870935
   0.18025000  0.81742000  0.19778000
   0.25774959  0.68735703  0.49626763
   0.37304000  0.69194000  0.09637000
   0.64955305  0.93848981  0.29695988
   0.45450026  0.56011183  0.39949913
   0.51318000  0.81586000  0.19571000
   0.59542951  0.69096746  0.49487322
   0.70637000  0.69194000  0.09637000
   0.98287974  0.93924267  0.29749040
   0.84718000  0.81593000  0.19584000
   0.92505585  0.68922358  0.49534866
   0.78904259  0.56087769  0.39841469
   0.17417000  0.33753000  0.11288000
   0.24980165  0.20569339  0.41330510
   0.05596558  0.33078003  0.50359863
   0.31386000  0.46170000  0.21427000
   0.11594638  0.08381437  0.31582459
   0.23858000  0.04636000  0.07986000
   0.04735000  0.17100000  0.18013000
   0.31604294  0.41850314  0.38185341
   0.12718408  0.04085920  0.48681392
   0.18198238  0.29318692  0.28032817
   0.50750000  0.33753000  0.11288000
   0.58430736  0.20632118  0.41214164
   0.41019771  0.32700837  0.50527304
   0.64712000  0.46121000  0.21367000
   0.44977054  0.08436080  0.31632050
   0.57191000  0.04636000  0.07986000
   0.38063000  0.17082000  0.17998000
   0.64934250  0.41854742  0.38107689
   0.46154125  0.04323844  0.48702209
   0.51508506  0.29277612  0.28002721
   0.84083000  0.33753000  0.11288000
   0.91662724  0.20632591  0.41162591
   0.73579728  0.32481441  0.51150990
   0.98063000  0.46160000  0.21400000
   0.78267707  0.08317101  0.31503007
   0.90524000  0.04636000  0.07986000
   0.71387000  0.17083000  0.18002000
   0.98322037  0.41812517  0.38136985
   0.79278925  0.04230928  0.48611717
   0.84855441  0.29276920  0.28003102
   0.17417000  0.83753000  0.11288000
   0.25251800  0.70647621  0.41162629
   0.05701025  0.82946530  0.51998266
   0.31682000  0.96236000  0.21534000
   0.11583105  0.58385525  0.31499358
   0.23858000  0.54636000  0.07986000
   0.04601000  0.67209000  0.18056000
   0.31786615  0.91743524  0.38221362
   0.13641469  0.54068231  0.48538015
   0.18196014  0.79387578  0.28078839
   0.50619000  0.83294000  0.10916000
   0.58563930  0.70638738  0.41240056
   0.39079268  0.82573108  0.51352026
   0.64926000  0.96050000  0.21277000
   0.44947232  0.58425600  0.31582835
   0.57191000  0.54636000  0.07986000
   0.37906000  0.67136000  0.18002000
   0.65008969  0.91693496  0.38116342
   0.47125517  0.54598400  0.48655070
   0.51499402  0.79309377  0.27923327
   0.83992000  0.83287000  0.10930000
   0.72568636  0.82845068  0.51137466
   0.98268000  0.96077000  0.21320000
   0.78218502  0.58372776  0.31458160
   0.90524000  0.54636000  0.07986000
   0.71230000  0.67144000  0.18017000
   0.98459304  0.91772555  0.38159699
   0.80150114  0.54241760  0.48491282
   0.84834661  0.79366321  0.27932683
   0.91959848  0.70802186  0.40980784
   0.78477000  0.69231000  0.65805000
   0.17100281  0.26326845  0.59447905
   0.03816455  0.70286005  0.59467419
   0.71793662  0.63082599  0.69515359
   0.79918616  0.57595923  0.74103151
   0.73969246  0.48523045  0.74372468
   0.92261845  0.58649020  0.73307756
   0.77723851  0.61132624  0.78300471
   0.58530584  0.61174274  0.69769787
