   0.18177000  0.06503000  0.19527000
   0.26416320  0.42862790  0.50218923
   0.03971000  0.44194000  0.09637000
   0.31563021  0.18977488  0.29757614
   0.11346011  0.31556850  0.39927594
   0.51472000  0.06471000  0.19485000
   0.59678456  0.42911333  0.50158250
   0.37304000  0.44194000  0.09637000
   0.64874802  0.18740810  0.29863979
   0.44927174  0.31519726  0.39913185
   0.84826000  0.06468000  0.19455000
   0.93122565  0.43471943  0.49978756
   0.70637000  0.44194000  0.09637000
   0.97999350  0.19046182  0.29656711
   0.78348708  0.31395733  0.39935219
   0.17955000  0.56532000  0.19533000
   0.27024192  0.92807031  0.50254931
   0.03971000  0.94194000  0.09637000
   0.31571521  0.68836287  0.29747462
   0.12126365  0.81440610  0.39636389
   0.51276000  0.56480000  0.19498000
   0.59794705  0.92892735  0.50251468
   0.37304000  0.94194000  0.09637000
   0.64861112  0.68783040  0.29724816
   0.45258025  0.81102985  0.39753848
   0.84642000  0.56519000  0.19522000
   0.93366497  0.94103044  0.50478784
   0.70637000  0.94194000  0.09637000
   0.98207704  0.68805827  0.29750703
   0.78651167  0.81387539  0.39668654
   0.59257461  0.19174614  0.49567804
   0.03971000  0.19194000  0.09637000
   0.31521871  0.44055467  0.29805810
   0.12426806  0.06146460  0.39106905
   0.18013000  0.31638000  0.19719000
   0.25719960  0.17922472  0.49443248
   0.37304000  0.19194000  0.09637000
   0.64711078  0.43880431  0.29741504
   0.44823324  0.06008887  0.40113771
   0.51314000  0.31594000  0.19696000
   0.70637000  0.19194000  0.09637000
   0.98221027  0.43997512  0.29705881
   0.78202622  0.06208779  0.39697108
   0.84665000  0.31624000  0.19703000
   0.93510500  0.18619538  0.49839920
   0.03971000  0.69194000  0.09637000
   0.31969890  0.93935061  0.29755924
   0.12123871  0.56143490  0.39942844
   0.18025000  0.81742000  0.19778000
   0.26720286  0.68811864  0.49492898
   0.37304000  0.69194000  0.09637000
   0.64839824  0.93739298  0.29575029
   0.45572513  0.55939687  0.39910781
   0.51318000  0.81586000  0.19571000
   0.59232921  0.69072015  0.49508632
   0.70637000  0.69194000  0.09637000
   0.98107294  0.93730153  0.29496900
   0.84718000  0.81593000  0.19584000
   0.92432791  0.68970788  0.49269535
   0.78932508  0.56069858  0.39836575
   0.17417000  0.33753000  0.11288000
   0.24912474  0.20850772  0.40862533
   0.06025158  0.33157899  0.50919642
   0.31386000  0.46170000  0.21427000
   0.11258381  0.08507159  0.30983769
   0.23858000  0.04636000  0.07986000
   0.04735000  0.17100000  0.18013000
   0.31548606  0.42063433  0.38198599
   0.14058462  0.02683537  0.47308923
   0.18164769  0.29553238  0.28035370
   0.50750000  0.33753000  0.11288000
   0.58052997  0.20625434  0.41264099
   0.39436868  0.31824129  0.51212608
   0.64712000  0.46121000  0.21367000
   0.44848553  0.08461406  0.31703456
   0.57191000  0.04636000  0.07986000
   0.38063000  0.17082000  0.17998000
   0.64920332  0.41906789  0.38165328
   0.46702562  0.04039601  0.48893291
   0.51778046  0.29155195  0.27987269
   0.84083000  0.33753000  0.11288000
   0.91346938  0.20778274  0.41296592
   0.73204005  0.32651773  0.51137371
   0.98063000  0.46160000  0.21400000
   0.78130558  0.08293059  0.31293062
   0.90524000  0.04636000  0.07986000
   0.71387000  0.17083000  0.18002000
   0.98175389  0.42063948  0.38033384
   0.80078015  0.04072102  0.48162194
   0.84600767  0.29451677  0.27992609
   0.17417000  0.83753000  0.11288000
   0.25204285  0.70745015  0.41247867
   0.05777840  0.82354731  0.52067579
   0.31682000  0.96236000  0.21534000
   0.11676193  0.58438879  0.31496558
   0.23858000  0.54636000  0.07986000
   0.04601000  0.67209000  0.18056000
   0.32132279  0.91535200  0.38063589
   0.13359153  0.54530487  0.48667094
   0.18224876  0.79356798  0.28031135
   0.50619000  0.83294000  0.10916000
   0.58571208  0.70502260  0.41199872
   0.39501718  0.81918482  0.51999567
   0.64926000  0.96050000  0.21277000
   0.45004348  0.58442499  0.31545695
   0.57191000  0.54636000  0.07986000
   0.37906000  0.67136000  0.18002000
   0.64993360  0.91433726  0.37855896
   0.46626687  0.53968274  0.48646353
   0.51481426  0.79225736  0.27856891
   0.83992000  0.83287000  0.10930000
   0.73109116  0.82533407  0.51187442
   0.98268000  0.96077000  0.21320000
   0.78239072  0.58295709  0.31484587
   0.90524000  0.54636000  0.07986000
   0.71230000  0.67144000  0.18017000
   0.98627661  0.91668947  0.37755649
   0.79828415  0.54310377  0.48472045
   0.84755768  0.79148252  0.27860905
   0.91992024  0.70892070  0.41096603
   0.78477000  0.69231000  0.65805000
   0.05831370  0.11377109  0.58156587
   0.03071291  0.71721331  0.59786488
   0.71887421  0.63040103  0.69590350
   0.79574358  0.57414637  0.74098078
   0.74091346  0.48550040  0.74375467
   0.92503896  0.58680270  0.73310496
   0.77711750  0.61080163  0.78303920
   0.58550260  0.61414360  0.69828922
