   0.18177000  0.06503000  0.19527000
   0.25618900  0.43784858  0.50475627
   0.03971000  0.44194000  0.09637000
   0.31770401  0.18885127  0.29792935
   0.11295097  0.31732973  0.40009428
   0.51472000  0.06471000  0.19485000
   0.59054864  0.43702151  0.50217120
   0.37304000  0.44194000  0.09637000
   0.65126636  0.18940498  0.29854601
   0.44584609  0.31670120  0.39923214
   0.84826000  0.06468000  0.19455000
   0.92199359  0.43987634  0.50497468
   0.70637000  0.44194000  0.09637000
   0.98440711  0.18955718  0.29825343
   0.77939808  0.31875021  0.40138993
   0.17955000  0.56532000  0.19533000
   0.27228364  0.93172068  0.50497097
   0.03971000  0.94194000  0.09637000
   0.31489094  0.68951800  0.29858236
   0.12298639  0.81486039  0.39593720
   0.51276000  0.56480000  0.19498000
   0.60648021  0.93545010  0.50191582
   0.37304000  0.94194000  0.09637000
   0.64766376  0.68959338  0.29716143
   0.45545660  0.81454258  0.39930869
   0.84642000  0.56519000  0.19522000
   0.93816294  0.93398532  0.50523071
   0.70637000  0.94194000  0.09637000
   0.98126700  0.68959971  0.29747197
   0.78800681  0.81612548  0.39830202
   0.58799683  0.19047716  0.49209014
   0.03971000  0.19194000  0.09637000
   0.31391666  0.44119896  0.29847992
   0.12290828  0.06122542  0.40039835
   0.18013000  0.31638000  0.19719000
   0.25782983  0.19260023  0.49589125
   0.37304000  0.19194000  0.09637000
   0.64626376  0.43965771  0.29691471
   0.45475017  0.06008136  0.39900830
   0.51314000  0.31594000  0.19696000
   0.70637000  0.19194000  0.09637000
   0.98074753  0.44059033  0.29809947
   0.79117386  0.06179393  0.39941730
   0.84665000  0.31624000  0.19703000
   0.92311564  0.19564713  0.49495933
   0.03971000  0.69194000  0.09637000
   0.31846196  0.93975743  0.29809385
   0.11663336  0.56325934  0.40045277
   0.18025000  0.81742000  0.19778000
   0.26134916  0.69391945  0.49566952
   0.37304000  0.69194000  0.09637000
   0.65105914  0.93970591  0.29707412
   0.45141120  0.56323011  0.40081174
   0.51318000  0.81586000  0.19571000
   0.59554399  0.69396133  0.49559075
   0.70637000  0.69194000  0.09637000
   0.98444114  0.94043205  0.29734531
   0.84718000  0.81593000  0.19584000
   0.92270409  0.69270542  0.48913153
   0.78242119  0.56318991  0.39585376
   0.17417000  0.33753000  0.11288000
   0.24569652  0.20918111  0.41424697
   0.05487908  0.33131167  0.51326698
   0.31386000  0.46170000  0.21427000
   0.11858750  0.08521352  0.31612134
   0.23858000  0.04636000  0.07986000
   0.04735000  0.17100000  0.18013000
   0.31165388  0.42127237  0.38307543
   0.14003576  0.03942565  0.48814985
   0.18404696  0.29414219  0.28075886
   0.50750000  0.33753000  0.11288000
   0.57722931  0.20781620  0.40982217
   0.38816663  0.33032030  0.51420625
   0.64712000  0.46121000  0.21367000
   0.45181132  0.08410935  0.31526770
   0.57191000  0.04636000  0.07986000
   0.38063000  0.17082000  0.17998000
   0.64299208  0.42048303  0.38027758
   0.47103698  0.04197489  0.48577048
   0.51605493  0.29300353  0.28001348
   0.84083000  0.33753000  0.11288000
   0.91386920  0.21034218  0.41203345
   0.72197999  0.32856345  0.50211916
   0.98063000  0.46160000  0.21400000
   0.78544277  0.08408484  0.31534807
   0.90524000  0.04636000  0.07986000
   0.71387000  0.17083000  0.18002000
   0.97894743  0.42172221  0.38238948
   0.80763850  0.04553500  0.48638054
   0.85051295  0.29389812  0.28031884
   0.17417000  0.83753000  0.11288000
   0.25400989  0.70781173  0.41226352
   0.06533197  0.81796686  0.52171406
   0.31682000  0.96236000  0.21534000
   0.11486061  0.58516140  0.31585032
   0.23858000  0.54636000  0.07986000
   0.04601000  0.67209000  0.18056000
   0.32084739  0.91789512  0.38169810
   0.12598135  0.54870553  0.48802721
   0.18119101  0.79451138  0.28086069
   0.50619000  0.83294000  0.10916000
   0.58885386  0.70778627  0.41239186
   0.40490785  0.82514236  0.51262020
   0.64926000  0.96050000  0.21277000
   0.44892170  0.58552813  0.31627725
   0.57191000  0.54636000  0.07986000
   0.37906000  0.67136000  0.18002000
   0.65376389  0.91926288  0.38141580
   0.45746517  0.54924404  0.48870354
   0.51447891  0.79441067  0.27953217
   0.83992000  0.83287000  0.10930000
   0.73830055  0.82783639  0.51029523
   0.98268000  0.96077000  0.21320000
   0.78161492  0.58469996  0.31310375
   0.90524000  0.54636000  0.07986000
   0.71230000  0.67144000  0.18017000
   0.98803645  0.91981302  0.38159485
   0.78768527  0.54805835  0.47907392
   0.84769345  0.79511816  0.27957239
   0.92329379  0.70976927  0.40716217
   0.78477000  0.69231000  0.65805000
   0.80734005  0.47976548  0.60890873
   0.97515488  0.66904025  0.59214155
   0.71583750  0.62201020  0.69213002
   0.79613812  0.56900259  0.73798344
   0.73799868  0.48091621  0.74390136
   0.92158829  0.57630197  0.72794171
   0.78900949  0.61301650  0.77837978
   0.58287116  0.59911206  0.69013343
