   0.18173230  0.06515498  0.19550232
   0.25439812  0.43588066  0.50288513
   0.03971000  0.44194000  0.09637000
   0.31836334  0.19050375  0.30007448
   0.11805092  0.31516928  0.40131255
   0.51446894  0.06447103  0.19464970
   0.58562625  0.44366906  0.50071449
   0.37304000  0.44194000  0.09637000
   0.65094871  0.18911616  0.29781912
   0.45439536  0.31670775  0.40227577
   0.84818237  0.06470519  0.19453548
   0.92779528  0.44012790  0.50086298
   0.70637000  0.44194000  0.09637000
   0.98491505  0.18947189  0.29779407
   0.78560105  0.31321466  0.39949529
   0.18016958  0.56544109  0.19543706
   0.26771897  0.93590808  0.50386343
   0.03971000  0.94194000  0.09637000
   0.31701279  0.69090658  0.29870490
   0.12255075  0.81646018  0.39871331
   0.51302777  0.56437933  0.19458925
   0.60125066  0.93423472  0.50442609
   0.37304000  0.94194000  0.09637000
   0.64945693  0.68927107  0.29685433
   0.45520439  0.81746936  0.39956060
   0.84705129  0.56509873  0.19506135
   0.93221939  0.93132621  0.50102470
   0.70637000  0.94194000  0.09637000
   0.98361901  0.69032979  0.29767227
   0.78731458  0.81518305  0.39721763
   0.60464484  0.19275312  0.50911871
   0.03971000  0.19194000  0.09637000
   0.31679347  0.44052446  0.29871196
   0.12182371  0.06165750  0.39981619
   0.18037877  0.31668398  0.19746648
   0.25858189  0.19364316  0.49500289
   0.37304000  0.19194000  0.09637000
   0.64980417  0.43876647  0.29662324
   0.45933371  0.06806447  0.40582681
   0.51279399  0.31532852  0.19666406
   0.70637000  0.19194000  0.09637000
   0.98364990  0.44009900  0.29767130
   0.79016599  0.06064673  0.39741453
   0.84679446  0.31617947  0.19692694
   0.91323748  0.18488056  0.49921491
   0.03971000  0.69194000  0.09637000
   0.31993028  0.94372279  0.30083116
   0.12093925  0.56278773  0.39889381
   0.18101127  0.81792650  0.19811442
   0.25795998  0.69478852  0.49465516
   0.37304000  0.69194000  0.09637000
   0.65055455  0.93914238  0.29610507
   0.45135010  0.56394663  0.39973564
   0.51290638  0.81542329  0.19535982
   0.58790829  0.69582208  0.49440504
   0.70637000  0.69194000  0.09637000
   0.98484272  0.93975400  0.29707231
   0.84735379  0.81577070  0.19550419
   0.92724594  0.69494790  0.49120830
   0.78702731  0.56201509  0.39701890
   0.17417000  0.33753000  0.11288000
   0.25340206  0.20792138  0.41235082
   0.05237001  0.32872652  0.51042579
   0.31447332  0.46194815  0.21477612
   0.11863293  0.08460085  0.31543011
   0.23858000  0.04636000  0.07986000
   0.04739272  0.17129477  0.18022969
   0.31820155  0.41920462  0.38260839
   0.13375133  0.04472447  0.48676212
   0.18414082  0.29422989  0.28071586
   0.50750000  0.33753000  0.11288000
   0.58844776  0.21483959  0.42439720
   0.38820368  0.33082550  0.51282748
   0.64762170  0.46056496  0.21281816
   0.45422771  0.08878607  0.32067523
   0.57191000  0.04636000  0.07986000
   0.38034901  0.17038163  0.17975476
   0.65271152  0.41765251  0.38078843
   0.46895402  0.04628867  0.49116145
   0.51706319  0.29306225  0.27967598
   0.84083000  0.33753000  0.11288000
   0.91839488  0.20724460  0.41455317
   0.72042715  0.34830241  0.52437398
   0.98142702  0.46153863  0.21380942
   0.78520321  0.08454342  0.31356997
   0.90524000  0.04636000  0.07986000
   0.71368630  0.17081454  0.17997428
   0.98388380  0.41894847  0.38153184
   0.80040838  0.03436689  0.47967948
   0.85038198  0.29387737  0.28003576
   0.17417000  0.83753000  0.11288000
   0.25517643  0.70909464  0.41153553
   0.06870291  0.82619441  0.51085635
   0.31713378  0.96290635  0.21619975
   0.11735770  0.58550865  0.31506059
   0.23858000  0.54636000  0.07986000
   0.04660930  0.67242187  0.18073829
   0.32191575  0.92347541  0.38503702
   0.12800623  0.54800279  0.48552022
   0.18410227  0.79692231  0.28179801
   0.50619000  0.83294000  0.10916000
   0.58750675  0.70918757  0.41134236
   0.39884276  0.82678355  0.51375626
   0.64877646  0.96002666  0.21201665
   0.45033861  0.58573498  0.31602344
   0.57191000  0.54636000  0.07986000
   0.37928251  0.67095764  0.17983308
   0.65275680  0.91818273  0.37926477
   0.45545857  0.55028324  0.48633457
   0.51568435  0.79373563  0.27869231
   0.83992000  0.83287000  0.10930000
   0.73240148  0.82405031  0.51486791
   0.98265955  0.96062326  0.21279212
   0.78330121  0.58396402  0.31308823
   0.90524000  0.54636000  0.07986000
   0.71258560  0.67110355  0.18003983
   0.98704146  0.91904468  0.38099107
   0.79473980  0.55082253  0.48409014
   0.84926117  0.79443056  0.27901504
   0.92156211  0.70786930  0.40800748
   0.78235231  0.59282733  0.65896496
   0.75505947  0.15057032  0.58774871
   0.75577445  0.44607797  0.60211036
   0.76195530  0.60543416  0.71088000
   0.73468546  0.51348594  0.75387430
   0.65280488  0.52757347  0.78775440
   0.69400957  0.43282273  0.73284208
   0.84877001  0.51426754  0.77536028
   0.76585436  0.69137592  0.72663713
