   0.18177000  0.06503000  0.19527000
   0.24799272  0.43947365  0.50301138
   0.03971000  0.44194000  0.09637000
   0.31714962  0.18988034  0.29888340
   0.11032510  0.31736122  0.40093546
   0.51472000  0.06471000  0.19485000
   0.58283822  0.44009466  0.50149154
   0.37304000  0.44194000  0.09637000
   0.65058320  0.19023998  0.29889793
   0.44420211  0.31654059  0.40218094
   0.84826000  0.06468000  0.19455000
   0.91657808  0.44099862  0.50315683
   0.70637000  0.44194000  0.09637000
   0.98351728  0.18966329  0.29882406
   0.77468078  0.31775870  0.40400136
   0.17955000  0.56532000  0.19533000
   0.28118975  0.93296080  0.50520315
   0.03971000  0.94194000  0.09637000
   0.31508890  0.68934606  0.29795848
   0.12491812  0.81364100  0.39585623
   0.51276000  0.56480000  0.19498000
   0.60992448  0.93368235  0.50396120
   0.37304000  0.94194000  0.09637000
   0.64821178  0.68977319  0.29771294
   0.45778675  0.81463482  0.39835279
   0.84642000  0.56519000  0.19522000
   0.94247518  0.93783055  0.50332205
   0.70637000  0.94194000  0.09637000
   0.98130145  0.68919580  0.29754516
   0.79099344  0.81461283  0.39831535
   0.58451291  0.18876071  0.50224636
   0.03971000  0.19194000  0.09637000
   0.31315234  0.44029779  0.29839414
   0.12483404  0.06143091  0.40100291
   0.18013000  0.31638000  0.19719000
   0.26369179  0.19300854  0.49719680
   0.37304000  0.19194000  0.09637000
   0.64579134  0.44037802  0.29797419
   0.45850364  0.06162419  0.39979304
   0.51314000  0.31594000  0.19696000
   0.70637000  0.19194000  0.09637000
   0.97902439  0.43996981  0.29832708
   0.78932806  0.06198846  0.39995082
   0.84665000  0.31624000  0.19703000
   0.91936771  0.19624324  0.49615760
   0.03971000  0.69194000  0.09637000
   0.31935560  0.94064385  0.29820331
   0.11446623  0.56322464  0.39975621
   0.18025000  0.81742000  0.19778000
   0.26636587  0.69022797  0.49463618
   0.37304000  0.69194000  0.09637000
   0.65193445  0.93964708  0.29716207
   0.44924076  0.56360729  0.39995368
   0.51318000  0.81586000  0.19571000
   0.59199486  0.69699075  0.49580684
   0.70637000  0.69194000  0.09637000
   0.98500599  0.94038048  0.29774425
   0.84718000  0.81593000  0.19584000
   0.92591674  0.69230508  0.49431737
   0.78131881  0.56398896  0.39911410
   0.17417000  0.33753000  0.11288000
   0.24224675  0.21000212  0.41518247
   0.04677920  0.33340275  0.51423082
   0.31386000  0.46170000  0.21427000
   0.11772664  0.08523316  0.31678354
   0.23858000  0.04636000  0.07986000
   0.04735000  0.17100000  0.18013000
   0.30963430  0.42091041  0.38254896
   0.14625111  0.04060504  0.48798887
   0.18257802  0.29361960  0.28043712
   0.50750000  0.33753000  0.11288000
   0.57557566  0.20951842  0.41729895
   0.38090858  0.33616219  0.51060895
   0.64712000  0.46121000  0.21367000
   0.45180678  0.08616696  0.31625880
   0.57191000  0.04636000  0.07986000
   0.38063000  0.17082000  0.17998000
   0.64145979  0.42159403  0.38195940
   0.47424987  0.03414303  0.48178877
   0.51583731  0.29382022  0.28014290
   0.84083000  0.33753000  0.11288000
   0.91095846  0.21030364  0.41377585
   0.71877655  0.33717989  0.50583544
   0.98063000  0.46160000  0.21400000
   0.78424757  0.08484074  0.31590925
   0.90524000  0.04636000  0.07986000
   0.71387000  0.17083000  0.18002000
   0.97545029  0.42101617  0.38262705
   0.81057267  0.04312294  0.48594163
   0.84952415  0.29353303  0.28009767
   0.17417000  0.83753000  0.11288000
   0.25623545  0.70742176  0.41188112
   0.07190974  0.82525725  0.52200132
   0.31682000  0.96236000  0.21534000
   0.11475713  0.58480347  0.31562198
   0.23858000  0.54636000  0.07986000
   0.04601000  0.67209000  0.18056000
   0.32272743  0.91747158  0.38098078
   0.11882450  0.55160777  0.48762478
   0.18162935  0.79456730  0.28092727
   0.50619000  0.83294000  0.10916000
   0.59129455  0.70766081  0.41183302
   0.40916443  0.82063211  0.51466350
   0.64926000  0.96050000  0.21277000
   0.44850219  0.58515907  0.31573278
   0.57191000  0.54636000  0.07986000
   0.37906000  0.67136000  0.18002000
   0.65700699  0.91782073  0.38107659
   0.45132980  0.55366533  0.48779805
   0.51493233  0.79436976  0.27943928
   0.83992000  0.83287000  0.10930000
   0.74522133  0.82566714  0.51490865
   0.98268000  0.96077000  0.21320000
   0.78166460  0.58533486  0.31527070
   0.90524000  0.54636000  0.07986000
   0.71230000  0.67144000  0.18017000
   0.99060267  0.91834170  0.38222187
   0.78523454  0.55273463  0.48607164
   0.84882479  0.79492928  0.27981143
   0.92582326  0.70839717  0.41171395
   0.78477000  0.69231000  0.65805000
   0.54746129  0.15269835  0.59590073
  -0.03483089  0.77270458  0.60129704
   0.72047123  0.61667450  0.69062196
   0.80078200  0.56254122  0.73515508
   0.74950352  0.47238485  0.73628017
   0.92931535  0.57961827  0.72939754
   0.77314393  0.59543401  0.77727257
   0.58999555  0.58771554  0.68698384
