   0.18177000  0.06503000  0.19527000
   0.25312599  0.44309963  0.50119412
   0.03971000  0.44194000  0.09637000
   0.31798596  0.19038706  0.30028589
   0.11136506  0.31870257  0.40178403
   0.51472000  0.06471000  0.19485000
   0.58548617  0.44624935  0.50127076
   0.37304000  0.44194000  0.09637000
   0.65116645  0.19006845  0.29828107
   0.44150831  0.31943288  0.40421254
   0.84826000  0.06468000  0.19455000
   0.91741332  0.44335803  0.50127283
   0.70637000  0.44194000  0.09637000
   0.98464467  0.19076903  0.29932219
   0.77598520  0.31942161  0.40069767
   0.17955000  0.56532000  0.19533000
   0.28113672  0.93959808  0.50759227
   0.03971000  0.94194000  0.09637000
   0.31478057  0.68999638  0.29813200
   0.12559660  0.81582833  0.39521686
   0.51276000  0.56480000  0.19498000
   0.61159110  0.93909809  0.50410027
   0.37304000  0.94194000  0.09637000
   0.64743092  0.68951601  0.29648765
   0.45832344  0.81772147  0.39802947
   0.84642000  0.56519000  0.19522000
   0.94235122  0.93877151  0.50430899
   0.70637000  0.94194000  0.09637000
   0.98184905  0.69014866  0.29743977
   0.79093236  0.81556424  0.39550465
   0.58313011  0.19995266  0.49943533
   0.03971000  0.19194000  0.09637000
   0.31313092  0.44131679  0.29843159
   0.12435673  0.06197930  0.39979299
   0.18013000  0.31638000  0.19719000
   0.25934953  0.18831264  0.50079443
   0.37304000  0.19194000  0.09637000
   0.64460129  0.43925897  0.29715459
   0.45828325  0.06474709  0.40154014
   0.51314000  0.31594000  0.19696000
   0.70637000  0.19194000  0.09637000
   0.98024986  0.44097821  0.29843271
   0.79042898  0.06380046  0.40008214
   0.84665000  0.31624000  0.19703000
   0.92934068  0.19845538  0.49521418
   0.03971000  0.69194000  0.09637000
   0.32033206  0.94189400  0.29862571
   0.11613758  0.56563521  0.39995344
   0.18025000  0.81742000  0.19778000
   0.26291395  0.69650306  0.49479479
   0.37304000  0.69194000  0.09637000
   0.65167952  0.94097003  0.29714803
   0.44971819  0.56696996  0.39964796
   0.51318000  0.81586000  0.19571000
   0.58783076  0.70388453  0.49465204
   0.70637000  0.69194000  0.09637000
   0.98452181  0.94099079  0.29675878
   0.84718000  0.81593000  0.19584000
   0.92121323  0.69488108  0.49253178
   0.78369297  0.56413063  0.39610249
   0.17417000  0.33753000  0.11288000
   0.24131471  0.21019990  0.41752385
   0.05050195  0.33807521  0.51045527
   0.31386000  0.46170000  0.21427000
   0.11831815  0.08609789  0.31599054
   0.23858000  0.04636000  0.07986000
   0.04735000  0.17100000  0.18013000
   0.30884124  0.42462861  0.38294101
   0.13956116  0.03592064  0.48270028
   0.18375953  0.29431889  0.28077202
   0.50750000  0.33753000  0.11288000
   0.57785991  0.21312410  0.41581044
   0.38736147  0.33953464  0.50497199
   0.64712000  0.46121000  0.21367000
   0.45344203  0.08669649  0.31774830
   0.57191000  0.04636000  0.07986000
   0.38063000  0.17082000  0.17998000
   0.64145737  0.42201649  0.38095722
   0.47927342  0.04538046  0.48635653
   0.51552955  0.29277427  0.27989225
   0.84083000  0.33753000  0.11288000
   0.90940364  0.21247492  0.41292518
   0.71487899  0.33971462  0.51488895
   0.98063000  0.46160000  0.21400000
   0.78525714  0.08560843  0.31579445
   0.90524000  0.04636000  0.07986000
   0.71387000  0.17083000  0.18002000
   0.97596887  0.42341785  0.38292909
   0.81213854  0.04783759  0.48760424
   0.85051351  0.29444259  0.28050635
   0.17417000  0.83753000  0.11288000
   0.25806229  0.71036862  0.41171575
   0.07115233  0.82217142  0.52204273
   0.31682000  0.96236000  0.21534000
   0.11507752  0.58568742  0.31587275
   0.23858000  0.54636000  0.07986000
   0.04601000  0.67209000  0.18056000
   0.32403380  0.92108637  0.38194195
   0.11946850  0.55584726  0.48730828
   0.18208683  0.79566179  0.28116236
   0.50619000  0.83294000  0.10916000
   0.59188632  0.71065433  0.41071247
   0.41084652  0.82691542  0.51556729
   0.64926000  0.96050000  0.21277000
   0.44853602  0.58597079  0.31529815
   0.57191000  0.54636000  0.07986000
   0.37906000  0.67136000  0.18002000
   0.65668087  0.92096353  0.38149346
   0.45357367  0.55879204  0.48754183
   0.51483863  0.79526765  0.27958270
   0.83992000  0.83287000  0.10930000
   0.74321287  0.82959514  0.51516255
   0.98268000  0.96077000  0.21320000
   0.78170876  0.58458435  0.31220125
   0.90524000  0.54636000  0.07986000
   0.71230000  0.67144000  0.18017000
   0.98928750  0.91863050  0.37985823
   0.78748587  0.55351479  0.48301323
   0.84768039  0.79523725  0.27959658
   0.92546223  0.70907283  0.40893742
   0.78477000  0.69231000  0.65805000
   0.28784997  0.13173113  0.59304066
   0.00107840  0.76199348  0.60699869
   0.71345153  0.61453521  0.68739553
   0.79310090  0.56259259  0.73296641
   0.75438959  0.47106909  0.73855331
   0.92123073  0.58723623  0.72500620
   0.77118583  0.60379989  0.77345772
   0.58241222  0.58912168  0.68161135
