   0.18177000  0.06503000  0.19527000
   0.24770725  0.43955938  0.50301850
   0.03971000  0.44194000  0.09637000
   0.31718774  0.18987506  0.29889755
   0.11025315  0.31739180  0.40094872
   0.51472000  0.06471000  0.19485000
   0.58262549  0.44016414  0.50145875
   0.37304000  0.44194000  0.09637000
   0.65059076  0.19017184  0.29889487
   0.44421651  0.31657025  0.40216600
   0.84826000  0.06468000  0.19455000
   0.91641548  0.44110796  0.50317328
   0.70637000  0.44194000  0.09637000
   0.98354749  0.18964540  0.29884495
   0.77468789  0.31776366  0.40400128
   0.17955000  0.56532000  0.19533000
   0.28131865  0.93290690  0.50526313
   0.03971000  0.94194000  0.09637000
   0.31505931  0.68937237  0.29793416
   0.12487130  0.81364052  0.39586487
   0.51276000  0.56480000  0.19498000
   0.61010986  0.93360351  0.50394752
   0.37304000  0.94194000  0.09637000
   0.64822519  0.68981709  0.29776758
   0.45772898  0.81460333  0.39832748
   0.84642000  0.56519000  0.19522000
   0.94260990  0.93772013  0.50341316
   0.70637000  0.94194000  0.09637000
   0.98128741  0.68918919  0.29757071
   0.79093631  0.81462909  0.39836420
   0.58463787  0.18881765  0.50226993
   0.03971000  0.19194000  0.09637000
   0.31318395  0.44025034  0.29836872
   0.12487114  0.06144437  0.40099024
   0.18013000  0.31638000  0.19719000
   0.26367006  0.19308582  0.49720785
   0.37304000  0.19194000  0.09637000
   0.64579965  0.44034244  0.29796588
   0.45842444  0.06155745  0.39984086
   0.51314000  0.31594000  0.19696000
   0.70637000  0.19194000  0.09637000
   0.97901352  0.43993796  0.29829711
   0.78940695  0.06193062  0.39998689
   0.84665000  0.31624000  0.19703000
   0.91929817  0.19624620  0.49620015
   0.03971000  0.69194000  0.09637000
   0.31934876  0.94066555  0.29818416
   0.11431007  0.56326104  0.39973672
   0.18025000  0.81742000  0.19778000
   0.26596589  0.69030769  0.49465175
   0.37304000  0.69194000  0.09637000
   0.65195358  0.93960805  0.29717528
   0.44915494  0.56357706  0.39989543
   0.51318000  0.81586000  0.19571000
   0.59157343  0.69701923  0.49576220
   0.70637000  0.69194000  0.09637000
   0.98491822  0.94038644  0.29778006
   0.84718000  0.81593000  0.19584000
   0.92530176  0.69249380  0.49437271
   0.78122252  0.56404389  0.39917111
   0.17417000  0.33753000  0.11288000
   0.24221287  0.21009269  0.41515720
   0.04659711  0.33348227  0.51424254
   0.31386000  0.46170000  0.21427000
   0.11772731  0.08523382  0.31681620
   0.23858000  0.04636000  0.07986000
   0.04735000  0.17100000  0.18013000
   0.30964271  0.42091956  0.38250484
   0.14639247  0.04048940  0.48797884
   0.18263008  0.29353937  0.28040323
   0.50750000  0.33753000  0.11288000
   0.57555207  0.20949522  0.41724874
   0.38062703  0.33625346  0.51070263
   0.64712000  0.46121000  0.21367000
   0.45180276  0.08615419  0.31624787
   0.57191000  0.04636000  0.07986000
   0.38063000  0.17082000  0.17998000
   0.64148657  0.42164150  0.38196411
   0.47442437  0.03402314  0.48185728
   0.51590689  0.29381518  0.28009365
   0.84083000  0.33753000  0.11288000
   0.91090946  0.21027037  0.41391411
   0.71862808  0.33722788  0.50578200
   0.98063000  0.46160000  0.21400000
   0.78431749  0.08480272  0.31594744
   0.90524000  0.04636000  0.07986000
   0.71387000  0.17083000  0.18002000
   0.97543042  0.42096950  0.38258730
   0.81063014  0.04307511  0.48596267
   0.84954749  0.29345838  0.28007865
   0.17417000  0.83753000  0.11288000
   0.25623760  0.70743721  0.41185643
   0.07190893  0.82493411  0.52233846
   0.31682000  0.96236000  0.21534000
   0.11476099  0.58478300  0.31556992
   0.23858000  0.54636000  0.07986000
   0.04601000  0.67209000  0.18056000
   0.32268953  0.91741331  0.38095175
   0.11857584  0.55157080  0.48762393
   0.18161536  0.79459216  0.28091609
   0.50619000  0.83294000  0.10916000
   0.59124849  0.70763539  0.41174589
   0.40934099  0.82057412  0.51471612
   0.64926000  0.96050000  0.21277000
   0.44851777  0.58515947  0.31566425
   0.57191000  0.54636000  0.07986000
   0.37906000  0.67136000  0.18002000
   0.65692133  0.91777877  0.38111657
   0.45102186  0.55362814  0.48776511
   0.51495242  0.79433987  0.27942064
   0.83992000  0.83287000  0.10930000
   0.74534336  0.82549364  0.51489963
   0.98268000  0.96077000  0.21320000
   0.78161347  0.58529308  0.31532585
   0.90524000  0.54636000  0.07986000
   0.71230000  0.67144000  0.18017000
   0.99054398  0.91832735  0.38225069
   0.78499738  0.55282455  0.48619551
   0.84877096  0.79493117  0.27983983
   0.92575104  0.70843965  0.41179399
   0.78477000  0.69231000  0.65805000
   0.54753203  0.15281461  0.59585165
  -0.03453001  0.77169843  0.60145882
   0.72045965  0.61644112  0.69053317
   0.80040093  0.56251017  0.73525781
   0.74860055  0.47245951  0.73627074
   0.92877059  0.57954125  0.72945937
   0.77345812  0.59593892  0.77727086
   0.59011188  0.58711522  0.68666662
