   0.17963410  0.06448970  0.19488773
   0.28909242  0.43065026  0.50132877
   0.03971000  0.44194000  0.09637000
   0.31729428  0.18929084  0.29752463
   0.13093367  0.31285688  0.39697535
   0.51296468  0.06420290  0.19448993
   0.61800153  0.43306231  0.49697004
   0.37304000  0.44194000  0.09637000
   0.65055184  0.18871787  0.29690256
   0.46375597  0.31242547  0.39699335
   0.84625623  0.06429207  0.19470890
   0.95957124  0.43104898  0.49786672
   0.70637000  0.44194000  0.09637000
   0.98386023  0.18871673  0.29711656
   0.79737031  0.31167640  0.39523640
   0.18174392  0.56467775  0.19435533
   0.24199194  0.94314894  0.50082301
   0.03971000  0.94194000  0.09637000
   0.31734000  0.69099906  0.29770541
   0.10978675  0.81848391  0.39932789
   0.51485682  0.56414353  0.19397450
   0.57843943  0.94410814  0.50367903
   0.37304000  0.94194000  0.09637000
   0.64994311  0.68981014  0.29696050
   0.44111827  0.81950800  0.40367670
   0.84840706  0.56432498  0.19411034
   0.90658060  0.93782708  0.50323041
   0.70637000  0.94194000  0.09637000
   0.98390922  0.68999859  0.29746156
   0.77336698  0.81757568  0.40011224
   0.57367016  0.69151421  0.49984779
   0.03971000  0.19194000  0.09637000
   0.32134482  0.43916715  0.29599424
   0.11450216  0.06392834  0.39923562
   0.18053838  0.31528289  0.19540985
   0.26226794  0.19325512  0.49503761
   0.37304000  0.19194000  0.09637000
   0.65419138  0.43809618  0.29565029
   0.44934257  0.06660213  0.40064528
   0.51401380  0.31482238  0.19509308
   0.58952201  0.20003857  0.49915295
   0.70637000  0.19194000  0.09637000
   0.98874399  0.43955656  0.29645770
   0.78021048  0.06390069  0.39967110
   0.84764421  0.31533166  0.19558788
   0.93621307  0.18867277  0.49418677
   0.03971000  0.69194000  0.09637000
   0.31329923  0.94177131  0.29818106
   0.13011949  0.56183917  0.39858032
   0.17991831  0.81615253  0.19617475
   0.26760745  0.69121281  0.49874751
   0.37304000  0.69194000  0.09637000
   0.64514934  0.94053814  0.29788062
   0.46253168  0.56175629  0.39730861
   0.51342465  0.81580709  0.19583097
   0.70637000  0.69194000  0.09637000
   0.97905343  0.94047765  0.29781249
   0.84600805  0.81566789  0.19644839
   0.92777640  0.69409440  0.49167984
   0.79480953  0.56051601  0.39661042
   0.17305661  0.33267764  0.10931558
   0.26322226  0.20552511  0.41045241
   0.08680371  0.32009985  0.51101031
   0.31602396  0.46005009  0.21215679
   0.11726881  0.08438726  0.31474234
   0.23858000  0.04636000  0.07986000
   0.04555050  0.17085124  0.18012231
   0.33008503  0.41604371  0.37906250
   0.11092289  0.05405248  0.48738264
   0.18386350  0.29367980  0.27897822
   0.50633000  0.33253000  0.10912000
   0.59973200  0.20814365  0.41349808
   0.42328067  0.31890207  0.51282882
   0.64936216  0.45945673  0.21177202
   0.45149432  0.08565165  0.31583453
   0.57191000  0.04636000  0.07986000
   0.37900984  0.17060715  0.17999061
   0.66381827  0.41581813  0.37975261
   0.44731455  0.05933472  0.48861726
   0.51753739  0.29332076  0.27871632
   0.83973764  0.33259265  0.10946399
   0.92880132  0.20589926  0.41106028
   0.75237095  0.32899705  0.52217202
   0.98295580  0.46017203  0.21247381
   0.78362905  0.08447513  0.31499467
   0.90524000  0.04636000  0.07986000
   0.71244564  0.17094226  0.18019842
   0.99642258  0.41681772  0.38019947
   0.78238484  0.05278889  0.48762202
   0.85106802  0.29401765  0.27941910
   0.17290793  0.83293121  0.10954836
   0.23923919  0.71128924  0.41544327
   0.04112265  0.83332210  0.51174962
   0.31423223  0.96086917  0.21348551
   0.11868480  0.58578367  0.31476026
   0.23858000  0.54636000  0.07986000
   0.04748592  0.67115388  0.18023947
   0.30754344  0.92425547  0.38225980
   0.15488826  0.53691325  0.48243811
   0.18236888  0.79521793  0.28001460
   0.50630990  0.83286948  0.10941900
   0.57575732  0.71152267  0.41566658
   0.37734368  0.84286061  0.50359931
   0.64732714  0.96062733  0.21326627
   0.45138308  0.58582583  0.31414232
   0.57191000  0.54636000  0.07986000
   0.38075499  0.67091713  0.18007872
   0.64012910  0.92210632  0.38208646
   0.48640193  0.53435897  0.47939451
   0.51590700  0.79446687  0.27937431
   0.83963952  0.83358229  0.11047730
   0.70536132  0.83444840  0.51409360
   0.98054886  0.96065290  0.21354928
   0.78401449  0.58410338  0.31330720
   0.90524000  0.54636000  0.07986000
   0.71388281  0.67049302  0.18026836
   0.97347564  0.92190650  0.38187993
   0.82354819  0.53975308  0.48243586
   0.84889970  0.79401734  0.27992261
   0.90846556  0.71058375  0.41026849
   0.80373464  0.61598437  0.63088815
   0.39234844  0.65199062  0.58324134
   0.78494289  0.44428836  0.59647657
   0.80601781  0.66167746  0.67841558
   0.79763851  0.60238898  0.73423500
   0.71182402  0.62847243  0.76322799
   0.76861565  0.51185910  0.72793213
   0.91399012  0.62727303  0.75551589
   0.81781518  0.75347249  0.67922844
