   0.18177000  0.06503000  0.19527000
   0.27249753  0.43289514  0.50084015
   0.03971000  0.44194000  0.09637000
   0.31557588  0.18854014  0.29859766
   0.11724054  0.31287331  0.39881952
   0.51472000  0.06471000  0.19485000
   0.60753378  0.43514997  0.50067454
   0.37304000  0.44194000  0.09637000
   0.64897673  0.18837861  0.29820600
   0.44987158  0.31358350  0.40039189
   0.84826000  0.06468000  0.19455000
   0.93059140  0.43732551  0.50107719
   0.70637000  0.44194000  0.09637000
   0.98231653  0.18829738  0.29817874
   0.78436878  0.31418915  0.39935908
   0.17955000  0.56532000  0.19533000
   0.26140047  0.93490668  0.50419775
   0.03971000  0.94194000  0.09637000
   0.31573079  0.68878470  0.29807696
   0.11920714  0.81300657  0.39695547
   0.51276000  0.56480000  0.19498000
   0.59236596  0.93423589  0.50239150
   0.37304000  0.94194000  0.09637000
   0.64883327  0.68866002  0.29745762
   0.45230750  0.81356066  0.39908562
   0.84642000  0.56519000  0.19522000
   0.92470849  0.93641421  0.50452039
   0.70637000  0.94194000  0.09637000
   0.98177061  0.68869175  0.29776697
   0.78568169  0.81424744  0.39865428
   0.58958170  0.19406182  0.49513185
   0.03971000  0.19194000  0.09637000
   0.31513931  0.43943278  0.29804739
   0.11962306  0.06068758  0.40036283
   0.18013000  0.31638000  0.19719000
   0.25647906  0.19448357  0.50022451
   0.37304000  0.19194000  0.09637000
   0.64807983  0.43888304  0.29741469
   0.45232552  0.06111087  0.40019861
   0.51314000  0.31594000  0.19696000
   0.70637000  0.19194000  0.09637000
   0.98168609  0.43880708  0.29769721
   0.78559438  0.06078802  0.39887326
   0.84665000  0.31624000  0.19703000
   0.92336871  0.19239774  0.49540529
   0.03971000  0.69194000  0.09637000
   0.31704635  0.93971884  0.29855279
   0.12109037  0.55992511  0.39880693
   0.18025000  0.81742000  0.19778000
   0.25726629  0.68796549  0.49609247
   0.37304000  0.69194000  0.09637000
   0.64955880  0.93848562  0.29701221
   0.45469889  0.56033569  0.39933557
   0.51318000  0.81586000  0.19571000
   0.59599199  0.69213664  0.49477955
   0.70637000  0.69194000  0.09637000
   0.98288361  0.93928018  0.29745883
   0.84718000  0.81593000  0.19584000
   0.92557272  0.68988249  0.49499134
   0.78891638  0.56088368  0.39820466
   0.17417000  0.33753000  0.11288000
   0.24998954  0.20522633  0.41394440
   0.05687418  0.33221811  0.50173627
   0.31386000  0.46170000  0.21427000
   0.11600305  0.08379316  0.31576231
   0.23858000  0.04636000  0.07986000
   0.04735000  0.17100000  0.18013000
   0.31625992  0.41873018  0.38172239
   0.12716251  0.04089715  0.48653682
   0.18198150  0.29320206  0.28032707
   0.50750000  0.33753000  0.11288000
   0.58495146  0.20625662  0.41206486
   0.40994769  0.32707424  0.50286613
   0.64712000  0.46121000  0.21367000
   0.44976951  0.08429671  0.31630209
   0.57191000  0.04636000  0.07986000
   0.38063000  0.17082000  0.17998000
   0.64989831  0.41887593  0.38122294
   0.46143890  0.04338340  0.48703317
   0.51510047  0.29281192  0.28001717
   0.84083000  0.33753000  0.11288000
   0.91586244  0.20558757  0.41162291
   0.73509271  0.32484443  0.51182063
   0.98063000  0.46160000  0.21400000
   0.78260970  0.08311707  0.31491702
   0.90524000  0.04636000  0.07986000
   0.71387000  0.17083000  0.18002000
   0.98327347  0.41852009  0.38118578
   0.79248973  0.04163896  0.48606947
   0.84855180  0.29276790  0.28004390
   0.17417000  0.83753000  0.11288000
   0.25237379  0.70611651  0.41210442
   0.05650644  0.82789303  0.51973238
   0.31682000  0.96236000  0.21534000
   0.11592028  0.58395747  0.31492428
   0.23858000  0.54636000  0.07986000
   0.04601000  0.67209000  0.18056000
   0.31758708  0.91724332  0.38228690
   0.13714611  0.54308817  0.48599782
   0.18193156  0.79381222  0.28081118
   0.50619000  0.83294000  0.10916000
   0.58596305  0.70659412  0.41240025
   0.38947472  0.82505705  0.51374658
   0.64926000  0.96050000  0.21277000
   0.44961964  0.58441192  0.31575183
   0.57191000  0.54636000  0.07986000
   0.37906000  0.67136000  0.18002000
   0.65006877  0.91675225  0.38116931
   0.47270667  0.54686913  0.48646956
   0.51503046  0.79305611  0.27925544
   0.83992000  0.83287000  0.10930000
   0.72551548  0.82810726  0.51172449
   0.98268000  0.96077000  0.21320000
   0.78230414  0.58381730  0.31456704
   0.90524000  0.54636000  0.07986000
   0.71230000  0.67144000  0.18017000
   0.98448225  0.91755439  0.38155390
   0.80219017  0.54476600  0.48525885
   0.84832121  0.79361389  0.27932301
   0.91975050  0.70753586  0.41031844
   0.78477000  0.69231000  0.65805000
   0.16841903  0.25532435  0.59795645
   0.03773445  0.70486952  0.59559804
   0.71712607  0.62930536  0.69624762
   0.79562585  0.57465612  0.74087875
   0.74041344  0.48600478  0.74369825
   0.92497547  0.58687860  0.73300823
   0.77737746  0.61130062  0.78303562
   0.58562269  0.61230346  0.69777166
