   0.18177000  0.06503000  0.19527000
   0.26123596  0.43268278  0.50274194
   0.03971000  0.44194000  0.09637000
   0.31564450  0.18833783  0.29774410
   0.11309051  0.31638793  0.40098744
   0.51472000  0.06471000  0.19485000
   0.59517081  0.43159147  0.49544438
   0.37304000  0.44194000  0.09637000
   0.64960181  0.18788680  0.29877639
   0.44454193  0.31257492  0.39675459
   0.84826000  0.06468000  0.19455000
   0.92900338  0.43616699  0.50648696
   0.70637000  0.44194000  0.09637000
   0.98348716  0.18967799  0.29904208
   0.78004298  0.31565818  0.40053757
   0.17955000  0.56532000  0.19533000
   0.26487054  0.92948267  0.50523492
   0.03971000  0.94194000  0.09637000
   0.31548776  0.68915780  0.29797905
   0.12084033  0.81300759  0.39528647
   0.51276000  0.56480000  0.19498000
   0.59748915  0.93254660  0.50301747
   0.37304000  0.94194000  0.09637000
   0.64747619  0.68964595  0.29628932
   0.45312539  0.81353484  0.39914242
   0.84642000  0.56519000  0.19522000
   0.92928859  0.93174762  0.50517717
   0.70637000  0.94194000  0.09637000
   0.98209416  0.68911489  0.29638921
   0.78578917  0.81522685  0.39783762
   0.58784155  0.19004391  0.49185999
   0.03971000  0.19194000  0.09637000
   0.31384106  0.44083071  0.29800626
   0.11926203  0.06136606  0.40137702
   0.18013000  0.31638000  0.19719000
   0.25542132  0.19032542  0.49727474
   0.37304000  0.19194000  0.09637000
   0.64555655  0.43765387  0.29608486
   0.45103028  0.05840262  0.39886570
   0.51314000  0.31594000  0.19696000
   0.70637000  0.19194000  0.09637000
   0.98083240  0.43921569  0.29742108
   0.78584878  0.06073478  0.39963860
   0.84665000  0.31624000  0.19703000
   0.92570715  0.19216015  0.49445969
   0.03971000  0.69194000  0.09637000
   0.31771906  0.93969008  0.29786517
   0.12072317  0.55995574  0.39860818
   0.18025000  0.81742000  0.19778000
   0.26145849  0.68766982  0.49433846
   0.37304000  0.69194000  0.09637000
   0.65028514  0.93978845  0.29689923
   0.45200081  0.56242797  0.39946079
   0.51318000  0.81586000  0.19571000
   0.59553477  0.69073402  0.49499752
   0.70637000  0.69194000  0.09637000
   0.98350541  0.94183344  0.29766030
   0.84718000  0.81593000  0.19584000
   0.92482926  0.68571564  0.48859491
   0.78592912  0.55955649  0.39365935
   0.17417000  0.33753000  0.11288000
   0.24471841  0.20761929  0.41522150
   0.06270304  0.32499314  0.51082235
   0.31386000  0.46170000  0.21427000
   0.11740851  0.08569835  0.31700696
   0.23858000  0.04636000  0.07986000
   0.04735000  0.17100000  0.18013000
   0.31238172  0.41847992  0.38177952
   0.13297893  0.03935698  0.48979122
   0.18256320  0.29393269  0.28028324
   0.50750000  0.33753000  0.11288000
   0.57681572  0.20480100  0.40908032
   0.39558455  0.32572580  0.51300219
   0.64712000  0.46121000  0.21367000
   0.44923718  0.08360764  0.31506369
   0.57191000  0.04636000  0.07986000
   0.38063000  0.17082000  0.17998000
   0.64349881  0.41732479  0.37883134
   0.46319815  0.04050246  0.48633679
   0.51498875  0.29139181  0.27950136
   0.84083000  0.33753000  0.11288000
   0.91341495  0.20680949  0.41143456
   0.72614894  0.32579540  0.49984248
   0.98063000  0.46160000  0.21400000
   0.78437174  0.08328734  0.31540148
   0.90524000  0.04636000  0.07986000
   0.71387000  0.17083000  0.18002000
   0.97890540  0.41803645  0.38070112
   0.79986429  0.04269402  0.48686030
   0.84852058  0.29295910  0.27993684
   0.17417000  0.83753000  0.11288000
   0.25312512  0.70747396  0.41166066
   0.05738622  0.81811995  0.51980504
   0.31682000  0.96236000  0.21534000
   0.11529489  0.58451890  0.31462287
   0.23858000  0.54636000  0.07986000
   0.04601000  0.67209000  0.18056000
   0.31894733  0.91669804  0.38129420
   0.13312727  0.54272543  0.48351079
   0.18142000  0.79399634  0.28073826
   0.50619000  0.83294000  0.10916000
   0.58796350  0.70824952  0.41260894
   0.39445913  0.82244756  0.51448824
   0.64926000  0.96050000  0.21277000
   0.44910533  0.58595348  0.31597300
   0.57191000  0.54636000  0.07986000
   0.37906000  0.67136000  0.18002000
   0.65137036  0.91898844  0.38117567
   0.46242229  0.54510698  0.48547457
   0.51460627  0.79436083  0.27932375
   0.83992000  0.83287000  0.10930000
   0.73111431  0.82654228  0.51226254
   0.98268000  0.96077000  0.21320000
   0.78121968  0.58375098  0.31056625
   0.90524000  0.54636000  0.07986000
   0.71230000  0.67144000  0.18017000
   0.98653465  0.91995095  0.38207901
   0.79271403  0.54088714  0.47744478
   0.84860565  0.79559999  0.27965455
   0.92079620  0.70844904  0.40641687
   0.78477000  0.69231000  0.65805000
   0.94882379  0.49440778  0.61352452
   0.00596688  0.69198622  0.59173295
   0.71865153  0.62634751  0.69531742
   0.79749508  0.57209306  0.74070449
   0.73696473  0.48438242  0.74575314
   0.92288360  0.57653464  0.73356822
   0.77673254  0.61112152  0.78199579
   0.59110746  0.60638244  0.69857620
