   0.18177000  0.06503000  0.19527000
   0.26501733  0.43837957  0.50218878
   0.03971000  0.44194000  0.09637000
   0.31689554  0.19100138  0.29893091
   0.11794954  0.31598497  0.40289162
   0.51472000  0.06471000  0.19485000
   0.59495530  0.43736028  0.50313556
   0.37304000  0.44194000  0.09637000
   0.64996405  0.19029227  0.29904081
   0.44943806  0.31657053  0.40297023
   0.84826000  0.06468000  0.19455000
   0.92870645  0.43778620  0.50069447
   0.70637000  0.44194000  0.09637000
   0.98315134  0.19037991  0.29866012
   0.78515198  0.31633861  0.40070327
   0.17955000  0.56532000  0.19533000
   0.27117449  0.93578342  0.50354135
   0.03971000  0.94194000  0.09637000
   0.31761082  0.68976949  0.29807620
   0.12294429  0.81492295  0.39574866
   0.51276000  0.56480000  0.19498000
   0.60212174  0.93724077  0.50472269
   0.37304000  0.94194000  0.09637000
   0.65027021  0.68941371  0.29728365
   0.45678432  0.81608482  0.39885425
   0.84642000  0.56519000  0.19522000
   0.93348927  0.93702033  0.50202632
   0.70637000  0.94194000  0.09637000
   0.98345967  0.68897427  0.29736439
   0.78921902  0.81527839  0.39758231
   0.59039224  0.19710633  0.49608542
   0.03971000  0.19194000  0.09637000
   0.31566221  0.44049010  0.29868937
   0.12376479  0.06180863  0.39777344
   0.18013000  0.31638000  0.19719000
   0.24803042  0.18686338  0.50054230
   0.37304000  0.19194000  0.09637000
   0.64843800  0.43964686  0.29793349
   0.45454990  0.06362317  0.40074467
   0.51314000  0.31594000  0.19696000
   0.70637000  0.19194000  0.09637000
   0.98291186  0.43993296  0.29814826
   0.78834173  0.06364721  0.40089486
   0.84665000  0.31624000  0.19703000
   0.93836153  0.19196574  0.49931455
   0.03971000  0.69194000  0.09637000
   0.31905935  0.94114754  0.29846370
   0.12213381  0.56250055  0.39953912
   0.18025000  0.81742000  0.19778000
   0.26908694  0.69386118  0.49439647
   0.37304000  0.69194000  0.09637000
   0.65159421  0.94065435  0.29741223
   0.45580224  0.56308146  0.40034582
   0.51318000  0.81586000  0.19571000
   0.59900963  0.69609652  0.49583940
   0.70637000  0.69194000  0.09637000
   0.98409932  0.94017690  0.29656232
   0.84718000  0.81593000  0.19584000
   0.93430348  0.68694927  0.49312853
   0.78732471  0.56214455  0.39862626
   0.17417000  0.33753000  0.11288000
   0.25118980  0.20782463  0.41600850
   0.06257968  0.33642324  0.50598495
   0.31386000  0.46170000  0.21427000
   0.11738136  0.08582193  0.31427764
   0.23858000  0.04636000  0.07986000
   0.04735000  0.17100000  0.18013000
   0.31587343  0.42093254  0.38291715
   0.13407407  0.03318832  0.47963589
   0.18207701  0.29466246  0.28042858
   0.50750000  0.33753000  0.11288000
   0.58535718  0.20915579  0.41323087
   0.39643848  0.33040338  0.50872136
   0.64712000  0.46121000  0.21367000
   0.45077168  0.08626331  0.31655347
   0.57191000  0.04636000  0.07986000
   0.38063000  0.17082000  0.17998000
   0.64956967  0.41991565  0.38208599
   0.47055677  0.04596243  0.48724285
   0.51595320  0.29407732  0.28000511
   0.84083000  0.33753000  0.11288000
   0.91668957  0.20904134  0.41556816
   0.72743856  0.33117238  0.51324519
   0.98063000  0.46160000  0.21400000
   0.78421997  0.08562073  0.31612496
   0.90524000  0.04636000  0.07986000
   0.71387000  0.17083000  0.18002000
   0.98358022  0.42013274  0.38212407
   0.80240819  0.04479423  0.48748919
   0.84903388  0.29410957  0.28032354
   0.17417000  0.83753000  0.11288000
   0.25602353  0.70957045  0.41179520
   0.06551461  0.82483279  0.51980485
   0.31682000  0.96236000  0.21534000
   0.11813658  0.58519016  0.31548184
   0.23858000  0.54636000  0.07986000
   0.04601000  0.67209000  0.18056000
   0.32211148  0.91949559  0.38193051
   0.13170053  0.55178160  0.48687991
   0.18347639  0.79464211  0.28092805
   0.50619000  0.83294000  0.10916000
   0.59032067  0.70947073  0.41302543
   0.40141966  0.82887059  0.51492914
   0.64926000  0.96050000  0.21277000
   0.45142319  0.58570478  0.31622090
   0.57191000  0.54636000  0.07986000
   0.37906000  0.67136000  0.18002000
   0.65482064  0.91934287  0.38150831
   0.46629637  0.55053186  0.48783839
   0.51703324  0.79438139  0.27954164
   0.83992000  0.83287000  0.10930000
   0.73439733  0.82951759  0.51721990
   0.98268000  0.96077000  0.21320000
   0.78390655  0.58483208  0.31496815
   0.90524000  0.54636000  0.07986000
   0.71230000  0.67144000  0.18017000
   0.98717780  0.91753986  0.37943524
   0.79682615  0.54678983  0.48531189
   0.84994015  0.79373151  0.27926134
   0.92357365  0.70891555  0.41148224
   0.78477000  0.69231000  0.65805000
   0.13602847  0.15126359  0.58976173
  -0.04548051  0.77733215  0.59880021
   0.72072322  0.63129923  0.69755553
   0.80366045  0.57535189  0.74046602
   0.74722183  0.48486995  0.74063380
   0.93039633  0.58759894  0.73240207
   0.78122537  0.60550052  0.78343989
   0.59119097  0.61801072  0.70142577
