   0.17865487  0.06517615  0.19498866
   0.27479412  0.43367767  0.50310443
   0.03971000  0.44194000  0.09637000
   0.31445353  0.18870291  0.30011220
   0.12331904  0.31247064  0.40271597
   0.51199728  0.06468438  0.19503116
   0.60676515  0.43459084  0.50096554
   0.37304000  0.44194000  0.09637000
   0.64785952  0.18846943  0.29834492
   0.45283695  0.31211041  0.40319395
   0.84581752  0.06566116  0.19578992
   0.93970770  0.43489742  0.49911412
   0.70637000  0.44194000  0.09637000
   0.98168314  0.18976148  0.30029551
   0.78729328  0.31347467  0.40044998
   0.18051926  0.56382269  0.19538789
   0.26089700  0.93703297  0.51218162
   0.03971000  0.94194000  0.09637000
   0.31605896  0.68831456  0.29815946
   0.11695433  0.81633337  0.39596780
   0.51364468  0.56416518  0.19527555
   0.58994682  0.93511232  0.50480536
   0.37304000  0.94194000  0.09637000
   0.64737482  0.68752595  0.29728671
   0.44864534  0.81677821  0.39899397
   0.84714552  0.56409305  0.19568582
   0.92167882  0.93249526  0.50741354
   0.70637000  0.94194000  0.09637000
   0.98263937  0.68891027  0.29799690
   0.78177070  0.81451709  0.39623082
   0.92843445  0.68734151  0.49171391
   0.03971000  0.19194000  0.09637000
   0.31707172  0.43788729  0.29864595
   0.11959434  0.06108007  0.40183935
   0.17924943  0.31575079  0.19680779
   0.26228584  0.18071770  0.50531212
   0.37304000  0.19194000  0.09637000
   0.64823243  0.43664561  0.29700305
   0.44991888  0.06189230  0.40029337
   0.51138095  0.31514522  0.19720899
   0.58819112  0.19284817  0.49694474
   0.70637000  0.19194000  0.09637000
   0.98480885  0.43919786  0.29885735
   0.78438762  0.06140936  0.40117108
   0.84636255  0.31568925  0.19781461
   0.92710433  0.19426513  0.49612548
   0.03971000  0.69194000  0.09637000
   0.31485729  0.94002243  0.29724561
   0.12611585  0.56143937  0.40016205
   0.17856569  0.81560196  0.19705284
   0.26036220  0.69434946  0.49554071
   0.37304000  0.69194000  0.09637000
   0.64659856  0.93990262  0.29784858
   0.45723187  0.55986652  0.40032728
   0.51253535  0.81546377  0.19680163
   0.59262946  0.69466817  0.49515034
   0.70637000  0.69194000  0.09637000
   0.97953514  0.94117692  0.29801710
   0.84573154  0.81664768  0.19712026
   0.78966882  0.55864624  0.39577415
   0.17310000  0.33301000  0.10976000
   0.25263892  0.20347460  0.41979573
   0.07015228  0.32941406  0.50867677
   0.31454465  0.46018859  0.21450247
   0.11500358  0.08531906  0.31707668
   0.23858000  0.04636000  0.07986000
   0.04499102  0.17169109  0.17992782
   0.32010502  0.41631385  0.38242040
   0.12299676  0.03061454  0.48447987
   0.18126751  0.29323768  0.28082760
   0.50750000  0.33753000  0.11288000
   0.58910603  0.20524268  0.41343715
   0.40954106  0.32775445  0.50873823
   0.64723222  0.46015058  0.21363667
   0.44896198  0.08399459  0.31562452
   0.57191000  0.04636000  0.07986000
   0.37808903  0.17067274  0.17964863
   0.65198006  0.41555201  0.38027288
   0.46121659  0.04350614  0.48624567
   0.51343026  0.29174966  0.28016157
   0.84083000  0.33753000  0.11288000
   0.92066174  0.20569742  0.41277725
   0.73905813  0.32589292  0.51072425
   0.98183854  0.46024628  0.21470491
   0.78165112  0.08391069  0.31619674
   0.90524000  0.04636000  0.07986000
   0.71167596  0.17133631  0.18045308
   0.98895054  0.41819949  0.38267483
   0.79666380  0.04513536  0.48873580
   0.84820000  0.29420811  0.28130507
   0.17417000  0.83753000  0.11288000
   0.24881398  0.71102859  0.41336396
   0.04519760  0.81655388  0.52986499
   0.31249339  0.96131841  0.21358291
   0.11652614  0.58501249  0.31642598
   0.23858000  0.54636000  0.07986000
   0.04645029  0.66995967  0.18017468
   0.31393914  0.91928950  0.38057586
   0.14165006  0.54530190  0.48695169
   0.18164554  0.79264641  0.28020529
   0.50750000  0.83753000  0.11288000
   0.58238094  0.71043867  0.41270740
   0.38790836  0.82806774  0.51866342
   0.64647147  0.96115885  0.21396795
   0.44968966  0.58385120  0.31626195
   0.57191000  0.54636000  0.07986000
   0.37950043  0.67007838  0.18000302
   0.64733894  0.91906116  0.38189402
   0.47570175  0.54614550  0.48672050
   0.51482025  0.79251104  0.27983519
   0.84083000  0.83753000  0.11288000
   0.72149436  0.82894135  0.51864904
   0.97957280  0.96209144  0.21465056
   0.78278491  0.58302784  0.31308384
   0.90524000  0.54636000  0.07986000
   0.71334298  0.67094930  0.18035111
   0.97855239  0.91775597  0.38113769
   0.80731561  0.54232191  0.48063818
   0.84707113  0.79273810  0.28051913
   0.91851664  0.70972625  0.41038331
   0.77093275  0.58397607  0.64501865
   0.25884482  0.12931462  0.59934604
   0.94240668  0.71548567  0.60179009
   0.71216938  0.54082452  0.69044305
   0.79739414  0.53110583  0.74476256
   0.75648253  0.44742920  0.76270527
   0.92541281  0.55166347  0.73908457
   0.76201483  0.58867133  0.77643834
   0.58085438  0.50642681  0.69037767
