   0.18177000  0.06503000  0.19527000
   0.26740370  0.43261075  0.50256391
   0.03971000  0.44194000  0.09637000
   0.31554717  0.18844661  0.29839168
   0.11658902  0.31422750  0.39991953
   0.51472000  0.06471000  0.19485000
   0.60062193  0.43279019  0.50169940
   0.37304000  0.44194000  0.09637000
   0.64901913  0.18827016  0.29814220
   0.44991178  0.31356312  0.39914990
   0.84826000  0.06468000  0.19455000
   0.93612083  0.43526005  0.50764456
   0.70637000  0.44194000  0.09637000
   0.98228188  0.18845773  0.29830371
   0.78375064  0.31465105  0.39977044
   0.17955000  0.56532000  0.19533000
   0.26135794  0.93362312  0.50460227
   0.03971000  0.94194000  0.09637000
   0.31573444  0.68866263  0.29787814
   0.11962227  0.81304867  0.39672598
   0.51276000  0.56480000  0.19498000
   0.59310558  0.93345734  0.50246406
   0.37304000  0.94194000  0.09637000
   0.64864885  0.68864275  0.29739656
   0.45257780  0.81358718  0.39912315
   0.84642000  0.56519000  0.19522000
   0.92563194  0.93571550  0.50510606
   0.70637000  0.94194000  0.09637000
   0.98191782  0.68846842  0.29731351
   0.78538378  0.81437047  0.39887046
   0.58950619  0.19222124  0.49496142
   0.03971000  0.19194000  0.09637000
   0.31502963  0.43939887  0.29801538
   0.11890782  0.06034605  0.40009807
   0.18013000  0.31638000  0.19719000
   0.25476961  0.19207415  0.49566649
   0.37304000  0.19194000  0.09637000
   0.64801763  0.43891219  0.29735808
   0.45210537  0.06086950  0.40012959
   0.51314000  0.31594000  0.19696000
   0.70637000  0.19194000  0.09637000
   0.98171167  0.43893679  0.29759511
   0.78508055  0.06036937  0.39906628
   0.84665000  0.31624000  0.19703000
   0.92200749  0.19257294  0.49400296
   0.03971000  0.69194000  0.09637000
   0.31705826  0.93968764  0.29845210
   0.12137925  0.55949511  0.39890913
   0.18025000  0.81742000  0.19778000
   0.26097880  0.68771032  0.49487101
   0.37304000  0.69194000  0.09637000
   0.64954730  0.93850516  0.29690638
   0.45446250  0.55997733  0.39980137
   0.51318000  0.81586000  0.19571000
   0.59532117  0.69065050  0.49489259
   0.70637000  0.69194000  0.09637000
   0.98282474  0.93926985  0.29738386
   0.84718000  0.81593000  0.19584000
   0.92326854  0.68960458  0.49308305
   0.78820455  0.55995922  0.39836334
   0.17417000  0.33753000  0.11288000
   0.24997231  0.20625482  0.41264570
   0.06784495  0.32281658  0.50969839
   0.31386000  0.46170000  0.21427000
   0.11604598  0.08382558  0.31591846
   0.23858000  0.04636000  0.07986000
   0.04735000  0.17100000  0.18013000
   0.31600680  0.41789374  0.38183335
   0.12860373  0.04195578  0.48781237
   0.18199652  0.29307269  0.28035409
   0.50750000  0.33753000  0.11288000
   0.58350154  0.20672790  0.41210143
   0.39928702  0.32426930  0.51198918
   0.64712000  0.46121000  0.21367000
   0.44967579  0.08434208  0.31632465
   0.57191000  0.04636000  0.07986000
   0.38063000  0.17082000  0.17998000
   0.64849686  0.41796127  0.38118430
   0.46154635  0.04365597  0.48700928
   0.51494482  0.29261491  0.28004620
   0.84083000  0.33753000  0.11288000
   0.91631514  0.20616310  0.41118972
   0.73234734  0.32485190  0.51052640
   0.98063000  0.46160000  0.21400000
   0.78257185  0.08312953  0.31497231
   0.90524000  0.04636000  0.07986000
   0.71387000  0.17083000  0.18002000
   0.98209136  0.41762980  0.38105706
   0.79522481  0.04428220  0.48620213
   0.84847997  0.29272954  0.27996746
   0.17417000  0.83753000  0.11288000
   0.25221249  0.70715711  0.41223325
   0.05585789  0.82585618  0.52205000
   0.31682000  0.96236000  0.21534000
   0.11592469  0.58422861  0.31522333
   0.23858000  0.54636000  0.07986000
   0.04601000  0.67209000  0.18056000
   0.31809983  0.91751176  0.38213701
   0.13747699  0.54125528  0.48349767
   0.18191488  0.79397305  0.28098422
   0.50619000  0.83294000  0.10916000
   0.58567926  0.70652413  0.41235817
   0.39130986  0.82518533  0.51321586
   0.64926000  0.96050000  0.21277000
   0.44933095  0.58435032  0.31588848
   0.57191000  0.54636000  0.07986000
   0.37906000  0.67136000  0.18002000
   0.65036122  0.91726295  0.38100921
   0.46887969  0.54340980  0.48670576
   0.51489305  0.79316403  0.27927077
   0.83992000  0.83287000  0.10930000
   0.72715243  0.82742329  0.51101304
   0.98268000  0.96077000  0.21320000
   0.78234493  0.58406051  0.31476161
   0.90524000  0.54636000  0.07986000
   0.71230000  0.67144000  0.18017000
   0.98496666  0.91760307  0.38171642
   0.80014580  0.54253773  0.48373316
   0.84848785  0.79370325  0.27949215
   0.92002579  0.70807242  0.41140303
   0.78477000  0.69231000  0.65805000
   0.99979136  0.51159192  0.61784868
   0.03858555  0.70194013  0.59263274
   0.71804078  0.62979666  0.69590336
   0.79591832  0.57565215  0.74115326
   0.74043780  0.48615926  0.74354141
   0.92491652  0.58607175  0.73270873
   0.77678883  0.61182603  0.78323044
   0.58477705  0.61103816  0.69751090
