   0.18177000  0.06503000  0.19527000
   0.24795052  0.44135513  0.50342757
   0.03971000  0.44194000  0.09637000
   0.31930315  0.19009445  0.29947981
   0.11493722  0.31747533  0.40070295
   0.51472000  0.06471000  0.19485000
   0.58135579  0.44123358  0.50337340
   0.37304000  0.44194000  0.09637000
   0.65128938  0.18969869  0.29875165
   0.45087920  0.31737778  0.40169381
   0.84826000  0.06468000  0.19455000
   0.90480040  0.44142512  0.50289819
   0.70637000  0.44194000  0.09637000
   0.98549134  0.18963588  0.29795388
   0.77778603  0.31661115  0.40210859
   0.17955000  0.56532000  0.19533000
   0.28635983  0.93834456  0.50507534
   0.03971000  0.94194000  0.09637000
   0.31591018  0.69101722  0.29833873
   0.12581283  0.81640392  0.39849024
   0.51276000  0.56480000  0.19498000
   0.61076294  0.93522343  0.50473805
   0.37304000  0.94194000  0.09637000
   0.64866328  0.69029742  0.29743113
   0.45880037  0.81723034  0.39915287
   0.84642000  0.56519000  0.19522000
   0.94695745  0.93440950  0.50237092
   0.70637000  0.94194000  0.09637000
   0.98227701  0.69077075  0.29809077
   0.79111547  0.81551829  0.39814225
   0.58349041  0.19098591  0.51263916
   0.03971000  0.19194000  0.09637000
   0.31458385  0.44064059  0.29831014
   0.12772054  0.06212467  0.40050307
   0.18013000  0.31638000  0.19719000
   0.26593319  0.19335630  0.49731197
   0.37304000  0.19194000  0.09637000
   0.64753431  0.44002205  0.29763000
   0.46379087  0.06522520  0.40422510
   0.51314000  0.31594000  0.19696000
   0.70637000  0.19194000  0.09637000
   0.98099857  0.44036154  0.29795409
   0.79346471  0.06192343  0.39907089
   0.84665000  0.31624000  0.19703000
   0.92352879  0.19435257  0.49435308
   0.03971000  0.69194000  0.09637000
   0.32071680  0.94271283  0.29987959
   0.11519302  0.56557646  0.39818458
   0.18025000  0.81742000  0.19778000
   0.25927671  0.69982865  0.49451560
   0.37304000  0.69194000  0.09637000
   0.65248949  0.94028886  0.29721887
   0.44723235  0.56596644  0.39929506
   0.51318000  0.81586000  0.19571000
   0.58829629  0.69883185  0.49584028
   0.70637000  0.69194000  0.09637000
   0.98606813  0.94034583  0.29761258
   0.84718000  0.81593000  0.19584000
   0.91948584  0.69996398  0.49526197
   0.78178479  0.56518530  0.39749492
   0.17417000  0.33753000  0.11288000
   0.24773314  0.21162329  0.41367516
   0.03926934  0.33468687  0.51312159
   0.31386000  0.46170000  0.21427000
   0.11923755  0.08536080  0.31584896
   0.23858000  0.04636000  0.07986000
   0.04735000  0.17100000  0.18013000
   0.31277247  0.42171171  0.38243334
   0.14535775  0.04375956  0.48610205
   0.18426295  0.29397238  0.28024769
   0.50750000  0.33753000  0.11288000
   0.58448472  0.21315147  0.41882620
   0.37573741  0.34322877  0.51235375
   0.64712000  0.46121000  0.21367000
   0.45379966  0.08743387  0.31804601
   0.57191000  0.04636000  0.07986000
   0.38063000  0.17082000  0.17998000
   0.64730874  0.42124211  0.38092855
   0.48038744  0.03837139  0.48287831
   0.51717519  0.29360639  0.27987261
   0.84083000  0.33753000  0.11288000
   0.91456005  0.21044557  0.41589706
   0.71960440  0.34237791  0.51242981
   0.98063000  0.46160000  0.21400000
   0.78704963  0.08577334  0.31521352
   0.90524000  0.04636000  0.07986000
   0.71387000  0.17083000  0.18002000
   0.98038676  0.42115337  0.38219960
   0.81436115  0.04489428  0.48669167
   0.85113036  0.29386951  0.28004696
   0.17417000  0.83753000  0.11288000
   0.25761786  0.70762975  0.41048483
   0.07756657  0.82201816  0.51166337
   0.31682000  0.96236000  0.21534000
   0.11572339  0.58558334  0.31499467
   0.23858000  0.54636000  0.07986000
   0.04601000  0.67209000  0.18056000
   0.32360869  0.92055700  0.38322729
   0.11677885  0.55078682  0.48838296
   0.18262034  0.79622508  0.28120632
   0.50619000  0.83294000  0.10916000
   0.59101272  0.70806868  0.41150980
   0.41025097  0.82238846  0.51137111
   0.64926000  0.96050000  0.21277000
   0.44891488  0.58588482  0.31529052
   0.57191000  0.54636000  0.07986000
   0.37906000  0.67136000  0.18002000
   0.65785914  0.91892901  0.38048320
   0.44635026  0.55306060  0.48692853
   0.51523471  0.79471879  0.27933307
   0.83992000  0.83287000  0.10930000
   0.74803847  0.82437143  0.51029504
   0.98268000  0.96077000  0.21320000
   0.78237999  0.58543288  0.31386994
   0.90524000  0.54636000  0.07986000
   0.71230000  0.67144000  0.18017000
   0.99019421  0.91956946  0.38164024
   0.78168850  0.55399476  0.48467892
   0.84893490  0.79511891  0.27956825
   0.92527868  0.70827262  0.40984603
   0.78477000  0.69231000  0.65805000
   0.54261003  0.14051379  0.60121304
   0.95348946  0.64884621  0.61106249
   0.70718226  0.57284212  0.69147775
   0.78814309  0.53188961  0.74352055
   0.75337149  0.44580223  0.76605631
   0.91629086  0.54810325  0.73695819
   0.76790076  0.59277099  0.77768234
   0.57433550  0.51758653  0.69366901
