   0.18177000  0.06503000  0.19527000
   0.26801347  0.43127322  0.50211063
   0.03971000  0.44194000  0.09637000
   0.31603437  0.18903026  0.29871057
   0.11766401  0.31288393  0.40064004
   0.51472000  0.06471000  0.19485000
   0.59894236  0.43209490  0.50190625
   0.37304000  0.44194000  0.09637000
   0.64889366  0.18829615  0.29838929
   0.44890161  0.31317656  0.40079591
   0.84826000  0.06468000  0.19455000
   0.93291610  0.43329872  0.50078247
   0.70637000  0.44194000  0.09637000
   0.98200907  0.18872899  0.29829464
   0.78395415  0.31348648  0.39974371
   0.17955000  0.56532000  0.19533000
   0.26303434  0.93401779  0.50394791
   0.03971000  0.94194000  0.09637000
   0.31594187  0.68876259  0.29778750
   0.11987509  0.81388829  0.39661048
   0.51276000  0.56480000  0.19498000
   0.59380558  0.93431827  0.50252907
   0.37304000  0.94194000  0.09637000
   0.64883966  0.68875934  0.29733614
   0.45272994  0.81362586  0.39873191
   0.84642000  0.56519000  0.19522000
   0.92707367  0.93672818  0.50468546
   0.70637000  0.94194000  0.09637000
   0.98209433  0.68865896  0.29728819
   0.78520813  0.81450788  0.39845577
   0.58675394  0.19249705  0.49539253
   0.03971000  0.19194000  0.09637000
   0.31524752  0.43937035  0.29807658
   0.12074689  0.06072168  0.39672742
   0.18013000  0.31638000  0.19719000
   0.24438746  0.18200390  0.50074887
   0.37304000  0.19194000  0.09637000
   0.64812413  0.43875994  0.29747257
   0.45163072  0.06150029  0.40049160
   0.51314000  0.31594000  0.19696000
   0.70637000  0.19194000  0.09637000
   0.98207957  0.43890497  0.29761985
   0.78589870  0.06149695  0.39964058
   0.84665000  0.31624000  0.19703000
   0.93028034  0.19003230  0.49726281
   0.03971000  0.69194000  0.09637000
   0.31728270  0.93969192  0.29843460
   0.12127882  0.55973402  0.39913102
   0.18025000  0.81742000  0.19778000
   0.26466875  0.69006308  0.49466826
   0.37304000  0.69194000  0.09637000
   0.64953073  0.93870407  0.29701239
   0.45474306  0.55997834  0.39954334
   0.51318000  0.81586000  0.19571000
   0.59533873  0.69219735  0.49471165
   0.70637000  0.69194000  0.09637000
   0.98188445  0.93862701  0.29674598
   0.84718000  0.81593000  0.19584000
   0.92158302  0.69004113  0.49267440
   0.78795447  0.55966698  0.39815776
   0.17417000  0.33753000  0.11288000
   0.25058501  0.20623352  0.41543991
   0.06475572  0.33079622  0.50860099
   0.31386000  0.46170000  0.21427000
   0.11598332  0.08436836  0.31412977
   0.23858000  0.04636000  0.07986000
   0.04735000  0.17100000  0.18013000
   0.31573464  0.41880441  0.38183742
   0.12689391  0.02953624  0.47795273
   0.18186072  0.29326409  0.28030614
   0.50750000  0.33753000  0.11288000
   0.58455382  0.20678036  0.41226432
   0.40046030  0.32472787  0.51043125
   0.64712000  0.46121000  0.21367000
   0.44951277  0.08443201  0.31629657
   0.57191000  0.04636000  0.07986000
   0.38063000  0.17082000  0.17998000
   0.64948245  0.41844594  0.38139225
   0.46319713  0.04357066  0.48661737
   0.51507863  0.29279988  0.28004804
   0.84083000  0.33753000  0.11288000
   0.91654016  0.20685665  0.41319519
   0.73269851  0.32620811  0.51143205
   0.98063000  0.46160000  0.21400000
   0.78283821  0.08331324  0.31498739
   0.90524000  0.04636000  0.07986000
   0.71387000  0.17083000  0.18002000
   0.98299867  0.41856497  0.38139357
   0.79597174  0.04480961  0.48607440
   0.84851250  0.29282447  0.28006320
   0.17417000  0.83753000  0.11288000
   0.25152258  0.70665257  0.41207353
   0.05572769  0.82168723  0.52180687
   0.31682000  0.96236000  0.21534000
   0.11607438  0.58422565  0.31515624
   0.23858000  0.54636000  0.07986000
   0.04601000  0.67209000  0.18056000
   0.31886614  0.91655347  0.38171431
   0.13574455  0.54441418  0.48725072
   0.18210348  0.79380775  0.28082186
   0.50619000  0.83294000  0.10916000
   0.58611972  0.70672551  0.41228924
   0.39114786  0.82516992  0.51435700
   0.64926000  0.96050000  0.21277000
   0.44971294  0.58451422  0.31578799
   0.57191000  0.54636000  0.07986000
   0.37906000  0.67136000  0.18002000
   0.65038066  0.91712111  0.38099240
   0.46915257  0.54470923  0.48678734
   0.51512258  0.79316265  0.27922279
   0.83992000  0.83287000  0.10930000
   0.72726138  0.82716375  0.51222303
   0.98268000  0.96077000  0.21320000
   0.78259409  0.58404241  0.31482244
   0.90524000  0.54636000  0.07986000
   0.71230000  0.67144000  0.18017000
   0.98283679  0.91531722  0.37946189
   0.80129014  0.54343582  0.48540887
   0.84822999  0.79320900  0.27918900
   0.91994564  0.70727400  0.41094884
   0.78477000  0.69231000  0.65805000
   0.14286899  0.13264733  0.59025333
   0.03371428  0.71386032  0.59659731
   0.71805675  0.62992594  0.69605628
   0.79684166  0.57459483  0.74079877
   0.74045314  0.48568140  0.74371089
   0.92426428  0.58669469  0.73314629
   0.77706325  0.61114607  0.78302458
   0.58583893  0.61338232  0.69807785
