   0.18177000  0.06503000  0.19527000
   0.24321624  0.44418573  0.50412000
   0.03971000  0.44194000  0.09637000
   0.31860135  0.19017573  0.29961979
   0.11616911  0.31746355  0.40090260
   0.51472000  0.06471000  0.19485000
   0.58535465  0.44388628  0.50489304
   0.37304000  0.44194000  0.09637000
   0.65200599  0.18986320  0.29836209
   0.44666462  0.31841693  0.40206640
   0.84826000  0.06468000  0.19455000
   0.91117094  0.44045106  0.50374427
   0.70637000  0.44194000  0.09637000
   0.98567277  0.18969251  0.29793121
   0.78142092  0.31865172  0.40158216
   0.17955000  0.56532000  0.19533000
   0.28357252  0.93791364  0.50434975
   0.03971000  0.94194000  0.09637000
   0.31572802  0.69055420  0.29820844
   0.12514907  0.81601174  0.39800132
   0.51276000  0.56480000  0.19498000
   0.61507360  0.93579990  0.50317277
   0.37304000  0.94194000  0.09637000
   0.64848149  0.68997762  0.29733106
   0.45857649  0.81618948  0.39876559
   0.84642000  0.56519000  0.19522000
   0.94553561  0.93659907  0.50286600
   0.70637000  0.94194000  0.09637000
   0.98234001  0.69053263  0.29794105
   0.79133965  0.81539550  0.39808324
   0.57923069  0.19530733  0.49779506
   0.03971000  0.19194000  0.09637000
   0.31460247  0.44089667  0.29844061
   0.12924771  0.06375393  0.40050640
   0.18013000  0.31638000  0.19719000
   0.26268314  0.19829050  0.50640600
   0.37304000  0.19194000  0.09637000
   0.64769336  0.44014203  0.29751147
   0.46124139  0.06352982  0.40317718
   0.51314000  0.31594000  0.19696000
   0.70637000  0.19194000  0.09637000
   0.98107714  0.44043784  0.29807302
   0.79300037  0.06194171  0.40040719
   0.84665000  0.31624000  0.19703000
   0.92965892  0.19348252  0.49404571
   0.03971000  0.69194000  0.09637000
   0.32051275  0.94257056  0.29966221
   0.11453251  0.56503464  0.39950440
   0.18025000  0.81742000  0.19778000
   0.25786561  0.69557243  0.49439409
   0.37304000  0.69194000  0.09637000
   0.65278011  0.94041737  0.29714121
   0.44732292  0.56550818  0.39983145
   0.51318000  0.81586000  0.19571000
   0.58864076  0.69715193  0.49499554
   0.70637000  0.69194000  0.09637000
   0.98613901  0.94041871  0.29770387
   0.84718000  0.81593000  0.19584000
   0.92036538  0.69697593  0.49432062
   0.78179145  0.56528524  0.39824103
   0.17417000  0.33753000  0.11288000
   0.24813628  0.21006801  0.41660367
   0.04596008  0.33927717  0.51247505
   0.31386000  0.46170000  0.21427000
   0.11954798  0.08515977  0.31597108
   0.23858000  0.04636000  0.07986000
   0.04735000  0.17100000  0.18013000
   0.31261278  0.42236524  0.38178023
   0.14670309  0.04110231  0.48650821
   0.18430218  0.29400176  0.28026747
   0.50750000  0.33753000  0.11288000
   0.58200752  0.21243610  0.41419447
   0.38361806  0.34117698  0.50266563
   0.64712000  0.46121000  0.21367000
   0.45399330  0.08708915  0.31854477
   0.57191000  0.04636000  0.07986000
   0.38063000  0.17082000  0.17998000
   0.64770391  0.42108883  0.38148987
   0.48233151  0.04535308  0.49048948
   0.51735493  0.29357068  0.28008158
   0.84083000  0.33753000  0.11288000
   0.91291983  0.21105834  0.41117786
   0.71826837  0.33747030  0.51575250
   0.98063000  0.46160000  0.21400000
   0.78642046  0.08528092  0.31513486
   0.90524000  0.04636000  0.07986000
   0.71387000  0.17083000  0.18002000
   0.97991751  0.42160007  0.38230528
   0.81347560  0.04555663  0.48935770
   0.85098203  0.29387482  0.28008664
   0.17417000  0.83753000  0.11288000
   0.25734249  0.70817630  0.41037397
   0.07893482  0.82207437  0.51384425
   0.31682000  0.96236000  0.21534000
   0.11551705  0.58568320  0.31466644
   0.23858000  0.54636000  0.07986000
   0.04601000  0.67209000  0.18056000
   0.32500013  0.92149281  0.38388703
   0.11357645  0.55345661  0.49017628
   0.18277379  0.79658580  0.28143155
   0.50619000  0.83294000  0.10916000
   0.59087852  0.70870406  0.41125674
   0.41171456  0.82616919  0.51190186
   0.64926000  0.96050000  0.21277000
   0.44912121  0.58594178  0.31530769
   0.57191000  0.54636000  0.07986000
   0.37906000  0.67136000  0.18002000
   0.65760940  0.92003982  0.38120185
   0.44884429  0.55563745  0.48715762
   0.51547333  0.79528366  0.27957909
   0.83992000  0.83287000  0.10930000
   0.74672837  0.82388452  0.51034873
   0.98268000  0.96077000  0.21320000
   0.78217955  0.58530273  0.31407162
   0.90524000  0.54636000  0.07986000
   0.71230000  0.67144000  0.18017000
   0.99045109  0.92011318  0.38183673
   0.78031597  0.55297180  0.48707250
   0.84878116  0.79538818  0.27967967
   0.92491659  0.70811545  0.40958340
   0.78477000  0.69231000  0.65805000
   0.32606440  0.25107799  0.61573019
   0.95644574  0.65134273  0.60414094
   0.72223436  0.60942282  0.68733618
   0.80087582  0.54385347  0.73933805
   0.74563593  0.45513913  0.75612684
   0.92308342  0.55064407  0.73926314
   0.77034872  0.59432582  0.77881204
   0.61214022  0.55062770  0.68203487
