   0.18177000  0.06503000  0.19527000
   0.25630813  0.43712240  0.50488041
   0.03971000  0.44194000  0.09637000
   0.31757888  0.18889822  0.29794655
   0.11306461  0.31737480  0.40003129
   0.51472000  0.06471000  0.19485000
   0.59054604  0.43638861  0.50045017
   0.37304000  0.44194000  0.09637000
   0.65115203  0.18930647  0.29868937
   0.44552688  0.31627205  0.39903067
   0.84826000  0.06468000  0.19455000
   0.92221194  0.43936792  0.50462843
   0.70637000  0.44194000  0.09637000
   0.98440767  0.18953669  0.29829789
   0.77939799  0.31847368  0.40140540
   0.17955000  0.56532000  0.19533000
   0.27190287  0.93124671  0.50519026
   0.03971000  0.94194000  0.09637000
   0.31501004  0.68956121  0.29860011
   0.12267261  0.81465829  0.39594102
   0.51276000  0.56480000  0.19498000
   0.60568597  0.93536221  0.50218683
   0.37304000  0.94194000  0.09637000
   0.64770755  0.68959666  0.29704133
   0.45525762  0.81433481  0.39929727
   0.84642000  0.56519000  0.19522000
   0.93724774  0.93387450  0.50531690
   0.70637000  0.94194000  0.09637000
   0.98130517  0.68969459  0.29726272
   0.78779967  0.81614080  0.39827734
   0.58798649  0.19063690  0.49187287
   0.03971000  0.19194000  0.09637000
   0.31402346  0.44137910  0.29855468
   0.12255270  0.06119988  0.40055695
   0.18013000  0.31638000  0.19719000
   0.25758746  0.19237984  0.49618254
   0.37304000  0.19194000  0.09637000
   0.64644457  0.43964008  0.29686098
   0.45395070  0.05977727  0.39896634
   0.51314000  0.31594000  0.19696000
   0.70637000  0.19194000  0.09637000
   0.98079866  0.44055328  0.29808811
   0.79091659  0.06170039  0.39939028
   0.84665000  0.31624000  0.19703000
   0.92382074  0.19556681  0.49486054
   0.03971000  0.69194000  0.09637000
   0.31821756  0.93968471  0.29800838
   0.11691219  0.56320369  0.40026349
   0.18025000  0.81742000  0.19778000
   0.26118534  0.69338984  0.49546681
   0.37304000  0.69194000  0.09637000
   0.65104364  0.93960089  0.29706298
   0.45156177  0.56332389  0.40073118
   0.51318000  0.81586000  0.19571000
   0.59585450  0.69368844  0.49564403
   0.70637000  0.69194000  0.09637000
   0.98446936  0.94057958  0.29732597
   0.84718000  0.81593000  0.19584000
   0.92239354  0.69205983  0.48895087
   0.78273883  0.56310064  0.39558362
   0.17417000  0.33753000  0.11288000
   0.24562767  0.20901972  0.41442539
   0.05571878  0.33080595  0.51311177
   0.31386000  0.46170000  0.21427000
   0.11855070  0.08529605  0.31622153
   0.23858000  0.04636000  0.07986000
   0.04735000  0.17100000  0.18013000
   0.31169358  0.42115660  0.38316025
   0.13959785  0.03945318  0.48836903
   0.18400160  0.29429327  0.28084750
   0.50750000  0.33753000  0.11288000
   0.57708012  0.20749204  0.40978391
   0.38863701  0.32971350  0.51431604
   0.64712000  0.46121000  0.21367000
   0.45160274  0.08398286  0.31513708
   0.57191000  0.04636000  0.07986000
   0.38063000  0.17082000  0.17998000
   0.64285785  0.42019836  0.38019383
   0.47023500  0.04159979  0.48584806
   0.51610394  0.29304740  0.28004466
   0.84083000  0.33753000  0.11288000
   0.91385891  0.21008216  0.41203860
   0.72196266  0.32828042  0.50165412
   0.98063000  0.46160000  0.21400000
   0.78547778  0.08396758  0.31535491
   0.90524000  0.04636000  0.07986000
   0.71387000  0.17083000  0.18002000
   0.97866776  0.42141254  0.38235171
   0.80663061  0.04525784  0.48651355
   0.85038468  0.29384473  0.28032013
   0.17417000  0.83753000  0.11288000
   0.25409236  0.70791931  0.41214177
   0.06463951  0.81758470  0.52128426
   0.31682000  0.96236000  0.21534000
   0.11489460  0.58526133  0.31566798
   0.23858000  0.54636000  0.07986000
   0.04601000  0.67209000  0.18056000
   0.32051253  0.91758531  0.38159270
   0.12712071  0.54838771  0.48762425
   0.18110725  0.79444112  0.28079821
   0.50619000  0.83294000  0.10916000
   0.58898452  0.70786877  0.41247826
   0.40429390  0.82471868  0.51280981
   0.64926000  0.96050000  0.21277000
   0.44912547  0.58566965  0.31629802
   0.57191000  0.54636000  0.07986000
   0.37906000  0.67136000  0.18002000
   0.65368946  0.91924489  0.38138172
   0.45824494  0.54900091  0.48837901
   0.51443559  0.79427512  0.27951306
   0.83992000  0.83287000  0.10930000
   0.73800512  0.82797088  0.51037499
   0.98268000  0.96077000  0.21320000
   0.78171384  0.58468692  0.31280719
   0.90524000  0.54636000  0.07986000
   0.71230000  0.67144000  0.18017000
   0.98787285  0.91993937  0.38155140
   0.78805098  0.54741331  0.47872429
   0.84769317  0.79518402  0.27953516
   0.92326456  0.70984797  0.40686151
   0.78477000  0.69231000  0.65805000
   0.81737879  0.48098456  0.61047363
   0.97769269  0.67128966  0.59198630
   0.71566632  0.62203068  0.69215925
   0.79594982  0.56880886  0.73790834
   0.73871984  0.48086412  0.74416786
   0.92182912  0.57580798  0.72893943
   0.78857348  0.61310523  0.77844803
   0.58443995  0.60089744  0.69061594
