   0.18179080  0.06516468  0.19552736
   0.25309219  0.43679625  0.50246020
   0.03971000  0.44194000  0.09637000
   0.31853865  0.19060023  0.30020055
   0.11759788  0.31516106  0.40145328
   0.51449424  0.06452811  0.19466676
   0.58448770  0.44479902  0.50074291
   0.37304000  0.44194000  0.09637000
   0.65112769  0.18935542  0.29801710
   0.45393089  0.31692983  0.40281004
   0.84813822  0.06462627  0.19451871
   0.92656291  0.44109633  0.50064904
   0.70637000  0.44194000  0.09637000
   0.98483250  0.18947824  0.29783737
   0.78534485  0.31349181  0.40021992
   0.17997540  0.56521971  0.19537879
   0.27004066  0.93575885  0.50377175
   0.03971000  0.94194000  0.09637000
   0.31673084  0.69049231  0.29829334
   0.12256647  0.81661775  0.39863747
   0.51305260  0.56429201  0.19485792
   0.60353110  0.93429544  0.50441529
   0.37304000  0.94194000  0.09637000
   0.64936822  0.68906850  0.29694847
   0.45531414  0.81713363  0.39899346
   0.84691541  0.56499744  0.19517285
   0.93526428  0.93223582  0.50102072
   0.70637000  0.94194000  0.09637000
   0.98351410  0.69011597  0.29798099
   0.78759651  0.81511890  0.39678892
   0.60559963  0.19281678  0.50866922
   0.03971000  0.19194000  0.09637000
   0.31617488  0.43991223  0.29838826
   0.12235899  0.06181353  0.39992925
   0.18013695  0.31634994  0.19729976
   0.25923434  0.19416944  0.49521974
   0.37304000  0.19194000  0.09637000
   0.64950389  0.43886417  0.29733409
   0.46033907  0.06755450  0.40567963
   0.51305847  0.31567217  0.19691261
   0.70637000  0.19194000  0.09637000
   0.98312533  0.43992791  0.29780846
   0.79069824  0.06048397  0.39758564
   0.84659474  0.31624528  0.19700215
   0.91356573  0.18546784  0.49935938
   0.03971000  0.69194000  0.09637000
   0.31987612  0.94381885  0.30070885
   0.11992378  0.56304524  0.39893651
   0.18075578  0.81779520  0.19813787
   0.25717451  0.69557093  0.49449704
   0.37304000  0.69194000  0.09637000
   0.65064409  0.93933141  0.29602305
   0.45095932  0.56417660  0.39921563
   0.51302591  0.81527202  0.19536833
   0.58846188  0.69657856  0.49458775
   0.70637000  0.69194000  0.09637000
   0.98489855  0.93982908  0.29703120
   0.84727735  0.81553028  0.19563631
   0.92297549  0.69679452  0.49251851
   0.78652213  0.56273784  0.39746282
   0.17417000  0.33753000  0.11288000
   0.25306739  0.20826902  0.41268864
   0.05117894  0.33000851  0.51022889
   0.31419823  0.46151701  0.21445610
   0.11878124  0.08479373  0.31551574
   0.23858000  0.04636000  0.07986000
   0.04728196  0.17104977  0.18014447
   0.31784619  0.41922257  0.38238634
   0.13693681  0.04497294  0.48688120
   0.18398821  0.29381740  0.28047079
   0.50750000  0.33753000  0.11288000
   0.58800024  0.21468102  0.42435565
   0.38741383  0.33252721  0.51292790
   0.64766140  0.46079799  0.21355778
   0.45440326  0.08889850  0.32056493
   0.57191000  0.04636000  0.07986000
   0.38053619  0.17063724  0.17988707
   0.65235133  0.41794805  0.38147497
   0.47155071  0.04572789  0.49104754
   0.51705636  0.29324959  0.27998247
   0.84083000  0.33753000  0.11288000
   0.91803259  0.20728289  0.41488703
   0.71921221  0.34841232  0.52331863
   0.98123332  0.46151578  0.21395469
   0.78527882  0.08472380  0.31376684
   0.90524000  0.04636000  0.07986000
   0.71373911  0.17082340  0.17999298
   0.98344072  0.41876196  0.38169220
   0.80271620  0.03471561  0.47998061
   0.85032904  0.29383549  0.28006865
   0.17417000  0.83753000  0.11288000
   0.25531649  0.70906949  0.41116895
   0.06962151  0.82582260  0.51088000
   0.31701355  0.96283152  0.21612703
   0.11711275  0.58521560  0.31512802
   0.23858000  0.54636000  0.07986000
   0.04651333  0.67229209  0.18070498
   0.32218463  0.92332198  0.38477374
   0.12655844  0.54872238  0.48555074
   0.18393793  0.79676136  0.28181259
   0.50619000  0.83294000  0.10916000
   0.58798565  0.70907984  0.41131065
   0.40072378  0.82610883  0.51374300
   0.64874129  0.95997184  0.21199107
   0.44999270  0.58515696  0.31539641
   0.57191000  0.54636000  0.07986000
   0.37923750  0.67080030  0.17986340
   0.65294300  0.91805234  0.37908338
   0.45421295  0.55126149  0.48593771
   0.51586937  0.79356490  0.27870461
   0.83992000  0.83287000  0.10930000
   0.73492354  0.82393356  0.51438834
   0.98255890  0.96044771  0.21282972
   0.78316517  0.58409738  0.31377408
   0.90524000  0.54636000  0.07986000
   0.71250526  0.67097637  0.18004029
   0.98705163  0.91924917  0.38081589
   0.79245463  0.55116940  0.48386653
   0.84933533  0.79411758  0.27924693
   0.92194690  0.70833044  0.40904073
   0.77794531  0.58820473  0.65809638
   0.75425996  0.15168033  0.58784951
   0.75329021  0.43982741  0.60273864
   0.76161300  0.60299130  0.71022005
   0.73463395  0.51276527  0.75387097
   0.65166041  0.52753462  0.78737631
   0.69413196  0.43081827  0.73362634
   0.84826742  0.51463835  0.77579056
   0.77008457  0.68970593  0.72525112
