   0.18179080  0.06515917  0.19552735
   0.25302775  0.43684585  0.50245584
   0.03971000  0.44194000  0.09637000
   0.31854037  0.19059920  0.30020013
   0.11758179  0.31517841  0.40145753
   0.51449142  0.06452999  0.19466861
   0.58442521  0.44482120  0.50073985
   0.37304000  0.44194000  0.09637000
   0.65113002  0.18936003  0.29802452
   0.45391650  0.31694410  0.40281063
   0.84813523  0.06461941  0.19451709
   0.92650770  0.44114377  0.50064530
   0.70637000  0.44194000  0.09637000
   0.98483089  0.18947577  0.29783781
   0.78532999  0.31350492  0.40023308
   0.17996768  0.56521118  0.19537416
   0.27014289  0.93575215  0.50377549
   0.03971000  0.94194000  0.09637000
   0.31672559  0.69048339  0.29828421
   0.12257298  0.81661501  0.39864416
   0.51304904  0.56429334  0.19486567
   0.60362324  0.93428282  0.50440670
   0.37304000  0.94194000  0.09637000
   0.64936646  0.68906854  0.29695136
   0.45532553  0.81712639  0.39898139
   0.84690754  0.56499523  0.19517876
   0.93537012  0.93226214  0.50102195
   0.70637000  0.94194000  0.09637000
   0.98351067  0.69011185  0.29798783
   0.78761458  0.81512099  0.39678952
   0.60561572  0.19279442  0.50864753
   0.03971000  0.19194000  0.09637000
   0.31616346  0.43990391  0.29838232
   0.12240335  0.06181220  0.39993038
   0.18013370  0.31633876  0.19729711
   0.25925578  0.19419438  0.49522224
   0.37304000  0.19194000  0.09637000
   0.64949574  0.43888060  0.29735300
   0.46036254  0.06753463  0.40567096
   0.51305641  0.31567913  0.19692037
   0.70637000  0.19194000  0.09637000
   0.98311045  0.43992504  0.29781424
   0.79073348  0.06048313  0.39759168
   0.84659037  0.31624416  0.19700426
   0.91357091  0.18550177  0.49936102
   0.03971000  0.69194000  0.09637000
   0.31987690  0.94381120  0.30070497
   0.11989535  0.56305932  0.39893573
   0.18075085  0.81779269  0.19813655
   0.25713906  0.69559590  0.49449216
   0.37304000  0.69194000  0.09637000
   0.65064754  0.93933367  0.29602418
   0.45093158  0.56418488  0.39920623
   0.51302650  0.81527055  0.19536782
   0.58843454  0.69660227  0.49458193
   0.70637000  0.69194000  0.09637000
   0.98490569  0.93982933  0.29703506
   0.84727999  0.81552618  0.19563911
   0.92285089  0.69685175  0.49254566
   0.78650399  0.56276704  0.39747916
   0.17417000  0.33753000  0.11288000
   0.25305071  0.20828716  0.41269710
   0.05112333  0.33006595  0.51022263
   0.31419407  0.46150806  0.21445150
   0.11878500  0.08479625  0.31552057
   0.23858000  0.04636000  0.07986000
   0.04727859  0.17103858  0.18014012
   0.31782679  0.41922872  0.38238156
   0.13703869  0.04497255  0.48688556
   0.18399076  0.29381102  0.28046490
   0.50750000  0.33753000  0.11288000
   0.58796283  0.21467196  0.42434434
   0.38735149  0.33257973  0.51292770
   0.64765374  0.46080098  0.21357335
   0.45440298  0.08889453  0.32056249
   0.57191000  0.04636000  0.07986000
   0.38053545  0.17064566  0.17989024
   0.65233005  0.41796191  0.38149713
   0.47164803  0.04569565  0.49103322
   0.51706033  0.29326159  0.27999275
   0.84083000  0.33753000  0.11288000
   0.91802058  0.20729187  0.41489313
   0.71915551  0.34838868  0.52326283
   0.98122359  0.46151294  0.21395752
   0.78528057  0.08472490  0.31377210
   0.90524000  0.04636000  0.07986000
   0.71374092  0.17082447  0.17999238
   0.98341587  0.41876887  0.38170028
   0.80281441  0.03472706  0.47999900
   0.85032716  0.29383783  0.28006888
   0.17417000  0.83753000  0.11288000
   0.25532742  0.70906953  0.41115871
   0.06970991  0.82582284  0.51089439
   0.31701280  0.96282996  0.21612611
   0.11710379  0.58520899  0.31512706
   0.23858000  0.54636000  0.07986000
   0.04650766  0.67228435  0.18070303
   0.32219764  0.92331702  0.38477036
   0.12647731  0.54875892  0.48554775
   0.18393231  0.79675138  0.28180831
   0.50619000  0.83294000  0.10916000
   0.58800032  0.70907446  0.41129960
   0.40082640  0.82608198  0.51373875
   0.64873915  0.95997295  0.21199025
   0.44999190  0.58515221  0.31538815
   0.57191000  0.54636000  0.07986000
   0.37923469  0.67079662  0.17986420
   0.65296389  0.91806179  0.37908623
   0.45415521  0.55129112  0.48592988
   0.51586910  0.79356616  0.27870237
   0.83992000  0.83287000  0.10930000
   0.73505059  0.82389915  0.51436446
   0.98255713  0.96044223  0.21283152
   0.78316542  0.58410501  0.31379173
   0.90524000  0.54636000  0.07986000
   0.71250174  0.67097595  0.18004407
   0.98707707  0.91926021  0.38082487
   0.79236078  0.55121747  0.48388924
   0.84934144  0.79412012  0.27924947
   0.92196299  0.70834077  0.40906178
   0.77781566  0.58802590  0.65815618
   0.75423754  0.15174030  0.58786163
   0.75314321  0.43957589  0.60275386
   0.76163438  0.60289757  0.71013008
   0.73466291  0.51281555  0.75385024
   0.65158417  0.52753542  0.78737260
   0.69411136  0.43066799  0.73365313
   0.84827936  0.51463885  0.77582690
   0.77021337  0.68956625  0.72517949
