   0.29039970  0.43182760  0.49203315
   0.17893244  0.06421139  0.18484905
   0.03971000  0.44194000  0.08602000
   0.31570653  0.18810931  0.28856777
   0.12962353  0.31193626  0.38944251
   0.51224733  0.06423121  0.18478756
   0.62122897  0.43054425  0.49134388
   0.37304000  0.44194000  0.08602000
   0.64914947  0.18808625  0.28838743
   0.46291917  0.31197491  0.38854392
   0.84556073  0.06416127  0.18484640
   0.96012966  0.42924274  0.49233110
   0.70637000  0.44194000  0.08602000
   0.98244840  0.18807630  0.28854559
   0.79632403  0.31202639  0.38895378
   0.18121081  0.56354207  0.18468915
   0.25107649  0.93964901  0.49366160
   0.03971000  0.94194000  0.08602000
   0.31643554  0.68830869  0.28804281
   0.11020876  0.81677795  0.39011095
   0.51458568  0.56361305  0.18477572
   0.58326484  0.93824770  0.49356001
   0.37304000  0.94194000  0.08602000
   0.64969544  0.68852240  0.28821059
   0.44349321  0.81688944  0.38977739
   0.84794672  0.56360903  0.18468621
   0.91688615  0.93945456  0.49358190
   0.70637000  0.94194000  0.08602000
   0.98334873  0.68855505  0.28810607
   0.77686194  0.81674456  0.39003601
   0.03971000  0.19194000  0.08602000
   0.32016771  0.43797539  0.28802225
   0.11552147  0.06239672  0.38948993
   0.17962712  0.31534312  0.18695994
   0.26167558  0.19440932  0.48454705
   0.37304000  0.19194000  0.08602000
   0.65379979  0.43859359  0.28843573
   0.44806090  0.06265293  0.38948626
   0.51306602  0.31563753  0.18714439
   0.59624287  0.19268993  0.48423960
   0.70637000  0.19194000  0.08602000
   0.98688410  0.43821559  0.28817106
   0.78102764  0.06189738  0.38914707
   0.84636423  0.31550317  0.18704366
   0.93023448  0.19078449  0.48353407
   0.03971000  0.69194000  0.08602000
   0.31147209  0.93961561  0.28776707
   0.12964336  0.55975485  0.38961849
   0.17902342  0.81541957  0.18672027
   0.26369602  0.69251775  0.48510760
   0.37304000  0.69194000  0.08602000
   0.64463842  0.93932638  0.28759209
   0.46209742  0.55966875  0.38974828
   0.51226183  0.81528446  0.18666528
   0.59719736  0.69338314  0.48511893
   0.70637000  0.69194000  0.08602000
   0.97817213  0.93945360  0.28783578
   0.84567138  0.81537639  0.18674730
   0.93163249  0.69553026  0.48654531
   0.79526298  0.56068338  0.39021120
   0.17417000  0.33753000  0.10253000
   0.26342826  0.20327824  0.39974296
   0.09159314  0.31801300  0.49468927
   0.31573695  0.46026777  0.20433803
   0.11558002  0.08272575  0.30509705
   0.23858000  0.04636000  0.06951000
   0.04526838  0.17049406  0.16976073
   0.32878778  0.41622066  0.37191147
   0.11931479  0.05101416  0.47721443
   0.18261202  0.29293680  0.27033545
   0.50750000  0.33753000  0.10253000
   0.59553803  0.20389714  0.40010796
   0.42213258  0.32118146  0.49961355
   0.64919048  0.46050494  0.20469674
   0.44910528  0.08295398  0.30506296
   0.57191000  0.04636000  0.06951000
   0.37873514  0.17079527  0.16986433
   0.66271512  0.41756767  0.37278483
   0.45312156  0.04989861  0.47719786
   0.51618433  0.29344212  0.27074956
   0.84083000  0.33753000  0.10253000
   0.92795865  0.20281405  0.39948459
   0.75508112  0.32122221  0.49810382
   0.98233182  0.46039543  0.20446032
   0.78207304  0.08265938  0.30480059
   0.90524000  0.04636000  0.06951000
   0.71201029  0.17067158  0.16983060
   0.99491373  0.41651261  0.37208420
   0.78509126  0.04937521  0.47697294
   0.84930209  0.29312386  0.27050277
   0.17417000  0.83753000  0.10253000
   0.24396291  0.71048360  0.40350052
   0.05054753  0.83436434  0.50368565
   0.31304599  0.96067933  0.20395828
   0.11769851  0.58439421  0.30618682
   0.23858000  0.54636000  0.06951000
   0.04724157  0.66978848  0.16963979
   0.30836751  0.92032895  0.37206008
   0.15693901  0.54006015  0.47502323
   0.18186411  0.79248924  0.26993974
   0.50750000  0.83753000  0.10253000
   0.57723057  0.70999968  0.40334360
   0.38233421  0.83201178  0.50341604
   0.64622933  0.96054095  0.20383972
   0.45109081  0.58412135  0.30615926
   0.57191000  0.54636000  0.06951000
   0.38051695  0.66968656  0.16960890
   0.64174815  0.91984355  0.37182536
   0.48992681  0.54099448  0.47622567
   0.51498052  0.79224326  0.26985001
   0.84083000  0.83753000  0.10253000
   0.71652279  0.83232830  0.50321307
   0.97967189  0.96059006  0.20402457
   0.78467984  0.58477396  0.30670878
   0.90524000  0.54636000  0.06951000
   0.71391416  0.66975838  0.16966029
   0.97521328  0.91995197  0.37217270
   0.82254454  0.54231829  0.47996763
   0.84843928  0.79238438  0.26999976
   0.91022481  0.70976668  0.40468087
   0.70531214  0.62750487  0.63271527
   0.05538509  0.45255626  0.63473882
   0.86626805  0.52924180  0.58616045
   0.65626934  0.62183185  0.68272537
   0.67552727  0.53770761  0.72654585
   0.56026144  0.50308255  0.74674171
   0.72855955  0.47186327  0.70889359
   0.75161022  0.58090801  0.76139750
   0.59107588  0.68655388  0.69627742
