   0.18177000  0.06503000  0.19527000
   0.24615288  0.44111690  0.50440195
   0.03971000  0.44194000  0.09637000
   0.31820141  0.19020736  0.29931798
   0.11289016  0.31791647  0.40130038
   0.51472000  0.06471000  0.19485000
   0.58061912  0.44183523  0.50246509
   0.37304000  0.44194000  0.09637000
   0.65202956  0.19029505  0.29885768
   0.44672853  0.31664640  0.40318810
   0.84826000  0.06468000  0.19455000
   0.91406613  0.44349436  0.50418627
   0.70637000  0.44194000  0.09637000
   0.98508085  0.18979266  0.29878808
   0.77815822  0.31838653  0.40368865
   0.17955000  0.56532000  0.19533000
   0.28238498  0.93265766  0.50518464
   0.03971000  0.94194000  0.09637000
   0.31523265  0.68967942  0.29809103
   0.12586245  0.81459186  0.39460310
   0.51276000  0.56480000  0.19498000
   0.61131908  0.93512374  0.50254219
   0.37304000  0.94194000  0.09637000
   0.64843346  0.69007056  0.29779347
   0.45732696  0.81486524  0.39845598
   0.84642000  0.56519000  0.19522000
   0.94380254  0.93525657  0.50514121
   0.70637000  0.94194000  0.09637000
   0.98129937  0.68945132  0.29783364
   0.79004884  0.81568475  0.39709466
   0.58829163  0.19059125  0.50368134
   0.03971000  0.19194000  0.09637000
   0.31414400  0.44042634  0.29842503
   0.12609660  0.06096688  0.40115144
   0.18013000  0.31638000  0.19719000
   0.26399417  0.19296993  0.49751643
   0.37304000  0.19194000  0.09637000
   0.64607102  0.43967449  0.29787631
   0.46136611  0.06322009  0.40073115
   0.51314000  0.31594000  0.19696000
   0.70637000  0.19194000  0.09637000
   0.98055865  0.44036608  0.29855123
   0.79274658  0.06303623  0.39964571
   0.84665000  0.31624000  0.19703000
   0.92034923  0.19619093  0.49657924
   0.03971000  0.69194000  0.09637000
   0.32025733  0.94141100  0.29843169
   0.11373176  0.56404085  0.40085379
   0.18025000  0.81742000  0.19778000
   0.26168252  0.69222680  0.49607494
   0.37304000  0.69194000  0.09637000
   0.65194692  0.94024533  0.29702701
   0.44766951  0.56432511  0.40004233
   0.51318000  0.81586000  0.19571000
   0.58787595  0.69849237  0.49582178
   0.70637000  0.69194000  0.09637000
   0.98557812  0.94042882  0.29766490
   0.84718000  0.81593000  0.19584000
   0.91257948  0.70011775  0.48799831
   0.77929020  0.56312075  0.39807761
   0.17417000  0.33753000  0.11288000
   0.24496880  0.20960183  0.41557313
   0.04458928  0.33394288  0.51444991
   0.31386000  0.46170000  0.21427000
   0.11918061  0.08518343  0.31697962
   0.23858000  0.04636000  0.07986000
   0.04735000  0.17100000  0.18013000
   0.31218673  0.42044991  0.38268163
   0.14596334  0.03805124  0.48810200
   0.18412323  0.29371566  0.28051594
   0.50750000  0.33753000  0.11288000
   0.58068636  0.21113122  0.41924955
   0.37835294  0.33708621  0.51146591
   0.64712000  0.46121000  0.21367000
   0.45320887  0.08710322  0.31691289
   0.57191000  0.04636000  0.07986000
   0.38063000  0.17082000  0.17998000
   0.64264598  0.42020009  0.38214150
   0.47582168  0.03589469  0.48229195
   0.51681421  0.29365057  0.28013178
   0.84083000  0.33753000  0.11288000
   0.91374969  0.21141212  0.41402711
   0.71753061  0.34055927  0.51013899
   0.98063000  0.46160000  0.21400000
   0.78609001  0.08498348  0.31571714
   0.90524000  0.04636000  0.07986000
   0.71387000  0.17083000  0.18002000
   0.97760633  0.42197746  0.38316296
   0.81380951  0.04333357  0.48538715
   0.85089820  0.29381599  0.28025638
   0.17417000  0.83753000  0.11288000
   0.25492247  0.70769511  0.41263671
   0.07075360  0.81830495  0.52369946
   0.31682000  0.96236000  0.21534000
   0.11523843  0.58544362  0.31607857
   0.23858000  0.54636000  0.07986000
   0.04601000  0.67209000  0.18056000
   0.32435264  0.91887788  0.38156583
   0.11670820  0.55353819  0.49119298
   0.18196151  0.79506934  0.28114856
   0.50619000  0.83294000  0.10916000
   0.59108027  0.70818086  0.41146825
   0.41145342  0.82212062  0.51384732
   0.64926000  0.96050000  0.21277000
   0.44871406  0.58536111  0.31575995
   0.57191000  0.54636000  0.07986000
   0.37906000  0.67136000  0.18002000
   0.65629664  0.91915373  0.38101757
   0.44818772  0.55515210  0.48762381
   0.51508219  0.79461668  0.27958079
   0.83992000  0.83287000  0.10930000
   0.74533401  0.82604431  0.51220281
   0.98268000  0.96077000  0.21320000
   0.78057821  0.58443300  0.31461305
   0.90524000  0.54636000  0.07986000
   0.71230000  0.67144000  0.18017000
   0.99021982  0.91907523  0.38215022
   0.78204761  0.55551670  0.48472404
   0.84877526  0.79494267  0.27972681
   0.92540280  0.70790812  0.40576826
   0.78477000  0.69231000  0.65805000
   0.54751564  0.15000046  0.59667205
   0.99968250  0.69799480  0.59107720
   0.72404017  0.61019654  0.68719169
   0.79891772  0.56113204  0.73526423
   0.74136908  0.47451187  0.73927601
   0.92572795  0.57767502  0.72762261
   0.77379037  0.60777554  0.77429476
   0.59455151  0.56922278  0.67932672
