   0.18177000  0.06503000  0.19527000
   0.27080881  0.44065608  0.49843751
   0.03971000  0.44194000  0.09637000
   0.31609017  0.18965207  0.29954696
   0.11942259  0.31362808  0.40229418
   0.51472000  0.06471000  0.19485000
   0.59918374  0.43698498  0.50231273
   0.37304000  0.44194000  0.09637000
   0.64903479  0.18836381  0.29836592
   0.44773864  0.31279283  0.40433241
   0.84826000  0.06468000  0.19455000
   0.93415249  0.43638352  0.49797247
   0.70637000  0.44194000  0.09637000
   0.98323477  0.18897461  0.29909146
   0.78471203  0.31396990  0.39776149
   0.17955000  0.56532000  0.19533000
   0.26518500  0.93881334  0.50596076
   0.03971000  0.94194000  0.09637000
   0.31628771  0.68882232  0.29760610
   0.12061994  0.81429034  0.39579388
   0.51276000  0.56480000  0.19498000
   0.59569993  0.93913493  0.50442490
   0.37304000  0.94194000  0.09637000
   0.64943012  0.68878257  0.29705158
   0.45400478  0.81424168  0.39814089
   0.84642000  0.56519000  0.19522000
   0.92340155  0.93601036  0.50686929
   0.70637000  0.94194000  0.09637000
   0.98213633  0.68855414  0.29728053
   0.78624233  0.81500725  0.39752720
   0.58876417  0.19671964  0.49482676
   0.03971000  0.19194000  0.09637000
   0.31556690  0.43875567  0.29812589
   0.11833714  0.06071156  0.40255192
   0.18013000  0.31638000  0.19719000
   0.23993853  0.19258347  0.50375196
   0.37304000  0.19194000  0.09637000
   0.64802529  0.43835106  0.29770806
   0.44987879  0.06279636  0.40077667
   0.51314000  0.31594000  0.19696000
   0.70637000  0.19194000  0.09637000
   0.98315115  0.43930154  0.29788670
   0.78228611  0.06081908  0.39974174
   0.84665000  0.31624000  0.19703000
   0.92960533  0.19364844  0.49399141
   0.03971000  0.69194000  0.09637000
   0.31677707  0.94087247  0.29862685
   0.12352715  0.56119789  0.39938490
   0.18025000  0.81742000  0.19778000
   0.26702029  0.69580720  0.49459049
   0.37304000  0.69194000  0.09637000
   0.64943342  0.93925358  0.29697234
   0.45663583  0.56076999  0.39893178
   0.51318000  0.81586000  0.19571000
   0.59564165  0.69560188  0.49441094
   0.70637000  0.69194000  0.09637000
   0.98393085  0.94081513  0.29765659
   0.84718000  0.81593000  0.19584000
   0.92263867  0.69044162  0.49303021
   0.78745429  0.56047665  0.39785988
   0.17417000  0.33753000  0.11288000
   0.24879218  0.20346674  0.41964288
   0.06919632  0.33468014  0.49665143
   0.31386000  0.46170000  0.21427000
   0.11751978  0.08523040  0.31711399
   0.23858000  0.04636000  0.07986000
   0.04735000  0.17100000  0.18013000
   0.31723526  0.41739687  0.38205733
   0.12258459  0.03605320  0.48711716
   0.18231025  0.29313190  0.28023010
   0.50750000  0.33753000  0.11288000
   0.58588055  0.20674794  0.41207681
   0.40279832  0.33338368  0.50596625
   0.64712000  0.46121000  0.21367000
   0.44952083  0.08499561  0.31671811
   0.57191000  0.04636000  0.07986000
   0.38063000  0.17082000  0.17998000
   0.64828434  0.41759195  0.38176458
   0.46455513  0.04760845  0.48672631
   0.51551641  0.29269191  0.27998235
   0.84083000  0.33753000  0.11288000
   0.91449263  0.20436600  0.41081709
   0.73326523  0.32890927  0.51095248
   0.98063000  0.46160000  0.21400000
   0.78295977  0.08320833  0.31523473
   0.90524000  0.04636000  0.07986000
   0.71387000  0.17083000  0.18002000
   0.98443517  0.41846335  0.38113618
   0.79532651  0.04562853  0.48851624
   0.84877861  0.29293019  0.28019406
   0.17417000  0.83753000  0.11288000
   0.25441967  0.70886131  0.41191939
   0.05864465  0.82427774  0.52248818
   0.31682000  0.96236000  0.21534000
   0.11719636  0.58487790  0.31546525
   0.23858000  0.54636000  0.07986000
   0.04601000  0.67209000  0.18056000
   0.31917044  0.91888497  0.38232866
   0.13641158  0.55183480  0.48679491
   0.18260917  0.79431298  0.28078583
   0.50619000  0.83294000  0.10916000
   0.58720895  0.70761096  0.41194397
   0.39547820  0.83172778  0.51607275
   0.64926000  0.96050000  0.21277000
   0.45010330  0.58439242  0.31542226
   0.57191000  0.54636000  0.07986000
   0.37906000  0.67136000  0.18002000
   0.65181432  0.91803468  0.38108509
   0.47086376  0.55180128  0.48694924
   0.51537447  0.79341509  0.27910852
   0.83992000  0.83287000  0.10930000
   0.72852048  0.82946601  0.51426702
   0.98268000  0.96077000  0.21320000
   0.78245505  0.58395827  0.31466387
   0.90524000  0.54636000  0.07986000
   0.71230000  0.67144000  0.18017000
   0.98570996  0.91858108  0.38142550
   0.79943495  0.54626518  0.48398858
   0.84921465  0.79407386  0.27936972
   0.92065938  0.70897550  0.41068524
   0.78477000  0.69231000  0.65805000
   0.16621799  0.18127599  0.59520340
   0.00793635  0.74166072  0.60361273
   0.71918743  0.63083965  0.69679595
   0.79825666  0.57455726  0.74051367
   0.74133065  0.48507223  0.74278522
   0.92518990  0.58607998  0.73317626
   0.77640679  0.60932626  0.78329018
   0.58739010  0.61750964  0.69981434
