   0.18177000  0.06503000  0.19527000
   0.26599479  0.43282560  0.50266172
   0.03971000  0.44194000  0.09637000
   0.31524893  0.18821309  0.29827094
   0.11500102  0.31427717  0.40014491
   0.51472000  0.06471000  0.19485000
   0.59822467  0.43292376  0.50083651
   0.37304000  0.44194000  0.09637000
   0.64892865  0.18825751  0.29816311
   0.44802305  0.31348637  0.39889728
   0.84826000  0.06468000  0.19455000
   0.93392008  0.43512350  0.50630824
   0.70637000  0.44194000  0.09637000
   0.98205398  0.18851756  0.29842854
   0.78214149  0.31488365  0.40001602
   0.17955000  0.56532000  0.19533000
   0.26257475  0.93269461  0.50423250
   0.03971000  0.94194000  0.09637000
   0.31510563  0.68840780  0.29769008
   0.11966227  0.81310494  0.39623646
   0.51276000  0.56480000  0.19498000
   0.59460998  0.93264149  0.50244041
   0.37304000  0.94194000  0.09637000
   0.64800380  0.68852555  0.29710105
   0.45267380  0.81327527  0.39887418
   0.84642000  0.56519000  0.19522000
   0.92722019  0.93436351  0.50490119
   0.70637000  0.94194000  0.09637000
   0.98117014  0.68829845  0.29714180
   0.78549324  0.81406362  0.39824338
   0.58949061  0.19105261  0.49378161
   0.03971000  0.19194000  0.09637000
   0.31426540  0.43914977  0.29799660
   0.11918737  0.06015222  0.40031948
   0.18013000  0.31638000  0.19719000
   0.25545799  0.19178018  0.49576228
   0.37304000  0.19194000  0.09637000
   0.64719428  0.43846843  0.29715190
   0.45211248  0.06010693  0.39942119
   0.51314000  0.31594000  0.19696000
   0.70637000  0.19194000  0.09637000
   0.98088724  0.43893843  0.29762728
   0.78549499  0.05985648  0.39911505
   0.84665000  0.31624000  0.19703000
   0.92270868  0.19155729  0.49395238
   0.03971000  0.69194000  0.09637000
   0.31679264  0.93920463  0.29818569
   0.12083450  0.55965696  0.39863044
   0.18025000  0.81742000  0.19778000
   0.26119476  0.68759654  0.49454410
   0.37304000  0.69194000  0.09637000
   0.64935874  0.93850202  0.29687043
   0.45371672  0.55997000  0.39963871
   0.51318000  0.81586000  0.19571000
   0.59563870  0.69049526  0.49471234
   0.70637000  0.69194000  0.09637000
   0.98262230  0.93937783  0.29741584
   0.84718000  0.81593000  0.19584000
   0.92355725  0.68867329  0.49151621
   0.78679809  0.55988672  0.39733399
   0.17417000  0.33753000  0.11288000
   0.24835485  0.20635498  0.41298737
   0.06582495  0.32305175  0.50935479
   0.31386000  0.46170000  0.21427000
   0.11583644  0.08377109  0.31611288
   0.23858000  0.04636000  0.07986000
   0.04735000  0.17100000  0.18013000
   0.31438976  0.41791405  0.38186071
   0.13004902  0.04125792  0.48787420
   0.18178920  0.29279616  0.28034649
   0.50750000  0.33753000  0.11288000
   0.58138189  0.20637564  0.41127388
   0.39753528  0.32472888  0.51255057
   0.64712000  0.46121000  0.21367000
   0.44946409  0.08370863  0.31568067
   0.57191000  0.04636000  0.07986000
   0.38063000  0.17082000  0.17998000
   0.64648174  0.41774009  0.38086337
   0.46295162  0.04263163  0.48627589
   0.51466426  0.29233139  0.27998883
   0.84083000  0.33753000  0.11288000
   0.91473553  0.20616788  0.41136914
   0.73055538  0.32443778  0.50836264
   0.98063000  0.46160000  0.21400000
   0.78262269  0.08298646  0.31507782
   0.90524000  0.04636000  0.07986000
   0.71387000  0.17083000  0.18002000
   0.98074540  0.41791338  0.38117066
   0.79635596  0.04354234  0.48628127
   0.84821075  0.29263113  0.28003249
   0.17417000  0.83753000  0.11288000
   0.25215764  0.70711692  0.41190677
   0.05681174  0.82403715  0.52096261
   0.31682000  0.96236000  0.21534000
   0.11532767  0.58400446  0.31504629
   0.23858000  0.54636000  0.07986000
   0.04601000  0.67209000  0.18056000
   0.31805961  0.91718393  0.38174078
   0.13605781  0.54153937  0.48331965
   0.18145815  0.79369237  0.28084460
   0.50619000  0.83294000  0.10916000
   0.58620321  0.70634164  0.41209027
   0.39268493  0.82454234  0.51315742
   0.64926000  0.96050000  0.21277000
   0.44871445  0.58415609  0.31573310
   0.57191000  0.54636000  0.07986000
   0.37906000  0.67136000  0.18002000
   0.65034976  0.91714109  0.38096524
   0.46703368  0.54364133  0.48645539
   0.51442558  0.79328294  0.27928971
   0.83992000  0.83287000  0.10930000
   0.72817385  0.82663837  0.51159148
   0.98268000  0.96077000  0.21320000
   0.78155571  0.58370564  0.31399087
   0.90524000  0.54636000  0.07986000
   0.71230000  0.67144000  0.18017000
   0.98469352  0.91765218  0.38170319
   0.79815666  0.54248442  0.48215427
   0.84801112  0.79392422  0.27949893
   0.92012086  0.70768914  0.40985315
   0.78477000  0.69231000  0.65805000
   0.97923622  0.50631741  0.61578552
   0.02666362  0.69781133  0.59211169
   0.71781041  0.62928650  0.69565012
   0.79715952  0.57470641  0.74108359
   0.73881243  0.48552023  0.74390726
   0.92379188  0.58340436  0.73224888
   0.77871088  0.61183467  0.78290952
   0.58469954  0.61011322  0.69708558
