   0.18177000  0.06503000  0.19527000
   0.27340296  0.43348260  0.50087516
   0.03971000  0.44194000  0.09637000
   0.31556657  0.18850874  0.29856295
   0.11724310  0.31302183  0.39867244
   0.51472000  0.06471000  0.19485000
   0.60780364  0.43512775  0.50070505
   0.37304000  0.44194000  0.09637000
   0.64897787  0.18836714  0.29819353
   0.44996300  0.31357825  0.40019702
   0.84826000  0.06468000  0.19455000
   0.93005701  0.43754945  0.50163521
   0.70637000  0.44194000  0.09637000
   0.98230320  0.18831687  0.29818682
   0.78417661  0.31428398  0.39942250
   0.17955000  0.56532000  0.19533000
   0.26113825  0.93457613  0.50427732
   0.03971000  0.94194000  0.09637000
   0.31569494  0.68878028  0.29808378
   0.11912661  0.81297308  0.39695220
   0.51276000  0.56480000  0.19498000
   0.59262094  0.93423822  0.50236660
   0.37304000  0.94194000  0.09637000
   0.64885707  0.68864800  0.29747226
   0.45230680  0.81361432  0.39907884
   0.84642000  0.56519000  0.19522000
   0.92496508  0.93621020  0.50462101
   0.70637000  0.94194000  0.09637000
   0.98173567  0.68866571  0.29776398
   0.78581894  0.81422146  0.39869169
   0.58987134  0.19415659  0.49514402
   0.03971000  0.19194000  0.09637000
   0.31510064  0.43941422  0.29805695
   0.11954508  0.06059374  0.40029590
   0.18013000  0.31638000  0.19719000
   0.25753367  0.19447716  0.49967336
   0.37304000  0.19194000  0.09637000
   0.64809275  0.43890915  0.29743050
   0.45239643  0.06113181  0.40016507
   0.51314000  0.31594000  0.19696000
   0.70637000  0.19194000  0.09637000
   0.98168486  0.43879904  0.29770598
   0.78567825  0.06088426  0.39880413
   0.84665000  0.31624000  0.19703000
   0.92293118  0.19217032  0.49529028
   0.03971000  0.69194000  0.09637000
   0.31708169  0.93973416  0.29854664
   0.12098131  0.55990127  0.39878184
   0.18025000  0.81742000  0.19778000
   0.25702839  0.68748611  0.49619650
   0.37304000  0.69194000  0.09637000
   0.64957878  0.93851117  0.29699112
   0.45455566  0.56018136  0.39936032
   0.51318000  0.81586000  0.19571000
   0.59574860  0.69162248  0.49480091
   0.70637000  0.69194000  0.09637000
   0.98289342  0.93927756  0.29746975
   0.84718000  0.81593000  0.19584000
   0.92543041  0.68951025  0.49523618
   0.78900070  0.56086844  0.39830394
   0.17417000  0.33753000  0.11288000
   0.24990947  0.20531479  0.41373701
   0.05601583  0.33162166  0.50233820
   0.31386000  0.46170000  0.21427000
   0.11597063  0.08378261  0.31578296
   0.23858000  0.04636000  0.07986000
   0.04735000  0.17100000  0.18013000
   0.31628063  0.41876786  0.38175609
   0.12709647  0.04076532  0.48658123
   0.18199413  0.29321334  0.28032066
   0.50750000  0.33753000  0.11288000
   0.58466152  0.20620993  0.41208283
   0.40953268  0.32657735  0.50351473
   0.64712000  0.46121000  0.21367000
   0.44975930  0.08431150  0.31630530
   0.57191000  0.04636000  0.07986000
   0.38063000  0.17082000  0.17998000
   0.64973231  0.41886991  0.38113512
   0.46133656  0.04313491  0.48703720
   0.51509587  0.29281357  0.28001454
   0.84083000  0.33753000  0.11288000
   0.91608963  0.20578546  0.41162016
   0.73529527  0.32465028  0.51172928
   0.98063000  0.46160000  0.21400000
   0.78262690  0.08312341  0.31496008
   0.90524000  0.04636000  0.07986000
   0.71387000  0.17083000  0.18002000
   0.98336871  0.41848959  0.38124119
   0.79214349  0.04128272  0.48608571
   0.84856903  0.29278369  0.28003221
   0.17417000  0.83753000  0.11288000
   0.25246454  0.70618473  0.41193280
   0.05677596  0.82862005  0.51972800
   0.31682000  0.96236000  0.21534000
   0.11588459  0.58391583  0.31492273
   0.23858000  0.54636000  0.07986000
   0.04601000  0.67209000  0.18056000
   0.31761379  0.91724914  0.38227261
   0.13708923  0.54252380  0.48580370
   0.18193502  0.79381809  0.28079287
   0.50619000  0.83294000  0.10916000
   0.58582476  0.70648499  0.41243974
   0.38992649  0.82526271  0.51367579
   0.64926000  0.96050000  0.21277000
   0.44957745  0.58435665  0.31578758
   0.57191000  0.54636000  0.07986000
   0.37906000  0.67136000  0.18002000
   0.64999647  0.91669220  0.38119496
   0.47257690  0.54709578  0.48645167
   0.51501430  0.79304936  0.27924953
   0.83992000  0.83287000  0.10930000
   0.72547794  0.82823698  0.51159187
   0.98268000  0.96077000  0.21320000
   0.78224258  0.58376872  0.31456126
   0.90524000  0.54636000  0.07986000
   0.71230000  0.67144000  0.18017000
   0.98448979  0.91759731  0.38157387
   0.80195029  0.54401178  0.48517096
   0.84831324  0.79362438  0.27931315
   0.91965148  0.70766045  0.41006228
   0.78477000  0.69231000  0.65805000
   0.16895525  0.25793611  0.59708699
   0.03794539  0.70404323  0.59532251
   0.71692656  0.62910891  0.69633505
   0.79556339  0.57495669  0.74089089
   0.74031709  0.48593559  0.74369647
   0.92499612  0.58683953  0.73299920
   0.77741574  0.61130777  0.78299665
   0.58565599  0.61214696  0.69772888
