   0.60860346  0.43117955  0.49307673
   0.17915474  0.06416610  0.18504139
   0.27769051  0.43283665  0.49164667
   0.03971000  0.44194000  0.08602000
   0.31519658  0.18813483  0.28880763
   0.12255381  0.31353819  0.38962399
   0.51251350  0.06425071  0.18504562
   0.37304000  0.44194000  0.08602000
   0.64875728  0.18839692  0.28888027
   0.45607490  0.31363088  0.38960132
   0.84577780  0.06405863  0.18498832
   0.94743539  0.43279696  0.49485669
   0.70637000  0.44194000  0.08602000
   0.98195813  0.18803992  0.28870950
   0.78967908  0.31400439  0.39044970
   0.18086972  0.56366532  0.18481194
   0.25834789  0.93734579  0.49422654
   0.03971000  0.94194000  0.08602000
   0.31655100  0.68816372  0.28839460
   0.11361948  0.81429907  0.39068627
   0.51424659  0.56386845  0.18495255
   0.59058516  0.93559509  0.49302382
   0.37304000  0.94194000  0.08602000
   0.64985801  0.68872050  0.28873356
   0.44798713  0.81525080  0.38999417
   0.84754066  0.56365691  0.18475783
   0.92438184  0.93819136  0.49391499
   0.70637000  0.94194000  0.08602000
   0.98356203  0.68832722  0.28831423
   0.78103556  0.81500598  0.39175586
   0.03971000  0.19194000  0.08602000
   0.31757487  0.43850940  0.28823944
   0.11754374  0.06086451  0.38993964
   0.17933393  0.31540132  0.18704799
   0.25985490  0.19271966  0.48447312
   0.37304000  0.19194000  0.08602000
   0.65111356  0.43932308  0.28891919
   0.45010711  0.06105618  0.38959297
   0.51275494  0.31582585  0.18734223
   0.59486858  0.19055018  0.48386092
   0.70637000  0.19194000  0.08602000
   0.98414834  0.43870872  0.28846649
   0.78425938  0.06132116  0.38976164
   0.84604742  0.31548232  0.18710880
   0.92691358  0.19258759  0.48445487
   0.03971000  0.69194000  0.08602000
   0.31323899  0.93892364  0.28806177
   0.12456347  0.56057548  0.39034439
   0.17943276  0.81539333  0.18681703
   0.26198719  0.69328895  0.48561987
   0.37304000  0.69194000  0.08602000
   0.64692348  0.93901283  0.28818486
   0.45748650  0.56008668  0.39016396
   0.51268982  0.81546901  0.18690401
   0.59636698  0.69151319  0.48645935
   0.70637000  0.69194000  0.08602000
   0.98000499  0.93856937  0.28833427
   0.84614694  0.81538318  0.18688234
   0.92879659  0.69635956  0.48958801
   0.78992711  0.56139802  0.39104260
   0.17417000  0.33753000  0.10253000
   0.25628340  0.20533789  0.40101619
   0.07839337  0.32307354  0.49837360
   0.31522761  0.46040329  0.20457936
   0.11519650  0.08275077  0.30590343
   0.23858000  0.04636000  0.06951000
   0.04539307  0.17041236  0.16989043
   0.32150772  0.41745301  0.37226193
   0.12606046  0.04798686  0.47710755
   0.18176139  0.29278445  0.27057585
   0.50750000  0.33753000  0.10253000
   0.58854656  0.20546556  0.40067207
   0.40894995  0.32336566  0.49999003
   0.64860468  0.46081400  0.20512504
   0.44872279  0.08316348  0.30558461
   0.57191000  0.04636000  0.06951000
   0.37894172  0.17078861  0.17008283
   0.65587709  0.41978337  0.37370167
   0.45900042  0.04622196  0.47673353
   0.51539452  0.29363685  0.27116853
   0.84083000  0.33753000  0.10253000
   0.92279581  0.20540548  0.40097446
   0.74403995  0.32280668  0.49632947
   0.98180240  0.46045829  0.20467479
   0.78216170  0.08319444  0.30572636
   0.90524000  0.04636000  0.06951000
   0.71214508  0.17050566  0.16992111
   0.98774382  0.41845151  0.37267365
   0.79178435  0.04770549  0.47698104
   0.84854919  0.29305506  0.27068591
   0.17417000  0.83753000  0.10253000
   0.24812616  0.70870907  0.40355804
   0.05807899  0.83283494  0.50496517
   0.31334201  0.96071924  0.20435644
   0.11735763  0.58412328  0.30653014
   0.23858000  0.54636000  0.06951000
   0.04705451  0.66991412  0.16978865
   0.31225374  0.91835350  0.37222230
   0.14517276  0.54282872  0.47694967
   0.18232500  0.79226484  0.27013799
   0.50750000  0.83753000  0.10253000
   0.58095573  0.70792506  0.40388897
   0.38951050  0.82916997  0.50423217
   0.64666519  0.96071405  0.20444911
   0.45089191  0.58395576  0.30647121
   0.57191000  0.54636000  0.06951000
   0.38038999  0.67000985  0.16982257
   0.64657736  0.91846345  0.37236152
   0.47782956  0.54155325  0.47668803
   0.51553004  0.79248200  0.27031889
   0.84083000  0.83753000  0.10253000
   0.72462002  0.82976895  0.50133499
   0.98000844  0.96064918  0.20454085
   0.78446339  0.58481577  0.30718699
   0.90524000  0.54636000  0.06951000
   0.71379039  0.66994460  0.16980218
   0.97950328  0.91741625  0.37269929
   0.81165256  0.54566774  0.48842692
   0.84908953  0.79215669  0.27023751
   0.91349250  0.70631679  0.40675741
   0.63299044  0.61737349  0.61174246
   0.84100140  0.39518005  0.67010826
   0.81146858  0.50000846  0.58872219
   0.51807510  0.60133657  0.64376106
   0.44527427  0.49656278  0.67429589
   0.31566735  0.47674654  0.66761181
   0.49974023  0.42779202  0.66223499
   0.46249496  0.51271484  0.72092150
   0.46256985  0.67437355  0.64873058
