   0.18177000  0.06503000  0.19527000
   0.26149620  0.43673102  0.50368790
   0.03971000  0.44194000  0.09637000
   0.31642109  0.18893119  0.29868460
   0.11256393  0.31323184  0.40421092
   0.51472000  0.06471000  0.19485000
   0.58924595  0.43198756  0.50324351
   0.37304000  0.44194000  0.09637000
   0.65105110  0.18783316  0.29924255
   0.44626639  0.31341277  0.40141383
   0.84826000  0.06468000  0.19455000
   0.92398102  0.43581201  0.50077597
   0.70637000  0.44194000  0.09637000
   0.98210797  0.18925997  0.29907354
   0.78301834  0.31422482  0.40185084
   0.17955000  0.56532000  0.19533000
   0.27519536  0.93162822  0.50377249
   0.03971000  0.94194000  0.09637000
   0.31790018  0.68745128  0.29786127
   0.12622524  0.81152767  0.39608688
   0.51276000  0.56480000  0.19498000
   0.60737973  0.93148418  0.50450746
   0.37304000  0.94194000  0.09637000
   0.65069163  0.68743561  0.29746213
   0.45864583  0.81294221  0.39898817
   0.84642000  0.56519000  0.19522000
   0.93912449  0.93306302  0.50260006
   0.70637000  0.94194000  0.09637000
   0.98408859  0.68725952  0.29765041
   0.79167169  0.81215573  0.39746571
   0.59349656  0.19175448  0.49551997
   0.03971000  0.19194000  0.09637000
   0.31411210  0.43881331  0.29878875
   0.12407492  0.05931929  0.39862852
   0.18013000  0.31638000  0.19719000
   0.24650403  0.18538826  0.50129403
   0.37304000  0.19194000  0.09637000
   0.64673727  0.43791041  0.29787449
   0.45479596  0.06053746  0.40060550
   0.51314000  0.31594000  0.19696000
   0.70637000  0.19194000  0.09637000
   0.98154405  0.43858427  0.29776277
   0.78817832  0.06039376  0.40165620
   0.84665000  0.31624000  0.19703000
   0.93932473  0.18720589  0.50213797
   0.03971000  0.69194000  0.09637000
   0.31961740  0.93933934  0.29839178
   0.12074945  0.56029489  0.39983312
   0.18025000  0.81742000  0.19778000
   0.27275379  0.69166616  0.49433258
   0.37304000  0.69194000  0.09637000
   0.65248704  0.93842084  0.29717190
   0.45497203  0.55903911  0.40020576
   0.51318000  0.81586000  0.19571000
   0.60249309  0.68998336  0.49578037
   0.70637000  0.69194000  0.09637000
   0.98527645  0.93847294  0.29668121
   0.84718000  0.81593000  0.19584000
   0.93881020  0.68222621  0.49352097
   0.78642442  0.55996146  0.39883238
   0.17417000  0.33753000  0.11288000
   0.24873351  0.20642263  0.41683823
   0.05996187  0.33698805  0.50362443
   0.31386000  0.46170000  0.21427000
   0.11589261  0.08541940  0.31581204
   0.23858000  0.04636000  0.07986000
   0.04735000  0.17100000  0.18013000
   0.31266884  0.41788480  0.38311971
   0.14151229  0.03038893  0.48047408
   0.18240711  0.29335627  0.28052837
   0.50750000  0.33753000  0.11288000
   0.58195681  0.20777049  0.41312583
   0.38842222  0.32752667  0.51515393
   0.64712000  0.46121000  0.21367000
   0.45098168  0.08441350  0.31675380
   0.57191000  0.04636000  0.07986000
   0.38063000  0.17082000  0.17998000
   0.64647778  0.41766011  0.38219018
   0.47439088  0.04109049  0.48695055
   0.51721084  0.29102685  0.27984907
   0.84083000  0.33753000  0.11288000
   0.91105109  0.20612454  0.41811751
   0.72369927  0.32819140  0.51303803
   0.98063000  0.46160000  0.21400000
   0.78428305  0.08360576  0.31679477
   0.90524000  0.04636000  0.07986000
   0.71387000  0.17083000  0.18002000
   0.98100709  0.41790258  0.38135451
   0.80575851  0.03857886  0.48724429
   0.84859069  0.29260199  0.27998250
   0.17417000  0.83753000  0.11288000
   0.25868537  0.70636065  0.41185613
   0.06995865  0.82042206  0.52018904
   0.31682000  0.96236000  0.21534000
   0.11815549  0.58291950  0.31547427
   0.23858000  0.54636000  0.07986000
   0.04601000  0.67209000  0.18056000
   0.32408572  0.91622299  0.38188469
   0.12728901  0.55252993  0.48734849
   0.18463163  0.79295875  0.28078894
   0.50619000  0.83294000  0.10916000
   0.59137177  0.70588804  0.41317054
   0.40526640  0.82506911  0.51633579
   0.64926000  0.96050000  0.21277000
   0.45154809  0.58303644  0.31630827
   0.57191000  0.54636000  0.07986000
   0.37906000  0.67136000  0.18002000
   0.65715882  0.91540978  0.38097545
   0.46274579  0.54603532  0.48806780
   0.51777972  0.79241531  0.27918635
   0.83992000  0.83287000  0.10930000
   0.73998039  0.82342090  0.51650615
   0.98268000  0.96077000  0.21320000
   0.78391815  0.58235633  0.31509372
   0.90524000  0.54636000  0.07986000
   0.71230000  0.67144000  0.18017000
   0.99039333  0.91434596  0.37989082
   0.79199957  0.54423162  0.48563164
   0.85069590  0.79222249  0.27918710
   0.92478198  0.70640473  0.41189734
   0.78477000  0.69231000  0.65805000
   0.07399897  0.14913781  0.58583353
  -0.04486777  0.77502488  0.59852516
   0.72108008  0.63195101  0.69752778
   0.80224994  0.57510922  0.74060697
   0.74561249  0.48567632  0.74102414
   0.92947102  0.58740270  0.73265786
   0.78049551  0.60643088  0.78371100
   0.59038461  0.61887756  0.70145374
