   0.18177000  0.06503000  0.19527000
   0.24650104  0.43923378  0.50328624
   0.03971000  0.44194000  0.09637000
   0.31741544  0.18957597  0.29881278
   0.11041470  0.31723882  0.40147641
   0.51472000  0.06471000  0.19485000
   0.58198660  0.44148631  0.50102566
   0.37304000  0.44194000  0.09637000
   0.65099483  0.18988545  0.29881650
   0.44404099  0.31615867  0.40235691
   0.84826000  0.06468000  0.19455000
   0.91567986  0.44217291  0.50268286
   0.70637000  0.44194000  0.09637000
   0.98407777  0.18990156  0.29896001
   0.77468054  0.31758297  0.40399903
   0.17955000  0.56532000  0.19533000
   0.28086345  0.93212041  0.50524672
   0.03971000  0.94194000  0.09637000
   0.31473722  0.68928772  0.29818093
   0.12489825  0.81379815  0.39536542
   0.51276000  0.56480000  0.19498000
   0.60999122  0.93325290  0.50396892
   0.37304000  0.94194000  0.09637000
   0.64769478  0.68932246  0.29710078
   0.45735606  0.81460989  0.39813415
   0.84642000  0.56519000  0.19522000
   0.94265654  0.93706530  0.50413496
   0.70637000  0.94194000  0.09637000
   0.98113286  0.68907108  0.29732080
   0.79043359  0.81444957  0.39697997
   0.58459144  0.18934718  0.50253012
   0.03971000  0.19194000  0.09637000
   0.31290981  0.44015708  0.29857494
   0.12434812  0.06125615  0.40151410
   0.18013000  0.31638000  0.19719000
   0.26390071  0.19242564  0.49799574
   0.37304000  0.19194000  0.09637000
   0.64537810  0.43941741  0.29759286
   0.45902749  0.06150418  0.39989644
   0.51314000  0.31594000  0.19696000
   0.70637000  0.19194000  0.09637000
   0.97916473  0.44015326  0.29839022
   0.78937329  0.06187806  0.40012751
   0.84665000  0.31624000  0.19703000
   0.91817422  0.19647821  0.49633581
   0.03971000  0.69194000  0.09637000
   0.31950706  0.94065643  0.29830666
   0.11447995  0.56343402  0.40019316
   0.18025000  0.81742000  0.19778000
   0.26584892  0.68981274  0.49512056
   0.37304000  0.69194000  0.09637000
   0.65180511  0.93986081  0.29704783
   0.44827319  0.56356753  0.40004342
   0.51318000  0.81586000  0.19571000
   0.59011590  0.69742713  0.49564396
   0.70637000  0.69194000  0.09637000
   0.98526860  0.94073684  0.29768171
   0.84718000  0.81593000  0.19584000
   0.91791088  0.69629054  0.49303213
   0.78082065  0.56339358  0.39778589
   0.17417000  0.33753000  0.11288000
   0.24208805  0.20949112  0.41582115
   0.04505602  0.33404801  0.51483378
   0.31386000  0.46170000  0.21427000
   0.11804600  0.08538124  0.31696755
   0.23858000  0.04636000  0.07986000
   0.04735000  0.17100000  0.18013000
   0.30970467  0.42038910  0.38274022
   0.14622151  0.03935704  0.48855912
   0.18295684  0.29360377  0.28047034
   0.50750000  0.33753000  0.11288000
   0.57557534  0.20951455  0.41733574
   0.38046316  0.33659280  0.51068710
   0.64712000  0.46121000  0.21367000
   0.45224618  0.08578127  0.31627051
   0.57191000  0.04636000  0.07986000
   0.38063000  0.17082000  0.17998000
   0.64126168  0.42096150  0.38142627
   0.47380251  0.03337299  0.48174316
   0.51621250  0.29322429  0.28001753
   0.84083000  0.33753000  0.11288000
   0.91091866  0.21013918  0.41444070
   0.71802690  0.33843439  0.50523116
   0.98063000  0.46160000  0.21400000
   0.78507821  0.08493626  0.31580657
   0.90524000  0.04636000  0.07986000
   0.71387000  0.17083000  0.18002000
   0.97562754  0.42101996  0.38288338
   0.81074688  0.04257954  0.48631003
   0.84988182  0.29372586  0.28017210
   0.17417000  0.83753000  0.11288000
   0.25619458  0.70776914  0.41218463
   0.07307933  0.82471825  0.52253399
   0.31682000  0.96236000  0.21534000
   0.11459924  0.58476776  0.31590457
   0.23858000  0.54636000  0.07986000
   0.04601000  0.67209000  0.18056000
   0.32265072  0.91761726  0.38118389
   0.11861979  0.55118223  0.48774455
   0.18178633  0.79455381  0.28093416
   0.50619000  0.83294000  0.10916000
   0.59061368  0.70776090  0.41159037
   0.40931636  0.82020538  0.51553048
   0.64926000  0.96050000  0.21277000
   0.44808839  0.58502657  0.31588192
   0.57191000  0.54636000  0.07986000
   0.37906000  0.67136000  0.18002000
   0.65644179  0.91797640  0.38087005
   0.44928042  0.55423114  0.48774967
   0.51471747  0.79429121  0.27943923
   0.83992000  0.83287000  0.10930000
   0.74634342  0.82450808  0.51406360
   0.98268000  0.96077000  0.21320000
   0.78105840  0.58442666  0.31407723
   0.90524000  0.54636000  0.07986000
   0.71230000  0.67144000  0.18017000
   0.99042994  0.91874420  0.38214563
   0.78263224  0.55371342  0.48463860
   0.84845174  0.79507514  0.27961731
   0.92549367  0.70810868  0.41003127
   0.78477000  0.69231000  0.65805000
   0.54822182  0.15337693  0.59580053
  -0.01292688  0.76449241  0.60370094
   0.71538279  0.61575716  0.68850134
   0.79759604  0.56426134  0.73361358
   0.75068624  0.47337239  0.73779905
   0.92645572  0.58347332  0.72619564
   0.77150070  0.60108403  0.77509158
   0.58621692  0.58664428  0.68356072
