   0.17896481  0.06465656  0.19518600
   0.26752569  0.43281051  0.50248978
   0.03971000  0.44194000  0.09637000
   0.31472841  0.18922297  0.29912764
   0.11968508  0.31265128  0.40254729
   0.51243537  0.06453329  0.19548211
   0.60044015  0.43361034  0.50288057
   0.37304000  0.44194000  0.09637000
   0.64814720  0.18875190  0.29939239
   0.44959043  0.31273461  0.40374446
   0.84567233  0.06474370  0.19537511
   0.93252301  0.43189975  0.50217269
   0.70637000  0.44194000  0.09637000
   0.98170731  0.18904029  0.29953591
   0.78506487  0.31332504  0.40046374
   0.17999056  0.56412776  0.19522577
   0.26292361  0.93700815  0.51035506
   0.03971000  0.94194000  0.09637000
   0.31626552  0.68795046  0.29861490
   0.12017524  0.81385461  0.39712920
   0.51332433  0.56395362  0.19495964
   0.59285375  0.93365213  0.50573184
   0.37304000  0.94194000  0.09637000
   0.64940960  0.68797485  0.29808914
   0.45302807  0.81431817  0.39967691
   0.84671116  0.56393805  0.19518790
   0.92419022  0.93307431  0.50537889
   0.70637000  0.94194000  0.09637000
   0.98270704  0.68790994  0.29795561
   0.78636231  0.81364536  0.39847415
   0.93267317  0.68417069  0.49354533
   0.03971000  0.19194000  0.09637000
   0.31607475  0.43830054  0.29839235
   0.11903181  0.05993682  0.40104184
   0.17908526  0.31538124  0.19631550
   0.25863864  0.18206227  0.50396068
   0.37304000  0.19194000  0.09637000
   0.64856698  0.43811877  0.29811882
   0.45125375  0.06057689  0.40032459
   0.51235440  0.31538059  0.19712764
   0.58593649  0.19116593  0.49683405
   0.70637000  0.19194000  0.09637000
   0.98365509  0.43828577  0.29863986
   0.78475194  0.06086256  0.40131539
   0.84541752  0.31557503  0.19750770
   0.92674787  0.19132534  0.49645391
   0.03971000  0.69194000  0.09637000
   0.31560773  0.93930840  0.29788298
   0.12286514  0.55979042  0.40040822
   0.17908356  0.81569311  0.19723426
   0.26547031  0.69122922  0.49592236
   0.37304000  0.69194000  0.09637000
   0.64892542  0.93932654  0.29860825
   0.45635036  0.56007822  0.40059861
   0.51250948  0.81579515  0.19737265
   0.59581766  0.69289066  0.49673061
   0.70637000  0.69194000  0.09637000
   0.98228894  0.94001718  0.29800012
   0.84565844  0.81586488  0.19714185
   0.78834311  0.55923915  0.39888977
   0.17310000  0.33301000  0.10976000
   0.24953541  0.20494562  0.41870133
   0.06412698  0.32704338  0.51140216
   0.31413439  0.46023365  0.21397389
   0.11589825  0.08496800  0.31679755
   0.23858000  0.04636000  0.07986000
   0.04516740  0.17092877  0.18003232
   0.31748245  0.41720891  0.38262499
   0.12281023  0.03227134  0.48403328
   0.18103459  0.29328005  0.28000963
   0.50750000  0.33753000  0.11288000
   0.58570461  0.20551091  0.41342827
   0.40236224  0.32862471  0.50778740
   0.64749024  0.46053781  0.21425029
   0.44817157  0.08424669  0.31636365
   0.57191000  0.04636000  0.07986000
   0.37858229  0.17054610  0.18006713
   0.64972404  0.41676309  0.38206286
   0.46385763  0.04095743  0.48528858
   0.51424407  0.29264213  0.28019806
   0.84083000  0.33753000  0.11288000
   0.91744032  0.20607193  0.41371357
   0.73053264  0.32454169  0.51283761
   0.98125302  0.46058719  0.21457369
   0.78191348  0.08402665  0.31705898
   0.90524000  0.04636000  0.07986000
   0.71174844  0.17072156  0.18019244
   0.98532571  0.41719568  0.38269965
   0.79560513  0.04323294  0.48819834
   0.84770377  0.29297720  0.28083441
   0.17417000  0.83753000  0.11288000
   0.25265020  0.70778591  0.41378418
   0.05169324  0.82074508  0.52599371
   0.31302326  0.96089763  0.21444324
   0.11701611  0.58378886  0.31661876
   0.23858000  0.54636000  0.07986000
   0.04609560  0.67035963  0.18018102
   0.31832505  0.91665465  0.38123496
   0.13534593  0.54541709  0.48772474
   0.18247556  0.79244735  0.28041524
   0.50750000  0.83753000  0.11288000
   0.58707718  0.70806844  0.41427988
   0.39140315  0.82663236  0.51775650
   0.64664298  0.96103768  0.21484684
   0.45035331  0.58367035  0.31673758
   0.57191000  0.54636000  0.07986000
   0.37947271  0.67055986  0.18018386
   0.65163278  0.91719158  0.38260443
   0.46954971  0.54598664  0.48758535
   0.51572262  0.79274596  0.28060927
   0.84083000  0.83753000  0.11288000
   0.72512325  0.82652989  0.52051997
   0.97995073  0.96128212  0.21446355
   0.78308879  0.58350397  0.31573510
   0.90524000  0.54636000  0.07986000
   0.71276526  0.67042740  0.18005793
   0.98464325  0.91637278  0.38105777
   0.80245351  0.54138274  0.48490630
   0.84878868  0.79262969  0.28023567
   0.92096835  0.70745858  0.41268162
   0.77388141  0.61466335  0.64974349
   0.27375195  0.12577145  0.59598945
   0.93011942  0.74478241  0.60042231
   0.71943461  0.54963663  0.68890911
   0.80161183  0.53366860  0.74352564
   0.76309994  0.44822833  0.75897516
   0.93023090  0.55775574  0.73933663
   0.76345828  0.58786164  0.77601092
   0.59622516  0.49991300  0.68350982
