   0.18177000  0.06503000  0.19527000
   0.24600851  0.43888680  0.50417274
   0.03971000  0.44194000  0.09637000
   0.31794286  0.18998679  0.29939125
   0.11220057  0.31766323  0.40236325
   0.51472000  0.06471000  0.19485000
   0.58104484  0.44195408  0.50123181
   0.37304000  0.44194000  0.09637000
   0.65189416  0.19070835  0.29894636
   0.44463946  0.31580633  0.40308214
   0.84826000  0.06468000  0.19455000
   0.91430664  0.44315951  0.50322808
   0.70637000  0.44194000  0.09637000
   0.98485442  0.19010770  0.29875620
   0.77596051  0.31834699  0.40439913
   0.17955000  0.56532000  0.19533000
   0.28098179  0.93229623  0.50628278
   0.03971000  0.94194000  0.09637000
   0.31467318  0.68920138  0.29799371
   0.12579749  0.81386853  0.39400188
   0.51276000  0.56480000  0.19498000
   0.61113573  0.93413819  0.50307056
   0.37304000  0.94194000  0.09637000
   0.64710827  0.68902384  0.29717234
   0.45730455  0.81515617  0.39857908
   0.84642000  0.56519000  0.19522000
   0.94296851  0.93757381  0.50612382
   0.70637000  0.94194000  0.09637000
   0.98070856  0.68849642  0.29785759
   0.79001462  0.81512505  0.39530064
   0.58289740  0.19031321  0.50279911
   0.03971000  0.19194000  0.09637000
   0.31337464  0.43994482  0.29871067
   0.12506324  0.06069147  0.40160422
   0.18013000  0.31638000  0.19719000
   0.26415943  0.19080686  0.49854918
   0.37304000  0.19194000  0.09637000
   0.64410537  0.43854043  0.29729389
   0.46052056  0.06196876  0.39985287
   0.51314000  0.31594000  0.19696000
   0.70637000  0.19194000  0.09637000
   0.98011813  0.44035194  0.29865095
   0.79053252  0.06224563  0.39982752
   0.84665000  0.31624000  0.19703000
   0.91926183  0.19682609  0.49604403
   0.03971000  0.69194000  0.09637000
   0.32062274  0.94125518  0.29819846
   0.11467568  0.56384791  0.40094429
   0.18025000  0.81742000  0.19778000
   0.26604217  0.68990589  0.49573502
   0.37304000  0.69194000  0.09637000
   0.65169907  0.94031079  0.29689685
   0.44772829  0.56405654  0.40035221
   0.51318000  0.81586000  0.19571000
   0.58798987  0.69761282  0.49567460
   0.70637000  0.69194000  0.09637000
   0.98531397  0.94093283  0.29738655
   0.84718000  0.81593000  0.19584000
   0.91160026  0.70076355  0.48993105
   0.77951114  0.56278874  0.39620844
   0.17417000  0.33753000  0.11288000
   0.24261708  0.20861491  0.41649229
   0.04360206  0.33433214  0.51502732
   0.31386000  0.46170000  0.21427000
   0.11880227  0.08564871  0.31697522
   0.23858000  0.04636000  0.07986000
   0.04735000  0.17100000  0.18013000
   0.31048787  0.42024164  0.38304530
   0.14626920  0.03896999  0.48935737
   0.18369404  0.29355681  0.28046270
   0.50750000  0.33753000  0.11288000
   0.57793803  0.20978586  0.41773524
   0.37934378  0.33561569  0.51040713
   0.64712000  0.46121000  0.21367000
   0.45351738  0.08660174  0.31652345
   0.57191000  0.04636000  0.07986000
   0.38063000  0.17082000  0.17998000
   0.64067078  0.41976455  0.38103604
   0.47303590  0.03436634  0.48191085
   0.51587853  0.29279328  0.27982752
   0.84083000  0.33753000  0.11288000
   0.91225905  0.21036922  0.41397230
   0.71701808  0.33997942  0.50695909
   0.98063000  0.46160000  0.21400000
   0.78555825  0.08534684  0.31542993
   0.90524000  0.04636000  0.07986000
   0.71387000  0.17083000  0.18002000
   0.97696758  0.42142106  0.38348325
   0.81236107  0.04250785  0.48651771
   0.85077171  0.29417161  0.28025604
   0.17417000  0.83753000  0.11288000
   0.25624093  0.70784191  0.41288978
   0.07209753  0.82477884  0.52076429
   0.31682000  0.96236000  0.21534000
   0.11518070  0.58468322  0.31646142
   0.23858000  0.54636000  0.07986000
   0.04601000  0.67209000  0.18056000
   0.32365057  0.91806976  0.38076928
   0.11839319  0.55135649  0.48909749
   0.18164183  0.79472601  0.28121789
   0.50619000  0.83294000  0.10916000
   0.59021851  0.70844872  0.41148543
   0.41051749  0.82052026  0.51521636
   0.64926000  0.96050000  0.21277000
   0.44750308  0.58503637  0.31611533
   0.57191000  0.54636000  0.07986000
   0.37906000  0.67136000  0.18002000
   0.65589015  0.91945109  0.38077482
   0.44818667  0.55405300  0.48860476
   0.51487200  0.79445136  0.27949451
   0.83992000  0.83287000  0.10930000
   0.74679528  0.82359783  0.51283024
   0.98268000  0.96077000  0.21320000
   0.77957581  0.58313991  0.31287200
   0.90524000  0.54636000  0.07986000
   0.71230000  0.67144000  0.18017000
   0.99078628  0.91914992  0.38134401
   0.78196893  0.55492195  0.48242354
   0.84845269  0.79457871  0.27970332
   0.92529641  0.70797940  0.40664640
   0.78477000  0.69231000  0.65805000
   0.54901626  0.15258815  0.59588886
   0.00900483  0.73744311  0.60083868
   0.71420854  0.61333435  0.68678275
   0.79594497  0.56376318  0.73291750
   0.75471906  0.47410306  0.74091516
   0.92346761  0.58445443  0.72448897
   0.77143703  0.60531175  0.77225063
   0.58312851  0.58328086  0.67922624
