   0.18177000  0.06503000  0.19527000
   0.26284101  0.43617151  0.50204114
   0.03971000  0.44194000  0.09637000
   0.31557128  0.18896617  0.29923727
   0.11632559  0.31266759  0.40422003
   0.51472000  0.06471000  0.19485000
   0.59203662  0.43470266  0.50269123
   0.37304000  0.44194000  0.09637000
   0.64992378  0.18971918  0.29944489
   0.44897135  0.31335255  0.40231797
   0.84826000  0.06468000  0.19455000
   0.92694480  0.43567648  0.50108766
   0.70637000  0.44194000  0.09637000
   0.98249327  0.18977632  0.29978147
   0.78503594  0.31452227  0.40210350
   0.17955000  0.56532000  0.19533000
   0.27251827  0.93191169  0.50501088
   0.03971000  0.94194000  0.09637000
   0.31751802  0.68862808  0.29859143
   0.12255849  0.81262157  0.39592811
   0.51276000  0.56480000  0.19498000
   0.60293356  0.93303182  0.50562651
   0.37304000  0.94194000  0.09637000
   0.64929183  0.68815644  0.29754867
   0.45639464  0.81425778  0.39878723
   0.84642000  0.56519000  0.19522000
   0.93458050  0.93133802  0.50380030
   0.70637000  0.94194000  0.09637000
   0.98306066  0.68768793  0.29736993
   0.78843257  0.81248751  0.39780693
   0.59053570  0.19362722  0.49633539
   0.03971000  0.19194000  0.09637000
   0.31485902  0.43868830  0.29891740
   0.12207650  0.05739179  0.39899670
   0.18013000  0.31638000  0.19719000
   0.24849183  0.18341309  0.50002010
   0.37304000  0.19194000  0.09637000
   0.64817320  0.43864508  0.29787283
   0.45392474  0.06125107  0.40082495
   0.51314000  0.31594000  0.19696000
   0.70637000  0.19194000  0.09637000
   0.98281309  0.43879764  0.29829110
   0.78771900  0.06089139  0.40243734
   0.84665000  0.31624000  0.19703000
   0.94034843  0.18775044  0.50196884
   0.03971000  0.69194000  0.09637000
   0.31882734  0.94002616  0.29828322
   0.12082417  0.56095702  0.39981253
   0.18025000  0.81742000  0.19778000
   0.26609649  0.69182864  0.49501468
   0.37304000  0.69194000  0.09637000
   0.65132717  0.94009869  0.29755535
   0.45340914  0.56011959  0.40036986
   0.51318000  0.81586000  0.19571000
   0.59671311  0.69294809  0.49569490
   0.70637000  0.69194000  0.09637000
   0.98367640  0.93899981  0.29678314
   0.84718000  0.81593000  0.19584000
   0.93387681  0.68420188  0.49473114
   0.78631514  0.56040640  0.39864759
   0.17417000  0.33753000  0.11288000
   0.25027206  0.20310941  0.41592063
   0.06146838  0.33541248  0.50540523
   0.31386000  0.46170000  0.21427000
   0.11531366  0.08419174  0.31552559
   0.23858000  0.04636000  0.07986000
   0.04735000  0.17100000  0.18013000
   0.31455261  0.41747095  0.38313126
   0.13440144  0.02668862  0.48073212
   0.18217854  0.29316451  0.28048637
   0.50750000  0.33753000  0.11288000
   0.58512499  0.20689431  0.41344935
   0.39388447  0.32711998  0.50811134
   0.64712000  0.46121000  0.21367000
   0.45050711  0.08498931  0.31653811
   0.57191000  0.04636000  0.07986000
   0.38063000  0.17082000  0.17998000
   0.64911993  0.41797846  0.38198569
   0.47084794  0.04262150  0.48788529
   0.51509071  0.29312267  0.28024675
   0.84083000  0.33753000  0.11288000
   0.91417810  0.20592253  0.41779914
   0.72462288  0.32933526  0.51371104
   0.98063000  0.46160000  0.21400000
   0.78318261  0.08502630  0.31740718
   0.90524000  0.04636000  0.07986000
   0.71387000  0.17083000  0.18002000
   0.98304551  0.41805547  0.38235612
   0.80454787  0.03939190  0.48912278
   0.84891353  0.29356467  0.28037324
   0.17417000  0.83753000  0.11288000
   0.25601619  0.70766786  0.41227180
   0.06959406  0.81984082  0.52243787
   0.31682000  0.96236000  0.21534000
   0.11743741  0.58386095  0.31582940
   0.23858000  0.54636000  0.07986000
   0.04601000  0.67209000  0.18056000
   0.32152880  0.91730044  0.38148914
   0.12825206  0.55049314  0.48731727
   0.18344948  0.79352759  0.28091623
   0.50619000  0.83294000  0.10916000
   0.58906684  0.70684709  0.41284801
   0.40232556  0.82484968  0.51606282
   0.64926000  0.96050000  0.21277000
   0.45004169  0.58356033  0.31666550
   0.57191000  0.54636000  0.07986000
   0.37906000  0.67136000  0.18002000
   0.65472184  0.91723285  0.38170351
   0.46293080  0.54798134  0.48765568
   0.51727713  0.79348831  0.27946467
   0.83992000  0.83287000  0.10930000
   0.73599819  0.82429797  0.51829512
   0.98268000  0.96077000  0.21320000
   0.78304031  0.58367154  0.31484611
   0.90524000  0.54636000  0.07986000
   0.71230000  0.67144000  0.18017000
   0.98555448  0.91436034  0.37973938
   0.79470532  0.54482902  0.48573268
   0.84983191  0.79262877  0.27913374
   0.92365917  0.70664572  0.41267590
   0.78477000  0.69231000  0.65805000
   0.11874192  0.15708327  0.58631241
  -0.04318258  0.78268582  0.60233275
   0.72035970  0.63263288  0.69770076
   0.80067408  0.57519372  0.74113317
   0.74235793  0.48599398  0.74111445
   0.92739156  0.58639978  0.73320312
   0.77874027  0.60624848  0.78396469
   0.58960732  0.62024547  0.70153143
