   0.17876999  0.06452863  0.19536321
   0.26843043  0.43263051  0.50204935
   0.03971000  0.44194000  0.09637000
   0.31470477  0.18923739  0.29856121
   0.12035360  0.31222879  0.40302608
   0.51241102  0.06450160  0.19518002
   0.60098468  0.43285974  0.50208540
   0.37304000  0.44194000  0.09637000
   0.64798598  0.18887443  0.29923366
   0.45027852  0.31257834  0.40317383
   0.84539486  0.06489334  0.19533144
   0.93387711  0.43161248  0.50160706
   0.70637000  0.44194000  0.09637000
   0.98202588  0.18946469  0.29958881
   0.78557184  0.31304326  0.39966930
   0.17988355  0.56407332  0.19514413
   0.26240530  0.93678332  0.51059079
   0.03971000  0.94194000  0.09637000
   0.31605196  0.68846323  0.29837691
   0.11872826  0.81462810  0.39735988
   0.51315644  0.56318034  0.19442172
   0.59276887  0.93486393  0.50625479
   0.37304000  0.94194000  0.09637000
   0.64934077  0.68808949  0.29759312
   0.45225792  0.81452489  0.39950296
   0.84669585  0.56408619  0.19496079
   0.92355752  0.93295403  0.50606349
   0.70637000  0.94194000  0.09637000
   0.98294116  0.68855954  0.29719656
   0.78526153  0.81437539  0.39933498
   0.93089546  0.68377837  0.49385253
   0.03971000  0.19194000  0.09637000
   0.31594998  0.43835763  0.29848431
   0.11970803  0.05980235  0.40152330
   0.17888747  0.31532398  0.19619884
   0.25780982  0.18211462  0.50420916
   0.37304000  0.19194000  0.09637000
   0.64943143  0.43776098  0.29728706
   0.45203229  0.06057853  0.40074327
   0.51198288  0.31488418  0.19670293
   0.58569998  0.19204352  0.49673427
   0.70637000  0.19194000  0.09637000
   0.98374235  0.43836830  0.29862518
   0.78536323  0.06083106  0.40124612
   0.84488432  0.31589886  0.19734310
   0.92769258  0.19123339  0.49651088
   0.03971000  0.69194000  0.09637000
   0.31541805  0.94017086  0.29816557
   0.12289097  0.56059208  0.40024567
   0.17941583  0.81599985  0.19714414
   0.26568155  0.69185931  0.49582839
   0.37304000  0.69194000  0.09637000
   0.64880139  0.93971470  0.29866648
   0.45635759  0.56009494  0.40033714
   0.51221097  0.81590721  0.19745188
   0.59470912  0.69261068  0.49654592
   0.70637000  0.69194000  0.09637000
   0.98223339  0.94079116  0.29820068
   0.84529184  0.81624051  0.19720232
   0.78941632  0.55952906  0.39789550
   0.17310000  0.33301000  0.10976000
   0.25053833  0.20474812  0.41938317
   0.06572035  0.32678116  0.51164138
   0.31403499  0.46000560  0.21385358
   0.11649493  0.08556040  0.31729097
   0.23858000  0.04636000  0.07986000
   0.04479319  0.17086186  0.18005561
   0.31793308  0.41685288  0.38290110
   0.12238866  0.03159890  0.48425222
   0.18104545  0.29359468  0.27987586
   0.50750000  0.33753000  0.11288000
   0.58590497  0.20580841  0.41309140
   0.40286129  0.32828216  0.50883772
   0.64793094  0.45975776  0.21350105
   0.44826857  0.08478304  0.31668841
   0.57191000  0.04636000  0.07986000
   0.37781054  0.17018693  0.17977643
   0.65075640  0.41678497  0.38106781
   0.46345177  0.04185298  0.48594657
   0.51406630  0.29243133  0.27956754
   0.84083000  0.33753000  0.11288000
   0.91793424  0.20610941  0.41365948
   0.73217901  0.32439804  0.51193541
   0.98101514  0.46084919  0.21461516
   0.78214584  0.08445791  0.31705469
   0.90524000  0.04636000  0.07986000
   0.71135826  0.17078330  0.17983279
   0.98665055  0.41709592  0.38255584
   0.79576788  0.04351434  0.48817690
   0.84748545  0.29303442  0.28054458
   0.17417000  0.83753000  0.11288000
   0.25148548  0.70880379  0.41387011
   0.05034837  0.81998900  0.52659019
   0.31370203  0.96104409  0.21451742
   0.11661724  0.58436212  0.31640661
   0.23858000  0.54636000  0.07986000
   0.04614838  0.67065342  0.18012211
   0.31757112  0.91726704  0.38158301
   0.13638669  0.54545505  0.48727056
   0.18265535  0.79328179  0.28033433
   0.50750000  0.83753000  0.11288000
   0.58614307  0.70818375  0.41414364
   0.39179193  0.82723519  0.51791403
   0.64669022  0.96129573  0.21490555
   0.44979413  0.58380027  0.31641685
   0.57191000  0.54636000  0.07986000
   0.37955718  0.67034184  0.18014101
   0.65071077  0.91756166  0.38253369
   0.47001091  0.54521639  0.48703375
   0.51580996  0.79305053  0.28064053
   0.84083000  0.83753000  0.11288000
   0.72363687  0.82655517  0.51967804
   0.98001896  0.96158578  0.21454452
   0.78369388  0.58363983  0.31451937
   0.90524000  0.54636000  0.07986000
   0.71247955  0.67047975  0.18012264
   0.98292342  0.91692679  0.38126587
   0.80316218  0.54062998  0.48395460
   0.84874518  0.79337232  0.28019954
   0.91972582  0.70820968  0.41315650
   0.77724161  0.60481490  0.64768359
   0.26867239  0.12560495  0.59588030
   0.93230454  0.74278871  0.60150524
   0.71844929  0.54650171  0.68894237
   0.80040020  0.53284951  0.74345323
   0.76030803  0.44755802  0.76024910
   0.92963103  0.55540998  0.73966027
   0.76264329  0.58851294  0.77589311
   0.59307902  0.50227197  0.68525036
