   0.18177000  0.06503000  0.19527000
   0.24510318  0.44134125  0.50455889
   0.03971000  0.44194000  0.09637000
   0.31869828  0.19041924  0.29930300
   0.11511831  0.31763109  0.40108970
   0.51472000  0.06471000  0.19485000
   0.58199631  0.44328680  0.50376726
   0.37304000  0.44194000  0.09637000
   0.65199393  0.18995183  0.29817360
   0.44875634  0.31863601  0.40140421
   0.84826000  0.06468000  0.19455000
   0.90708977  0.43995269  0.50291866
   0.70637000  0.44194000  0.09637000
   0.98575343  0.18981419  0.29777351
   0.78061200  0.31795856  0.40186263
   0.17955000  0.56532000  0.19533000
   0.28235726  0.93656987  0.50417944
   0.03971000  0.94194000  0.09637000
   0.31593374  0.69085036  0.29816348
   0.12541435  0.81611061  0.39828364
   0.51276000  0.56480000  0.19498000
   0.61251539  0.93179984  0.50282832
   0.37304000  0.94194000  0.09637000
   0.64861419  0.69020445  0.29725660
   0.45881352  0.81644216  0.39884685
   0.84642000  0.56519000  0.19522000
   0.94747632  0.93458791  0.50228847
   0.70637000  0.94194000  0.09637000
   0.98224816  0.69067565  0.29790068
   0.79113528  0.81528808  0.39796738
   0.59147144  0.20292257  0.49799886
   0.03971000  0.19194000  0.09637000
   0.31455891  0.44074874  0.29802216
   0.12783063  0.06247437  0.40033162
   0.18013000  0.31638000  0.19719000
   0.25883075  0.19391305  0.50275999
   0.37304000  0.19194000  0.09637000
   0.64761844  0.44017711  0.29726260
   0.46195349  0.06455246  0.40294482
   0.51314000  0.31594000  0.19696000
   0.70637000  0.19194000  0.09637000
   0.98101812  0.44046487  0.29768092
   0.79412865  0.06202317  0.39875809
   0.84665000  0.31624000  0.19703000
   0.92930501  0.19777701  0.49393324
   0.03971000  0.69194000  0.09637000
   0.32025748  0.94227847  0.29939285
   0.11502507  0.56551620  0.39841653
   0.18025000  0.81742000  0.19778000
   0.25930169  0.69766298  0.49443865
   0.37304000  0.69194000  0.09637000
   0.65246205  0.94004154  0.29682345
   0.44716919  0.56597626  0.39957707
   0.51318000  0.81586000  0.19571000
   0.58844471  0.69674156  0.49548511
   0.70637000  0.69194000  0.09637000
   0.98600570  0.94021485  0.29728359
   0.84718000  0.81593000  0.19584000
   0.92002336  0.69853898  0.49451547
   0.78199614  0.56526651  0.39776685
   0.17417000  0.33753000  0.11288000
   0.24954308  0.21161820  0.41387712
   0.03857660  0.33347269  0.51198822
   0.31386000  0.46170000  0.21427000
   0.11933172  0.08519565  0.31608552
   0.23858000  0.04636000  0.07986000
   0.04735000  0.17100000  0.18013000
   0.31318244  0.42144551  0.38250470
   0.14609153  0.04206505  0.48570039
   0.18432487  0.29393538  0.28045671
   0.50750000  0.33753000  0.11288000
   0.58277157  0.21158018  0.41892327
   0.38313450  0.34484048  0.50748070
   0.64712000  0.46121000  0.21367000
   0.45445968  0.08757950  0.31896206
   0.57191000  0.04636000  0.07986000
   0.38063000  0.17082000  0.17998000
   0.64713010  0.41999623  0.38118779
   0.48688264  0.04647305  0.49063558
   0.51731881  0.29337145  0.28032367
   0.84083000  0.33753000  0.11288000
   0.91275431  0.21021339  0.41512991
   0.71462021  0.33190878  0.51426444
   0.98063000  0.46160000  0.21400000
   0.78675984  0.08577704  0.31549045
   0.90524000  0.04636000  0.07986000
   0.71387000  0.17083000  0.18002000
   0.97985591  0.42096106  0.38216791
   0.81210954  0.04588394  0.48814071
   0.85090805  0.29376554  0.28035624
   0.17417000  0.83753000  0.11288000
   0.25772382  0.70830482  0.41046563
   0.07766978  0.82181276  0.51222890
   0.31682000  0.96236000  0.21534000
   0.11571347  0.58555412  0.31516791
   0.23858000  0.54636000  0.07986000
   0.04601000  0.67209000  0.18056000
   0.32488671  0.92163081  0.38394733
   0.11688972  0.55375921  0.48834335
   0.18282706  0.79654542  0.28154993
   0.50619000  0.83294000  0.10916000
   0.59115126  0.70869855  0.41154464
   0.41068543  0.82479713  0.51195171
   0.64926000  0.96050000  0.21277000
   0.44889103  0.58578029  0.31545935
   0.57191000  0.54636000  0.07986000
   0.37906000  0.67136000  0.18002000
   0.65746997  0.91960163  0.38097082
   0.44667997  0.55522581  0.48652258
   0.51530828  0.79500822  0.27964178
   0.83992000  0.83287000  0.10930000
   0.74764323  0.82489590  0.51071374
   0.98268000  0.96077000  0.21320000
   0.78231428  0.58530835  0.31410547
   0.90524000  0.54636000  0.07986000
   0.71230000  0.67144000  0.18017000
   0.99014434  0.91963274  0.38189208
   0.78211678  0.55633295  0.48487978
   0.84898705  0.79528333  0.27984416
   0.92546749  0.70868059  0.40988671
   0.78477000  0.69231000  0.65805000
   0.33056581  0.25974286  0.61843942
   0.95298318  0.64799307  0.61043298
   0.71089498  0.58391029  0.69142942
   0.78926587  0.53062285  0.74216259
   0.75213068  0.44600434  0.76568556
   0.91693812  0.54884255  0.73748350
   0.76693676  0.59213532  0.77705713
   0.57767704  0.51821154  0.69259020
