   0.18177000  0.06503000  0.19527000
   0.26649202  0.43264808  0.50245149
   0.03971000  0.44194000  0.09637000
   0.31538247  0.18830586  0.29824121
   0.11572546  0.31434694  0.40009490
   0.51472000  0.06471000  0.19485000
   0.59959905  0.43274494  0.50129603
   0.37304000  0.44194000  0.09637000
   0.64898806  0.18827026  0.29813020
   0.44883444  0.31345681  0.39891235
   0.84826000  0.06468000  0.19455000
   0.93486788  0.43525911  0.50723820
   0.70637000  0.44194000  0.09637000
   0.98223553  0.18856266  0.29837449
   0.78283576  0.31480988  0.39985694
   0.17955000  0.56532000  0.19533000
   0.26208516  0.93303327  0.50438947
   0.03971000  0.94194000  0.09637000
   0.31529273  0.68850637  0.29782611
   0.11975022  0.81305167  0.39642064
   0.51276000  0.56480000  0.19498000
   0.59399840  0.93298839  0.50240034
   0.37304000  0.94194000  0.09637000
   0.64825374  0.68855797  0.29725704
   0.45256415  0.81350250  0.39901648
   0.84642000  0.56519000  0.19522000
   0.92638043  0.93484600  0.50496747
   0.70637000  0.94194000  0.09637000
   0.98149693  0.68832929  0.29726465
   0.78550524  0.81421846  0.39858829
   0.58934491  0.19145065  0.49434183
   0.03971000  0.19194000  0.09637000
   0.31456208  0.43931312  0.29797039
   0.11898534  0.06031028  0.40017037
   0.18013000  0.31638000  0.19719000
   0.25511989  0.19191888  0.49571069
   0.37304000  0.19194000  0.09637000
   0.64742689  0.43871659  0.29717761
   0.45212927  0.06039882  0.39980013
   0.51314000  0.31594000  0.19696000
   0.70637000  0.19194000  0.09637000
   0.98126651  0.43885170  0.29756131
   0.78523678  0.06008447  0.39908497
   0.84665000  0.31624000  0.19703000
   0.92226624  0.19200509  0.49394998
   0.03971000  0.69194000  0.09637000
   0.31701859  0.93946589  0.29832531
   0.12103760  0.55945441  0.39881072
   0.18025000  0.81742000  0.19778000
   0.26116851  0.68776286  0.49464260
   0.37304000  0.69194000  0.09637000
   0.64944913  0.93848345  0.29688849
   0.45400228  0.56001059  0.39971043
   0.51318000  0.81586000  0.19571000
   0.59535901  0.69052762  0.49477947
   0.70637000  0.69194000  0.09637000
   0.98268265  0.93934131  0.29738449
   0.84718000  0.81593000  0.19584000
   0.92334568  0.68903868  0.49220901
   0.78749443  0.55984780  0.39772343
   0.17417000  0.33753000  0.11288000
   0.24893836  0.20629489  0.41284515
   0.06684403  0.32293269  0.50948922
   0.31386000  0.46170000  0.21427000
   0.11596302  0.08384063  0.31599325
   0.23858000  0.04636000  0.07986000
   0.04735000  0.17100000  0.18013000
   0.31510085  0.41787889  0.38185565
   0.12944487  0.04143442  0.48779924
   0.18188260  0.29294126  0.28028564
   0.50750000  0.33753000  0.11288000
   0.58223924  0.20650444  0.41167870
   0.39838906  0.32453202  0.51224402
   0.64712000  0.46121000  0.21367000
   0.44959544  0.08409410  0.31606062
   0.57191000  0.04636000  0.07986000
   0.38063000  0.17082000  0.17998000
   0.64732191  0.41772655  0.38083594
   0.46238580  0.04301304  0.48663906
   0.51477957  0.29245805  0.27996734
   0.84083000  0.33753000  0.11288000
   0.91532413  0.20619955  0.41122495
   0.73141730  0.32454250  0.50928473
   0.98063000  0.46160000  0.21400000
   0.78263222  0.08306599  0.31502384
   0.90524000  0.04636000  0.07986000
   0.71387000  0.17083000  0.18002000
   0.98143009  0.41770224  0.38105381
   0.79584193  0.04384327  0.48624405
   0.84826892  0.29262970  0.27997305
   0.17417000  0.83753000  0.11288000
   0.25223647  0.70701882  0.41202240
   0.05630653  0.82475051  0.52157974
   0.31682000  0.96236000  0.21534000
   0.11550569  0.58401252  0.31509522
   0.23858000  0.54636000  0.07986000
   0.04601000  0.67209000  0.18056000
   0.31801890  0.91736734  0.38196297
   0.13658020  0.54150733  0.48353528
   0.18159743  0.79380384  0.28091353
   0.50619000  0.83294000  0.10916000
   0.58582222  0.70646022  0.41221403
   0.39195331  0.82488775  0.51316394
   0.64926000  0.96050000  0.21277000
   0.44893969  0.58426444  0.31579548
   0.57191000  0.54636000  0.07986000
   0.37906000  0.67136000  0.18002000
   0.65049753  0.91717542  0.38097872
   0.46773537  0.54351323  0.48674185
   0.51459429  0.79320157  0.27928597
   0.83992000  0.83287000  0.10930000
   0.72768006  0.82699535  0.51127283
   0.98268000  0.96077000  0.21320000
   0.78191806  0.58385101  0.31430196
   0.90524000  0.54636000  0.07986000
   0.71230000  0.67144000  0.18017000
   0.98497028  0.91763812  0.38168195
   0.79872396  0.54254508  0.48273415
   0.84823470  0.79374545  0.27952482
   0.92021237  0.70801097  0.41053460
   0.78477000  0.69231000  0.65805000
   0.98797563  0.50851142  0.61650299
   0.03205157  0.69995298  0.59233808
   0.71755158  0.62940142  0.69571763
   0.79686361  0.57504055  0.74095432
   0.73938967  0.48602228  0.74370477
   0.92364706  0.58469447  0.73247203
   0.77800036  0.61185296  0.78296160
   0.58543913  0.61050533  0.69738515
