   0.18177000  0.06503000  0.19527000
   0.26145338  0.43804686  0.50244933
   0.03971000  0.44194000  0.09637000
   0.31606220  0.18952301  0.29938136
   0.11593676  0.31378680  0.40371898
   0.51472000  0.06471000  0.19485000
   0.59081737  0.43471097  0.50329111
   0.37304000  0.44194000  0.09637000
   0.64947692  0.18924971  0.29951786
   0.44885412  0.31480072  0.40245934
   0.84826000  0.06468000  0.19455000
   0.92471053  0.43642544  0.50121671
   0.70637000  0.44194000  0.09637000
   0.98242801  0.18922112  0.29930472
   0.78444234  0.31408192  0.40164492
   0.17955000  0.56532000  0.19533000
   0.27649975  0.93220745  0.50375128
   0.03971000  0.94194000  0.09637000
   0.31756684  0.68864979  0.29823465
   0.12382620  0.81235922  0.39652399
   0.51276000  0.56480000  0.19498000
   0.60720237  0.93310779  0.50568060
   0.37304000  0.94194000  0.09637000
   0.65011453  0.68845402  0.29760273
   0.45825128  0.81361499  0.39927605
   0.84642000  0.56519000  0.19522000
   0.93907386  0.93431304  0.50194371
   0.70637000  0.94194000  0.09637000
   0.98343594  0.68806664  0.29751966
   0.79028669  0.81254244  0.39835007
   0.59441915  0.19310226  0.49637230
   0.03971000  0.19194000  0.09637000
   0.31483593  0.43924071  0.29867696
   0.12531260  0.05870772  0.39828640
   0.18013000  0.31638000  0.19719000
   0.24873422  0.18572229  0.49957280
   0.37304000  0.19194000  0.09637000
   0.64850523  0.43885305  0.29803299
   0.45599750  0.06100985  0.40130176
   0.51314000  0.31594000  0.19696000
   0.70637000  0.19194000  0.09637000
   0.98218364  0.43877616  0.29817534
   0.78934624  0.06134109  0.40218949
   0.84665000  0.31624000  0.19703000
   0.94272157  0.18858146  0.50192884
   0.03971000  0.69194000  0.09637000
   0.31937855  0.93985718  0.29869781
   0.12020489  0.56087818  0.39971293
   0.18025000  0.81742000  0.19778000
   0.26968459  0.69178926  0.49484878
   0.37304000  0.69194000  0.09637000
   0.65201695  0.93970464  0.29783858
   0.45419883  0.56112578  0.40043470
   0.51318000  0.81586000  0.19571000
   0.59958380  0.69255731  0.49657196
   0.70637000  0.69194000  0.09637000
   0.98379362  0.93893662  0.29695077
   0.84718000  0.81593000  0.19584000
   0.93757403  0.68363440  0.49441373
   0.78629374  0.56054883  0.39929854
   0.17417000  0.33753000  0.11288000
   0.25074631  0.20556464  0.41506830
   0.06116813  0.33745772  0.50464332
   0.31386000  0.46170000  0.21427000
   0.11607911  0.08418818  0.31515259
   0.23858000  0.04636000  0.07986000
   0.04735000  0.17100000  0.18013000
   0.31467563  0.41901085  0.38281125
   0.14139188  0.03046816  0.48016949
   0.18198832  0.29340252  0.28040661
   0.50750000  0.33753000  0.11288000
   0.58391617  0.20759095  0.41396027
   0.39129016  0.32864911  0.50915919
   0.64712000  0.46121000  0.21367000
   0.45014432  0.08506232  0.31729684
   0.57191000  0.04636000  0.07986000
   0.38063000  0.17082000  0.17998000
   0.64909682  0.41808102  0.38222249
   0.47568040  0.04216494  0.48796653
   0.51544471  0.29316327  0.28018960
   0.84083000  0.33753000  0.11288000
   0.91443397  0.20686301  0.41782226
   0.72332374  0.32977530  0.51428567
   0.98063000  0.46160000  0.21400000
   0.78329639  0.08475490  0.31739964
   0.90524000  0.04636000  0.07986000
   0.71387000  0.17083000  0.18002000
   0.98196238  0.41823123  0.38203797
   0.80659481  0.04036143  0.48791741
   0.84859320  0.29301684  0.28027996
   0.17417000  0.83753000  0.11288000
   0.25724256  0.70687396  0.41215146
   0.07013799  0.82191248  0.51961239
   0.31682000  0.96236000  0.21534000
   0.11747317  0.58393574  0.31572302
   0.23858000  0.54636000  0.07986000
   0.04601000  0.67209000  0.18056000
   0.32337474  0.91673996  0.38229550
   0.12704234  0.55204462  0.48752370
   0.18384862  0.79368285  0.28093090
   0.50619000  0.83294000  0.10916000
   0.59126829  0.70673841  0.41364655
   0.40611237  0.82459117  0.51536295
   0.64926000  0.96050000  0.21277000
   0.45099741  0.58427860  0.31642787
   0.57191000  0.54636000  0.07986000
   0.37906000  0.67136000  0.18002000
   0.65653854  0.91686340  0.38208105
   0.46321449  0.54847874  0.48811816
   0.51729855  0.79368257  0.27959105
   0.83992000  0.83287000  0.10930000
   0.73982355  0.82484537  0.51870098
   0.98268000  0.96077000  0.21320000
   0.78376438  0.58402386  0.31556660
   0.90524000  0.54636000  0.07986000
   0.71230000  0.67144000  0.18017000
   0.98807262  0.91481167  0.38016813
   0.79329004  0.54569097  0.48640444
   0.84994927  0.79282143  0.27922684
   0.92465431  0.70633114  0.41267268
   0.78477000  0.69231000  0.65805000
   0.09481810  0.15416990  0.58510284
  -0.05511014  0.78484894  0.59790759
   0.72086701  0.63256045  0.69767565
   0.80206150  0.57548096  0.74077472
   0.74520134  0.48587858  0.74054852
   0.92916315  0.58761983  0.73274955
   0.78020929  0.60555478  0.78395361
   0.58999593  0.61945314  0.70178344
