   0.18178995  0.06514156  0.19552679
   0.25280050  0.43702251  0.50244024
   0.03971000  0.44194000  0.09637000
   0.31854835  0.19059609  0.30019876
   0.11752611  0.31523763  0.40147301
   0.51448350  0.06453918  0.19467462
   0.58420535  0.44489989  0.50072886
   0.37304000  0.44194000  0.09637000
   0.65113864  0.18937806  0.29805028
   0.45385913  0.31698986  0.40281352
   0.84812481  0.06459586  0.19451103
   0.92629734  0.44131383  0.50063257
   0.70637000  0.44194000  0.09637000
   0.98482580  0.18946958  0.29783906
   0.78527225  0.31355037  0.40027962
   0.17994028  0.56518059  0.19535808
   0.27050305  0.93572872  0.50378825
   0.03971000  0.94194000  0.09637000
   0.31670618  0.69045223  0.29825255
   0.12259937  0.81660729  0.39866763
   0.51303711  0.56429779  0.19489249
   0.60396064  0.93423398  0.50437681
   0.37304000  0.94194000  0.09637000
   0.64936286  0.68907103  0.29696148
   0.45536637  0.81710098  0.39893923
   0.84688003  0.56498712  0.19519902
   0.93575209  0.93234859  0.50102802
   0.70637000  0.94194000  0.09637000
   0.98349955  0.69009963  0.29801095
   0.78767727  0.81512959  0.39679235
   0.60567260  0.19271826  0.50857125
   0.03971000  0.19194000  0.09637000
   0.31612526  0.43987703  0.29836166
   0.12256289  0.06181134  0.39993658
   0.18012236  0.31630012  0.19728698
   0.25933032  0.19428299  0.49523105
   0.37304000  0.19194000  0.09637000
   0.64946550  0.43893551  0.29741919
   0.46044523  0.06746593  0.40564006
   0.51305036  0.31570523  0.19694681
   0.70637000  0.19194000  0.09637000
   0.98305814  0.43991567  0.29783328
   0.79085924  0.06048159  0.39761389
   0.84657512  0.31624119  0.19701030
   0.91359459  0.18562777  0.49936818
   0.03971000  0.69194000  0.09637000
   0.31987812  0.94378276  0.30069171
   0.11979382  0.56310864  0.39893368
   0.18073224  0.81778220  0.19813127
   0.25701162  0.69568173  0.49447539
   0.37304000  0.69194000  0.09637000
   0.65066012  0.93934200  0.29602742
   0.45083533  0.56421490  0.39917583
   0.51302830  0.81526553  0.19536519
   0.58833179  0.69667993  0.49456110
   0.70637000  0.69194000  0.09637000
   0.98493141  0.93983069  0.29704882
   0.84728871  0.81551206  0.19564791
   0.92243088  0.69706081  0.49264300
   0.78643742  0.56286799  0.39754024
   0.17417000  0.33753000  0.11288000
   0.25298909  0.20835073  0.41272671
   0.05092176  0.33026249  0.51020218
   0.31418007  0.46147594  0.21443485
   0.11879860  0.08480435  0.31553676
   0.23858000  0.04636000  0.07986000
   0.04726906  0.17099958  0.18012523
   0.31775717  0.41925217  0.38236359
   0.13740214  0.04497021  0.48690102
   0.18399595  0.29378607  0.28044523
   0.50750000  0.33753000  0.11288000
   0.58783057  0.21463937  0.42430340
   0.38712902  0.33276597  0.51292713
   0.64762477  0.46081331  0.21362744
   0.45440094  0.08887967  0.32055281
   0.57191000  0.04636000  0.07986000
   0.38053210  0.17067447  0.17990206
   0.65225860  0.41801806  0.38157420
   0.47198468  0.04558045  0.49098412
   0.51707088  0.29330259  0.28002971
   0.84083000  0.33753000  0.11288000
   0.91797635  0.20732485  0.41491501
   0.71895337  0.34830859  0.52306129
   0.98119415  0.46150109  0.21396741
   0.78528711  0.08472865  0.31379120
   0.90524000  0.04636000  0.07986000
   0.71374495  0.17082534  0.17999096
   0.98332554  0.41879445  0.38172800
   0.80315796  0.03476750  0.48006366
   0.85031994  0.29384223  0.28007060
   0.17417000  0.83753000  0.11288000
   0.25537048  0.70907159  0.41112239
   0.07001804  0.82582234  0.51094341
   0.31700976  0.96282415  0.21612278
   0.11707677  0.58518639  0.31512393
   0.23858000  0.54636000  0.07986000
   0.04648946  0.67225914  0.18069643
   0.32224004  0.92329692  0.38475799
   0.12619513  0.54889334  0.48553879
   0.18391128  0.79671748  0.28179353
   0.50619000  0.83294000  0.10916000
   0.58804817  0.70905958  0.41125940
   0.40119522  0.82598595  0.51372323
   0.64873102  0.95997693  0.21198806
   0.44998669  0.58513379  0.31535730
   0.57191000  0.54636000  0.07986000
   0.37922387  0.67078381  0.17986710
   0.65303890  0.91809399  0.37909726
   0.45394705  0.55139786  0.48590259
   0.51586744  0.79356991  0.27869595
   0.83992000  0.83287000  0.10930000
   0.73550504  0.82378431  0.51428097
   0.98255090  0.96042364  0.21283871
   0.78316527  0.58413397  0.31385329
   0.90524000  0.54636000  0.07986000
   0.71248752  0.67097399  0.18005655
   0.98716536  0.91929790  0.38085473
   0.79202370  0.55138666  0.48397065
   0.84936009  0.79412754  0.27926032
   0.92201884  0.70837754  0.40913247
   0.77741706  0.58734469  0.65813336
   0.75416183  0.15194386  0.58790321
   0.75262247  0.43867999  0.60281095
   0.76164827  0.60243174  0.71000349
   0.73456636  0.51282817  0.75382895
   0.65142874  0.52753361  0.78731050
   0.69411702  0.43027981  0.73377488
   0.84830465  0.51465486  0.77594881
   0.77069348  0.68923374  0.72494257
