   0.18177000  0.06503000  0.19527000
   0.26906747  0.44013253  0.49916381
   0.03971000  0.44194000  0.09637000
   0.31627327  0.18969595  0.29941902
   0.11810277  0.31349027  0.40231392
   0.51472000  0.06471000  0.19485000
   0.60072355  0.43869488  0.50226823
   0.37304000  0.44194000  0.09637000
   0.64927925  0.18857212  0.29830961
   0.44861703  0.31336312  0.40424649
   0.84826000  0.06468000  0.19455000
   0.93295025  0.43827385  0.49845390
   0.70637000  0.44194000  0.09637000
   0.98313566  0.18920967  0.29951054
   0.78433919  0.31427451  0.39807069
   0.17955000  0.56532000  0.19533000
   0.26562956  0.93957975  0.50642716
   0.03971000  0.94194000  0.09637000
   0.31647152  0.68895232  0.29767388
   0.12054527  0.81467451  0.39576403
   0.51276000  0.56480000  0.19498000
   0.59569259  0.93840844  0.50473944
   0.37304000  0.94194000  0.09637000
   0.64931808  0.68880085  0.29705894
   0.45437794  0.81545783  0.39801120
   0.84642000  0.56519000  0.19522000
   0.92622428  0.93688681  0.50709439
   0.70637000  0.94194000  0.09637000
   0.98247111  0.68873222  0.29742536
   0.78734564  0.81513755  0.39757234
   0.58872355  0.19672497  0.49520543
   0.03971000  0.19194000  0.09637000
   0.31595767  0.43872090  0.29834888
   0.11829645  0.06041762  0.40232490
   0.18013000  0.31638000  0.19719000
   0.24478123  0.19153298  0.50261294
   0.37304000  0.19194000  0.09637000
   0.64749468  0.43816591  0.29762765
   0.45018525  0.06331600  0.40071196
   0.51314000  0.31594000  0.19696000
   0.70637000  0.19194000  0.09637000
   0.98326919  0.43915785  0.29779163
   0.78265599  0.06075102  0.40002279
   0.84665000  0.31624000  0.19703000
   0.93044401  0.19363332  0.49460815
   0.03971000  0.69194000  0.09637000
   0.31689647  0.94104228  0.29857604
   0.12297419  0.56228997  0.39920332
   0.18025000  0.81742000  0.19778000
   0.26790027  0.69714801  0.49426634
   0.37304000  0.69194000  0.09637000
   0.64977869  0.93927070  0.29701188
   0.45703524  0.56123265  0.39926180
   0.51318000  0.81586000  0.19571000
   0.59640023  0.69744360  0.49445666
   0.70637000  0.69194000  0.09637000
   0.98407422  0.94118214  0.29764644
   0.84718000  0.81593000  0.19584000
   0.92480848  0.69062521  0.49302527
   0.78724324  0.56046765  0.39776792
   0.17417000  0.33753000  0.11288000
   0.24965704  0.20503914  0.41887205
   0.06695626  0.33462378  0.49917671
   0.31386000  0.46170000  0.21427000
   0.11764630  0.08573717  0.31761772
   0.23858000  0.04636000  0.07986000
   0.04735000  0.17100000  0.18013000
   0.31833091  0.41784709  0.38230938
   0.12321228  0.03411669  0.48554528
   0.18250733  0.29346843  0.28035339
   0.50750000  0.33753000  0.11288000
   0.58559870  0.20750503  0.41217305
   0.40070164  0.33437740  0.50825224
   0.64712000  0.46121000  0.21367000
   0.44979566  0.08532493  0.31676254
   0.57191000  0.04636000  0.07986000
   0.38063000  0.17082000  0.17998000
   0.64776361  0.41810482  0.38158093
   0.46363497  0.04775868  0.48714589
   0.51545819  0.29278963  0.27981958
   0.84083000  0.33753000  0.11288000
   0.91457407  0.20522903  0.41073772
   0.73291594  0.32918849  0.51094095
   0.98063000  0.46160000  0.21400000
   0.78257556  0.08347233  0.31515089
   0.90524000  0.04636000  0.07986000
   0.71387000  0.17083000  0.18002000
   0.98516373  0.41913828  0.38132794
   0.79700369  0.04651837  0.48806906
   0.84905895  0.29317231  0.28029302
   0.17417000  0.83753000  0.11288000
   0.25495339  0.70963552  0.41177951
   0.05837082  0.82217793  0.52272731
   0.31682000  0.96236000  0.21534000
   0.11710423  0.58472642  0.31544191
   0.23858000  0.54636000  0.07986000
   0.04601000  0.67209000  0.18056000
   0.31904406  0.91834143  0.38218268
   0.13537919  0.55228679  0.48614054
   0.18247690  0.79412339  0.28095542
   0.50619000  0.83294000  0.10916000
   0.58838956  0.70889581  0.41143130
   0.39605545  0.83129783  0.51627733
   0.64926000  0.96050000  0.21277000
   0.45002596  0.58413357  0.31522733
   0.57191000  0.54636000  0.07986000
   0.37906000  0.67136000  0.18002000
   0.65123502  0.91758025  0.38105390
   0.46987663  0.55074938  0.48678533
   0.51585784  0.79325404  0.27929716
   0.83992000  0.83287000  0.10930000
   0.72825097  0.82962707  0.51505995
   0.98268000  0.96077000  0.21320000
   0.78269392  0.58383035  0.31454317
   0.90524000  0.54636000  0.07986000
   0.71230000  0.67144000  0.18017000
   0.98431939  0.91752440  0.38110301
   0.79982180  0.54562274  0.48416343
   0.84934624  0.79399923  0.27952774
   0.92155196  0.70875278  0.41160468
   0.78477000  0.69231000  0.65805000
   0.16366278  0.16943079  0.59399177
  -0.00483532  0.75100829  0.60491277
   0.71862651  0.63170070  0.69666750
   0.79856525  0.57391932  0.74082838
   0.74151044  0.48540309  0.74239870
   0.92579777  0.58609069  0.73316437
   0.77673071  0.60860212  0.78333872
   0.58911367  0.61858158  0.70027098
