   0.17902104  0.06465140  0.19528178
   0.26734637  0.43284228  0.50245102
   0.03971000  0.44194000  0.09637000
   0.31470321  0.18912220  0.29913490
   0.11958467  0.31257280  0.40258432
   0.51247534  0.06451853  0.19550981
   0.60011033  0.43359446  0.50294316
   0.37304000  0.44194000  0.09637000
   0.64804116  0.18877659  0.29941334
   0.44946979  0.31276224  0.40384662
   0.84560101  0.06469334  0.19540737
   0.93226657  0.43188896  0.50224495
   0.70637000  0.44194000  0.09637000
   0.98169670  0.18897740  0.29950175
   0.78476940  0.31322307  0.40053523
   0.18003269  0.56413014  0.19522464
   0.26308480  0.93688711  0.51025142
   0.03971000  0.94194000  0.09637000
   0.31626783  0.68791071  0.29863331
   0.12048323  0.81376616  0.39703471
   0.51330519  0.56398096  0.19503878
   0.59297150  0.93365594  0.50577338
   0.37304000  0.94194000  0.09637000
   0.64939170  0.68792714  0.29805489
   0.45321008  0.81421402  0.39966280
   0.84661442  0.56388383  0.19524655
   0.92421442  0.93318463  0.50533722
   0.70637000  0.94194000  0.09637000
   0.98276839  0.68782345  0.29803819
   0.78651272  0.81348564  0.39834194
   0.93300114  0.68435290  0.49342191
   0.03971000  0.19194000  0.09637000
   0.31608730  0.43830154  0.29845652
   0.11909271  0.05987912  0.40107054
   0.17918010  0.31531511  0.19634295
   0.25883394  0.18201208  0.50388273
   0.37304000  0.19194000  0.09637000
   0.64846844  0.43803423  0.29831608
   0.45138817  0.06052571  0.40031102
   0.51228117  0.31546837  0.19716022
   0.58595962  0.19092859  0.49694765
   0.70637000  0.19194000  0.09637000
   0.98339258  0.43816797  0.29872844
   0.78467808  0.06086189  0.40128558
   0.84556747  0.31555050  0.19751849
   0.92661912  0.19137518  0.49644130
   0.03971000  0.69194000  0.09637000
   0.31566310  0.93927461  0.29782571
   0.12301912  0.55971213  0.40044476
   0.17900762  0.81557063  0.19718001
   0.26552748  0.69145317  0.49595773
   0.37304000  0.69194000  0.09637000
   0.64881010  0.93929392  0.29861126
   0.45621589  0.56008643  0.40071301
   0.51256320  0.81577667  0.19738120
   0.59596876  0.69291147  0.49676501
   0.70637000  0.69194000  0.09637000
   0.98246154  0.94003525  0.29793530
   0.84565265  0.81579913  0.19716478
   0.78833015  0.55914658  0.39893173
   0.17310000  0.33301000  0.10976000
   0.24941536  0.20484136  0.41864962
   0.06416655  0.32709402  0.51140047
   0.31410618  0.46016708  0.21400143
   0.11591518  0.08488371  0.31676641
   0.23858000  0.04636000  0.07986000
   0.04508094  0.17094595  0.18012442
   0.31733293  0.41717988  0.38276879
   0.12310451  0.03237126  0.48402703
   0.18110345  0.29331040  0.28008936
   0.50750000  0.33753000  0.11288000
   0.58542148  0.20550198  0.41349945
   0.40206307  0.32855356  0.50766187
   0.64739752  0.46057772  0.21444709
   0.44820451  0.08421318  0.31633692
   0.57191000  0.04636000  0.07986000
   0.37859821  0.17055451  0.18008267
   0.64949628  0.41682359  0.38237239
   0.46410848  0.04078105  0.48522154
   0.51415245  0.29267006  0.28021263
   0.84083000  0.33753000  0.11288000
   0.91724704  0.20618863  0.41371890
   0.73044151  0.32467519  0.51294501
   0.98124774  0.46061378  0.21465862
   0.78186555  0.08399024  0.31710545
   0.90524000  0.04636000  0.07986000
   0.71177747  0.17073655  0.18019371
   0.98511135  0.41723498  0.38276517
   0.79536945  0.04330862  0.48803733
   0.84762138  0.29295640  0.28080417
   0.17417000  0.83753000  0.11288000
   0.25283655  0.70775914  0.41382305
   0.05166818  0.82072813  0.52602012
   0.31311685  0.96072579  0.21434447
   0.11701081  0.58358419  0.31669506
   0.23858000  0.54636000  0.07986000
   0.04604882  0.67029141  0.18014319
   0.31858152  0.91654258  0.38115893
   0.13500637  0.54542503  0.48774408
   0.18243661  0.79230523  0.28035895
   0.50750000  0.83753000  0.11288000
   0.58743451  0.70804358  0.41431816
   0.39176907  0.82660984  0.51765053
   0.64670808  0.96101619  0.21485238
   0.45034664  0.58365587  0.31673196
   0.57191000  0.54636000  0.07986000
   0.37946360  0.67058473  0.18019423
   0.65186961  0.91696948  0.38250464
   0.46941181  0.54616459  0.48773315
   0.51581663  0.79268934  0.28057405
   0.84083000  0.83753000  0.11288000
   0.72530024  0.82658928  0.52054379
   0.97995360  0.96116273  0.21437714
   0.78305802  0.58342044  0.31580896
   0.90524000  0.54636000  0.07986000
   0.71279137  0.67042178  0.18008396
   0.98478192  0.91611921  0.38099336
   0.80241330  0.54154422  0.48499455
   0.84889329  0.79255018  0.28028353
   0.92115612  0.70736348  0.41262221
   0.77281770  0.61634595  0.65024298
   0.27496521  0.12600217  0.59577829
   0.92983846  0.74528226  0.60034626
   0.71914526  0.55017590  0.68888960
   0.80163849  0.53422241  0.74328017
   0.76368984  0.44795401  0.75874634
   0.93067707  0.55842846  0.73922978
   0.76361996  0.58782833  0.77618781
   0.59716255  0.49971998  0.68326988
