   0.18177000  0.06503000  0.19527000
   0.25256720  0.44132078  0.50135613
   0.03971000  0.44194000  0.09637000
   0.31787285  0.19167188  0.29836950
   0.11058013  0.31916931  0.40140915
   0.51472000  0.06471000  0.19485000
   0.58476366  0.44342923  0.50302981
   0.37304000  0.44194000  0.09637000
   0.65044577  0.19060935  0.29873033
   0.44101850  0.31989551  0.40394669
   0.84826000  0.06468000  0.19455000
   0.91643871  0.44144091  0.50152290
   0.70637000  0.44194000  0.09637000
   0.98386683  0.19088401  0.29782585
   0.77588533  0.31986831  0.39997588
   0.17955000  0.56532000  0.19533000
   0.27946111  0.93924915  0.50702746
   0.03971000  0.94194000  0.09637000
   0.31584953  0.69108989  0.29792049
   0.12494262  0.81663031  0.39588133
   0.51276000  0.56480000  0.19498000
   0.60905343  0.93804180  0.50460658
   0.37304000  0.94194000  0.09637000
   0.64842724  0.68993675  0.29664792
   0.45868039  0.81758088  0.39812154
   0.84642000  0.56519000  0.19522000
   0.94005690  0.93627128  0.50115042
   0.70637000  0.94194000  0.09637000
   0.98184267  0.69003075  0.29662449
   0.79193443  0.81636917  0.39731247
   0.58230359  0.19803677  0.49808976
   0.03971000  0.19194000  0.09637000
   0.31250040  0.44181185  0.29855929
   0.12539758  0.06378806  0.39806331
   0.18013000  0.31638000  0.19719000
   0.25890900  0.18604092  0.50188103
   0.37304000  0.19194000  0.09637000
   0.64596722  0.44087675  0.29771474
   0.45844459  0.06488302  0.40082841
   0.51314000  0.31594000  0.19696000
   0.70637000  0.19194000  0.09637000
   0.97920102  0.44143948  0.29810845
   0.78924211  0.06383422  0.40004849
   0.84665000  0.31624000  0.19703000
   0.92486997  0.19800086  0.49494710
   0.03971000  0.69194000  0.09637000
   0.31932100  0.94201431  0.29881232
   0.11650791  0.56587530  0.39927679
   0.18025000  0.81742000  0.19778000
   0.26448708  0.69631011  0.49439221
   0.37304000  0.69194000  0.09637000
   0.65225577  0.94092489  0.29724865
   0.45015493  0.56591380  0.39973699
   0.51318000  0.81586000  0.19571000
   0.59188304  0.70062944  0.49533758
   0.70637000  0.69194000  0.09637000
   0.98523609  0.94064733  0.29666020
   0.84718000  0.81593000  0.19584000
   0.92779036  0.69164301  0.49552286
   0.78289782  0.56587354  0.39863843
   0.17417000  0.33753000  0.11288000
   0.24151970  0.21172325  0.41710488
   0.04899038  0.33647534  0.51150238
   0.31386000  0.46170000  0.21427000
   0.11891514  0.08637360  0.31394382
   0.23858000  0.04636000  0.07986000
   0.04735000  0.17100000  0.18013000
   0.30861962  0.42414665  0.38258105
   0.13780503  0.03350564  0.48020546
   0.18244773  0.29559167  0.28043808
   0.50750000  0.33753000  0.11288000
   0.57726707  0.21378818  0.41537585
   0.38613908  0.33751069  0.50766298
   0.64712000  0.46121000  0.21367000
   0.45172550  0.08722236  0.31694384
   0.57191000  0.04636000  0.07986000
   0.38063000  0.17082000  0.17998000
   0.64173566  0.42347253  0.38181560
   0.47862456  0.04357891  0.48510278
   0.51680950  0.29434676  0.27990840
   0.84083000  0.33753000  0.11288000
   0.90882174  0.21248055  0.41294780
   0.71604430  0.33585599  0.51384337
   0.98063000  0.46160000  0.21400000
   0.78494971  0.08620925  0.31584413
   0.90524000  0.04636000  0.07986000
   0.71387000  0.17083000  0.18002000
   0.97567848  0.42351739  0.38220774
   0.80981307  0.04603131  0.48643036
   0.84869908  0.29468377  0.28022989
   0.17417000  0.83753000  0.11288000
   0.25761311  0.71085187  0.41134794
   0.07291387  0.82451356  0.52273713
   0.31682000  0.96236000  0.21534000
   0.11578316  0.58652752  0.31499044
   0.23858000  0.54636000  0.07986000
   0.04601000  0.67209000  0.18056000
   0.32422005  0.92082418  0.38213457
   0.12112980  0.55442436  0.48651527
   0.18223906  0.79624949  0.28113636
   0.50619000  0.83294000  0.10916000
   0.59196756  0.71038717  0.41192273
   0.40834947  0.82767776  0.51578193
   0.64926000  0.96050000  0.21277000
   0.44920041  0.58634108  0.31547675
   0.57191000  0.54636000  0.07986000
   0.37906000  0.67136000  0.18002000
   0.65773042  0.92013328  0.38124070
   0.45439886  0.55650695  0.48702189
   0.51521945  0.79572066  0.27958715
   0.83992000  0.83287000  0.10930000
   0.74226741  0.82945451  0.51564381
   0.98268000  0.96077000  0.21320000
   0.78257200  0.58586553  0.31473010
   0.90524000  0.54636000  0.07986000
   0.71230000  0.67144000  0.18017000
   0.98979212  0.91932063  0.37956663
   0.78699446  0.55139077  0.48561167
   0.84847915  0.79490129  0.27910364
   0.92613113  0.71062282  0.41274880
   0.78477000  0.69231000  0.65805000
   0.29287808  0.12223831  0.59214279
  -0.02334766  0.78698607  0.60608380
   0.71596782  0.61739314  0.68996618
   0.79743440  0.56493677  0.73385028
   0.74927529  0.47449762  0.73552414
   0.92576180  0.58351634  0.72712735
   0.76893775  0.59649453  0.77636733
   0.58611457  0.59011585  0.68607584
