   0.60814119  0.43095041  0.49335954
   0.17919992  0.06418994  0.18505998
   0.27799934  0.43281008  0.49188957
   0.03971000  0.44194000  0.08602000
   0.31522995  0.18815995  0.28881999
   0.12260988  0.31353997  0.38956010
   0.51254992  0.06426996  0.18505998
   0.37304000  0.44194000  0.08602000
   0.64881988  0.18840996  0.28887003
   0.45611000  0.31364994  0.38959002
   0.84581991  0.06405998  0.18498002
   0.94762933  0.43259054  0.49474029
   0.70637000  0.44194000  0.08602000
   0.98200991  0.18804996  0.28867008
   0.78973989  0.31401995  0.39036016
   0.18094987  0.56371989  0.18481001
   0.25804060  0.93745967  0.49424000
   0.03971000  0.94194000  0.08602000
   0.31663984  0.68824984  0.28840000
   0.11357998  0.81441975  0.39064009
   0.51431987  0.56393986  0.18495001
   0.59051009  0.93590929  0.49278043
   0.37304000  0.94194000  0.08602000
   0.64986001  0.68880983  0.28875997
   0.44781031  0.81528993  0.38996008
   0.84761986  0.56367994  0.18474004
   0.92447966  0.93829969  0.49386011
   0.70637000  0.94194000  0.08602000
   0.98362989  0.68837990  0.28831002
   0.78088031  0.81505989  0.39175004
   0.03971000  0.19194000  0.08602000
   0.31758001  0.43855993  0.28822006
   0.11749007  0.06092987  0.38990009
   0.17935000  0.31541001  0.18702008
   0.25978995  0.19281967  0.48445999
   0.37304000  0.19194000  0.08602000
   0.65105013  0.43933001  0.28884018
   0.45007004  0.06112986  0.38956009
   0.51272008  0.31582003  0.18730010
   0.59489997  0.19060987  0.48383003
   0.70637000  0.19194000  0.08602000
   0.98416001  0.43870005  0.28841013
   0.78429992  0.06137988  0.38972011
   0.84604004  0.31546006  0.18708007
   0.92679002  0.19279954  0.48445000
   0.03971000  0.69194000  0.08602000
   0.31325996  0.93893997  0.28807003
   0.12468981  0.56054011  0.39027013
   0.17949989  0.81541995  0.18680006
   0.26143121  0.69287110  0.48552024
   0.37304000  0.69194000  0.08602000
   0.64691999  0.93906989  0.28818006
   0.45738021  0.55991035  0.39018990
   0.51274989  0.81551990  0.18689005
   0.59584134  0.69074182  0.48614053
   0.70637000  0.69194000  0.08602000
   0.98000998  0.93858996  0.28833005
   0.84617995  0.81538999  0.18686007
   0.92918928  0.69624014  0.48953013
   0.78966048  0.56144996  0.39083040
   0.17417000  0.33753000  0.10253000
   0.25637985  0.20527013  0.40096009
   0.07840020  0.32323974  0.49821024
   0.31524997  0.46039005  0.20462989
   0.11524991  0.08273005  0.30593992
   0.23858000  0.04636000  0.06951000
   0.04542993  0.17045991  0.16993991
   0.32150999  0.41737013  0.37225001
   0.12586042  0.04776051  0.47707004
   0.18183987  0.29281992  0.27062989
   0.50750000  0.33753000  0.10253000
   0.58867979  0.20541011  0.40061009
   0.40919957  0.32327013  0.49973040
   0.64862996  0.46079006  0.20515992
   0.44870999  0.08312007  0.30563988
   0.57191000  0.04636000  0.06951000
   0.37894998  0.17083989  0.17011993
   0.65596982  0.41982992  0.37372993
   0.45894006  0.04614024  0.47673996
   0.51540998  0.29365996  0.27120992
   0.84083000  0.33753000  0.10253000
   0.92285995  0.20536011  0.40093006
   0.74435938  0.32275006  0.49611033
   0.98182997  0.46044004  0.20470992
   0.78215004  0.08314012  0.30577989
   0.90524000  0.04636000  0.06951000
   0.71217994  0.17054991  0.16994995
   0.98773004  0.41850991  0.37268995
   0.79160040  0.04757035  0.47701992
   0.84861988  0.29307994  0.27070994
   0.17417000  0.83753000  0.10253000
   0.24805003  0.70886970  0.40356994
   0.05787035  0.83280009  0.50512975
   0.31335999  0.96067011  0.20442986
   0.11746983  0.58415994  0.30654995
   0.23858000  0.54636000  0.06951000
   0.04710992  0.66994996  0.16984990
   0.31209028  0.91838002  0.37233978
   0.14497034  0.54284980  0.47687012
   0.18235994  0.79230994  0.27021984
   0.50750000  0.83753000  0.10253000
   0.58093993  0.70797986  0.40385998
   0.38948979  0.82914986  0.50439970
   0.64663013  0.96067011  0.20450988
   0.45090997  0.58401989  0.30651993
   0.57191000  0.54636000  0.06951000
   0.38044992  0.67007990  0.16986992
   0.64654003  0.91849998  0.37246980
   0.47786977  0.54148987  0.47647036
   0.51554998  0.79251997  0.27039985
   0.84083000  0.83753000  0.10253000
   0.72422038  0.82960005  0.50144979
   0.98000003  0.96061009  0.20458990
   0.78455981  0.58484995  0.30723986
   0.90524000  0.54636000  0.06951000
   0.71386987  0.66997995  0.16984991
   0.97940015  0.91747994  0.37279982
   0.81138046  0.54571989  0.48950834
   0.84908999  0.79215003  0.27030986
   0.91333022  0.70624011  0.40678993
   0.63817619  0.61208895  0.61317673
   0.83810432  0.39634796  0.66921148
   0.80674808  0.50309493  0.58969820
   0.51913083  0.60067204  0.64322306
   0.44432269  0.49761193  0.67458687
   0.31674212  0.47616045  0.66764970
   0.49954578  0.42761540  0.66162209
   0.46271006  0.51298046  0.72085151
   0.46427922  0.67431945  0.64814033
