   0.18177000  0.06503000  0.19527000
   0.25217425  0.44126693  0.50122571
   0.03971000  0.44194000  0.09637000
   0.31784423  0.19143478  0.29875774
   0.11074299  0.31900893  0.40141146
   0.51472000  0.06471000  0.19485000
   0.58442874  0.44396119  0.50245366
   0.37304000  0.44194000  0.09637000
   0.65055866  0.19041576  0.29869613
   0.44115340  0.31998938  0.40393786
   0.84826000  0.06468000  0.19455000
   0.91641572  0.44153992  0.50110236
   0.70637000  0.44194000  0.09637000
   0.98399150  0.19087712  0.29811619
   0.77563698  0.31943818  0.40004257
   0.17955000  0.56532000  0.19533000
   0.27984339  0.93933836  0.50679945
   0.03971000  0.94194000  0.09637000
   0.31566042  0.69097627  0.29800522
   0.12463402  0.81649426  0.39585055
   0.51276000  0.56480000  0.19498000
   0.60979396  0.93818523  0.50495340
   0.37304000  0.94194000  0.09637000
   0.64823268  0.68984095  0.29637402
   0.45871671  0.81766832  0.39804448
   0.84642000  0.56519000  0.19522000
   0.94026415  0.93668736  0.50146521
   0.70637000  0.94194000  0.09637000
   0.98178216  0.69023074  0.29665530
   0.79173196  0.81615206  0.39687556
   0.58236773  0.19902432  0.49847993
   0.03971000  0.19194000  0.09637000
   0.31261010  0.44176000  0.29861680
   0.12535286  0.06351677  0.39810042
   0.18013000  0.31638000  0.19719000
   0.25952344  0.18658803  0.50222555
   0.37304000  0.19194000  0.09637000
   0.64578240  0.44040168  0.29744989
   0.45841622  0.06491250  0.40107104
   0.51314000  0.31594000  0.19696000
   0.70637000  0.19194000  0.09637000
   0.97939667  0.44141286  0.29812910
   0.78962522  0.06398759  0.40020971
   0.84665000  0.31624000  0.19703000
   0.92558629  0.19804747  0.49493185
   0.03971000  0.69194000  0.09637000
   0.31955457  0.94196031  0.29871253
   0.11638975  0.56603863  0.39938420
   0.18025000  0.81742000  0.19778000
   0.26437484  0.69697136  0.49448869
   0.37304000  0.69194000  0.09637000
   0.65200342  0.94089068  0.29733203
   0.44999853  0.56616286  0.39970444
   0.51318000  0.81586000  0.19571000
   0.59115511  0.70184141  0.49524921
   0.70637000  0.69194000  0.09637000
   0.98506925  0.94071108  0.29649144
   0.84718000  0.81593000  0.19584000
   0.92626461  0.69207070  0.49504670
   0.78316439  0.56546866  0.39802029
   0.17417000  0.33753000  0.11288000
   0.24133883  0.21176223  0.41701537
   0.04915499  0.33723510  0.51122693
   0.31386000  0.46170000  0.21427000
   0.11881817  0.08624136  0.31395031
   0.23858000  0.04636000  0.07986000
   0.04735000  0.17100000  0.18013000
   0.30822724  0.42396859  0.38271752
   0.13791700  0.03410170  0.48049058
   0.18289212  0.29541387  0.28064821
   0.50750000  0.33753000  0.11288000
   0.57766386  0.21391329  0.41581170
   0.38689058  0.33737011  0.50728756
   0.64712000  0.46121000  0.21367000
   0.45219973  0.08700304  0.31703337
   0.57191000  0.04636000  0.07986000
   0.38063000  0.17082000  0.17998000
   0.64159991  0.42333573  0.38149101
   0.47928500  0.04397294  0.48536872
   0.51645351  0.29385932  0.27989423
   0.84083000  0.33753000  0.11288000
   0.90924877  0.21260952  0.41317844
   0.71564932  0.33681964  0.51392210
   0.98063000  0.46160000  0.21400000
   0.78501447  0.08609333  0.31593152
   0.90524000  0.04636000  0.07986000
   0.71387000  0.17083000  0.18002000
   0.97530506  0.42340254  0.38237569
   0.81010567  0.04681995  0.48666638
   0.84880741  0.29459232  0.28030546
   0.17417000  0.83753000  0.11288000
   0.25795205  0.71090037  0.41117518
   0.07246127  0.82354964  0.52296091
   0.31682000  0.96236000  0.21534000
   0.11558497  0.58640610  0.31509740
   0.23858000  0.54636000  0.07986000
   0.04601000  0.67209000  0.18056000
   0.32358645  0.92079324  0.38219748
   0.12138868  0.55488968  0.48660640
   0.18229135  0.79606781  0.28102419
   0.50619000  0.83294000  0.10916000
   0.59180757  0.71042453  0.41156695
   0.40839685  0.82721473  0.51594918
   0.64926000  0.96050000  0.21277000
   0.44913862  0.58636520  0.31528642
   0.57191000  0.54636000  0.07986000
   0.37906000  0.67136000  0.18002000
   0.65786888  0.92021331  0.38129004
   0.45405924  0.55662950  0.48710063
   0.51495180  0.79572565  0.27959422
   0.83992000  0.83287000  0.10930000
   0.74311196  0.82990239  0.51556108
   0.98268000  0.96077000  0.21320000
   0.78260415  0.58543061  0.31389301
   0.90524000  0.54636000  0.07986000
   0.71230000  0.67144000  0.18017000
   0.98984323  0.91913539  0.37940936
   0.78669910  0.55181495  0.48511142
   0.84794688  0.79477808  0.27904652
   0.92608228  0.71037073  0.41208467
   0.78477000  0.69231000  0.65805000
   0.29148215  0.12289611  0.59228686
  -0.01671346  0.78390440  0.60684351
   0.71532584  0.61751594  0.68923316
   0.79561784  0.56355773  0.73366106
   0.75022421  0.47367640  0.73599930
   0.92482666  0.58520120  0.72621838
   0.76912327  0.59874275  0.77566652
   0.58555494  0.59008948  0.68532639
