   0.18177000  0.06503000  0.19527000
   0.26279818  0.43480615  0.50182021
   0.03971000  0.44194000  0.09637000
   0.31489127  0.18912755  0.29870426
   0.11304652  0.31104140  0.40353436
   0.51472000  0.06471000  0.19485000
   0.59177102  0.43247703  0.50108637
   0.37304000  0.44194000  0.09637000
   0.65123901  0.18930317  0.29906966
   0.44634880  0.31112458  0.40113185
   0.84826000  0.06468000  0.19455000
   0.92744516  0.43453370  0.50052556
   0.70637000  0.44194000  0.09637000
   0.98094965  0.18957614  0.29846205
   0.78507673  0.31456629  0.40334199
   0.17955000  0.56532000  0.19533000
   0.27378331  0.93254670  0.50314223
   0.03971000  0.94194000  0.09637000
   0.31771366  0.68831591  0.29825147
   0.12432906  0.81113903  0.39552193
   0.51276000  0.56480000  0.19498000
   0.60250080  0.92946928  0.50341777
   0.37304000  0.94194000  0.09637000
   0.64988595  0.68741751  0.29733247
   0.45689816  0.81534162  0.39980937
   0.84642000  0.56519000  0.19522000
   0.93420921  0.92996434  0.50354927
   0.70637000  0.94194000  0.09637000
   0.98331664  0.68757531  0.29761226
   0.78786374  0.81241116  0.39695353
   0.59308018  0.19271021  0.49454083
   0.03971000  0.19194000  0.09637000
   0.31284819  0.43844915  0.29876503
   0.12035325  0.05639948  0.39869627
   0.18013000  0.31638000  0.19719000
   0.24460880  0.18285866  0.50046327
   0.37304000  0.19194000  0.09637000
   0.64522459  0.43767485  0.29769174
   0.45549125  0.06119636  0.39895519
   0.51314000  0.31594000  0.19696000
   0.70637000  0.19194000  0.09637000
   0.98019223  0.43866374  0.29793940
   0.78823990  0.06026342  0.40189336
   0.84665000  0.31624000  0.19703000
   0.93798799  0.18467684  0.50253653
   0.03971000  0.69194000  0.09637000
   0.31804548  0.94098530  0.29786887
   0.12229423  0.55967380  0.40044524
   0.18025000  0.81742000  0.19778000
   0.27013792  0.69132056  0.49492807
   0.37304000  0.69194000  0.09637000
   0.65257707  0.94013896  0.29723681
   0.45307595  0.55867163  0.40011607
   0.51318000  0.81586000  0.19571000
   0.59962567  0.68698652  0.49426643
   0.70637000  0.69194000  0.09637000
   0.98467900  0.93758993  0.29629284
   0.84718000  0.81593000  0.19584000
   0.92714882  0.68512155  0.49345457
   0.78592655  0.55911892  0.39820704
   0.17417000  0.33753000  0.11288000
   0.24723794  0.20304613  0.41513667
   0.06216762  0.33401055  0.50516520
   0.31386000  0.46170000  0.21427000
   0.11419457  0.08497197  0.31513658
   0.23858000  0.04636000  0.07986000
   0.04735000  0.17100000  0.18013000
   0.31352996  0.41568981  0.38292078
   0.13463344  0.02647295  0.48007615
   0.18076425  0.29318340  0.28014279
   0.50750000  0.33753000  0.11288000
   0.58481200  0.20685570  0.41169916
   0.39190079  0.32536843  0.51123462
   0.64712000  0.46121000  0.21367000
   0.45129250  0.08521500  0.31556270
   0.57191000  0.04636000  0.07986000
   0.38063000  0.17082000  0.17998000
   0.64629736  0.41749042  0.38221966
   0.47277455  0.04293365  0.48580727
   0.51569882  0.29137461  0.27962806
   0.84083000  0.33753000  0.11288000
   0.91272043  0.20535608  0.41944609
   0.72511857  0.32770237  0.51160084
   0.98063000  0.46160000  0.21400000
   0.78454601  0.08543790  0.31705864
   0.90524000  0.04636000  0.07986000
   0.71387000  0.17083000  0.18002000
   0.98308324  0.41681855  0.38175470
   0.80183258  0.03600028  0.48742398
   0.84750410  0.29345824  0.27963328
   0.17417000  0.83753000  0.11288000
   0.25805732  0.70703458  0.41241555
   0.06635058  0.81690179  0.52272362
   0.31682000  0.96236000  0.21534000
   0.11726224  0.58345415  0.31628045
   0.23858000  0.54636000  0.07986000
   0.04601000  0.67209000  0.18056000
   0.32179766  0.91748992  0.38100308
   0.13223838  0.54951319  0.48705453
   0.18394702  0.79346242  0.28088755
   0.50619000  0.83294000  0.10916000
   0.58626509  0.70639453  0.41195647
   0.40167278  0.82540847  0.51626942
   0.64926000  0.96050000  0.21277000
   0.45003794  0.58313533  0.31654574
   0.57191000  0.54636000  0.07986000
   0.37906000  0.67136000  0.18002000
   0.65490447  0.91721119  0.38103551
   0.46329926  0.54491376  0.48753323
   0.51818407  0.79291107  0.27944578
   0.83992000  0.83287000  0.10930000
   0.73367043  0.82197289  0.51432999
   0.98268000  0.96077000  0.21320000
   0.78345569  0.58203830  0.31430047
   0.90524000  0.54636000  0.07986000
   0.71230000  0.67144000  0.18017000
   0.98841669  0.91279680  0.37896226
   0.79379039  0.54344912  0.48490479
   0.84987049  0.79175487  0.27865061
   0.92160162  0.70617728  0.41146180
   0.78477000  0.69231000  0.65805000
   0.06399611  0.14264631  0.58529587
  -0.01912951  0.75916647  0.60542179
   0.71964068  0.63065220  0.69765887
   0.79785279  0.57567036  0.74095936
   0.74107562  0.48496867  0.74222695
   0.92690630  0.58623729  0.73314637
   0.77747394  0.60813706  0.78309815
   0.58919416  0.61934365  0.70046263
