   0.18177000  0.06503000  0.19527000
   0.24982657  0.44148671  0.50396059
   0.03971000  0.44194000  0.09637000
   0.31884497  0.19001648  0.29886031
   0.11448299  0.31806659  0.39902454
   0.51472000  0.06471000  0.19485000
   0.58097653  0.44172375  0.50381342
   0.37304000  0.44194000  0.09637000
   0.65177716  0.18964587  0.29876767
   0.44761295  0.31847517  0.40000158
   0.84826000  0.06468000  0.19455000
   0.91491240  0.44138964  0.50355779
   0.70637000  0.44194000  0.09637000
   0.98498278  0.18945506  0.29817864
   0.78038144  0.31847221  0.40111357
   0.17955000  0.56532000  0.19533000
   0.27878322  0.93402071  0.50383605
   0.03971000  0.94194000  0.09637000
   0.31577749  0.69068506  0.29816373
   0.12359238  0.81493553  0.39848529
   0.51276000  0.56480000  0.19498000
   0.61341657  0.93563475  0.50358363
   0.37304000  0.94194000  0.09637000
   0.64874607  0.69017260  0.29738552
   0.45791070  0.81558862  0.39914131
   0.84642000  0.56519000  0.19522000
   0.94615379  0.93566664  0.50321045
   0.70637000  0.94194000  0.09637000
   0.98217999  0.69048474  0.29783211
   0.79073586  0.81555643  0.39888870
   0.59140049  0.19444043  0.49443750
   0.03971000  0.19194000  0.09637000
   0.31466870  0.44127918  0.29795964
   0.12666769  0.06210406  0.39993844
   0.18013000  0.31638000  0.19719000
   0.25916696  0.19562819  0.49517213
   0.37304000  0.19194000  0.09637000
   0.64775630  0.44059483  0.29731579
   0.45881502  0.06129216  0.40085835
   0.51314000  0.31594000  0.19696000
   0.70637000  0.19194000  0.09637000
   0.98102500  0.44085276  0.29786081
   0.79319736  0.06196097  0.39958467
   0.84665000  0.31624000  0.19703000
   0.92642772  0.19707490  0.49460521
   0.03971000  0.69194000  0.09637000
   0.31920909  0.94104000  0.29887288
   0.11370708  0.56555668  0.39968936
   0.18025000  0.81742000  0.19778000
   0.25825074  0.69656865  0.49513479
   0.37304000  0.69194000  0.09637000
   0.65239060  0.93987189  0.29716275
   0.44807419  0.56534486  0.39995271
   0.51318000  0.81586000  0.19571000
   0.58961534  0.69661462  0.49548602
   0.70637000  0.69194000  0.09637000
   0.98556943  0.94025366  0.29741987
   0.84718000  0.81593000  0.19584000
   0.91865151  0.69577857  0.49379331
   0.78088292  0.56465629  0.39891336
   0.17417000  0.33753000  0.11288000
   0.24716714  0.21127290  0.41313228
   0.04881369  0.33538067  0.51366926
   0.31386000  0.46170000  0.21427000
   0.11979123  0.08506644  0.31587212
   0.23858000  0.04636000  0.07986000
   0.04735000  0.17100000  0.18013000
   0.31277792  0.42258982  0.38237051
   0.14617439  0.04355107  0.48722133
   0.18429763  0.29400682  0.28067803
   0.50750000  0.33753000  0.11288000
   0.57938099  0.20987977  0.41275432
   0.38147394  0.33401793  0.51239754
   0.64712000  0.46121000  0.21367000
   0.45268228  0.08547571  0.31695116
   0.57191000  0.04636000  0.07986000
   0.38063000  0.17082000  0.17998000
   0.64544528  0.42168913  0.38140172
   0.47880514  0.04410862  0.48807765
   0.51735314  0.29345110  0.28019164
   0.84083000  0.33753000  0.11288000
   0.91546079  0.21079042  0.41249668
   0.71582866  0.33375785  0.50753272
   0.98063000  0.46160000  0.21400000
   0.78616740  0.08461117  0.31555847
   0.90524000  0.04636000  0.07986000
   0.71387000  0.17083000  0.18002000
   0.97964868  0.42225932  0.38257246
   0.81397334  0.04544990  0.48672548
   0.85079918  0.29373636  0.28027285
   0.17417000  0.83753000  0.11288000
   0.25671152  0.70744249  0.41127435
   0.07544823  0.82246393  0.51350680
   0.31682000  0.96236000  0.21534000
   0.11570449  0.58568037  0.31536708
   0.23858000  0.54636000  0.07986000
   0.04601000  0.67209000  0.18056000
   0.32233729  0.91888148  0.38320063
   0.11596582  0.55511444  0.48976596
   0.18241863  0.79621336  0.28144079
   0.50619000  0.83294000  0.10916000
   0.59006736  0.70786769  0.41133981
   0.41215570  0.82425020  0.51131684
   0.64926000  0.96050000  0.21277000
   0.44900146  0.58591802  0.31547448
   0.57191000  0.54636000  0.07986000
   0.37906000  0.67136000  0.18002000
   0.65618258  0.91958007  0.38173598
   0.45026364  0.55237960  0.48792286
   0.51551602  0.79530549  0.27974109
   0.83992000  0.83287000  0.10930000
   0.74569066  0.82593783  0.50916172
   0.98268000  0.96077000  0.21320000
   0.78244495  0.58556038  0.31446331
   0.90524000  0.54636000  0.07986000
   0.71230000  0.67144000  0.18017000
   0.99005880  0.91943197  0.38196824
   0.78327870  0.55191986  0.48588237
   0.84883448  0.79541877  0.27984427
   0.92410485  0.70756969  0.41065838
   0.78477000  0.69231000  0.65805000
   0.72675670  0.46333957  0.63052405
   0.97263990  0.65725250  0.59920046
   0.72674659  0.59878492  0.68453340
   0.79659239  0.55263974  0.73746442
   0.73966301  0.46339808  0.74568276
   0.92635212  0.55353116  0.73481434
   0.77309331  0.60138519  0.77498892
   0.59720770  0.58425285  0.68897399
