   0.17773539  0.06424952  0.19541401
   0.28782542  0.42829043  0.50074103
   0.03971000  0.44194000  0.09637000
   0.31399200  0.18784810  0.29862772
   0.12904578  0.31075213  0.39860716
   0.51099175  0.06432326  0.19550450
   0.62082535  0.43099036  0.50158457
   0.37304000  0.44194000  0.09637000
   0.64746795  0.18786878  0.29886373
   0.46226267  0.31076477  0.39854504
   0.84421432  0.06425097  0.19543754
   0.95530511  0.42807137  0.50053903
   0.70637000  0.44194000  0.09637000
   0.98076407  0.18789233  0.29856190
   0.79566426  0.31085113  0.39855469
   0.17997590  0.56404332  0.19520243
   0.24577303  0.93918533  0.50313404
   0.03971000  0.94194000  0.09637000
   0.31474858  0.68880424  0.29931023
   0.10818502  0.81699260  0.39968853
   0.51335442  0.56397162  0.19518455
   0.58208401  0.94211041  0.50365090
   0.37304000  0.94194000  0.09637000
   0.64788246  0.68833658  0.29867432
   0.44231260  0.81887482  0.40191678
   0.84667342  0.56401587  0.19533062
   0.91064729  0.93886869  0.50500565
   0.70637000  0.94194000  0.09637000
   0.98177974  0.68845194  0.29869612
   0.77489765  0.81657567  0.39985376
   0.93047632  0.69392815  0.49604070
   0.03971000  0.19194000  0.09637000
   0.31910634  0.43766700  0.29773046
   0.11327773  0.06210495  0.40033792
   0.17908025  0.31494219  0.19622028
   0.25970767  0.19275581  0.49576525
   0.37304000  0.19194000  0.09637000
   0.65266439  0.43827792  0.29859225
   0.44583589  0.06276966  0.40020641
   0.51226032  0.31560113  0.19749665
   0.59232745  0.19504458  0.49517343
   0.70637000  0.19194000  0.09637000
   0.98613284  0.43808122  0.29800267
   0.77964747  0.06213707  0.40024995
   0.84528050  0.31553004  0.19737867
   0.92787266  0.19078617  0.49523006
   0.03971000  0.69194000  0.09637000
   0.30997414  0.93937580  0.29846894
   0.12687342  0.55724969  0.39771673
   0.17799038  0.81557707  0.19732809
   0.26510375  0.68827763  0.49083646
   0.37304000  0.69194000  0.09637000
   0.64274639  0.93930074  0.29852613
   0.46091200  0.55888715  0.39975175
   0.51125762  0.81549858  0.19727419
   0.59487338  0.69323501  0.49555171
   0.70637000  0.69194000  0.09637000
   0.97698424  0.93945760  0.29831780
   0.84454458  0.81555993  0.19728588
   0.79473694  0.55983979  0.40033918
   0.17310000  0.33301000  0.10976000
   0.26165446  0.20300647  0.41101438
   0.08657158  0.31696495  0.51177602
   0.31419507  0.45981197  0.21364243
   0.11380622  0.08306015  0.31576926
   0.23858000  0.04636000  0.07986000
   0.04404125  0.17062895  0.18006546
   0.32862247  0.41460341  0.38145319
   0.11461770  0.05053695  0.48820710
   0.18118871  0.29271871  0.27987456
   0.50750000  0.33753000  0.11288000
   0.59558105  0.20336832  0.41065656
   0.42066159  0.31979299  0.51154994
   0.64776285  0.46070122  0.21481873
   0.44728577  0.08296251  0.31563982
   0.57191000  0.04636000  0.07986000
   0.37749284  0.17086294  0.18026283
   0.66183697  0.41598020  0.38251672
   0.44858489  0.05342927  0.48787846
   0.51465287  0.29311061  0.28086384
   0.84083000  0.33753000  0.11288000
   0.92814416  0.20287339  0.41108195
   0.75266039  0.32134138  0.51146782
   0.98118737  0.46055240  0.21444045
   0.78056282  0.08276900  0.31576586
   0.90524000  0.04636000  0.07986000
   0.71074781  0.17071776  0.18012022
   0.99337542  0.41351452  0.38117766
   0.78323732  0.04963189  0.48816521
   0.84780945  0.29284917  0.28056103
   0.17417000  0.83753000  0.11288000
   0.24240055  0.70935185  0.40884875
   0.04147044  0.83460740  0.51623853
   0.31187626  0.96075295  0.21443865
   0.11500171  0.58373554  0.31599066
   0.23858000  0.54636000  0.07986000
   0.04581595  0.67015705  0.17997661
   0.30613846  0.92147613  0.38249639
   0.15530505  0.53166392  0.47864375
   0.18003310  0.79262872  0.28027754
   0.50750000  0.83753000  0.11288000
   0.57566783  0.70969352  0.41387045
   0.38436576  0.83683761  0.50501558
   0.64511135  0.96073143  0.21454433
   0.44925865  0.58365421  0.31630944
   0.57191000  0.54636000  0.07986000
   0.37922179  0.67001952  0.17992663
   0.64073568  0.92045871  0.38281036
   0.48793905  0.54013199  0.48598420
   0.51372668  0.79229656  0.28027188
   0.84083000  0.83753000  0.11288000
   0.71004693  0.83183254  0.51674290
   0.97845215  0.96072562  0.21446001
   0.78276037  0.58442698  0.31691220
   0.90524000  0.54636000  0.07986000
   0.71257383  0.67010659  0.18000506
   0.97350353  0.92002608  0.38256148
   0.82282833  0.54029805  0.48691344
   0.84685588  0.79239178  0.28049031
   0.90825892  0.71040819  0.41458463
   0.72589849  0.56714889  0.64756546
   0.21776355  0.66343645  0.59164473
   0.95261694  0.63768573  0.61245443
   0.68404889  0.53204121  0.69599168
   0.79035533  0.52965193  0.74640941
   0.75411499  0.44713611  0.76807955
   0.91299536  0.54804830  0.73518321
   0.76438166  0.59110269  0.77801250
   0.55616548  0.50249164  0.70052661
