   0.18177000  0.06503000  0.19527000
   0.26743511  0.43261199  0.50255618
   0.03971000  0.44194000  0.09637000
   0.31553737  0.18845746  0.29839211
   0.11660754  0.31423335  0.39991596
   0.51472000  0.06471000  0.19485000
   0.60061471  0.43280385  0.50170314
   0.37304000  0.44194000  0.09637000
   0.64902547  0.18828846  0.29813988
   0.44990904  0.31357450  0.39914987
   0.84826000  0.06468000  0.19455000
   0.93611795  0.43526690  0.50762734
   0.70637000  0.44194000  0.09637000
   0.98228901  0.18847378  0.29830306
   0.78376264  0.31466468  0.39976704
   0.17955000  0.56532000  0.19533000
   0.26142583  0.93355171  0.50460261
   0.03971000  0.94194000  0.09637000
   0.31571625  0.68865540  0.29788005
   0.11963388  0.81305591  0.39673020
   0.51276000  0.56480000  0.19498000
   0.59313265  0.93344238  0.50246263
   0.37304000  0.94194000  0.09637000
   0.64864744  0.68863632  0.29739724
   0.45255101  0.81358807  0.39912662
   0.84642000  0.56519000  0.19522000
   0.92537428  0.93552792  0.50512824
   0.70637000  0.94194000  0.09637000
   0.98189541  0.68845317  0.29731891
   0.78540358  0.81436599  0.39887204
   0.58946870  0.19220399  0.49495445
   0.03971000  0.19194000  0.09637000
   0.31502847  0.43939471  0.29800940
   0.11892692  0.06036714  0.40007465
   0.18013000  0.31638000  0.19719000
   0.25486759  0.19219256  0.49567482
   0.37304000  0.19194000  0.09637000
   0.64801405  0.43891210  0.29735793
   0.45209829  0.06085626  0.40012441
   0.51314000  0.31594000  0.19696000
   0.70637000  0.19194000  0.09637000
   0.98171475  0.43893857  0.29759032
   0.78507596  0.06035457  0.39906378
   0.84665000  0.31624000  0.19703000
   0.92199732  0.19255403  0.49400453
   0.03971000  0.69194000  0.09637000
   0.31706379  0.93969014  0.29845335
   0.12139307  0.55950005  0.39890702
   0.18025000  0.81742000  0.19778000
   0.26098393  0.68771832  0.49487007
   0.37304000  0.69194000  0.09637000
   0.64953487  0.93849841  0.29690529
   0.45446793  0.55998139  0.39979525
   0.51318000  0.81586000  0.19571000
   0.59532025  0.69065704  0.49488938
   0.70637000  0.69194000  0.09637000
   0.98282322  0.93927104  0.29738433
   0.84718000  0.81593000  0.19584000
   0.92326535  0.68959856  0.49308900
   0.78821239  0.55996568  0.39836149
   0.17417000  0.33753000  0.11288000
   0.24994275  0.20623046  0.41264751
   0.06782732  0.32283891  0.50970802
   0.31386000  0.46170000  0.21427000
   0.11603677  0.08382061  0.31590912
   0.23858000  0.04636000  0.07986000
   0.04735000  0.17100000  0.18013000
   0.31600957  0.41787982  0.38184073
   0.13914882  0.03805751  0.48300794
   0.18199467  0.29306648  0.28035130
   0.50750000  0.33753000  0.11288000
   0.58350061  0.20672337  0.41210905
   0.39933864  0.32430143  0.51199951
   0.64712000  0.46121000  0.21367000
   0.44968640  0.08433518  0.31632596
   0.57191000  0.04636000  0.07986000
   0.38063000  0.17082000  0.17998000
   0.64848204  0.41794735  0.38117742
   0.46156287  0.04367853  0.48701026
   0.51497123  0.29262452  0.28004870
   0.84083000  0.33753000  0.11288000
   0.91629450  0.20616314  0.41118789
   0.73237994  0.32481957  0.51052175
   0.98063000  0.46160000  0.21400000
   0.78258250  0.08312340  0.31497745
   0.90524000  0.04636000  0.07986000
   0.71387000  0.17083000  0.18002000
   0.98210763  0.41763437  0.38105698
   0.79517700  0.04430925  0.48620517
   0.84846313  0.29271588  0.27997427
   0.17417000  0.83753000  0.11288000
   0.25220502  0.70714715  0.41223264
   0.05586179  0.82589908  0.52204620
   0.31682000  0.96236000  0.21534000
   0.11591325  0.58422106  0.31521707
   0.23858000  0.54636000  0.07986000
   0.04601000  0.67209000  0.18056000
   0.31808442  0.91752618  0.38214001
   0.13745582  0.54124254  0.48351276
   0.18191690  0.79397198  0.28097899
   0.50619000  0.83294000  0.10916000
   0.58569149  0.70653038  0.41235634
   0.39129551  0.82520965  0.51322137
   0.64926000  0.96050000  0.21277000
   0.44933925  0.58435268  0.31588525
   0.57191000  0.54636000  0.07986000
   0.37906000  0.67136000  0.18002000
   0.65038464  0.91727663  0.38100775
   0.46885247  0.54338960  0.48671657
   0.51490545  0.79317150  0.27927196
   0.83992000  0.83287000  0.10930000
   0.72713037  0.82742596  0.51101878
   0.98268000  0.96077000  0.21320000
   0.78236103  0.58405734  0.31476098
   0.90524000  0.54636000  0.07986000
   0.71230000  0.67144000  0.18017000
   0.98494963  0.91758426  0.38171861
   0.80014874  0.54254765  0.48372190
   0.84849414  0.79370406  0.27949692
   0.92003995  0.70809377  0.41138943
   0.78477000  0.69231000  0.65805000
   0.06959192  0.06396638  0.51481610
   0.03856935  0.70192208  0.59263003
   0.71734879  0.62991406  0.69576417
   0.79716628  0.57557752  0.74115296
   0.74038894  0.48619669  0.74354252
   0.92406710  0.58601510  0.73277390
   0.77673343  0.61183693  0.78325225
   0.58513720  0.61107664  0.69751574
