   0.18177000  0.06503000  0.19527000
   0.24967929  0.44098424  0.50446628
   0.03971000  0.44194000  0.09637000
   0.31828977  0.18943854  0.29833217
   0.11386398  0.31844225  0.39951032
   0.51472000  0.06471000  0.19485000
   0.58543398  0.44112812  0.50593843
   0.37304000  0.44194000  0.09637000
   0.65171574  0.18950628  0.29859945
   0.44694396  0.31792884  0.39967731
   0.84826000  0.06468000  0.19455000
   0.91607906  0.44177456  0.50495614
   0.70637000  0.44194000  0.09637000
   0.98502065  0.18951895  0.29807975
   0.78023279  0.31882928  0.40064539
   0.17955000  0.56532000  0.19533000
   0.27953571  0.93476199  0.50320285
   0.03971000  0.94194000  0.09637000
   0.31549974  0.69019934  0.29824307
   0.12395931  0.81468804  0.39770759
   0.51276000  0.56480000  0.19498000
   0.61229968  0.93612041  0.50201935
   0.37304000  0.94194000  0.09637000
   0.64867442  0.69023594  0.29764052
   0.45690190  0.81482723  0.39924911
   0.84642000  0.56519000  0.19522000
   0.94390049  0.93564709  0.50318504
   0.70637000  0.94194000  0.09637000
   0.98149489  0.68995158  0.29791630
   0.78942083  0.81574730  0.39893979
   0.59193835  0.19469036  0.49456504
   0.03971000  0.19194000  0.09637000
   0.31428590  0.44135662  0.29817136
   0.12557450  0.06159054  0.39994797
   0.18013000  0.31638000  0.19719000
   0.25888729  0.19511287  0.49493727
   0.37304000  0.19194000  0.09637000
   0.64735891  0.44050473  0.29760829
   0.45903221  0.06168147  0.40008871
   0.51314000  0.31594000  0.19696000
   0.70637000  0.19194000  0.09637000
   0.98057744  0.44097249  0.29813532
   0.79301421  0.06222753  0.39960690
   0.84665000  0.31624000  0.19703000
   0.92580830  0.19710405  0.49519023
   0.03971000  0.69194000  0.09637000
   0.31877145  0.94027590  0.29871224
   0.11382437  0.56477774  0.40044027
   0.18025000  0.81742000  0.19778000
   0.25909076  0.69628187  0.49587415
   0.37304000  0.69194000  0.09637000
   0.65195426  0.93984365  0.29725747
   0.44869626  0.56455849  0.40015605
   0.51318000  0.81586000  0.19571000
   0.59063206  0.69628558  0.49575187
   0.70637000  0.69194000  0.09637000
   0.98518427  0.93996141  0.29758285
   0.84718000  0.81593000  0.19584000
   0.91966335  0.69621345  0.49263782
   0.78051067  0.56407722  0.39850120
   0.17417000  0.33753000  0.11288000
   0.24663406  0.21033780  0.41303418
   0.04905067  0.33483245  0.51329121
   0.31386000  0.46170000  0.21427000
   0.11903489  0.08483132  0.31601761
   0.23858000  0.04636000  0.07986000
   0.04735000  0.17100000  0.18013000
   0.31220317  0.42155017  0.38212133
   0.14573953  0.04216141  0.48726710
   0.18408644  0.29405290  0.28062975
   0.50750000  0.33753000  0.11288000
   0.57985732  0.21002218  0.41209276
   0.38198231  0.33364153  0.51266254
   0.64712000  0.46121000  0.21367000
   0.45254256  0.08506212  0.31658491
   0.57191000  0.04636000  0.07986000
   0.38063000  0.17082000  0.17998000
   0.64489272  0.42090060  0.38131994
   0.47799705  0.04374633  0.48698351
   0.51739204  0.29341205  0.28030483
   0.84083000  0.33753000  0.11288000
   0.91429520  0.21135748  0.41262695
   0.71823284  0.33282804  0.50790312
   0.98063000  0.46160000  0.21400000
   0.78615823  0.08461195  0.31565586
   0.90524000  0.04636000  0.07986000
   0.71387000  0.17083000  0.18002000
   0.97899703  0.42239345  0.38230785
   0.81258070  0.04563772  0.48639287
   0.85083092  0.29382935  0.28053043
   0.17417000  0.83753000  0.11288000
   0.25576150  0.70736486  0.41198438
   0.07400355  0.82187184  0.51637658
   0.31682000  0.96236000  0.21534000
   0.11553669  0.58560752  0.31568316
   0.23858000  0.54636000  0.07986000
   0.04601000  0.67209000  0.18056000
   0.32261166  0.91908142  0.38271748
   0.11909608  0.55185486  0.48970184
   0.18166450  0.79505913  0.28103192
   0.50619000  0.83294000  0.10916000
   0.58991530  0.70787276  0.41189900
   0.41079354  0.82641205  0.51147486
   0.64926000  0.96050000  0.21277000
   0.44922425  0.58599336  0.31560032
   0.57191000  0.54636000  0.07986000
   0.37906000  0.67136000  0.18002000
   0.65550172  0.91943746  0.38155409
   0.45074443  0.55247607  0.48756081
   0.51506515  0.79487067  0.27959184
   0.83992000  0.83287000  0.10930000
   0.74422864  0.82727745  0.50935905
   0.98268000  0.96077000  0.21320000
   0.78187079  0.58533018  0.31486473
   0.90524000  0.54636000  0.07986000
   0.71230000  0.67144000  0.18017000
   0.98967733  0.91921374  0.38215196
   0.78376313  0.55159717  0.48374208
   0.84856157  0.79516949  0.27972324
   0.92374838  0.70842406  0.40955908
   0.78477000  0.69231000  0.65805000
   0.73909494  0.46645930  0.62000086
   0.97067608  0.66238164  0.59925148
   0.72054191  0.60926570  0.68819509
   0.79825979  0.55974043  0.73699983
   0.73393156  0.47260805  0.74227018
   0.92648735  0.56335186  0.73196308
   0.78164231  0.60620645  0.77694064
   0.58979535  0.58750344  0.68979915
