   0.18177000  0.06503000  0.19527000
   0.24898640  0.44446131  0.50173765
   0.03971000  0.44194000  0.09637000
   0.31885100  0.19052573  0.29954521
   0.11549717  0.31687512  0.40151197
   0.51472000  0.06471000  0.19485000
   0.58564757  0.44785628  0.50344220
   0.37304000  0.44194000  0.09637000
   0.65167761  0.18960601  0.29891822
   0.44442917  0.31821285  0.40498934
   0.84826000  0.06468000  0.19455000
   0.91291707  0.43934433  0.50408001
   0.70637000  0.44194000  0.09637000
   0.98579157  0.18943330  0.29867463
   0.78036750  0.31745825  0.40006508
   0.17955000  0.56532000  0.19533000
   0.28076132  0.93697073  0.50500328
   0.03971000  0.94194000  0.09637000
   0.31592671  0.69059191  0.29822614
   0.12483474  0.81503545  0.39725086
   0.51276000  0.56480000  0.19498000
   0.61372272  0.93775767  0.50305012
   0.37304000  0.94194000  0.09637000
   0.64871879  0.69033542  0.29748593
   0.45758181  0.81529284  0.39909890
   0.84642000  0.56519000  0.19522000
   0.94570512  0.93616058  0.50433158
   0.70637000  0.94194000  0.09637000
   0.98200671  0.69034377  0.29780832
   0.79096382  0.81614225  0.39818559
   0.58723936  0.19846377  0.49817913
   0.03971000  0.19194000  0.09637000
   0.31406424  0.44106880  0.29807930
   0.12735806  0.06349044  0.40349714
   0.18013000  0.31638000  0.19719000
   0.26378271  0.20009485  0.50860042
   0.37304000  0.19194000  0.09637000
   0.64688931  0.44010281  0.29789792
   0.45913992  0.06403347  0.40186779
   0.51314000  0.31594000  0.19696000
   0.70637000  0.19194000  0.09637000
   0.98141253  0.44048283  0.29821364
   0.79296071  0.06233958  0.39985999
   0.84665000  0.31624000  0.19703000
   0.92911080  0.19602125  0.49482414
   0.03971000  0.69194000  0.09637000
   0.31909382  0.94149207  0.29919885
   0.11437287  0.56539835  0.39962216
   0.18025000  0.81742000  0.19778000
   0.25966291  0.69802617  0.49558726
   0.37304000  0.69194000  0.09637000
   0.65199310  0.93981268  0.29746228
   0.44811690  0.56483668  0.39951293
   0.51318000  0.81586000  0.19571000
   0.59052168  0.70027511  0.49496134
   0.70637000  0.69194000  0.09637000
   0.98649064  0.94140155  0.29797569
   0.84718000  0.81593000  0.19584000
   0.92035157  0.69800396  0.49053430
   0.78086601  0.56433464  0.39849952
   0.17417000  0.33753000  0.11288000
   0.24412250  0.20921254  0.41948899
   0.04871218  0.33764699  0.51165330
   0.31386000  0.46170000  0.21427000
   0.12047965  0.08574711  0.31721741
   0.23858000  0.04636000  0.07986000
   0.04735000  0.17100000  0.18013000
   0.31072502  0.42221853  0.38140046
   0.14447415  0.04055933  0.49055691
   0.18404755  0.29382839  0.28041268
   0.50750000  0.33753000  0.11288000
   0.58350654  0.21192068  0.41665619
   0.38930894  0.34457360  0.49759755
   0.64712000  0.46121000  0.21367000
   0.45333742  0.08626726  0.31757953
   0.57191000  0.04636000  0.07986000
   0.38063000  0.17082000  0.17998000
   0.64469720  0.42132240  0.38228091
   0.48045555  0.04551508  0.48742574
   0.51791402  0.29347180  0.28027600
   0.84083000  0.33753000  0.11288000
   0.91373046  0.21111069  0.41363661
   0.71356697  0.33831230  0.51531065
   0.98063000  0.46160000  0.21400000
   0.78607834  0.08476050  0.31578516
   0.90524000  0.04636000  0.07986000
   0.71387000  0.17083000  0.18002000
   0.97966329  0.42161350  0.38275593
   0.81509618  0.04502987  0.48611982
   0.85073092  0.29366765  0.28059030
   0.17417000  0.83753000  0.11288000
   0.25607822  0.70791456  0.41165223
   0.07360352  0.81907431  0.51857620
   0.31682000  0.96236000  0.21534000
   0.11554627  0.58588610  0.31535707
   0.23858000  0.54636000  0.07986000
   0.04601000  0.67209000  0.18056000
   0.32343464  0.91984098  0.38326771
   0.11625650  0.55677800  0.49197455
   0.18223824  0.79583636  0.28138354
   0.50619000  0.83294000  0.10916000
   0.59160101  0.70799341  0.41083783
   0.41315987  0.82673734  0.51199558
   0.64926000  0.96050000  0.21277000
   0.44924304  0.58612091  0.31517411
   0.57191000  0.54636000  0.07986000
   0.37906000  0.67136000  0.18002000
   0.65635332  0.91930484  0.38172903
   0.45071318  0.55894341  0.48790307
   0.51532432  0.79525611  0.27965592
   0.83992000  0.83287000  0.10930000
   0.74587152  0.82775867  0.51116163
   0.98268000  0.96077000  0.21320000
   0.78207406  0.58528449  0.31458073
   0.90524000  0.54636000  0.07986000
   0.71230000  0.67144000  0.18017000
   0.99137500  0.91988692  0.38257477
   0.78609696  0.55447046  0.48821127
   0.84918892  0.79567624  0.27990955
   0.92429119  0.70795747  0.40900622
   0.78477000  0.69231000  0.65805000
   0.30917556  0.22106283  0.60298597
   0.97920392  0.66658582  0.59208588
   0.72510460  0.60822167  0.68740691
   0.80005972  0.55948860  0.73673985
   0.73751860  0.47281245  0.74036560
   0.92923854  0.56553442  0.73625489
   0.77914067  0.60188688  0.77679436
   0.60110662  0.55966997  0.67816930
