   0.17921648  0.06453619  0.19533686
   0.26660113  0.43321200  0.50236941
   0.03971000  0.44194000  0.09637000
   0.31475103  0.18902009  0.29919425
   0.11879153  0.31242695  0.40271624
   0.51255466  0.06454243  0.19544156
   0.59969183  0.43386217  0.50302610
   0.37304000  0.44194000  0.09637000
   0.64789510  0.18868601  0.29938921
   0.44848841  0.31267235  0.40439465
   0.84575020  0.06459178  0.19539539
   0.93173873  0.43199243  0.50249127
   0.70637000  0.44194000  0.09637000
   0.98168149  0.18887174  0.29949563
   0.78388863  0.31328700  0.40086203
   0.17978909  0.56382382  0.19528016
   0.26379055  0.93656366  0.51000074
   0.03971000  0.94194000  0.09637000
   0.31644120  0.68761166  0.29860597
   0.12146253  0.81334431  0.39674122
   0.51312634  0.56388403  0.19522416
   0.59372304  0.93370226  0.50574563
   0.37304000  0.94194000  0.09637000
   0.64943122  0.68750775  0.29806474
   0.45415371  0.81381526  0.39961470
   0.84630793  0.56371309  0.19546735
   0.92472723  0.93336830  0.50517019
   0.70637000  0.94194000  0.09637000
   0.98289542  0.68731774  0.29813041
   0.78740819  0.81302156  0.39813786
   0.93360703  0.68458528  0.49360341
   0.03971000  0.19194000  0.09637000
   0.31572392  0.43825386  0.29880039
   0.11945190  0.05957573  0.40088464
   0.17933932  0.31527962  0.19648698
   0.25918782  0.18196811  0.50344758
   0.37304000  0.19194000  0.09637000
   0.64779408  0.43775430  0.29877325
   0.45178872  0.06013905  0.40024638
   0.51215602  0.31560275  0.19736155
   0.58585762  0.19045076  0.49717659
   0.70637000  0.19194000  0.09637000
   0.98298067  0.43805193  0.29896841
   0.78463244  0.06066609  0.40110720
   0.84558764  0.31554482  0.19750892
   0.92623630  0.19145775  0.49631662
   0.03971000  0.69194000  0.09637000
   0.31613052  0.93898676  0.29769220
   0.12300925  0.55957991  0.40066724
   0.17905630  0.81522223  0.19707902
   0.26565493  0.69129671  0.49603787
   0.37304000  0.69194000  0.09637000
   0.64903631  0.93918536  0.29850536
   0.45606988  0.56015806  0.40096858
   0.51253022  0.81570459  0.19731773
   0.59629117  0.69308517  0.49701005
   0.70637000  0.69194000  0.09637000
   0.98279524  0.93961559  0.29780431
   0.84574204  0.81554792  0.19715037
   0.78837942  0.55908629  0.39920522
   0.17310000  0.33301000  0.10976000
   0.24845329  0.20448111  0.41847166
   0.06343492  0.32733369  0.51146928
   0.31401692  0.46012968  0.21417416
   0.11581769  0.08478376  0.31670853
   0.23858000  0.04636000  0.07986000
   0.04525993  0.17087853  0.18019065
   0.31639409  0.41751082  0.38309693
   0.12340229  0.03202618  0.48390888
   0.18106049  0.29326723  0.28024041
   0.50750000  0.33753000  0.11288000
   0.58486555  0.20556374  0.41383255
   0.40130447  0.32914053  0.50723951
   0.64717907  0.46062240  0.21487565
   0.44821125  0.08408920  0.31626377
   0.57191000  0.04636000  0.07986000
   0.37856825  0.17063442  0.18012917
   0.64870051  0.41689259  0.38275125
   0.46452190  0.04054050  0.48511276
   0.51406338  0.29263150  0.28047179
   0.84083000  0.33753000  0.11288000
   0.91652528  0.20599776  0.41363036
   0.72976458  0.32469427  0.51339921
   0.98101305  0.46047671  0.21489546
   0.78168975  0.08409168  0.31697736
   0.90524000  0.04636000  0.07986000
   0.71191147  0.17070093  0.18013411
   0.98436866  0.41716484  0.38307919
   0.79607254  0.04342285  0.48794217
   0.84756646  0.29285524  0.28083678
   0.17417000  0.83753000  0.11288000
   0.25358299  0.70746307  0.41379005
   0.05233503  0.82078676  0.52572523
   0.31336629  0.96058513  0.21422422
   0.11719169  0.58333201  0.31684903
   0.23858000  0.54636000  0.07986000
   0.04578410  0.66997890  0.18005496
   0.31951588  0.91603915  0.38094659
   0.13423751  0.54562423  0.48792902
   0.18252862  0.79192852  0.28029506
   0.50750000  0.83753000  0.11288000
   0.58839056  0.70764237  0.41448838
   0.39229458  0.82630593  0.51743166
   0.64675710  0.96104540  0.21485439
   0.45034572  0.58346709  0.31697094
   0.57191000  0.54636000  0.07986000
   0.37931395  0.67036497  0.18017351
   0.65276892  0.91656504  0.38226786
   0.46891562  0.54656691  0.48804118
   0.51593031  0.79230729  0.28054457
   0.84083000  0.83753000  0.11288000
   0.72621522  0.82696094  0.52056208
   0.98006328  0.96101351  0.21434166
   0.78315834  0.58300465  0.31599127
   0.90524000  0.54636000  0.07986000
   0.71257803  0.67021970  0.18014095
   0.98543873  0.91571121  0.38080950
   0.80212983  0.54183583  0.48531708
   0.84921575  0.79213142  0.28026177
   0.92222551  0.70713742  0.41250060
   0.76878921  0.62303581  0.65182754
   0.28024514  0.12682433  0.59518257
   0.92791125  0.74781095  0.60041453
   0.71877929  0.55274863  0.68899737
   0.80270022  0.53542363  0.74288734
   0.76705400  0.44856087  0.75741723
   0.93171166  0.56143648  0.73866645
   0.76414555  0.58717524  0.77666784
   0.59932522  0.49902005  0.68235039
