   0.18177000  0.06503000  0.19527000
   0.24532378  0.44116704  0.50389811
   0.03971000  0.44194000  0.09637000
   0.31882215  0.19041652  0.29931966
   0.11448115  0.31764420  0.40111363
   0.51472000  0.06471000  0.19485000
   0.57847257  0.44524381  0.50159469
   0.37304000  0.44194000  0.09637000
   0.65192312  0.18989467  0.29827378
   0.44935430  0.31843891  0.40135682
   0.84826000  0.06468000  0.19455000
   0.91226324  0.44347263  0.50131663
   0.70637000  0.44194000  0.09637000
   0.98556251  0.18981886  0.29789369
   0.78080187  0.31711159  0.40125306
   0.17955000  0.56532000  0.19533000
   0.28106678  0.93535125  0.50361725
   0.03971000  0.94194000  0.09637000
   0.31583337  0.69084192  0.29829092
   0.12531108  0.81603793  0.39855558
   0.51276000  0.56480000  0.19498000
   0.61314861  0.93283154  0.50292986
   0.37304000  0.94194000  0.09637000
   0.64864873  0.69020128  0.29736881
   0.45879094  0.81641068  0.39888072
   0.84642000  0.56519000  0.19522000
   0.94780228  0.93413766  0.50172380
   0.70637000  0.94194000  0.09637000
   0.98237482  0.69067449  0.29800110
   0.79108320  0.81518031  0.39795836
   0.59992631  0.19857128  0.50139943
   0.03971000  0.19194000  0.09637000
   0.31457232  0.44076652  0.29810416
   0.12709054  0.06212616  0.40020396
   0.18013000  0.31638000  0.19719000
   0.25904088  0.19505981  0.49813919
   0.37304000  0.19194000  0.09637000
   0.64766398  0.44015929  0.29732498
   0.46212748  0.06488644  0.40303760
   0.51314000  0.31594000  0.19696000
   0.70637000  0.19194000  0.09637000
   0.98112726  0.44053313  0.29777077
   0.79469328  0.06187136  0.39871943
   0.84665000  0.31624000  0.19703000
   0.92138599  0.19526455  0.49726959
   0.03971000  0.69194000  0.09637000
   0.32026623  0.94231828  0.29953212
   0.11523100  0.56536760  0.39870633
   0.18025000  0.81742000  0.19778000
   0.25813818  0.69763727  0.49452949
   0.37304000  0.69194000  0.09637000
   0.65245510  0.94002242  0.29689010
   0.44713037  0.56618784  0.39957104
   0.51318000  0.81586000  0.19571000
   0.59025919  0.69690586  0.49579848
   0.70637000  0.69194000  0.09637000
   0.98596733  0.94016042  0.29738916
   0.84718000  0.81593000  0.19584000
   0.91909805  0.69838444  0.49465616
   0.78206721  0.56534129  0.39770610
   0.17417000  0.33753000  0.11288000
   0.24922117  0.21132345  0.41326829
   0.04021752  0.33423003  0.51219430
   0.31386000  0.46170000  0.21427000
   0.11948465  0.08529442  0.31603325
   0.23858000  0.04636000  0.07986000
   0.04735000  0.17100000  0.18013000
   0.31349718  0.42110812  0.38246079
   0.14739813  0.04369558  0.48643014
   0.18433675  0.29385905  0.28041098
   0.50750000  0.33753000  0.11288000
   0.58245592  0.21246017  0.42015456
   0.38046251  0.34032549  0.51177698
   0.64712000  0.46121000  0.21367000
   0.45434779  0.08761466  0.31885908
   0.57191000  0.04636000  0.07986000
   0.38063000  0.17082000  0.17998000
   0.64718650  0.41998522  0.38115748
   0.48386991  0.04447299  0.48951239
   0.51738337  0.29339934  0.28018033
   0.84083000  0.33753000  0.11288000
   0.91405830  0.21021418  0.41592994
   0.71200676  0.33972327  0.51383728
   0.98063000  0.46160000  0.21400000
   0.78662452  0.08568563  0.31544473
   0.90524000  0.04636000  0.07986000
   0.71387000  0.17083000  0.18002000
   0.97968269  0.42071779  0.38199124
   0.81283240  0.04162735  0.48498310
   0.85080637  0.29374690  0.28024030
   0.17417000  0.83753000  0.11288000
   0.25812435  0.70837332  0.41048241
   0.07820357  0.82378750  0.51157531
   0.31682000  0.96236000  0.21534000
   0.11568740  0.58549957  0.31511026
   0.23858000  0.54636000  0.07986000
   0.04601000  0.67209000  0.18056000
   0.32484565  0.92172254  0.38383024
   0.11771143  0.55379978  0.48681092
   0.18286608  0.79655701  0.28143886
   0.50619000  0.83294000  0.10916000
   0.59101012  0.70862483  0.41148526
   0.41133870  0.82444223  0.51227059
   0.64926000  0.96050000  0.21277000
   0.44891386  0.58574373  0.31536557
   0.57191000  0.54636000  0.07986000
   0.37906000  0.67136000  0.18002000
   0.65730441  0.91938755  0.38073688
   0.44614745  0.55500252  0.48658463
   0.51540220  0.79496710  0.27947765
   0.83992000  0.83287000  0.10930000
   0.74701188  0.82507402  0.51126560
   0.98268000  0.96077000  0.21320000
   0.78219158  0.58523792  0.31398230
   0.90524000  0.54636000  0.07986000
   0.71230000  0.67144000  0.18017000
   0.99033888  0.91970065  0.38174267
   0.78252345  0.55553066  0.48375324
   0.84895965  0.79524620  0.27971736
   0.92548077  0.70847424  0.40988119
   0.78477000  0.69231000  0.65805000
   0.33251503  0.26443314  0.61949858
   0.96499364  0.64349149  0.61032306
   0.70094060  0.55101222  0.69531924
   0.78924712  0.52977631  0.74212534
   0.75356514  0.44508830  0.76829162
   0.91115228  0.54778218  0.73592583
   0.76467687  0.59256505  0.77810583
   0.56021440  0.50699427  0.69789959
