   0.18177000  0.06503000  0.19527000
   0.26742719  0.43261740  0.50255847
   0.03971000  0.44194000  0.09637000
   0.31554318  0.18845957  0.29839078
   0.11660690  0.31423823  0.39991683
   0.51472000  0.06471000  0.19485000
   0.60062375  0.43280568  0.50170228
   0.37304000  0.44194000  0.09637000
   0.64902225  0.18828863  0.29813957
   0.44991311  0.31357656  0.39914893
   0.84826000  0.06468000  0.19455000
   0.93611853  0.43527301  0.50763725
   0.70637000  0.44194000  0.09637000
   0.98228828  0.18847624  0.29830222
   0.78375847  0.31466646  0.39976714
   0.17955000  0.56532000  0.19533000
   0.26136334  0.93360868  0.50460241
   0.03971000  0.94194000  0.09637000
   0.31571704  0.68865566  0.29787975
   0.11962948  0.81305870  0.39673062
   0.51276000  0.56480000  0.19498000
   0.59313310  0.93344700  0.50246368
   0.37304000  0.94194000  0.09637000
   0.64864730  0.68863628  0.29739693
   0.45255602  0.81358967  0.39912660
   0.84642000  0.56519000  0.19522000
   0.92564035  0.93568256  0.50511026
   0.70637000  0.94194000  0.09637000
   0.98189551  0.68845313  0.29731824
   0.78539958  0.81436710  0.39887344
   0.58947371  0.19219909  0.49495440
   0.03971000  0.19194000  0.09637000
   0.31502834  0.43939522  0.29800915
   0.11892166  0.06036133  0.40010286
   0.18013000  0.31638000  0.19719000
   0.25477669  0.19207984  0.49566392
   0.37304000  0.19194000  0.09637000
   0.64801536  0.43891196  0.29735809
   0.45210271  0.06085523  0.40012731
   0.51314000  0.31594000  0.19696000
   0.70637000  0.19194000  0.09637000
   0.98171509  0.43893906  0.29759088
   0.78507277  0.06035135  0.39906767
   0.84665000  0.31624000  0.19703000
   0.92199464  0.19254408  0.49400235
   0.03971000  0.69194000  0.09637000
   0.31706503  0.93968840  0.29845329
   0.12139264  0.55949786  0.39890758
   0.18025000  0.81742000  0.19778000
   0.26099088  0.68772181  0.49486660
   0.37304000  0.69194000  0.09637000
   0.64953534  0.93849888  0.29690596
   0.45446826  0.55998360  0.39979626
   0.51318000  0.81586000  0.19571000
   0.59532059  0.69065725  0.49488978
   0.70637000  0.69194000  0.09637000
   0.98282029  0.93926897  0.29738512
   0.84718000  0.81593000  0.19584000
   0.92326576  0.68960232  0.49308682
   0.78820966  0.55996442  0.39836218
   0.17417000  0.33753000  0.11288000
   0.24995003  0.20623301  0.41265009
   0.06783281  0.32281810  0.50970240
   0.31386000  0.46170000  0.21427000
   0.11604015  0.08381557  0.31592153
   0.23858000  0.04636000  0.07986000
   0.04735000  0.17100000  0.18013000
   0.31601029  0.41787869  0.38184025
   0.12860879  0.04196121  0.48780914
   0.18199487  0.29306500  0.28035151
   0.50750000  0.33753000  0.11288000
   0.58349686  0.20672319  0.41210866
   0.39930662  0.32427851  0.51199591
   0.64712000  0.46121000  0.21367000
   0.44968215  0.08433530  0.31632584
   0.57191000  0.04636000  0.07986000
   0.38063000  0.17082000  0.17998000
   0.64848138  0.41794643  0.38117695
   0.46157353  0.04367801  0.48700889
   0.51496748  0.29262635  0.28004914
   0.84083000  0.33753000  0.11288000
   0.91630371  0.20615948  0.41119265
   0.73237074  0.32481898  0.51051947
   0.98063000  0.46160000  0.21400000
   0.78258441  0.08312435  0.31497808
   0.90524000  0.04636000  0.07986000
   0.71387000  0.17083000  0.18002000
   0.98210545  0.41763262  0.38105798
   0.79520234  0.04431505  0.48620586
   0.84846456  0.29271536  0.27997456
   0.17417000  0.83753000  0.11288000
   0.25220396  0.70714645  0.41223557
   0.05584353  0.82587058  0.52205136
   0.31682000  0.96236000  0.21534000
   0.11591405  0.58422240  0.31521761
   0.23858000  0.54636000  0.07986000
   0.04601000  0.67209000  0.18056000
   0.31808418  0.91752627  0.38213839
   0.13746164  0.54124532  0.48350752
   0.18191618  0.79397180  0.28097938
   0.50619000  0.83294000  0.10916000
   0.58569242  0.70652888  0.41235606
   0.39128853  0.82520631  0.51321859
   0.64926000  0.96050000  0.21277000
   0.44933883  0.58435292  0.31588533
   0.57191000  0.54636000  0.07986000
   0.37906000  0.67136000  0.18002000
   0.65038364  0.91727617  0.38100753
   0.46885242  0.54338971  0.48671567
   0.51490471  0.79317108  0.27927233
   0.83992000  0.83287000  0.10930000
   0.72715032  0.82743557  0.51101990
   0.98268000  0.96077000  0.21320000
   0.78236172  0.58405952  0.31476110
   0.90524000  0.54636000  0.07986000
   0.71230000  0.67144000  0.18017000
   0.98495640  0.91759182  0.38171390
   0.80014272  0.54254922  0.48371862
   0.84849415  0.79370376  0.27949722
   0.92004333  0.70809063  0.41139163
   0.78477000  0.69231000  0.65805000
   0.14000000  0.12000000  0.58000000
   0.03856870  0.70192297  0.59262486
   0.71734909  0.62991574  0.69576270
   0.79717134  0.57557961  0.74115392
   0.74038830  0.48619560  0.74354212
   0.92406585  0.58601341  0.73277331
   0.77673158  0.61183799  0.78325287
   0.58513557  0.61107513  0.69751549
