   0.18177000  0.06503000  0.19527000
   0.24503139  0.44073598  0.50439332
   0.03971000  0.44194000  0.09637000
   0.31827465  0.19017851  0.29937536
   0.11246323  0.31778265  0.40173903
   0.51472000  0.06471000  0.19485000
   0.58097242  0.44188527  0.50219150
   0.37304000  0.44194000  0.09637000
   0.65182507  0.19039326  0.29889469
   0.44584643  0.31636700  0.40318836
   0.84826000  0.06468000  0.19455000
   0.91489993  0.44356843  0.50398280
   0.70637000  0.44194000  0.09637000
   0.98501426  0.18980399  0.29879298
   0.77799598  0.31848069  0.40392772
   0.17955000  0.56532000  0.19533000
   0.28164100  0.93275676  0.50569576
   0.03971000  0.94194000  0.09637000
   0.31520537  0.68948565  0.29802139
   0.12611051  0.81457698  0.39423253
   0.51276000  0.56480000  0.19498000
   0.61138898  0.93482398  0.50265636
   0.37304000  0.94194000  0.09637000
   0.64805406  0.68980898  0.29765987
   0.45743910  0.81499593  0.39848103
   0.84642000  0.56519000  0.19522000
   0.94351759  0.93563992  0.50559066
   0.70637000  0.94194000  0.09637000
   0.98094662  0.68914649  0.29788829
   0.79010773  0.81576751  0.39644871
   0.58679990  0.19082287  0.50383923
   0.03971000  0.19194000  0.09637000
   0.31398391  0.44024503  0.29849996
   0.12585828  0.06096512  0.40132318
   0.18013000  0.31638000  0.19719000
   0.26398156  0.19219919  0.49801740
   0.37304000  0.19194000  0.09637000
   0.64531090  0.43919838  0.29771640
   0.46122924  0.06274547  0.40038484
   0.51314000  0.31594000  0.19696000
   0.70637000  0.19194000  0.09637000
   0.98048913  0.44043098  0.29852329
   0.79207836  0.06284899  0.39967750
   0.84665000  0.31624000  0.19703000
   0.91971960  0.19614519  0.49605800
   0.03971000  0.69194000  0.09637000
   0.32068347  0.94169828  0.29830437
   0.11402774  0.56391112  0.40098256
   0.18025000  0.81742000  0.19778000
   0.26296316  0.69132717  0.49607398
   0.37304000  0.69194000  0.09637000
   0.65186640  0.94027674  0.29690999
   0.44757344  0.56422346  0.40007102
   0.51318000  0.81586000  0.19571000
   0.58782048  0.69820671  0.49580571
   0.70637000  0.69194000  0.09637000
   0.98546124  0.94063752  0.29754472
   0.84718000  0.81593000  0.19584000
   0.91157479  0.70029991  0.48818056
   0.77895325  0.56265198  0.39740117
   0.17417000  0.33753000  0.11288000
   0.24437023  0.20927770  0.41567815
   0.04474791  0.33455413  0.51465279
   0.31386000  0.46170000  0.21427000
   0.11888041  0.08517169  0.31698371
   0.23858000  0.04636000  0.07986000
   0.04735000  0.17100000  0.18013000
   0.31197812  0.42039089  0.38279612
   0.14617193  0.03773602  0.48844642
   0.18395078  0.29366856  0.28048993
   0.50750000  0.33753000  0.11288000
   0.57999456  0.21093365  0.41870323
   0.37899435  0.33662938  0.51113197
   0.64712000  0.46121000  0.21367000
   0.45319792  0.08688089  0.31686037
   0.57191000  0.04636000  0.07986000
   0.38063000  0.17082000  0.17998000
   0.64208667  0.42021550  0.38180322
   0.47440093  0.03515483  0.48205280
   0.51675106  0.29353820  0.28008825
   0.84083000  0.33753000  0.11288000
   0.91351931  0.21119293  0.41418123
   0.71660235  0.33982184  0.50922495
   0.98063000  0.46160000  0.21400000
   0.78605371  0.08513683  0.31555374
   0.90524000  0.04636000  0.07986000
   0.71387000  0.17083000  0.18002000
   0.97736941  0.42187178  0.38325972
   0.81363202  0.04310629  0.48582261
   0.85101595  0.29405430  0.28025266
   0.17417000  0.83753000  0.11288000
   0.25544289  0.70784013  0.41270605
   0.07146154  0.82053374  0.52309935
   0.31682000  0.96236000  0.21534000
   0.11522509  0.58509232  0.31620461
   0.23858000  0.54636000  0.07986000
   0.04601000  0.67209000  0.18056000
   0.32410976  0.91851436  0.38144864
   0.11722695  0.55257653  0.49067651
   0.18181235  0.79492642  0.28119189
   0.50619000  0.83294000  0.10916000
   0.59065437  0.70828029  0.41151477
   0.41126546  0.82186675  0.51417195
   0.64926000  0.96050000  0.21277000
   0.44824511  0.58520360  0.31593365
   0.57191000  0.54636000  0.07986000
   0.37906000  0.67136000  0.18002000
   0.65599192  0.91918209  0.38098470
   0.44826344  0.55482071  0.48791694
   0.51505394  0.79462881  0.27957986
   0.83992000  0.83287000  0.10930000
   0.74583559  0.82542003  0.51233681
   0.98268000  0.96077000  0.21320000
   0.78006744  0.58385330  0.31416286
   0.90524000  0.54636000  0.07986000
   0.71230000  0.67144000  0.18017000
   0.99042274  0.91910187  0.38193267
   0.78189038  0.55556861  0.48381947
   0.84877319  0.79487220  0.27966490
   0.92546090  0.70794891  0.40589019
   0.78477000  0.69231000  0.65805000
   0.54812163  0.15086785  0.59619919
   0.00364043  0.70897458  0.59357709
   0.71919138  0.61056114  0.68674406
   0.79801074  0.56349948  0.73437814
   0.74467006  0.47316295  0.74003177
   0.92715175  0.57983183  0.72638258
   0.77242347  0.60715956  0.77381146
   0.59138000  0.57340095  0.67919378
