   0.18177000  0.06503000  0.19527000
   0.26222997  0.43267870  0.50255561
   0.03971000  0.44194000  0.09637000
   0.31551387  0.18827182  0.29765168
   0.11325568  0.31593378  0.40093495
   0.51472000  0.06471000  0.19485000
   0.59475925  0.43221848  0.49632807
   0.37304000  0.44194000  0.09637000
   0.64963188  0.18800307  0.29856225
   0.44485068  0.31266165  0.39699746
   0.84826000  0.06468000  0.19455000
   0.92956814  0.43603224  0.50644174
   0.70637000  0.44194000  0.09637000
   0.98316501  0.18966267  0.29899177
   0.78016105  0.31558775  0.40047131
   0.17955000  0.56532000  0.19533000
   0.26440871  0.92989247  0.50511436
   0.03971000  0.94194000  0.09637000
   0.31524320  0.68925918  0.29791157
   0.12045242  0.81321990  0.39528952
   0.51276000  0.56480000  0.19498000
   0.59711316  0.93253076  0.50295105
   0.37304000  0.94194000  0.09637000
   0.64800974  0.68956138  0.29634712
   0.45333811  0.81374688  0.39906491
   0.84642000  0.56519000  0.19522000
   0.92905530  0.93188441  0.50513687
   0.70637000  0.94194000  0.09637000
   0.98157146  0.68906679  0.29649640
   0.78610848  0.81534133  0.39783482
   0.58736185  0.18965631  0.49181448
   0.03971000  0.19194000  0.09637000
   0.31373385  0.44068459  0.29792075
   0.11914021  0.06120359  0.40134694
   0.18013000  0.31638000  0.19719000
   0.25622329  0.19088149  0.49710300
   0.37304000  0.19194000  0.09637000
   0.64586455  0.43792485  0.29604613
   0.45117781  0.05852947  0.39900540
   0.51314000  0.31594000  0.19696000
   0.70637000  0.19194000  0.09637000
   0.98087130  0.43915129  0.29732852
   0.78596643  0.06065709  0.39958566
   0.84665000  0.31624000  0.19703000
   0.92486966  0.19151513  0.49430213
   0.03971000  0.69194000  0.09637000
   0.31744585  0.93938312  0.29786788
   0.12034096  0.55975488  0.39850928
   0.18025000  0.81742000  0.19778000
   0.26149625  0.68757424  0.49440442
   0.37304000  0.69194000  0.09637000
   0.65011159  0.93961128  0.29690711
   0.45222173  0.56199776  0.39940654
   0.51318000  0.81586000  0.19571000
   0.59550557  0.69068023  0.49487370
   0.70637000  0.69194000  0.09637000
   0.98328070  0.94143174  0.29767775
   0.84718000  0.81593000  0.19584000
   0.92463742  0.68549144  0.48849099
   0.78613149  0.55965915  0.39396370
   0.17417000  0.33753000  0.11288000
   0.24514434  0.20761222  0.41503349
   0.06272951  0.32452262  0.51070869
   0.31386000  0.46170000  0.21427000
   0.11719441  0.08560608  0.31695442
   0.23858000  0.04636000  0.07986000
   0.04735000  0.17100000  0.18013000
   0.31272473  0.41876113  0.38169866
   0.13244408  0.03909042  0.48958092
   0.18264637  0.29373180  0.28028775
   0.50750000  0.33753000  0.11288000
   0.57731794  0.20500585  0.40933240
   0.39539175  0.32548050  0.51287585
   0.64712000  0.46121000  0.21367000
   0.44936197  0.08357102  0.31514753
   0.57191000  0.04636000  0.07986000
   0.38063000  0.17082000  0.17998000
   0.64378151  0.41723192  0.37881948
   0.46371658  0.04056340  0.48629639
   0.51468245  0.29134148  0.27953051
   0.84083000  0.33753000  0.11288000
   0.91355278  0.20694390  0.41160578
   0.72749951  0.32524143  0.50058948
   0.98063000  0.46160000  0.21400000
   0.78425229  0.08339266  0.31540864
   0.90524000  0.04636000  0.07986000
   0.71387000  0.17083000  0.18002000
   0.97929280  0.41835374  0.38074017
   0.79948644  0.04284974  0.48679359
   0.84840407  0.29275943  0.27997088
   0.17417000  0.83753000  0.11288000
   0.25288128  0.70708633  0.41170290
   0.05737051  0.81905118  0.51987085
   0.31682000  0.96236000  0.21534000
   0.11538232  0.58425861  0.31465016
   0.23858000  0.54636000  0.07986000
   0.04601000  0.67209000  0.18056000
   0.31854682  0.91648568  0.38139632
   0.13341927  0.54285212  0.48356824
   0.18167105  0.79408827  0.28074999
   0.50619000  0.83294000  0.10916000
   0.58736453  0.70788510  0.41243128
   0.39450264  0.82278335  0.51438545
   0.64926000  0.96050000  0.21277000
   0.44896723  0.58559378  0.31579151
   0.57191000  0.54636000  0.07986000
   0.37906000  0.67136000  0.18002000
   0.65092285  0.91842264  0.38122337
   0.46286821  0.54493145  0.48566723
   0.51452218  0.79437412  0.27932539
   0.83992000  0.83287000  0.10930000
   0.72999281  0.82607907  0.51231759
   0.98268000  0.96077000  0.21320000
   0.78120780  0.58362487  0.31101920
   0.90524000  0.54636000  0.07986000
   0.71230000  0.67144000  0.18017000
   0.98621504  0.91932186  0.38210111
   0.79401511  0.54184626  0.47791537
   0.84851681  0.79540639  0.27969450
   0.92057412  0.70800484  0.40680491
   0.78477000  0.69231000  0.65805000
   0.95367044  0.49640241  0.61330833
   0.00758212  0.69171819  0.59192562
   0.72082354  0.62737288  0.69512377
   0.79723189  0.57195788  0.74122003
   0.73669177  0.48510469  0.74536205
   0.92326963  0.57757575  0.73376682
   0.77785204  0.61090525  0.78182190
   0.58854414  0.60660039  0.69840030
