   0.17905358  0.06424568  0.19513336
   0.26202597  0.43316763  0.50364459
   0.03971000  0.44194000  0.09637000
   0.31462841  0.18855789  0.29916412
   0.11640049  0.31350618  0.40134261
   0.51250831  0.06430423  0.19516176
   0.59634523  0.43223488  0.50174785
   0.37304000  0.44194000  0.09637000
   0.64795499  0.18892304  0.29937199
   0.45070125  0.31262796  0.40180225
   0.84576922  0.06478880  0.19563279
   0.93094514  0.43283894  0.50305019
   0.70637000  0.44194000  0.09637000
   0.98132243  0.18873803  0.29962530
   0.78112975  0.31314522  0.40381370
   0.17969593  0.56396828  0.19524217
   0.26395119  0.93190390  0.50680218
   0.03971000  0.94194000  0.09637000
   0.31613146  0.68751534  0.29838609
   0.12182460  0.81264293  0.39757448
   0.51310617  0.56397097  0.19490196
   0.59446443  0.93406140  0.50884589
   0.37304000  0.94194000  0.09637000
   0.64949693  0.68811162  0.29850381
   0.45472859  0.81368408  0.39969539
   0.84642525  0.56411453  0.19499309
   0.92632781  0.93461636  0.50511569
   0.70637000  0.94194000  0.09637000
   0.98286967  0.68794246  0.29781610
   0.78776213  0.81319387  0.39981205
   0.93368612  0.68489142  0.49487035
   0.03971000  0.19194000  0.09637000
   0.31563424  0.43788858  0.29821332
   0.11967725  0.06033177  0.40181577
   0.17873710  0.31512005  0.19633391
   0.26117434  0.19019966  0.49704930
   0.37304000  0.19194000  0.09637000
   0.64861583  0.43859396  0.29808455
   0.45248198  0.06035367  0.40101426
   0.51210116  0.31531351  0.19710239
   0.59282661  0.18317587  0.50285502
   0.70637000  0.19194000  0.09637000
   0.98134796  0.43814101  0.29859749
   0.78492956  0.06015913  0.40073795
   0.84523655  0.31554807  0.19732296
   0.91815746  0.19007449  0.49761362
   0.03971000  0.69194000  0.09637000
   0.31669303  0.93947925  0.29817757
   0.12021998  0.55940895  0.40014034
   0.17950432  0.81570791  0.19719380
   0.26780893  0.68807564  0.49515635
   0.37304000  0.69194000  0.09637000
   0.64955821  0.93875723  0.29847000
   0.45505290  0.55989215  0.40047111
   0.51237096  0.81573633  0.19734899
   0.59578938  0.69149822  0.49736510
   0.70637000  0.69194000  0.09637000
   0.98257770  0.93954415  0.29906084
   0.84548568  0.81635777  0.19743124
   0.78759907  0.55968217  0.39948742
   0.17310000  0.33301000  0.10976000
   0.24918664  0.20630507  0.41454483
   0.06139373  0.32446861  0.51344795
   0.31379234  0.45994507  0.21382244
   0.11506764  0.08427025  0.31767030
   0.23858000  0.04636000  0.07986000
   0.04523969  0.17059263  0.18001024
   0.31614325  0.41721444  0.38238481
   0.13137894  0.04032309  0.48895335
   0.18072842  0.29249890  0.27999991
   0.50750000  0.33753000  0.11288000
   0.58105424  0.20553984  0.41774107
   0.39315140  0.32804251  0.51282914
   0.64751123  0.46071100  0.21421881
   0.44877641  0.08484951  0.31690033
   0.57191000  0.04636000  0.07986000
   0.37856794  0.17024898  0.17988017
   0.64828221  0.41725924  0.38176923
   0.45829685  0.03535656  0.48410136
   0.51401597  0.29284992  0.28016401
   0.84083000  0.33753000  0.11288000
   0.91709217  0.20585356  0.41440388
   0.73230827  0.32959489  0.50680002
   0.98070338  0.46058785  0.21445038
   0.78151570  0.08421175  0.31688597
   0.90524000  0.04636000  0.07986000
   0.71179794  0.17060452  0.18003359
   0.98169307  0.41716876  0.38272056
   0.79732600  0.03952748  0.48561477
   0.84757670  0.29263212  0.28044931
   0.17417000  0.83753000  0.11288000
   0.25379931  0.70617015  0.41305804
   0.05395773  0.82386008  0.52436106
   0.31357694  0.96105534  0.21462735
   0.11613942  0.58336805  0.31628819
   0.23858000  0.54636000  0.07986000
   0.04605419  0.67043999  0.18016564
   0.31915041  0.91572883  0.38125945
   0.13196912  0.54447862  0.48769166
   0.18267860  0.79239112  0.28036949
   0.50750000  0.83753000  0.11288000
   0.58856659  0.70700248  0.41463602
   0.39304892  0.82262334  0.51690941
   0.64675026  0.96108122  0.21483034
   0.45025176  0.58322966  0.31644590
   0.57191000  0.54636000  0.07986000
   0.37917232  0.67041197  0.18017192
   0.65328505  0.91563748  0.38189069
   0.46500090  0.54518017  0.48774223
   0.51560101  0.79219775  0.28052612
   0.84083000  0.83753000  0.11288000
   0.72833059  0.82494522  0.52188517
   0.98004381  0.96153570  0.21519930
   0.78366093  0.58406711  0.31616546
   0.90524000  0.54636000  0.07986000
   0.71263350  0.67082585  0.18022586
   0.98678043  0.91650971  0.38334790
   0.79947228  0.54371979  0.48556474
   0.84925204  0.79318077  0.28075801
   0.92279631  0.70727315  0.41367570
   0.77970008  0.62166630  0.65048080
   0.61728303  0.13615774  0.59539640
   0.92445854  0.75617114  0.60016954
   0.72525448  0.55172354  0.68705341
   0.80446050  0.53351719  0.74212591
   0.76649322  0.44687401  0.75627250
   0.93395163  0.55906481  0.73912479
   0.76325729  0.58565838  0.77491336
   0.60531089  0.49918770  0.67950417
