   0.18177000  0.06503000  0.19527000
   0.26738795  0.43064856  0.50223408
   0.03971000  0.44194000  0.09637000
   0.31656751  0.18942751  0.29868060
   0.11795818  0.31241383  0.40110286
   0.51472000  0.06471000  0.19485000
   0.59683265  0.43089765  0.50225319
   0.37304000  0.44194000  0.09637000
   0.64880133  0.18827696  0.29849516
   0.44827629  0.31286180  0.40156240
   0.84826000  0.06468000  0.19455000
   0.93249334  0.43281657  0.49988318
   0.70637000  0.44194000  0.09637000
   0.98177528  0.18896486  0.29821300
   0.78401372  0.31288141  0.39983400
   0.17955000  0.56532000  0.19533000
   0.26338045  0.93336448  0.50337826
   0.03971000  0.94194000  0.09637000
   0.31596287  0.68873282  0.29775414
   0.11993533  0.81399428  0.39647743
   0.51276000  0.56480000  0.19498000
   0.59395496  0.93489873  0.50258222
   0.37304000  0.94194000  0.09637000
   0.64889345  0.68874679  0.29728861
   0.45286018  0.81368618  0.39856491
   0.84642000  0.56519000  0.19522000
   0.92774729  0.93635116  0.50409304
   0.70637000  0.94194000  0.09637000
   0.98220050  0.68862763  0.29727571
   0.78492583  0.81446405  0.39820382
   0.58547242  0.19215032  0.49538630
   0.03971000  0.19194000  0.09637000
   0.31526215  0.43940725  0.29812687
   0.12166987  0.06102612  0.39657241
   0.18013000  0.31638000  0.19719000
   0.24314925  0.18018265  0.50109117
   0.37304000  0.19194000  0.09637000
   0.64813033  0.43872735  0.29752164
   0.45172157  0.06180998  0.40071914
   0.51314000  0.31594000  0.19696000
   0.70637000  0.19194000  0.09637000
   0.98228615  0.43902680  0.29768806
   0.78623082  0.06210880  0.40002172
   0.84665000  0.31624000  0.19703000
   0.93140156  0.18928038  0.49754519
   0.03971000  0.69194000  0.09637000
   0.31753608  0.93963923  0.29836352
   0.12135035  0.55972637  0.39934613
   0.18025000  0.81742000  0.19778000
   0.26607283  0.69135241  0.49488706
   0.37304000  0.69194000  0.09637000
   0.64959101  0.93881007  0.29705829
   0.45472424  0.55994349  0.39945318
   0.51318000  0.81586000  0.19571000
   0.59548384  0.69292886  0.49479957
   0.70637000  0.69194000  0.09637000
   0.98130887  0.93820279  0.29618996
   0.84718000  0.81593000  0.19584000
   0.92165785  0.69007182  0.49289994
   0.78767822  0.55946506  0.39811689
   0.17417000  0.33753000  0.11288000
   0.24978207  0.20554410  0.41638349
   0.06529449  0.33210889  0.50818229
   0.31386000  0.46170000  0.21427000
   0.11606766  0.08468087  0.31315915
   0.23858000  0.04636000  0.07986000
   0.04735000  0.17100000  0.18013000
   0.31571184  0.41890508  0.38184709
   0.12709086  0.02961936  0.47874205
   0.18185384  0.29330490  0.28036220
   0.50750000  0.33753000  0.11288000
   0.58485976  0.20688849  0.41212208
   0.39973307  0.32406206  0.50991224
   0.64712000  0.46121000  0.21367000
   0.44927119  0.08450555  0.31625759
   0.57191000  0.04636000  0.07986000
   0.38063000  0.17082000  0.17998000
   0.64977417  0.41861292  0.38145575
   0.46348725  0.04377064  0.48667251
   0.51516345  0.29291330  0.28004843
   0.84083000  0.33753000  0.11288000
   0.91688870  0.20697585  0.41386536
   0.73271156  0.32734436  0.51153570
   0.98063000  0.46160000  0.21400000
   0.78302151  0.08348357  0.31501150
   0.90524000  0.04636000  0.07986000
   0.71387000  0.17083000  0.18002000
   0.98322264  0.41873595  0.38153705
   0.79723576  0.04488778  0.48640934
   0.84854449  0.29292755  0.28009711
   0.17417000  0.83753000  0.11288000
   0.25164591  0.70682568  0.41204209
   0.05607748  0.82139055  0.52186113
   0.31682000  0.96236000  0.21534000
   0.11615103  0.58419017  0.31523458
   0.23858000  0.54636000  0.07986000
   0.04601000  0.67209000  0.18056000
   0.31882776  0.91626133  0.38157729
   0.13558450  0.54513214  0.48743960
   0.18217652  0.79380337  0.28078538
   0.50619000  0.83294000  0.10916000
   0.58633849  0.70683733  0.41229121
   0.39149320  0.82481977  0.51474528
   0.64926000  0.96050000  0.21277000
   0.44985899  0.58457521  0.31578775
   0.57191000  0.54636000  0.07986000
   0.37906000  0.67136000  0.18002000
   0.65040453  0.91708595  0.38102906
   0.46944193  0.54487839  0.48671824
   0.51517523  0.79316334  0.27922599
   0.83992000  0.83287000  0.10930000
   0.72717328  0.82680226  0.51262448
   0.98268000  0.96077000  0.21320000
   0.78259149  0.58395848  0.31486261
   0.90524000  0.54636000  0.07986000
   0.71230000  0.67144000  0.18017000
   0.98268980  0.91489704  0.37865176
   0.80043655  0.54380121  0.48514964
   0.84801711  0.79295952  0.27902755
   0.91989754  0.70710917  0.41093732
   0.78477000  0.69231000  0.65805000
   0.14323835  0.13476867  0.59074781
   0.03125395  0.71769769  0.59778754
   0.71693175  0.63022407  0.69583627
   0.79917531  0.57525945  0.74099160
   0.74020495  0.48499748  0.74369799
   0.92319033  0.58648361  0.73324645
   0.77686326  0.61082941  0.78287193
   0.58662361  0.61412268  0.69829275
