   0.18177000  0.06503000  0.19527000
   0.25150360  0.44644621  0.50097658
   0.03971000  0.44194000  0.09637000
   0.31835846  0.19050631  0.30019872
   0.11305079  0.31752445  0.40273685
   0.51472000  0.06471000  0.19485000
   0.58806640  0.44944725  0.50225490
   0.37304000  0.44194000  0.09637000
   0.65187316  0.18990970  0.29863209
   0.44393285  0.31914981  0.40586912
   0.84826000  0.06468000  0.19455000
   0.91593602  0.44197135  0.50385946
   0.70637000  0.44194000  0.09637000
   0.98569341  0.19000585  0.29960625
   0.77884311  0.31843129  0.40072719
   0.17955000  0.56532000  0.19533000
   0.28089821  0.93787445  0.50787698
   0.03971000  0.94194000  0.09637000
   0.31520393  0.68987160  0.29800889
   0.12632623  0.81534663  0.39525875
   0.51276000  0.56480000  0.19498000
   0.61220629  0.93846262  0.50169990
   0.37304000  0.94194000  0.09637000
   0.64840867  0.69037299  0.29752149
   0.45728906  0.81564451  0.39878993
   0.84642000  0.56519000  0.19522000
   0.94381619  0.93574268  0.50700784
   0.70637000  0.94194000  0.09637000
   0.98116086  0.68963316  0.29796422
   0.79068179  0.81637428  0.39656225
   0.58788403  0.19895745  0.49867399
   0.03971000  0.19194000  0.09637000
   0.31339270  0.44043322  0.29831854
   0.12391415  0.06098012  0.40413592
   0.18013000  0.31638000  0.19719000
   0.26209220  0.19655272  0.50207540
   0.37304000  0.19194000  0.09637000
   0.64472371  0.43932500  0.29765025
   0.45869951  0.06414665  0.40162933
   0.51314000  0.31594000  0.19696000
   0.70637000  0.19194000  0.09637000
   0.98139933  0.44074439  0.29819943
   0.79178577  0.06332571  0.39967587
   0.84665000  0.31624000  0.19703000
   0.92997725  0.19669619  0.49483951
   0.03971000  0.69194000  0.09637000
   0.31984524  0.94211053  0.29895867
   0.11573276  0.56484613  0.40063245
   0.18025000  0.81742000  0.19778000
   0.26151046  0.69703743  0.49635174
   0.37304000  0.69194000  0.09637000
   0.65157410  0.94031657  0.29703323
   0.44895643  0.56573439  0.39945320
   0.51318000  0.81586000  0.19571000
   0.58900891  0.70386833  0.49481363
   0.70637000  0.69194000  0.09637000
   0.98653265  0.94208654  0.29844347
   0.84718000  0.81593000  0.19584000
   0.91706500  0.69947852  0.48792246
   0.78121543  0.56302431  0.39736390
   0.17417000  0.33753000  0.11288000
   0.24091281  0.20843530  0.41941145
   0.05068552  0.33819994  0.51082217
   0.31386000  0.46170000  0.21427000
   0.11970074  0.08651071  0.31921139
   0.23858000  0.04636000  0.07986000
   0.04735000  0.17100000  0.18013000
   0.30995100  0.42188711  0.38221252
   0.14060034  0.03515757  0.48858105
   0.18415438  0.29324815  0.28037720
   0.50750000  0.33753000  0.11288000
   0.58075873  0.21207278  0.41626438
   0.38905344  0.34648678  0.49854845
   0.64712000  0.46121000  0.21367000
   0.45328568  0.08680813  0.31758308
   0.57191000  0.04636000  0.07986000
   0.38063000  0.17082000  0.17998000
   0.64271157  0.42077546  0.38194838
   0.48050426  0.04630258  0.48708317
   0.51677449  0.29289033  0.27980825
   0.84083000  0.33753000  0.11288000
   0.91176657  0.21172527  0.41336712
   0.71556488  0.33937700  0.51571012
   0.98063000  0.46160000  0.21400000
   0.78619198  0.08473050  0.31551625
   0.90524000  0.04636000  0.07986000
   0.71387000  0.17083000  0.18002000
   0.97886924  0.42231834  0.38300108
   0.81477201  0.04663639  0.48666078
   0.85135751  0.29365142  0.28023313
   0.17417000  0.83753000  0.11288000
   0.25566896  0.70841493  0.41255245
   0.07216523  0.81766329  0.52385644
   0.31682000  0.96236000  0.21534000
   0.11549362  0.58565368  0.31598054
   0.23858000  0.54636000  0.07986000
   0.04601000  0.67209000  0.18056000
   0.32469781  0.92006661  0.38284315
   0.11851385  0.55702901  0.49098485
   0.18215550  0.79598140  0.28143277
   0.50619000  0.83294000  0.10916000
   0.59232293  0.70978651  0.41088045
   0.41113892  0.82758640  0.51268843
   0.64926000  0.96050000  0.21277000
   0.44904328  0.58559741  0.31552506
   0.57191000  0.54636000  0.07986000
   0.37906000  0.67136000  0.18002000
   0.65589634  0.92024972  0.38148635
   0.45204716  0.56254624  0.48725803
   0.51524063  0.79505257  0.27959077
   0.83992000  0.83287000  0.10930000
   0.74440599  0.82974193  0.51271924
   0.98268000  0.96077000  0.21320000
   0.78007626  0.58431660  0.31401474
   0.90524000  0.54636000  0.07986000
   0.71230000  0.67144000  0.18017000
   0.98996982  0.91957906  0.38306523
   0.78774622  0.55486012  0.48434405
   0.84916336  0.79607909  0.28009721
   0.92540703  0.70826958  0.40619540
   0.78477000  0.69231000  0.65805000
   0.29322701  0.17771111  0.59591284
   0.00100508  0.70374025  0.59326657
   0.72042499  0.61024287  0.68729196
   0.79837570  0.56270138  0.73463612
   0.74423519  0.47232411  0.74001387
   0.92750293  0.57888613  0.72695721
   0.77001244  0.60522693  0.77431382
   0.59276875  0.57391541  0.67805134
