   0.18177000  0.06503000  0.19527000
   0.26540258  0.43784338  0.50199457
   0.03971000  0.44194000  0.09637000
   0.31657308  0.19068263  0.29888510
   0.11873619  0.31584495  0.40320598
   0.51472000  0.06471000  0.19485000
   0.59583049  0.43739704  0.50267806
   0.37304000  0.44194000  0.09637000
   0.64936814  0.18985847  0.29880165
   0.44947259  0.31594270  0.40282548
   0.84826000  0.06468000  0.19455000
   0.92967116  0.43795098  0.50034417
   0.70637000  0.44194000  0.09637000
   0.98302341  0.19026049  0.29858583
   0.78520190  0.31609878  0.40031359
   0.17955000  0.56532000  0.19533000
   0.26929755  0.93693912  0.50473126
   0.03971000  0.94194000  0.09637000
   0.31743968  0.68942095  0.29778098
   0.12195967  0.81547690  0.39597195
   0.51276000  0.56480000  0.19498000
   0.59997135  0.93765412  0.50488158
   0.37304000  0.94194000  0.09637000
   0.65005328  0.68911358  0.29722008
   0.45600751  0.81650724  0.39845250
   0.84642000  0.56519000  0.19522000
   0.93092867  0.93746826  0.50248452
   0.70637000  0.94194000  0.09637000
   0.98350454  0.68911850  0.29711499
   0.78867460  0.81568637  0.39779409
   0.58907526  0.19693298  0.49599436
   0.03971000  0.19194000  0.09637000
   0.31557387  0.44020585  0.29850758
   0.12342815  0.06197479  0.39836569
   0.18013000  0.31638000  0.19719000
   0.24783220  0.18643996  0.50195846
   0.37304000  0.19194000  0.09637000
   0.64902459  0.43965349  0.29785683
   0.45352865  0.06382178  0.40089163
   0.51314000  0.31594000  0.19696000
   0.70637000  0.19194000  0.09637000
   0.98278060  0.43983432  0.29803959
   0.78776652  0.06335139  0.40048561
   0.84665000  0.31624000  0.19703000
   0.93538757  0.19256727  0.49811704
   0.03971000  0.69194000  0.09637000
   0.31835195  0.94122427  0.29858015
   0.12254121  0.56270098  0.39918624
   0.18025000  0.81742000  0.19778000
   0.26760679  0.69469788  0.49418919
   0.37304000  0.69194000  0.09637000
   0.65125454  0.94032986  0.29728588
   0.45559953  0.56299685  0.40000694
   0.51318000  0.81586000  0.19571000
   0.59697434  0.69665983  0.49551182
   0.70637000  0.69194000  0.09637000
   0.98346890  0.94035670  0.29675986
   0.84718000  0.81593000  0.19584000
   0.93320293  0.68788866  0.49411394
   0.78799927  0.56250219  0.39879947
   0.17417000  0.33753000  0.11288000
   0.25116428  0.20739292  0.41676653
   0.06303974  0.33556353  0.50607126
   0.31386000  0.46170000  0.21427000
   0.11744613  0.08574051  0.31475406
   0.23858000  0.04636000  0.07986000
   0.04735000  0.17100000  0.18013000
   0.31654709  0.42048687  0.38264726
   0.13135809  0.03313522  0.48016369
   0.18229057  0.29474903  0.28045384
   0.50750000  0.33753000  0.11288000
   0.58565873  0.20910068  0.41304909
   0.39772269  0.33043609  0.50900178
   0.64712000  0.46121000  0.21367000
   0.45029311  0.08615270  0.31680665
   0.57191000  0.04636000  0.07986000
   0.38063000  0.17082000  0.17998000
   0.64972572  0.41993423  0.38188678
   0.46825867  0.04630822  0.48743715
   0.51561973  0.29405665  0.28013197
   0.84083000  0.33753000  0.11288000
   0.91681403  0.20860969  0.41445008
   0.72832503  0.33111777  0.51235564
   0.98063000  0.46160000  0.21400000
   0.78371471  0.08535006  0.31584896
   0.90524000  0.04636000  0.07986000
   0.71387000  0.17083000  0.18002000
   0.98405517  0.42022218  0.38199723
   0.80098965  0.04620306  0.48702344
   0.84846900  0.29426748  0.28032229
   0.17417000  0.83753000  0.11288000
   0.25534246  0.70991777  0.41171431
   0.06261696  0.82528615  0.52076078
   0.31682000  0.96236000  0.21534000
   0.11778482  0.58508454  0.31520538
   0.23858000  0.54636000  0.07986000
   0.04601000  0.67209000  0.18056000
   0.32101150  0.91963705  0.38203829
   0.13224260  0.55150324  0.48654675
   0.18356478  0.79461078  0.28096687
   0.50619000  0.83294000  0.10916000
   0.58933396  0.70980886  0.41273053
   0.39887835  0.82878034  0.51550770
   0.64926000  0.96050000  0.21277000
   0.45116976  0.58515964  0.31589893
   0.57191000  0.54636000  0.07986000
   0.37906000  0.67136000  0.18002000
   0.65442345  0.91948332  0.38133132
   0.46659780  0.55022767  0.48749140
   0.51673446  0.79414255  0.27947443
   0.83992000  0.83287000  0.10930000
   0.73230741  0.82998017  0.51712087
   0.98268000  0.96077000  0.21320000
   0.78443991  0.58513167  0.31522879
   0.90524000  0.54636000  0.07986000
   0.71230000  0.67144000  0.18017000
   0.98625300  0.91798231  0.37975330
   0.79784042  0.54722824  0.48546240
   0.84955598  0.79367880  0.27924611
   0.92320607  0.70982828  0.41255083
   0.78477000  0.69231000  0.65805000
   0.15011789  0.14841366  0.59243347
  -0.04207208  0.77721819  0.60031670
   0.72097363  0.63213930  0.69752509
   0.80126687  0.57464600  0.74065191
   0.74387621  0.48556028  0.74104035
   0.92840070  0.58648594  0.73288952
   0.77948529  0.60613662  0.78385907
   0.59009928  0.61928967  0.70138502
