   0.18177000  0.06503000  0.19527000
   0.26509165  0.43802300  0.50206638
   0.03971000  0.44194000  0.09637000
   0.31675997  0.19081925  0.29887754
   0.11831875  0.31570186  0.40292905
   0.51472000  0.06471000  0.19485000
   0.59566219  0.43748850  0.50291838
   0.37304000  0.44194000  0.09637000
   0.64965941  0.19009050  0.29892931
   0.44949046  0.31612040  0.40301309
   0.84826000  0.06468000  0.19455000
   0.92930324  0.43779234  0.50053665
   0.70637000  0.44194000  0.09637000
   0.98309013  0.19031546  0.29864476
   0.78511019  0.31612973  0.40050781
   0.17955000  0.56532000  0.19533000
   0.26983232  0.93669387  0.50414582
   0.03971000  0.94194000  0.09637000
   0.31756466  0.68962451  0.29795138
   0.12234010  0.81528103  0.39589078
   0.51276000  0.56480000  0.19498000
   0.60075598  0.93756801  0.50481384
   0.37304000  0.94194000  0.09637000
   0.65016284  0.68931195  0.29729123
   0.45632056  0.81638901  0.39864721
   0.84642000  0.56519000  0.19522000
   0.93210145  0.93740295  0.50244676
   0.70637000  0.94194000  0.09637000
   0.98354123  0.68906060  0.29732045
   0.78892230  0.81564895  0.39771259
   0.58935528  0.19685286  0.49601663
   0.03971000  0.19194000  0.09637000
   0.31575884  0.44034890  0.29860046
   0.12337633  0.06197668  0.39817998
   0.18013000  0.31638000  0.19719000
   0.24812856  0.18687929  0.50139452
   0.37304000  0.19194000  0.09637000
   0.64867287  0.43973115  0.29790450
   0.45391740  0.06367496  0.40081230
   0.51314000  0.31594000  0.19696000
   0.70637000  0.19194000  0.09637000
   0.98301744  0.43991469  0.29806578
   0.78777758  0.06338822  0.40063965
   0.84665000  0.31624000  0.19703000
   0.93611835  0.19220989  0.49854482
   0.03971000  0.69194000  0.09637000
   0.31863393  0.94119469  0.29853161
   0.12233971  0.56271717  0.39935092
   0.18025000  0.81742000  0.19778000
   0.26865588  0.69446799  0.49429564
   0.37304000  0.69194000  0.09637000
   0.65132969  0.94045673  0.29732361
   0.45578822  0.56290896  0.40014409
   0.51318000  0.81586000  0.19571000
   0.59780624  0.69634225  0.49560265
   0.70637000  0.69194000  0.09637000
   0.98384913  0.94030315  0.29669795
   0.84718000  0.81593000  0.19584000
   0.93352145  0.68764981  0.49360335
   0.78755433  0.56231181  0.39871530
   0.17417000  0.33753000  0.11288000
   0.25113225  0.20759956  0.41632390
   0.06290909  0.33578464  0.50609396
   0.31386000  0.46170000  0.21427000
   0.11744324  0.08583470  0.31468504
   0.23858000  0.04636000  0.07986000
   0.04735000  0.17100000  0.18013000
   0.31640768  0.42062502  0.38276797
   0.13229810  0.03318316  0.47987700
   0.18238964  0.29488061  0.28049332
   0.50750000  0.33753000  0.11288000
   0.58559033  0.20912965  0.41310514
   0.39742363  0.33064003  0.50893031
   0.64712000  0.46121000  0.21367000
   0.45051776  0.08621814  0.31672870
   0.57191000  0.04636000  0.07986000
   0.38063000  0.17082000  0.17998000
   0.64946466  0.41987527  0.38203545
   0.46888317  0.04627053  0.48730847
   0.51581504  0.29416462  0.28014367
   0.84083000  0.33753000  0.11288000
   0.91651213  0.20859896  0.41478700
   0.72784545  0.33110553  0.51281154
   0.98063000  0.46160000  0.21400000
   0.78378601  0.08541818  0.31596344
   0.90524000  0.04636000  0.07986000
   0.71387000  0.17083000  0.18002000
   0.98381601  0.42020845  0.38202580
   0.80176377  0.04579720  0.48719298
   0.84883960  0.29430273  0.28035866
   0.17417000  0.83753000  0.11288000
   0.25563236  0.70977940  0.41181484
   0.06353303  0.82474260  0.52031248
   0.31682000  0.96236000  0.21534000
   0.11793543  0.58514091  0.31537679
   0.23858000  0.54636000  0.07986000
   0.04601000  0.67209000  0.18056000
   0.32138962  0.91946779  0.38197373
   0.13214454  0.55163011  0.48669498
   0.18358550  0.79462005  0.28097200
   0.50619000  0.83294000  0.10916000
   0.58977451  0.70967827  0.41285393
   0.39969784  0.82891096  0.51518925
   0.64926000  0.96050000  0.21277000
   0.45125257  0.58537502  0.31609490
   0.57191000  0.54636000  0.07986000
   0.37906000  0.67136000  0.18002000
   0.65450177  0.91947412  0.38143425
   0.46651057  0.55035205  0.48765778
   0.51690480  0.79431919  0.27950755
   0.83992000  0.83287000  0.10930000
   0.73334275  0.82971651  0.51709899
   0.98268000  0.96077000  0.21320000
   0.78412492  0.58499299  0.31513294
   0.90524000  0.54636000  0.07986000
   0.71230000  0.67144000  0.18017000
   0.98663697  0.91776655  0.37966337
   0.79753462  0.54708429  0.48542642
   0.84981762  0.79365633  0.27924526
   0.92326052  0.70937762  0.41202845
   0.78477000  0.69231000  0.65805000
   0.14559037  0.14959471  0.59132996
  -0.04352572  0.77720863  0.59967755
   0.72113372  0.63184035  0.69750434
   0.80207815  0.57460074  0.74046962
   0.74532416  0.48539625  0.74087583
   0.92926948  0.58697870  0.73266215
   0.78012486  0.60598007  0.78372204
   0.59038293  0.61879262  0.70139883
