   0.18177000  0.06503000  0.19527000
   0.26148064  0.43796582  0.50244655
   0.03971000  0.44194000  0.09637000
   0.31596571  0.18938646  0.29946111
   0.11585907  0.31356290  0.40369254
   0.51472000  0.06471000  0.19485000
   0.59098144  0.43470691  0.50322001
   0.37304000  0.44194000  0.09637000
   0.64944648  0.18920636  0.29950668
   0.44885649  0.31471082  0.40233323
   0.84826000  0.06468000  0.19455000
   0.92467109  0.43634001  0.50131865
   0.70637000  0.44194000  0.09637000
   0.98236184  0.18917287  0.29944563
   0.78443088  0.31398332  0.40170358
   0.17955000  0.56532000  0.19533000
   0.27652824  0.93231851  0.50396380
   0.03971000  0.94194000  0.09637000
   0.31756806  0.68864759  0.29823870
   0.12373856  0.81239547  0.39658296
   0.51276000  0.56480000  0.19498000
   0.60711730  0.93300469  0.50571378
   0.37304000  0.94194000  0.09637000
   0.65010949  0.68846388  0.29762264
   0.45806170  0.81356822  0.39927495
   0.84642000  0.56519000  0.19522000
   0.93896154  0.93446859  0.50205124
   0.70637000  0.94194000  0.09637000
   0.98347475  0.68814986  0.29748194
   0.79024093  0.81247578  0.39844411
   0.59425605  0.19299087  0.49637703
   0.03971000  0.19194000  0.09637000
   0.31480985  0.43922440  0.29865158
   0.12506784  0.05848865  0.39843759
   0.18013000  0.31638000  0.19719000
   0.24899526  0.18586874  0.49944886
   0.37304000  0.19194000  0.09637000
   0.64856319  0.43892393  0.29802950
   0.45581886  0.06086775  0.40133881
   0.51314000  0.31594000  0.19696000
   0.70637000  0.19194000  0.09637000
   0.98216894  0.43876044  0.29814840
   0.78917025  0.06115951  0.40222659
   0.84665000  0.31624000  0.19703000
   0.94293529  0.18838595  0.50203977
   0.03971000  0.69194000  0.09637000
   0.31943206  0.93979240  0.29873115
   0.12003332  0.56091701  0.39970253
   0.18025000  0.81742000  0.19778000
   0.26951095  0.69199692  0.49488658
   0.37304000  0.69194000  0.09637000
   0.65199114  0.93960286  0.29788679
   0.45405943  0.56117508  0.40042190
   0.51318000  0.81586000  0.19571000
   0.59956052  0.69269292  0.49661668
   0.70637000  0.69194000  0.09637000
   0.98359640  0.93893436  0.29704435
   0.84718000  0.81593000  0.19584000
   0.93775447  0.68379780  0.49456389
   0.78657932  0.56059697  0.39932413
   0.17417000  0.33753000  0.11288000
   0.25084805  0.20546791  0.41493397
   0.06115958  0.33742014  0.50473940
   0.31386000  0.46170000  0.21427000
   0.11597728  0.08408225  0.31530692
   0.23858000  0.04636000  0.07986000
   0.04735000  0.17100000  0.18013000
   0.31458495  0.41885028  0.38273495
   0.14129190  0.03063610  0.48025619
   0.18197960  0.29327157  0.28042556
   0.50750000  0.33753000  0.11288000
   0.58388642  0.20764999  0.41395499
   0.39152098  0.32874178  0.50904665
   0.64712000  0.46121000  0.21367000
   0.45014779  0.08498060  0.31731694
   0.57191000  0.04636000  0.07986000
   0.38063000  0.17082000  0.17998000
   0.64914345  0.41806327  0.38219661
   0.47567407  0.04218449  0.48800266
   0.51534168  0.29315047  0.28020531
   0.84083000  0.33753000  0.11288000
   0.91444652  0.20680789  0.41791213
   0.72337104  0.32970125  0.51427884
   0.98063000  0.46160000  0.21400000
   0.78315563  0.08470124  0.31744672
   0.90524000  0.04636000  0.07986000
   0.71387000  0.17083000  0.18002000
   0.98199028  0.41805573  0.38201484
   0.80637796  0.04044522  0.48799388
   0.84860019  0.29297012  0.28030072
   0.17417000  0.83753000  0.11288000
   0.25695280  0.70675857  0.41217486
   0.06996498  0.82211526  0.51965462
   0.31682000  0.96236000  0.21534000
   0.11744288  0.58391916  0.31570474
   0.23858000  0.54636000  0.07986000
   0.04601000  0.67209000  0.18056000
   0.32323432  0.91683977  0.38228521
   0.12687002  0.55175203  0.48751140
   0.18390226  0.79369418  0.28091140
   0.50619000  0.83294000  0.10916000
   0.59104606  0.70669076  0.41366603
   0.40591068  0.82437435  0.51532530
   0.64926000  0.96050000  0.21277000
   0.45097993  0.58426667  0.31644857
   0.57191000  0.54636000  0.07986000
   0.37906000  0.67136000  0.18002000
   0.65644125  0.91682021  0.38211923
   0.46317218  0.54826397  0.48802377
   0.51721789  0.79366619  0.27957796
   0.83992000  0.83287000  0.10930000
   0.73965532  0.82467841  0.51885543
   0.98268000  0.96077000  0.21320000
   0.78394170  0.58406739  0.31562528
   0.90524000  0.54636000  0.07986000
   0.71230000  0.67144000  0.18017000
   0.98786629  0.91478240  0.38026515
   0.79329433  0.54554085  0.48642515
   0.84989254  0.79285746  0.27921810
   0.92471744  0.70627166  0.41282273
   0.78477000  0.69231000  0.65805000
   0.09569920  0.15439156  0.58504377
  -0.05552018  0.78526807  0.59798110
   0.72080545  0.63260583  0.69771801
   0.80184247  0.57561375  0.74081858
   0.74487321  0.48588333  0.74053013
   0.92921285  0.58749218  0.73279020
   0.78022523  0.60549526  0.78402472
   0.59005455  0.61945852  0.70179895
