   0.18177000  0.06503000  0.19527000
   0.26646892  0.43264889  0.50244838
   0.03971000  0.44194000  0.09637000
   0.31537771  0.18830181  0.29823706
   0.11570333  0.31434993  0.40009968
   0.51472000  0.06471000  0.19485000
   0.59957066  0.43274370  0.50128512
   0.37304000  0.44194000  0.09637000
   0.64898703  0.18827001  0.29812995
   0.44880596  0.31345294  0.39890579
   0.84826000  0.06468000  0.19455000
   0.93483387  0.43525988  0.50722696
   0.70637000  0.44194000  0.09637000
   0.98223449  0.18856553  0.29837646
   0.78281094  0.31481376  0.39985920
   0.17955000  0.56532000  0.19533000
   0.26210465  0.93301649  0.50438354
   0.03971000  0.94194000  0.09637000
   0.31528005  0.68850155  0.29782472
   0.11975432  0.81305207  0.39641214
   0.51276000  0.56480000  0.19498000
   0.59402412  0.93297440  0.50239843
   0.37304000  0.94194000  0.09637000
   0.64824232  0.68855553  0.29725316
   0.45256356  0.81349998  0.39901355
   0.84642000  0.56519000  0.19522000
   0.92640212  0.93482057  0.50496377
   0.70637000  0.94194000  0.09637000
   0.98148623  0.68832505  0.29726340
   0.78550823  0.81421383  0.39858049
   0.58933923  0.19142764  0.49432458
   0.03971000  0.19194000  0.09637000
   0.31454863  0.43930991  0.29796918
   0.11898791  0.06030945  0.40017246
   0.18013000  0.31638000  0.19719000
   0.25512927  0.19191441  0.49571185
   0.37304000  0.19194000  0.09637000
   0.64741010  0.43871064  0.29717270
   0.45212996  0.06038515  0.39979112
   0.51314000  0.31594000  0.19696000
   0.70637000  0.19194000  0.09637000
   0.98125476  0.43884946  0.29756056
   0.78524097  0.06007591  0.39908552
   0.84665000  0.31624000  0.19703000
   0.92227370  0.19198927  0.49394848
   0.03971000  0.69194000  0.09637000
   0.31701793  0.93945968  0.29832204
   0.12102843  0.55945326  0.39880802
   0.18025000  0.81742000  0.19778000
   0.26117288  0.68776385  0.49463631
   0.37304000  0.69194000  0.09637000
   0.64944647  0.93848246  0.29688820
   0.45399024  0.56001169  0.39970817
   0.51318000  0.81586000  0.19571000
   0.59536138  0.69052464  0.49477678
   0.70637000  0.69194000  0.09637000
   0.98267891  0.93934312  0.29738477
   0.84718000  0.81593000  0.19584000
   0.92334733  0.68902205  0.49218483
   0.78747469  0.55984431  0.39770569
   0.17417000  0.33753000  0.11288000
   0.24891030  0.20629552  0.41285134
   0.06681489  0.32293487  0.50948271
   0.31386000  0.46170000  0.21427000
   0.11596036  0.08384020  0.31599529
   0.23858000  0.04636000  0.07986000
   0.04735000  0.17100000  0.18013000
   0.31507510  0.41787740  0.38185636
   0.12946980  0.04141859  0.48779870
   0.18187946  0.29293712  0.28028365
   0.50750000  0.33753000  0.11288000
   0.58220281  0.20649736  0.41166731
   0.39836252  0.32454067  0.51225106
   0.64712000  0.46121000  0.21367000
   0.44959329  0.08408668  0.31605322
   0.57191000  0.04636000  0.07986000
   0.38063000  0.17082000  0.17998000
   0.64728780  0.41772050  0.38082658
   0.46240941  0.04299564  0.48662743
   0.51477672  0.29245408  0.27996525
   0.84083000  0.33753000  0.11288000
   0.91529654  0.20620025  0.41122625
   0.73139138  0.32453265  0.50924965
   0.98063000  0.46160000  0.21400000
   0.78263410  0.08306390  0.31502536
   0.90524000  0.04636000  0.07986000
   0.71387000  0.17083000  0.18002000
   0.98141196  0.41770370  0.38105366
   0.79585739  0.04383261  0.48624514
   0.84826296  0.29262634  0.27997331
   0.17417000  0.83753000  0.11288000
   0.25223899  0.70701514  0.41201616
   0.05631597  0.82471498  0.52156536
   0.31682000  0.96236000  0.21534000
   0.11549431  0.58400639  0.31509167
   0.23858000  0.54636000  0.07986000
   0.04601000  0.67209000  0.18056000
   0.31801501  0.91736142  0.38195771
   0.13655468  0.54151495  0.48353596
   0.18158875  0.79379889  0.28091153
   0.50619000  0.83294000  0.10916000
   0.58582710  0.70645863  0.41220997
   0.39197225  0.82487875  0.51316240
   0.64926000  0.96050000  0.21277000
   0.44892954  0.58426330  0.31579212
   0.57191000  0.54636000  0.07986000
   0.37906000  0.67136000  0.18002000
   0.65050255  0.91717325  0.38097785
   0.46770088  0.54351696  0.48674209
   0.51458647  0.79320250  0.27928649
   0.83992000  0.83287000  0.10930000
   0.72769400  0.82698346  0.51128045
   0.98268000  0.96077000  0.21320000
   0.78190721  0.58384530  0.31428951
   0.90524000  0.54636000  0.07986000
   0.71230000  0.67144000  0.18017000
   0.98496973  0.91763817  0.38168089
   0.79868590  0.54254574  0.48270527
   0.84822782  0.79374641  0.27952585
   0.92021742  0.70800912  0.41051156
   0.78477000  0.69231000  0.65805000
   0.98764577  0.50842389  0.61646426
   0.03186256  0.69989678  0.59233271
   0.71762948  0.62961727  0.69556633
   0.79713983  0.57497857  0.74096273
   0.73934197  0.48601667  0.74371254
   0.92342968  0.58464789  0.73247333
   0.77801380  0.61185970  0.78296524
   0.58544664  0.61047610  0.69738863
