   0.18177000  0.06503000  0.19527000
   0.26584673  0.43269554  0.50252788
   0.03971000  0.44194000  0.09637000
   0.31528895  0.18820034  0.29823727
   0.11512791  0.31436508  0.40015199
   0.51472000  0.06471000  0.19485000
   0.59892557  0.43271750  0.50099357
   0.37304000  0.44194000  0.09637000
   0.64895412  0.18822452  0.29814336
   0.44821170  0.31345914  0.39887440
   0.84826000  0.06468000  0.19455000
   0.93407543  0.43512971  0.50661770
   0.70637000  0.44194000  0.09637000
   0.98214087  0.18852646  0.29841791
   0.78235384  0.31491983  0.39996531
   0.17955000  0.56532000  0.19533000
   0.26261095  0.93274338  0.50426711
   0.03971000  0.94194000  0.09637000
   0.31513669  0.68842550  0.29774834
   0.11971930  0.81304632  0.39628092
   0.51276000  0.56480000  0.19498000
   0.59453145  0.93277935  0.50240120
   0.37304000  0.94194000  0.09637000
   0.64804112  0.68849957  0.29714206
   0.45256716  0.81335234  0.39893199
   0.84642000  0.56519000  0.19522000
   0.92681302  0.93444400  0.50491437
   0.70637000  0.94194000  0.09637000
   0.98124431  0.68829971  0.29719147
   0.78547010  0.81410085  0.39835585
   0.58932360  0.19106980  0.49391476
   0.03971000  0.19194000  0.09637000
   0.31433584  0.43923819  0.29796380
   0.11905640  0.06017255  0.40026648
   0.18013000  0.31638000  0.19719000
   0.25540769  0.19184116  0.49574917
   0.37304000  0.19194000  0.09637000
   0.64721267  0.43855551  0.29714710
   0.45214623  0.06015469  0.39953950
   0.51314000  0.31594000  0.19696000
   0.70637000  0.19194000  0.09637000
   0.98097300  0.43888108  0.29758978
   0.78541993  0.05991531  0.39911831
   0.84665000  0.31624000  0.19703000
   0.92255397  0.19160823  0.49396435
   0.03971000  0.69194000  0.09637000
   0.31688760  0.93927693  0.29821025
   0.12087287  0.55955048  0.39870311
   0.18025000  0.81742000  0.19778000
   0.26124770  0.68775326  0.49455830
   0.37304000  0.69194000  0.09637000
   0.64935921  0.93851512  0.29687710
   0.45377689  0.56001781  0.39962747
   0.51318000  0.81586000  0.19571000
   0.59552203  0.69049235  0.49471178
   0.70637000  0.69194000  0.09637000
   0.98262809  0.93938731  0.29740246
   0.84718000  0.81593000  0.19584000
   0.92356285  0.68882921  0.49166949
   0.78699963  0.55984528  0.39740311
   0.17417000  0.33753000  0.11288000
   0.24843640  0.20631471  0.41296504
   0.06616556  0.32302992  0.50938190
   0.31386000  0.46170000  0.21427000
   0.11585043  0.08383979  0.31608465
   0.23858000  0.04636000  0.07986000
   0.04735000  0.17100000  0.18013000
   0.31452138  0.41788742  0.38184652
   0.12998013  0.04125650  0.48781438
   0.18183192  0.29285176  0.28030317
   0.50750000  0.33753000  0.11288000
   0.58155042  0.20639955  0.41135242
   0.39765988  0.32473552  0.51247610
   0.64712000  0.46121000  0.21367000
   0.44955792  0.08390679  0.31580152
   0.57191000  0.04636000  0.07986000
   0.38063000  0.17082000  0.17998000
   0.64665186  0.41769759  0.38078574
   0.46289359  0.04252193  0.48637269
   0.51465456  0.29242404  0.27998634
   0.84083000  0.33753000  0.11288000
   0.91484231  0.20619793  0.41127478
   0.73079071  0.32444603  0.50854382
   0.98063000  0.46160000  0.21400000
   0.78265939  0.08301270  0.31508031
   0.90524000  0.04636000  0.07986000
   0.71387000  0.17083000  0.18002000
   0.98093002  0.41784523  0.38110232
   0.79616762  0.04350949  0.48630026
   0.84819621  0.29264252  0.28003121
   0.17417000  0.83753000  0.11288000
   0.25214543  0.70703392  0.41190267
   0.05668772  0.82403790  0.52110926
   0.31682000  0.96236000  0.21534000
   0.11525490  0.58396637  0.31500424
   0.23858000  0.54636000  0.07986000
   0.04601000  0.67209000  0.18056000
   0.31796177  0.91724726  0.38180931
   0.13629499  0.54157640  0.48344400
   0.18140946  0.79364893  0.28084313
   0.50619000  0.83294000  0.10916000
   0.58604028  0.70638709  0.41211470
   0.39248301  0.82464732  0.51315573
   0.64926000  0.96050000  0.21277000
   0.44875040  0.58420160  0.31571051
   0.57191000  0.54636000  0.07986000
   0.37906000  0.67136000  0.18002000
   0.65047905  0.91709603  0.38094417
   0.46711148  0.54374006  0.48660620
   0.51445373  0.79320415  0.27928023
   0.83992000  0.83287000  0.10930000
   0.72797533  0.82677018  0.51150469
   0.98268000  0.96077000  0.21320000
   0.78160413  0.58367442  0.31407016
   0.90524000  0.54636000  0.07986000
   0.71230000  0.67144000  0.18017000
   0.98487284  0.91767499  0.38169629
   0.79807000  0.54261423  0.48217751
   0.84803252  0.79381826  0.27952800
   0.92026537  0.70787954  0.40999426
   0.78477000  0.69231000  0.65805000
   0.98109712  0.50683485  0.61590707
   0.02787732  0.69829024  0.59218782
   0.71723389  0.62929950  0.69553392
   0.79684219  0.57460314  0.74075129
   0.73877979  0.48578398  0.74389844
   0.92369097  0.58389792  0.73241172
   0.77883613  0.61181074  0.78293486
   0.58534576  0.61013475  0.69727120
