   0.18177000  0.06503000  0.19527000
   0.26531799  0.43265669  0.50299899
   0.03971000  0.44194000  0.09637000
   0.31513664  0.18798037  0.29840281
   0.11504986  0.31444715  0.40009497
   0.51472000  0.06471000  0.19485000
   0.59895690  0.43266521  0.50057231
   0.37304000  0.44194000  0.09637000
   0.64891224  0.18813717  0.29827812
   0.44786857  0.31350081  0.39890465
   0.84826000  0.06468000  0.19455000
   0.93359836  0.43494010  0.50575478
   0.70637000  0.44194000  0.09637000
   0.98209508  0.18836768  0.29847356
   0.78165174  0.31456731  0.40019981
   0.17955000  0.56532000  0.19533000
   0.26294912  0.93254729  0.50416977
   0.03971000  0.94194000  0.09637000
   0.31536641  0.68835153  0.29758123
   0.11972820  0.81312566  0.39616495
   0.51276000  0.56480000  0.19498000
   0.59444176  0.93241258  0.50257155
   0.37304000  0.94194000  0.09637000
   0.64785366  0.68868546  0.29706936
   0.45270594  0.81312561  0.39874631
   0.84642000  0.56519000  0.19522000
   0.92731863  0.93453897  0.50481938
   0.70637000  0.94194000  0.09637000
   0.98150289  0.68849930  0.29702004
   0.78499586  0.81384630  0.39805804
   0.59030280  0.19117451  0.49382644
   0.03971000  0.19194000  0.09637000
   0.31425694  0.43905129  0.29808794
   0.11950740  0.06021347  0.40021589
   0.18013000  0.31638000  0.19719000
   0.25542158  0.19177248  0.49592280
   0.37304000  0.19194000  0.09637000
   0.64721018  0.43836741  0.29722594
   0.45214016  0.06003811  0.39919615
   0.51314000  0.31594000  0.19696000
   0.70637000  0.19194000  0.09637000
   0.98070862  0.43902665  0.29773420
   0.78551650  0.05979400  0.39912024
   0.84665000  0.31624000  0.19703000
   0.92294035  0.19192872  0.49412141
   0.03971000  0.69194000  0.09637000
   0.31661006  0.93911416  0.29814121
   0.12097209  0.55999785  0.39864307
   0.18025000  0.81742000  0.19778000
   0.26104879  0.68726848  0.49443417
   0.37304000  0.69194000  0.09637000
   0.64953838  0.93851840  0.29689569
   0.45362987  0.55992422  0.39954047
   0.51318000  0.81586000  0.19571000
   0.59582051  0.69053350  0.49473262
   0.70637000  0.69194000  0.09637000
   0.98266710  0.93947949  0.29731550
   0.84718000  0.81593000  0.19584000
   0.92322353  0.68806030  0.49125478
   0.78627675  0.55971412  0.39747101
   0.17417000  0.33753000  0.11288000
   0.24839680  0.20637560  0.41289100
   0.06597349  0.32354488  0.50930693
   0.31386000  0.46170000  0.21427000
   0.11597138  0.08363747  0.31624701
   0.23858000  0.04636000  0.07986000
   0.04735000  0.17100000  0.18013000
   0.31421553  0.41775908  0.38199655
   0.12988024  0.04134176  0.48801282
   0.18149121  0.29272585  0.28039496
   0.50750000  0.33753000  0.11288000
   0.58088211  0.20636320  0.41096588
   0.39750481  0.32460392  0.51263553
   0.64712000  0.46121000  0.21367000
   0.44922476  0.08355652  0.31549014
   0.57191000  0.04636000  0.07986000
   0.38063000  0.17082000  0.17998000
   0.64636036  0.41802241  0.38105680
   0.46223953  0.04305666  0.48605980
   0.51475714  0.29199328  0.27991206
   0.84083000  0.33753000  0.11288000
   0.91448990  0.20600022  0.41132891
   0.72940015  0.32548953  0.50812500
   0.98063000  0.46160000  0.21400000
   0.78231911  0.08312462  0.31497140
   0.90524000  0.04636000  0.07986000
   0.71387000  0.17083000  0.18002000
   0.98045972  0.41759268  0.38128267
   0.79711441  0.04316955  0.48618713
   0.84821982  0.29271288  0.27992417
   0.17417000  0.83753000  0.11288000
   0.25252870  0.70757543  0.41204353
   0.05714774  0.82378701  0.52112890
   0.31682000  0.96236000  0.21534000
   0.11564021  0.58425887  0.31509318
   0.23858000  0.54636000  0.07986000
   0.04601000  0.67209000  0.18056000
   0.31831505  0.91699667  0.38172833
   0.13560634  0.54159511  0.48304193
   0.18121856  0.79373647  0.28094054
   0.50619000  0.83294000  0.10916000
   0.58647149  0.70620340  0.41209173
   0.39238525  0.82411194  0.51311330
   0.64926000  0.96050000  0.21277000
   0.44868969  0.58409353  0.31586752
   0.57191000  0.54636000  0.07986000
   0.37906000  0.67136000  0.18002000
   0.65012062  0.91730077  0.38106079
   0.46708126  0.54366656  0.48616418
   0.51418194  0.79325898  0.27928283
   0.83992000  0.83287000  0.10930000
   0.72926073  0.82649195  0.51172565
   0.98268000  0.96077000  0.21320000
   0.78138328  0.58386749  0.31367740
   0.90524000  0.54636000  0.07986000
   0.71230000  0.67144000  0.18017000
   0.98455987  0.91777147  0.38178456
   0.79808300  0.54186322  0.48239642
   0.84800932  0.79398746  0.27941290
   0.92007076  0.70750988  0.40970636
   0.78477000  0.69231000  0.65805000
   0.97672018  0.50413482  0.61588150
   0.02573585  0.69918890  0.59146064
   0.71860610  0.62935642  0.69553947
   0.79659391  0.57512025  0.74109368
   0.74006384  0.48565790  0.74384648
   0.92233981  0.58219768  0.73189056
   0.77814224  0.61216351  0.78326315
   0.58774077  0.61083982  0.69672177
