   0.18177000  0.06503000  0.19527000
   0.24723309  0.44103220  0.50425589
   0.03971000  0.44194000  0.09637000
   0.31839101  0.19027297  0.29917915
   0.11376140  0.31789891  0.40074581
   0.51472000  0.06471000  0.19485000
   0.57992398  0.44185338  0.50267474
   0.37304000  0.44194000  0.09637000
   0.65209290  0.19025047  0.29876529
   0.44776269  0.31692295  0.40308900
   0.84826000  0.06468000  0.19455000
   0.91342348  0.44280175  0.50442461
   0.70637000  0.44194000  0.09637000
   0.98518297  0.18980693  0.29873775
   0.77764773  0.31794333  0.40352620
   0.17955000  0.56532000  0.19533000
   0.28232579  0.93237769  0.50458266
   0.03971000  0.94194000  0.09637000
   0.31535034  0.68988206  0.29819225
   0.12565365  0.81465613  0.39539233
   0.51276000  0.56480000  0.19498000
   0.61234660  0.93563525  0.50269549
   0.37304000  0.94194000  0.09637000
   0.64854634  0.69012854  0.29781004
   0.45739408  0.81487805  0.39853429
   0.84642000  0.56519000  0.19522000
   0.94400964  0.93541154  0.50455792
   0.70637000  0.94194000  0.09637000
   0.98155717  0.68963261  0.29778421
   0.78983024  0.81557357  0.39774257
   0.58929844  0.19016085  0.50394201
   0.03971000  0.19194000  0.09637000
   0.31439090  0.44062470  0.29836882
   0.12647293  0.06118479  0.40107285
   0.18013000  0.31638000  0.19719000
   0.26383755  0.19334404  0.49707142
   0.37304000  0.19194000  0.09637000
   0.64691168  0.44023544  0.29800211
   0.46153552  0.06389117  0.40085466
   0.51314000  0.31594000  0.19696000
   0.70637000  0.19194000  0.09637000
   0.98053480  0.44041719  0.29849252
   0.79297001  0.06266154  0.39975411
   0.84665000  0.31624000  0.19703000
   0.92130481  0.19621681  0.49683976
   0.03971000  0.69194000  0.09637000
   0.31991716  0.94122502  0.29867016
   0.11353554  0.56456902  0.40045803
   0.18025000  0.81742000  0.19778000
   0.26094630  0.69462570  0.49597930
   0.37304000  0.69194000  0.09637000
   0.65203872  0.94006509  0.29729246
   0.44822122  0.56457146  0.40000799
   0.51318000  0.81586000  0.19571000
   0.58782799  0.69886154  0.49568387
   0.70637000  0.69194000  0.09637000
   0.98564803  0.94031640  0.29778240
   0.84718000  0.81593000  0.19584000
   0.91496825  0.69985786  0.48879549
   0.77972555  0.56370509  0.39848707
   0.17417000  0.33753000  0.11288000
   0.24542880  0.20997333  0.41542411
   0.04495911  0.33442564  0.51419549
   0.31386000  0.46170000  0.21427000
   0.11948822  0.08533150  0.31684246
   0.23858000  0.04636000  0.07986000
   0.04735000  0.17100000  0.18013000
   0.31183992  0.42072110  0.38248917
   0.14661568  0.03922945  0.48789541
   0.18395649  0.29378381  0.28055315
   0.50750000  0.33753000  0.11288000
   0.58091942  0.21126018  0.41956867
   0.37789553  0.33754783  0.51184341
   0.64712000  0.46121000  0.21367000
   0.45354005  0.08716618  0.31703647
   0.57191000  0.04636000  0.07986000
   0.38063000  0.17082000  0.17998000
   0.64396825  0.42057550  0.38236840
   0.47705897  0.03681639  0.48271069
   0.51693790  0.29375520  0.28013450
   0.84083000  0.33753000  0.11288000
   0.91410517  0.21153424  0.41380847
   0.71808691  0.34155580  0.51111422
   0.98063000  0.46160000  0.21400000
   0.78602640  0.08498431  0.31588003
   0.90524000  0.04636000  0.07986000
   0.71387000  0.17083000  0.18002000
   0.97822332  0.42205017  0.38305654
   0.81400888  0.04325207  0.48505729
   0.85088898  0.29357158  0.28029401
   0.17417000  0.83753000  0.11288000
   0.25468193  0.70744866  0.41237521
   0.07091602  0.81801941  0.52227940
   0.31682000  0.96236000  0.21534000
   0.11527246  0.58550301  0.31595519
   0.23858000  0.54636000  0.07986000
   0.04601000  0.67209000  0.18056000
   0.32392998  0.91914661  0.38157117
   0.11557368  0.55382961  0.49132712
   0.18217914  0.79539634  0.28110971
   0.50619000  0.83294000  0.10916000
   0.59124914  0.70793519  0.41135395
   0.41119018  0.82149227  0.51343042
   0.64926000  0.96050000  0.21277000
   0.44904069  0.58557928  0.31556571
   0.57191000  0.54636000  0.07986000
   0.37906000  0.67136000  0.18002000
   0.65679455  0.91921362  0.38110147
   0.44808549  0.55494658  0.48752406
   0.51511379  0.79468966  0.27953778
   0.83992000  0.83287000  0.10930000
   0.74492759  0.82625833  0.51193959
   0.98268000  0.96077000  0.21320000
   0.78118899  0.58493623  0.31488970
   0.90524000  0.54636000  0.07986000
   0.71230000  0.67144000  0.18017000
   0.99050132  0.91909785  0.38228064
   0.78184377  0.55479656  0.48586099
   0.84882092  0.79516261  0.27980503
   0.92517631  0.70776523  0.40667530
   0.78477000  0.69231000  0.65805000
   0.54677686  0.14887395  0.59727441
   0.99255782  0.68577494  0.59042544
   0.72294372  0.61054018  0.68735320
   0.79888286  0.56216059  0.73557446
   0.73817995  0.47363791  0.73932085
   0.92705085  0.57333724  0.73067674
   0.77705450  0.60626385  0.77468475
   0.60190616  0.56589101  0.67934828
