   0.17771213  0.06432981  0.19559021
   0.28877440  0.42919387  0.50104178
   0.03971000  0.44194000  0.09637000
   0.31328347  0.18782298  0.29939649
   0.12963899  0.31097883  0.39770631
   0.51097119  0.06437248  0.19562708
   0.62382286  0.43483776  0.50073698
   0.37304000  0.44194000  0.09637000
   0.64725171  0.18779003  0.29891383
   0.46221978  0.31177251  0.39812572
   0.84430525  0.06424884  0.19551520
   0.95104087  0.43132462  0.50076905
   0.70637000  0.44194000  0.09637000
   0.98102861  0.18773471  0.29855194
   0.79549023  0.31112325  0.39910894
   0.18004476  0.56398992  0.19517941
   0.24745070  0.93963520  0.50412647
   0.03971000  0.94194000  0.09637000
   0.31520125  0.68875138  0.29897224
   0.10762064  0.81542590  0.40025127
   0.51338106  0.56393399  0.19521210
   0.57945265  0.93927133  0.50405628
   0.37304000  0.94194000  0.09637000
   0.64806895  0.68829975  0.29868588
   0.44095885  0.81690048  0.40257222
   0.84662637  0.56405783  0.19541063
   0.91013619  0.93703970  0.50477875
   0.70637000  0.94194000  0.09637000
   0.98145394  0.68872276  0.29905909
   0.77473638  0.81582829  0.39944092
   0.93247267  0.68977899  0.49894136
   0.03971000  0.19194000  0.09637000
   0.31897500  0.43755294  0.29794350
   0.11248925  0.06113348  0.39776512
   0.17908305  0.31497994  0.19631888
   0.26414036  0.19147941  0.49580431
   0.37304000  0.19194000  0.09637000
   0.65290850  0.43824728  0.29858019
   0.44750544  0.06213749  0.39960251
   0.51228150  0.31558939  0.19759103
   0.58983807  0.19417629  0.49583848
   0.70637000  0.19194000  0.09637000
   0.98629073  0.43819754  0.29819800
   0.77990915  0.06222804  0.40031130
   0.84531367  0.31551727  0.19745886
   0.93156686  0.19189908  0.49560246
   0.03971000  0.69194000  0.09637000
   0.31014610  0.93939408  0.29851714
   0.12718711  0.55929607  0.40008660
   0.17797715  0.81556089  0.19736287
   0.25626238  0.69035802  0.49665570
   0.37304000  0.69194000  0.09637000
   0.64265696  0.93932712  0.29864281
   0.46053173  0.55939539  0.39988553
   0.51128437  0.81551396  0.19731452
   0.59593104  0.69285862  0.49548802
   0.70637000  0.69194000  0.09637000
   0.97629002  0.93887565  0.29793092
   0.84455380  0.81557731  0.19730523
   0.79494788  0.56088766  0.40002910
   0.17310000  0.33301000  0.10976000
   0.26077833  0.20135262  0.40718946
   0.08036186  0.32507557  0.50717139
   0.31430634  0.45994198  0.21354767
   0.11108948  0.08095606  0.31409020
   0.23858000  0.04636000  0.07986000
   0.04393949  0.17059329  0.17992500
   0.32805371  0.41764443  0.38150525
   0.11143702  0.04309767  0.48135891
   0.18060572  0.29301414  0.27938198
   0.50750000  0.33753000  0.11288000
   0.59587624  0.20307703  0.41127222
   0.42795214  0.32860592  0.50246564
   0.64781670  0.46074753  0.21468751
   0.44793424  0.08223769  0.31540147
   0.57191000  0.04636000  0.07986000
   0.37755483  0.17080231  0.18011197
   0.66420583  0.41725332  0.38222318
   0.45088891  0.04722834  0.48572109
   0.51510028  0.29319897  0.28067877
   0.84083000  0.33753000  0.11288000
   0.92726185  0.20284505  0.41168825
   0.75062335  0.32166292  0.51057196
   0.98123824  0.46064354  0.21445890
   0.78035984  0.08275322  0.31581875
   0.90524000  0.04636000  0.07986000
   0.71078326  0.17072126  0.18002876
   0.99427560  0.41667071  0.38194221
   0.78389418  0.04924602  0.48821272
   0.84794505  0.29288745  0.28065058
   0.17417000  0.83753000  0.11288000
   0.24040135  0.70884203  0.41488996
   0.04394062  0.83099589  0.51853666
   0.31186297  0.96063808  0.21439411
   0.11640605  0.58467672  0.31671168
   0.23858000  0.54636000  0.07986000
   0.04589622  0.67016118  0.17992228
   0.30602093  0.91880937  0.38271553
   0.15451208  0.53971407  0.48786103
   0.18029784  0.79234404  0.28041266
   0.50750000  0.83753000  0.11288000
   0.57562541  0.71000603  0.41420836
   0.37762617  0.83185215  0.51129687
   0.64511259  0.96070072  0.21450791
   0.44928832  0.58409641  0.31621691
   0.57191000  0.54636000  0.07986000
   0.37923491  0.67007895  0.17987751
   0.63944689  0.91965661  0.38307268
   0.48832840  0.54335381  0.48624410
   0.51364883  0.79221548  0.28030676
   0.84083000  0.83753000  0.11288000
   0.70939154  0.83374792  0.51683023
   0.97838147  0.96062174  0.21420159
   0.78277568  0.58439586  0.31664357
   0.90524000  0.54636000  0.07986000
   0.71256246  0.67011700  0.17989873
   0.97153648  0.91717477  0.38168021
   0.82412031  0.54098499  0.48672473
   0.84656721  0.79220263  0.28021475
   0.90836293  0.71045952  0.41439288
   0.73558337  0.56718169  0.64677299
   0.26396331  0.18459886  0.59670531
   0.97713424  0.64655054  0.60179868
   0.68537105  0.53200345  0.69565154
   0.78881067  0.52936214  0.74627754
   0.75440377  0.44689260  0.76805415
   0.91331177  0.54789600  0.73530240
   0.76435656  0.59114045  0.77818096
   0.55620586  0.50256949  0.70099734
