   0.17966716  0.06453748  0.19495066
   0.28974788  0.43035814  0.50151836
   0.03971000  0.44194000  0.09637000
   0.31758135  0.18947452  0.29761953
   0.13090300  0.31268159  0.39694969
   0.51298963  0.06410974  0.19448138
   0.61857882  0.43301532  0.49664714
   0.37304000  0.44194000  0.09637000
   0.65063156  0.18878722  0.29686134
   0.46373959  0.31215239  0.39729478
   0.84631843  0.06424796  0.19472103
   0.95991330  0.43090059  0.49756239
   0.70637000  0.44194000  0.09637000
   0.98396658  0.18871681  0.29710140
   0.79711202  0.31162643  0.39553591
   0.18169186  0.56471979  0.19440996
   0.24167741  0.94287330  0.50085082
   0.03971000  0.94194000  0.09637000
   0.31747921  0.69103961  0.29757393
   0.10978347  0.81864539  0.39897565
   0.51494780  0.56414959  0.19392169
   0.57841984  0.94425562  0.50373148
   0.37304000  0.94194000  0.09637000
   0.64981429  0.68964192  0.29692191
   0.44116638  0.81970951  0.40372116
   0.84848838  0.56426156  0.19397262
   0.90644828  0.93777442  0.50286638
   0.70637000  0.94194000  0.09637000
   0.98397522  0.68989001  0.29750165
   0.77343408  0.81704403  0.39962698
   0.57209049  0.69190485  0.49926512
   0.03971000  0.19194000  0.09637000
   0.32121403  0.43901420  0.29599403
   0.11431936  0.06408417  0.39926820
   0.18044065  0.31537767  0.19552097
   0.26166655  0.19380103  0.49512174
   0.37304000  0.19194000  0.09637000
   0.65425916  0.43791205  0.29563317
   0.44901240  0.06653895  0.40074792
   0.51408882  0.31478892  0.19506223
   0.58897157  0.19955325  0.49879519
   0.70637000  0.19194000  0.09637000
   0.98872052  0.43966799  0.29650233
   0.78025794  0.06397829  0.39975693
   0.84771772  0.31521858  0.19568210
   0.93539668  0.18848398  0.49435094
   0.03971000  0.69194000  0.09637000
   0.31348880  0.94199010  0.29820196
   0.13030104  0.56195769  0.39844471
   0.17998957  0.81630047  0.19633092
   0.26647291  0.69115771  0.49880953
   0.37304000  0.69194000  0.09637000
   0.64515224  0.94072919  0.29795151
   0.46264215  0.56163505  0.39732588
   0.51351103  0.81589099  0.19597192
   0.70637000  0.69194000  0.09637000
   0.97920939  0.94054130  0.29777273
   0.84610268  0.81604119  0.19701133
   0.92955162  0.69344318  0.49116696
   0.79488278  0.56011316  0.39654891
   0.17293089  0.33290871  0.10958528
   0.26342461  0.20567396  0.41059786
   0.08721412  0.32000402  0.51093113
   0.31595244  0.46015976  0.21218809
   0.11756645  0.08444972  0.31483934
   0.23858000  0.04636000  0.07986000
   0.04557940  0.17098752  0.18018831
   0.33015849  0.41617939  0.37912842
   0.11151375  0.05421091  0.48734957
   0.18383283  0.29356479  0.27907678
   0.50633000  0.33253000  0.10912000
   0.59954786  0.20763120  0.41334834
   0.42348210  0.31893741  0.51327447
   0.64953720  0.45949124  0.21178727
   0.45155911  0.08586388  0.31582149
   0.57191000  0.04636000  0.07986000
   0.37901110  0.17056189  0.17999826
   0.66347887  0.41545915  0.37972947
   0.44782402  0.05950904  0.48886543
   0.51753313  0.29322681  0.27863868
   0.83948314  0.33231749  0.10977390
   0.92890472  0.20622703  0.41112872
   0.75163996  0.32713726  0.52018283
   0.98296133  0.46022235  0.21258618
   0.78369851  0.08459738  0.31500131
   0.90524000  0.04636000  0.07986000
   0.71235967  0.17081078  0.18028861
   0.99660289  0.41687486  0.38011113
   0.78240239  0.05308341  0.48777653
   0.85114957  0.29406197  0.27946755
   0.17282196  0.83288474  0.10961783
   0.23942741  0.71131802  0.41532902
   0.04018030  0.83253490  0.51181988
   0.31427856  0.96088044  0.21368490
   0.11900398  0.58591000  0.31477562
   0.23858000  0.54636000  0.07986000
   0.04754714  0.67129582  0.18024880
   0.30715587  0.92427877  0.38218135
   0.15545146  0.53702858  0.48234154
   0.18231982  0.79546495  0.28032275
   0.50615451  0.83296217  0.10967446
   0.57612760  0.71146842  0.41591881
   0.37676561  0.84244724  0.50391546
   0.64723031  0.96067134  0.21346622
   0.45136850  0.58576079  0.31415660
   0.57191000  0.54636000  0.07986000
   0.38078853  0.67098657  0.18007017
   0.64026369  0.92175356  0.38208902
   0.48600820  0.53422103  0.47974066
   0.51623240  0.79454725  0.27960439
   0.84075731  0.83741568  0.11284547
   0.70455813  0.83434954  0.51445476
   0.98091128  0.96099198  0.21388697
   0.78370551  0.58404904  0.31340711
   0.90524000  0.54636000  0.07986000
   0.71399938  0.67067641  0.18001937
   0.97303535  0.92171458  0.38167237
   0.82354208  0.54001243  0.48185293
   0.84889834  0.79382879  0.28018488
   0.90829941  0.71061791  0.41008602
   0.80184756  0.61834982  0.63102160
   0.39028967  0.65157348  0.58317268
   0.78900944  0.44562346  0.59840146
   0.80560806  0.66258562  0.67857850
   0.79760176  0.60322350  0.73438960
   0.71237203  0.62825846  0.76338251
   0.76845944  0.51163578  0.72746171
   0.91378601  0.62714163  0.75533821
   0.81877822  0.75479550  0.67985427
