   0.17899012  0.06463041  0.19512923
   0.26761877  0.43281185  0.50250090
   0.03971000  0.44194000  0.09637000
   0.31482007  0.18923683  0.29912980
   0.11979707  0.31266044  0.40254330
   0.51234698  0.06451374  0.19546473
   0.60058274  0.43366083  0.50281836
   0.37304000  0.44194000  0.09637000
   0.64807444  0.18865256  0.29939007
   0.44962387  0.31263045  0.40370572
   0.84572510  0.06474161  0.19535577
   0.93281495  0.43187441  0.50212882
   0.70637000  0.44194000  0.09637000
   0.98178077  0.18903289  0.29956976
   0.78511248  0.31340114  0.40041968
   0.17999370  0.56409271  0.19522900
   0.26295588  0.93702410  0.51043149
   0.03971000  0.94194000  0.09637000
   0.31636749  0.68798818  0.29859644
   0.12014785  0.81386645  0.39719691
   0.51330641  0.56392927  0.19490126
   0.59283087  0.93365134  0.50571344
   0.37304000  0.94194000  0.09637000
   0.64930791  0.68798273  0.29811015
   0.45286714  0.81440314  0.39968867
   0.84673175  0.56397805  0.19514686
   0.92408607  0.93298740  0.50543052
   0.70637000  0.94194000  0.09637000
   0.98269457  0.68793145  0.29789079
   0.78632881  0.81376691  0.39857494
   0.93257766  0.68418327  0.49373630
   0.03971000  0.19194000  0.09637000
   0.31606875  0.43828921  0.29841138
   0.11927995  0.06022101  0.40104236
   0.17906040  0.31545330  0.19631168
   0.25851761  0.18211964  0.50396703
   0.37304000  0.19194000  0.09637000
   0.64851065  0.43806559  0.29800719
   0.45113054  0.06053643  0.40035734
   0.51237953  0.31530133  0.19712624
   0.58575223  0.19114658  0.49672722
   0.70637000  0.19194000  0.09637000
   0.98382986  0.43836946  0.29858293
   0.78477662  0.06086054  0.40135313
   0.84530436  0.31561315  0.19747631
   0.92671907  0.19115500  0.49644682
   0.03971000  0.69194000  0.09637000
   0.31564676  0.93938696  0.29797227
   0.12281683  0.55988861  0.40042679
   0.17912443  0.81575221  0.19724476
   0.26556352  0.69117860  0.49592532
   0.37304000  0.69194000  0.09637000
   0.64901763  0.93937355  0.29862226
   0.45642681  0.56006313  0.40053532
   0.51245029  0.81581010  0.19733790
   0.59561329  0.69280013  0.49671788
   0.70637000  0.69194000  0.09637000
   0.98214344  0.93996060  0.29801687
   0.84565400  0.81590746  0.19711166
   0.78827746  0.55921669  0.39887042
   0.17310000  0.33301000  0.10976000
   0.24942990  0.20484580  0.41873325
   0.06411522  0.32715580  0.51141819
   0.31413016  0.46029753  0.21393914
   0.11587101  0.08509242  0.31682758
   0.23858000  0.04636000  0.07986000
   0.04519801  0.17090208  0.17996437
   0.31753850  0.41731083  0.38250864
   0.12251867  0.03217430  0.48401912
   0.18092900  0.29327468  0.27994834
   0.50750000  0.33753000  0.11288000
   0.58597137  0.20560574  0.41339073
   0.40255606  0.32870713  0.50788419
   0.64760952  0.46053348  0.21412316
   0.44818680  0.08433266  0.31634909
   0.57191000  0.04636000  0.07986000
   0.37853185  0.17052237  0.18004159
   0.64997181  0.41677083  0.38182504
   0.46371250  0.04120327  0.48533742
   0.51437009  0.29268076  0.28019229
   0.84083000  0.33753000  0.11288000
   0.91756550  0.20594176  0.41369523
   0.73071490  0.32451838  0.51278406
   0.98122937  0.46053720  0.21453835
   0.78196109  0.08410472  0.31700499
   0.90524000  0.04636000  0.07986000
   0.71174399  0.17072594  0.18017290
   0.98544536  0.41716832  0.38265810
   0.79589910  0.04323087  0.48830457
   0.84780179  0.29303174  0.28085095
   0.17417000  0.83753000  0.11288000
   0.25245990  0.70783058  0.41373021
   0.05169731  0.82069988  0.52591451
   0.31300675  0.96107897  0.21447766
   0.11698565  0.58397095  0.31654763
   0.23858000  0.54636000  0.07986000
   0.04611472  0.67041444  0.18020236
   0.31812672  0.91666579  0.38127618
   0.13545941  0.54532129  0.48771028
   0.18242937  0.79245920  0.28046000
   0.50750000  0.83753000  0.11288000
   0.58690194  0.70806919  0.41424881
   0.39102048  0.82657057  0.51781361
   0.64665533  0.96110859  0.21483850
   0.45034663  0.58369672  0.31673193
   0.57191000  0.54636000  0.07986000
   0.37946354  0.67050390  0.18017725
   0.65153511  0.91733969  0.38264357
   0.46966510  0.54588266  0.48748689
   0.51561003  0.79270429  0.28065744
   0.84083000  0.83753000  0.11288000
   0.72513083  0.82658903  0.52048512
   0.97993929  0.96139224  0.21452324
   0.78320498  0.58359729  0.31566266
   0.90524000  0.54636000  0.07986000
   0.71273703  0.67040729  0.18004771
   0.98435257  0.91640547  0.38110053
   0.80244496  0.54122041  0.48484519
   0.84878194  0.79269026  0.28021476
   0.92089371  0.70762792  0.41266452
   0.77452729  0.61356788  0.64949910
   0.27307440  0.12564948  0.59611173
   0.93022429  0.74446067  0.60051947
   0.71933187  0.54917642  0.68889071
   0.80146684  0.53381422  0.74345406
   0.76255975  0.44793170  0.75920109
   0.93032884  0.55739828  0.73940730
   0.76332325  0.58791242  0.77595454
   0.59588754  0.50015477  0.68368671
