   0.18177000  0.06503000  0.19527000
   0.26620691  0.43265827  0.50239850
   0.03971000  0.44194000  0.09637000
   0.31534493  0.18826715  0.29820589
   0.11550923  0.31439606  0.40013383
   0.51472000  0.06471000  0.19485000
   0.59945689  0.43271174  0.50122102
   0.37304000  0.44194000  0.09637000
   0.64898985  0.18826765  0.29812243
   0.44857616  0.31342661  0.39885337
   0.84826000  0.06468000  0.19455000
   0.93457646  0.43526015  0.50712234
   0.70637000  0.44194000  0.09637000
   0.98224122  0.18858528  0.29839022
   0.78264545  0.31486931  0.39987085
   0.17955000  0.56532000  0.19533000
   0.26230403  0.93288222  0.50433724
   0.03971000  0.94194000  0.09637000
   0.31518958  0.68846677  0.29781691
   0.11978413  0.81304014  0.39635721
   0.51276000  0.56480000  0.19498000
   0.59419773  0.93289130  0.50238179
   0.37304000  0.94194000  0.09637000
   0.64816253  0.68850645  0.29722155
   0.45251925  0.81348756  0.39900066
   0.84642000  0.56519000  0.19522000
   0.92647505  0.93462968  0.50494116
   0.70637000  0.94194000  0.09637000
   0.98137240  0.68829867  0.29725645
   0.78551086  0.81417886  0.39852824
   0.58921885  0.19122914  0.49418637
   0.03971000  0.19194000  0.09637000
   0.31446253  0.43931257  0.29794342
   0.11896999  0.06028240  0.40017995
   0.18013000  0.31638000  0.19719000
   0.25521857  0.19190185  0.49572050
   0.37304000  0.19194000  0.09637000
   0.64728758  0.43867680  0.29713735
   0.45214452  0.06027910  0.39972396
   0.51314000  0.31594000  0.19696000
   0.70637000  0.19194000  0.09637000
   0.98114730  0.43882573  0.29753890
   0.78526946  0.06001131  0.39909516
   0.84665000  0.31624000  0.19703000
   0.92233779  0.19183652  0.49394565
   0.03971000  0.69194000  0.09637000
   0.31700526  0.93940832  0.29828841
   0.12096432  0.55943067  0.39879191
   0.18025000  0.81742000  0.19778000
   0.26124093  0.68782425  0.49459365
   0.37304000  0.69194000  0.09637000
   0.64940796  0.93848581  0.29688048
   0.45388892  0.56003282  0.39967595
   0.51318000  0.81586000  0.19571000
   0.59536838  0.69051094  0.49474871
   0.70637000  0.69194000  0.09637000
   0.98264114  0.93936352  0.29738451
   0.84718000  0.81593000  0.19584000
   0.92339491  0.68895473  0.49197725
   0.78734530  0.55983587  0.39756535
   0.17417000  0.33753000  0.11288000
   0.24869887  0.20631332  0.41289560
   0.06652068  0.32289418  0.50943539
   0.31386000  0.46170000  0.21427000
   0.11592077  0.08386772  0.31602126
   0.23858000  0.04636000  0.07986000
   0.04735000  0.17100000  0.18013000
   0.31490666  0.41790001  0.38184117
   0.12966397  0.04128473  0.48777582
   0.18187134  0.29292001  0.28025740
   0.50750000  0.33753000  0.11288000
   0.58194744  0.20644906  0.41156125
   0.39814634  0.32463892  0.51232085
   0.64712000  0.46121000  0.21367000
   0.44959290  0.08406361  0.31600812
   0.57191000  0.04636000  0.07986000
   0.38063000  0.17082000  0.17998000
   0.64706080  0.41767097  0.38075745
   0.46265754  0.04273066  0.48653191
   0.51468753  0.29245689  0.27995890
   0.84083000  0.33753000  0.11288000
   0.91506734  0.20620779  0.41121907
   0.73124361  0.32440558  0.50897693
   0.98063000  0.46160000  0.21400000
   0.78264741  0.08305040  0.31504945
   0.90524000  0.04636000  0.07986000
   0.71387000  0.17083000  0.18002000
   0.98129122  0.41774538  0.38103766
   0.79599475  0.04369786  0.48627822
   0.84819855  0.29261732  0.27998938
   0.17417000  0.83753000  0.11288000
   0.25220821  0.70696506  0.41194632
   0.05646085  0.82438680  0.52143497
   0.31682000  0.96236000  0.21534000
   0.11534407  0.58394236  0.31503180
   0.23858000  0.54636000  0.07986000
   0.04601000  0.67209000  0.18056000
   0.31797595  0.91735651  0.38192333
   0.13642273  0.54158510  0.48356938
   0.18149660  0.79373153  0.28088510
   0.50619000  0.83294000  0.10916000
   0.58580597  0.70646408  0.41216761
   0.39216399  0.82482449  0.51315056
   0.64926000  0.96050000  0.21277000
   0.44883069  0.58423503  0.31573567
   0.57191000  0.54636000  0.07986000
   0.37906000  0.67136000  0.18002000
   0.65052456  0.91710775  0.38095350
   0.46743842  0.54361763  0.48677729
   0.51452382  0.79318712  0.27928088
   0.83992000  0.83287000  0.10930000
   0.72771683  0.82692436  0.51134455
   0.98268000  0.96077000  0.21320000
   0.78177195  0.58375469  0.31420518
   0.90524000  0.54636000  0.07986000
   0.71230000  0.67144000  0.18017000
   0.98500060  0.91764889  0.38167626
   0.79831313  0.54263260  0.48243793
   0.84815237  0.79373191  0.27953795
   0.92031906  0.70802153  0.41032019
   0.78477000  0.69231000  0.65805000
   0.98509838  0.50771840  0.61623458
   0.03049080  0.69946212  0.59227384
   0.71755238  0.62932251  0.69562101
   0.79685097  0.57478966  0.74086393
   0.73884821  0.48588808  0.74376845
   0.92361224  0.58456211  0.73245534
   0.77849270  0.61181492  0.78284284
   0.58532130  0.61025439  0.69741326
