   0.18177000  0.06503000  0.19527000
   0.24956461  0.44049236  0.50428767
   0.03971000  0.44194000  0.09637000
   0.31866966  0.18982564  0.29864011
   0.11412402  0.31831039  0.39906888
   0.51472000  0.06471000  0.19485000
   0.58202131  0.44245739  0.50434319
   0.37304000  0.44194000  0.09637000
   0.65169543  0.18956859  0.29874281
   0.44763338  0.31813423  0.39984215
   0.84826000  0.06468000  0.19455000
   0.91446335  0.44106285  0.50406951
   0.70637000  0.44194000  0.09637000
   0.98509153  0.18944278  0.29814410
   0.78042356  0.31841945  0.40087916
   0.17955000  0.56532000  0.19533000
   0.27968721  0.93448520  0.50356383
   0.03971000  0.94194000  0.09637000
   0.31582460  0.69056481  0.29820011
   0.12319530  0.81424611  0.39837002
   0.51276000  0.56480000  0.19498000
   0.61296573  0.93572609  0.50309731
   0.37304000  0.94194000  0.09637000
   0.64872486  0.69012016  0.29747187
   0.45740367  0.81507316  0.39922558
   0.84642000  0.56519000  0.19522000
   0.94513395  0.93571044  0.50314815
   0.70637000  0.94194000  0.09637000
   0.98203024  0.69029654  0.29785065
   0.79019261  0.81536868  0.39902971
   0.59186843  0.19523177  0.49411977
   0.03971000  0.19194000  0.09637000
   0.31465594  0.44143523  0.29801329
   0.12618005  0.06200319  0.40001585
   0.18013000  0.31638000  0.19719000
   0.25910130  0.19550953  0.49521111
   0.37304000  0.19194000  0.09637000
   0.64781835  0.44076934  0.29744258
   0.45888201  0.06158695  0.40064262
   0.51314000  0.31594000  0.19696000
   0.70637000  0.19194000  0.09637000
   0.98087642  0.44095202  0.29799551
   0.79331745  0.06209240  0.39946046
   0.84665000  0.31624000  0.19703000
   0.92691129  0.19762468  0.49439704
   0.03971000  0.69194000  0.09637000
   0.31881835  0.94058268  0.29872092
   0.11355802  0.56563360  0.39974599
   0.18025000  0.81742000  0.19778000
   0.25804008  0.69634027  0.49524416
   0.37304000  0.69194000  0.09637000
   0.65215478  0.93968544  0.29721814
   0.44837291  0.56513713  0.39990711
   0.51318000  0.81586000  0.19571000
   0.58990813  0.69648434  0.49562760
   0.70637000  0.69194000  0.09637000
   0.98547411  0.94016778  0.29743037
   0.84718000  0.81593000  0.19584000
   0.91870951  0.69594397  0.49340745
   0.78081813  0.56453267  0.39898876
   0.17417000  0.33753000  0.11288000
   0.24726386  0.21126529  0.41296060
   0.04885942  0.33513926  0.51344405
   0.31386000  0.46170000  0.21427000
   0.11948292  0.08493423  0.31593189
   0.23858000  0.04636000  0.07986000
   0.04735000  0.17100000  0.18013000
   0.31245786  0.42236084  0.38232711
   0.14613974  0.04307191  0.48727303
   0.18413303  0.29406946  0.28076198
   0.50750000  0.33753000  0.11288000
   0.58033486  0.21027507  0.41305630
   0.38061412  0.33368775  0.51245029
   0.64712000  0.46121000  0.21367000
   0.45266040  0.08521964  0.31681194
   0.57191000  0.04636000  0.07986000
   0.38063000  0.17082000  0.17998000
   0.64488812  0.42101260  0.38144604
   0.47938000  0.04446293  0.48773064
   0.51750851  0.29347405  0.28034965
   0.84083000  0.33753000  0.11288000
   0.91477989  0.21119838  0.41309011
   0.71661123  0.33180884  0.50775617
   0.98063000  0.46160000  0.21400000
   0.78621961  0.08471677  0.31564165
   0.90524000  0.04636000  0.07986000
   0.71387000  0.17083000  0.18002000
   0.97912772  0.42192902  0.38256077
   0.81309958  0.04550077  0.48663255
   0.85078734  0.29368855  0.28048969
   0.17417000  0.83753000  0.11288000
   0.25664663  0.70739860  0.41164731
   0.07456347  0.82189422  0.51424652
   0.31682000  0.96236000  0.21534000
   0.11572369  0.58574677  0.31546557
   0.23858000  0.54636000  0.07986000
   0.04601000  0.67209000  0.18056000
   0.32235930  0.91896246  0.38291212
   0.11807992  0.55477274  0.48979357
   0.18205648  0.79576083  0.28130488
   0.50619000  0.83294000  0.10916000
   0.58999128  0.70763992  0.41156971
   0.41209731  0.82489871  0.51136934
   0.64926000  0.96050000  0.21277000
   0.44903549  0.58602084  0.31555152
   0.57191000  0.54636000  0.07986000
   0.37906000  0.67136000  0.18002000
   0.65598243  0.91955568  0.38165181
   0.45073329  0.55308621  0.48763242
   0.51534535  0.79517858  0.27970487
   0.83992000  0.83287000  0.10930000
   0.74522729  0.82638003  0.50915549
   0.98268000  0.96077000  0.21320000
   0.78237985  0.58558444  0.31462140
   0.90524000  0.54636000  0.07986000
   0.71230000  0.67144000  0.18017000
   0.99012143  0.91945170  0.38197753
   0.78397937  0.55282044  0.48509793
   0.84882268  0.79542924  0.27982537
   0.92394454  0.70792402  0.41036921
   0.78477000  0.69231000  0.65805000
   0.73070696  0.46484949  0.62723636
   0.97222623  0.65921304  0.59935898
   0.72522346  0.60194046  0.68632807
   0.79763489  0.55523890  0.73707414
   0.73878553  0.46854674  0.74393987
   0.92365124  0.55642961  0.73442076
   0.77692835  0.60214187  0.77524426
   0.59699719  0.58711325  0.68911415
