   0.17930854  0.06445584  0.19544884
   0.26249788  0.43287587  0.50377302
   0.03971000  0.44194000  0.09637000
   0.31465947  0.18854245  0.29940547
   0.11554251  0.31337226  0.40169475
   0.51272346  0.06455327  0.19550080
   0.59672194  0.43376556  0.50136288
   0.37304000  0.44194000  0.09637000
   0.64823122  0.18888757  0.29969140
   0.44953842  0.31230543  0.40255431
   0.84588154  0.06432622  0.19538468
   0.93116278  0.43425112  0.50297742
   0.70637000  0.44194000  0.09637000
   0.98137608  0.18869526  0.29935711
   0.78022098  0.31324675  0.40461984
   0.17947506  0.56373495  0.19533951
   0.26525959  0.93193665  0.50693902
   0.03971000  0.94194000  0.09637000
   0.31621473  0.68745437  0.29868963
   0.12294551  0.81210049  0.39649434
   0.51304272  0.56380705  0.19521777
   0.59615194  0.93424841  0.50824876
   0.37304000  0.94194000  0.09637000
   0.64912124  0.68746738  0.29821497
   0.45536506  0.81347393  0.39976788
   0.84623795  0.56379260  0.19549101
   0.92799278  0.93508778  0.50484629
   0.70637000  0.94194000  0.09637000
   0.98291469  0.68704512  0.29814025
   0.78807206  0.81266772  0.39835859
   0.93298476  0.68708589  0.49343678
   0.03971000  0.19194000  0.09637000
   0.31500644  0.43811041  0.29881588
   0.11930894  0.05985408  0.40175435
   0.17932910  0.31511854  0.19645122
   0.25948929  0.19026254  0.49718255
   0.37304000  0.19194000  0.09637000
   0.64744683  0.43793160  0.29876613
   0.45289783  0.05997328  0.40089766
   0.51212953  0.31558898  0.19751055
   0.59216767  0.18395755  0.50336882
   0.70637000  0.19194000  0.09637000
   0.98117301  0.43763324  0.29898687
   0.78560141  0.06002854  0.40046788
   0.84533075  0.31539892  0.19742400
   0.91659941  0.19061257  0.49780716
   0.03971000  0.69194000  0.09637000
   0.31703362  0.93904173  0.29789060
   0.12162600  0.55893170  0.40045937
   0.17899466  0.81539591  0.19721619
   0.26712622  0.68840897  0.49565859
   0.37304000  0.69194000  0.09637000
   0.64931370  0.93873918  0.29805850
   0.45517107  0.56010183  0.40119955
   0.51260291  0.81533721  0.19713587
   0.59587926  0.69258009  0.49762390
   0.70637000  0.69194000  0.09637000
   0.98304452  0.93936558  0.29869363
   0.84610999  0.81566774  0.19742082
   0.78757833  0.55951027  0.39921307
   0.17310000  0.33301000  0.10976000
   0.24760135  0.20574445  0.41470013
   0.06072580  0.32496082  0.51368683
   0.31380607  0.46005438  0.21423829
   0.11509354  0.08434978  0.31751161
   0.23858000  0.04636000  0.07986000
   0.04540961  0.17060405  0.18014359
   0.31546905  0.41748429  0.38317730
   0.13239430  0.04004636  0.48915590
   0.18101519  0.29277065  0.28019978
   0.50750000  0.33753000  0.11288000
   0.57994380  0.20520955  0.41806020
   0.39362780  0.32794894  0.51208933
   0.64709468  0.46061037  0.21483722
   0.44902851  0.08457074  0.31668320
   0.57191000  0.04636000  0.07986000
   0.37864590  0.17069975  0.18026528
   0.64703312  0.41714947  0.38251468
   0.45924520  0.03535345  0.48416253
   0.51390393  0.29278348  0.28075640
   0.84083000  0.33753000  0.11288000
   0.91627742  0.20590501  0.41456009
   0.73212513  0.33090290  0.50593097
   0.98063972  0.46038578  0.21481560
   0.78175012  0.08398954  0.31660796
   0.90524000  0.04636000  0.07986000
   0.71207498  0.17049333  0.18006991
   0.98109860  0.41724920  0.38313735
   0.79846033  0.03971682  0.48507890
   0.84744497  0.29256940  0.28052739
   0.17417000  0.83753000  0.11288000
   0.25463831  0.70606904  0.41345925
   0.05520524  0.82388390  0.52380554
   0.31345065  0.96080256  0.21442665
   0.11675724  0.58268604  0.31664232
   0.23858000  0.54636000  0.07986000
   0.04571886  0.67013878  0.18013331
   0.32011036  0.91542383  0.38083699
   0.13300981  0.54437573  0.48785171
   0.18237934  0.79185329  0.28041935
   0.50750000  0.83753000  0.11288000
   0.58944391  0.70722446  0.41480177
   0.39429990  0.82255549  0.51712082
   0.64669567  0.96070525  0.21451958
   0.45009486  0.58335151  0.31708622
   0.57191000  0.54636000  0.07986000
   0.37913881  0.67012340  0.18011511
   0.65363642  0.91562914  0.38141700
   0.46497362  0.54613522  0.48855522
   0.51564277  0.79183896  0.28028730
   0.84083000  0.83753000  0.11288000
   0.73034783  0.82566856  0.52132663
   0.98031654  0.96103454  0.21496642
   0.78296483  0.58306063  0.31587208
   0.90524000  0.54636000  0.07986000
   0.71256789  0.67043759  0.18029255
   0.98768698  0.91613251  0.38260724
   0.79977629  0.54553086  0.48521377
   0.84949181  0.79235138  0.28080744
   0.92351087  0.70684926  0.41196643
   0.77389385  0.62746307  0.65227983
   0.62352401  0.13484854  0.59530421
   0.91927125  0.75663245  0.59909496
   0.72333584  0.55352513  0.68756664
   0.80522905  0.53486600  0.74187227
   0.77092670  0.44698177  0.75498255
   0.93408379  0.56246832  0.73835428
   0.76380128  0.58402832  0.77580686
   0.60665535  0.49803226  0.67895267
