   0.18177000  0.06503000  0.19527000
   0.26728945  0.43194317  0.50232220
   0.03971000  0.44194000  0.09637000
   0.31665640  0.19007109  0.29821282
   0.11805993  0.31293977  0.40238175
   0.51472000  0.06471000  0.19485000
   0.59498668  0.43135195  0.50272512
   0.37304000  0.44194000  0.09637000
   0.64877617  0.18860379  0.29868475
   0.44781961  0.31330851  0.40321045
   0.84826000  0.06468000  0.19455000
   0.93138183  0.43468337  0.49891324
   0.70637000  0.44194000  0.09637000
   0.98222816  0.18935712  0.29775270
   0.78458431  0.31355035  0.39999069
   0.17955000  0.56532000  0.19533000
   0.26400358  0.93171528  0.50265986
   0.03971000  0.94194000  0.09637000
   0.31596487  0.68851568  0.29772784
   0.11918183  0.81319967  0.39576827
   0.51276000  0.56480000  0.19498000
   0.59641492  0.93531447  0.50316543
   0.37304000  0.94194000  0.09637000
   0.64879659  0.68827773  0.29714142
   0.45328387  0.81345427  0.39810669
   0.84642000  0.56519000  0.19522000
   0.92749122  0.93399913  0.50338037
   0.70637000  0.94194000  0.09637000
   0.98215667  0.68816129  0.29730424
   0.78582107  0.81408406  0.39743102
   0.58600440  0.19472930  0.49568090
   0.03971000  0.19194000  0.09637000
   0.31518156  0.43942013  0.29824360
   0.12125123  0.05924883  0.39711762
   0.18013000  0.31638000  0.19719000
   0.24387470  0.17939380  0.50184198
   0.37304000  0.19194000  0.09637000
   0.64813206  0.43860306  0.29776245
   0.45152622  0.06142415  0.40033813
   0.51314000  0.31594000  0.19696000
   0.70637000  0.19194000  0.09637000
   0.98257827  0.43916601  0.29802645
   0.78625516  0.06207456  0.40047129
   0.84665000  0.31624000  0.19703000
   0.93548724  0.18987737  0.49867028
   0.03971000  0.69194000  0.09637000
   0.31791261  0.93971994  0.29819520
   0.12203304  0.56029216  0.39983170
   0.18025000  0.81742000  0.19778000
   0.26589726  0.69059175  0.49475368
   0.37304000  0.69194000  0.09637000
   0.64994703  0.93934530  0.29720887
   0.45521984  0.56005202  0.39968265
   0.51318000  0.81586000  0.19571000
   0.59470594  0.69233769  0.49476110
   0.70637000  0.69194000  0.09637000
   0.98174189  0.93876339  0.29540025
   0.84718000  0.81593000  0.19584000
   0.92197871  0.68852054  0.49310375
   0.78723664  0.55961240  0.39828040
   0.17417000  0.33753000  0.11288000
   0.24860443  0.20377453  0.41732367
   0.06402562  0.33152507  0.50708080
   0.31386000  0.46170000  0.21427000
   0.11660265  0.08454228  0.31224921
   0.23858000  0.04636000  0.07986000
   0.04735000  0.17100000  0.18013000
   0.31548446  0.41747133  0.38218224
   0.12667365  0.02865984  0.47936730
   0.18223704  0.29423552  0.28042426
   0.50750000  0.33753000  0.11288000
   0.58484874  0.20644550  0.41216725
   0.39737454  0.32185075  0.50877077
   0.64712000  0.46121000  0.21367000
   0.44902394  0.08468686  0.31657616
   0.57191000  0.04636000  0.07986000
   0.38063000  0.17082000  0.17998000
   0.64863143  0.41694738  0.38166062
   0.46328500  0.04337165  0.48667928
   0.51583220  0.29323483  0.28000624
   0.84083000  0.33753000  0.11288000
   0.91710378  0.20663757  0.41506831
   0.72923888  0.32658521  0.51153217
   0.98063000  0.46160000  0.21400000
   0.78311643  0.08402339  0.31568219
   0.90524000  0.04636000  0.07986000
   0.71387000  0.17083000  0.18002000
   0.98355492  0.41771499  0.38201688
   0.79875454  0.04370771  0.48712000
   0.84810777  0.29352303  0.28026092
   0.17417000  0.83753000  0.11288000
   0.25258841  0.70768746  0.41237983
   0.05815036  0.82157404  0.52154425
   0.31682000  0.96236000  0.21534000
   0.11654953  0.58427951  0.31565714
   0.23858000  0.54636000  0.07986000
   0.04601000  0.67209000  0.18056000
   0.31920103  0.91718104  0.38165833
   0.13604096  0.54698089  0.48730896
   0.18235459  0.79361839  0.28069372
   0.50619000  0.83294000  0.10916000
   0.58626819  0.70715587  0.41229890
   0.39541269  0.82663566  0.51582642
   0.64926000  0.96050000  0.21277000
   0.44991831  0.58453745  0.31576996
   0.57191000  0.54636000  0.07986000
   0.37906000  0.67136000  0.18002000
   0.65138316  0.91840054  0.38132600
   0.46831741  0.54415904  0.48689380
   0.51536008  0.79340356  0.27927994
   0.83992000  0.83287000  0.10930000
   0.72834242  0.82796477  0.51362162
   0.98268000  0.96077000  0.21320000
   0.78276719  0.58384760  0.31483548
   0.90524000  0.54636000  0.07986000
   0.71230000  0.67144000  0.18017000
   0.98473522  0.91605870  0.37778472
   0.79737009  0.54365906  0.48442128
   0.84750248  0.79195932  0.27857698
   0.92024077  0.70778529  0.41131742
   0.78477000  0.69231000  0.65805000
   0.14287453  0.13992896  0.59134803
   0.02162419  0.72864322  0.60133096
   0.71878309  0.63045588  0.69637208
   0.79720341  0.57427939  0.74056653
   0.74124996  0.48550086  0.74347597
   0.92456872  0.58639861  0.73320226
   0.77642367  0.61051970  0.78316242
   0.58655559  0.61579712  0.69889585
