   0.18177000  0.06503000  0.19527000
   0.24638336  0.43799989  0.50340138
   0.03971000  0.44194000  0.09637000
   0.31759795  0.18949082  0.29887864
   0.11041492  0.31681643  0.40174864
   0.51472000  0.06471000  0.19485000
   0.58119578  0.44158305  0.50033232
   0.37304000  0.44194000  0.09637000
   0.65161616  0.19040440  0.29879798
   0.44384581  0.31574796  0.40254687
   0.84826000  0.06468000  0.19455000
   0.91504079  0.44339726  0.50210434
   0.70637000  0.44194000  0.09637000
   0.98430916  0.19023776  0.29892038
   0.77464728  0.31749523  0.40416448
   0.17955000  0.56532000  0.19533000
   0.28187260  0.93219947  0.50477545
   0.03971000  0.94194000  0.09637000
   0.31463734  0.68938363  0.29826566
   0.12439498  0.81330391  0.39533777
   0.51276000  0.56480000  0.19498000
   0.61045465  0.93292431  0.50394135
   0.37304000  0.94194000  0.09637000
   0.64704163  0.68874809  0.29652169
   0.45741109  0.81509437  0.39826863
   0.84642000  0.56519000  0.19522000
   0.94255432  0.93914086  0.50465034
   0.70637000  0.94194000  0.09637000
   0.98133806  0.68905123  0.29723883
   0.78994520  0.81400154  0.39597122
   0.58352342  0.18981001  0.50181790
   0.03971000  0.19194000  0.09637000
   0.31275467  0.44040103  0.29868707
   0.12435879  0.06102639  0.40141538
   0.18013000  0.31638000  0.19719000
   0.26446098  0.19202702  0.49823932
   0.37304000  0.19194000  0.09637000
   0.64460614  0.43884435  0.29715862
   0.45853427  0.06127461  0.39984755
   0.51314000  0.31594000  0.19696000
   0.70637000  0.19194000  0.09637000
   0.97942768  0.43990272  0.29889038
   0.79024542  0.06203032  0.39996889
   0.84665000  0.31624000  0.19703000
   0.91833152  0.19615433  0.49698765
   0.03971000  0.69194000  0.09637000
   0.31957905  0.94036229  0.29796576
   0.11429073  0.56350829  0.40038100
   0.18025000  0.81742000  0.19778000
   0.26610595  0.68946464  0.49505561
   0.37304000  0.69194000  0.09637000
   0.65141038  0.94014167  0.29705447
   0.44809093  0.56366211  0.40034105
   0.51318000  0.81586000  0.19571000
   0.58924600  0.69727031  0.49552838
   0.70637000  0.69194000  0.09637000
   0.98566738  0.94081798  0.29745873
   0.84718000  0.81593000  0.19584000
   0.91499276  0.69779709  0.49281817
   0.78149008  0.56388224  0.39689063
   0.17417000  0.33753000  0.11288000
   0.24176974  0.20918899  0.41669339
   0.04367832  0.33404035  0.51511409
   0.31386000  0.46170000  0.21427000
   0.11882780  0.08600310  0.31711728
   0.23858000  0.04636000  0.07986000
   0.04735000  0.17100000  0.18013000
   0.30973655  0.42038430  0.38314577
   0.14571931  0.04103865  0.48971048
   0.18348238  0.29385529  0.28049422
   0.50750000  0.33753000  0.11288000
   0.57567088  0.20881901  0.41756422
   0.38090033  0.33532497  0.51045988
   0.64712000  0.46121000  0.21367000
   0.45318394  0.08600443  0.31606209
   0.57191000  0.04636000  0.07986000
   0.38063000  0.17082000  0.17998000
   0.64110219  0.42051043  0.38092535
   0.47498812  0.03401950  0.48230019
   0.51511997  0.29255060  0.27960002
   0.84083000  0.33753000  0.11288000
   0.91085712  0.21008636  0.41393575
   0.71686139  0.33943885  0.50530738
   0.98063000  0.46160000  0.21400000
   0.78526432  0.08513477  0.31590465
   0.90524000  0.04636000  0.07986000
   0.71387000  0.17083000  0.18002000
   0.97593826  0.42074735  0.38333926
   0.80972190  0.04334488  0.48630665
   0.85001414  0.29390839  0.28013807
   0.17417000  0.83753000  0.11288000
   0.25640096  0.70804910  0.41238674
   0.07085647  0.82291011  0.52084867
   0.31682000  0.96236000  0.21534000
   0.11463318  0.58494115  0.31625629
   0.23858000  0.54636000  0.07986000
   0.04601000  0.67209000  0.18056000
   0.32248458  0.91769741  0.38073585
   0.11888273  0.55104249  0.48786587
   0.18126468  0.79445978  0.28094417
   0.50619000  0.83294000  0.10916000
   0.59034188  0.70778528  0.41139149
   0.41037703  0.81980111  0.51622673
   0.64926000  0.96050000  0.21277000
   0.44763407  0.58490079  0.31599140
   0.57191000  0.54636000  0.07986000
   0.37906000  0.67136000  0.18002000
   0.65632765  0.91835995  0.38083304
   0.44850209  0.55409574  0.48842123
   0.51436594  0.79413392  0.27931877
   0.83992000  0.83287000  0.10930000
   0.74740255  0.82352197  0.51368187
   0.98268000  0.96077000  0.21320000
   0.78115066  0.58399490  0.31277004
   0.90524000  0.54636000  0.07986000
   0.71230000  0.67144000  0.18017000
   0.99044127  0.91831125  0.38145078
   0.78355014  0.55505124  0.48382887
   0.84825681  0.79475308  0.27993401
   0.92512740  0.70800343  0.40882994
   0.78477000  0.69231000  0.65805000
   0.54845272  0.15326466  0.59620141
  -0.00060255  0.76214233  0.60539936
   0.71388566  0.61374915  0.68780143
   0.79516345  0.56276412  0.73321099
   0.75417947  0.47172888  0.73881477
   0.92211101  0.58634938  0.72497481
   0.77291660  0.60474966  0.77363828
   0.58508418  0.58939231  0.68178800
