   0.18177000  0.06503000  0.19527000
   0.24733764  0.44176464  0.50347566
   0.03971000  0.44194000  0.09637000
   0.31906678  0.19049037  0.29891840
   0.11450908  0.31789568  0.39994866
   0.51472000  0.06471000  0.19485000
   0.57986679  0.44128181  0.50362122
   0.37304000  0.44194000  0.09637000
   0.65235377  0.19043033  0.29866196
   0.44844218  0.31830397  0.40245914
   0.84826000  0.06468000  0.19455000
   0.91079642  0.44149041  0.50494378
   0.70637000  0.44194000  0.09637000
   0.98489465  0.18952133  0.29848673
   0.77898319  0.31799620  0.40353326
   0.17955000  0.56532000  0.19533000
   0.28228336  0.93360792  0.50395266
   0.03971000  0.94194000  0.09637000
   0.31569978  0.69051528  0.29822072
   0.12509227  0.81494411  0.39744891
   0.51276000  0.56480000  0.19498000
   0.61297072  0.93630156  0.50400010
   0.37304000  0.94194000  0.09637000
   0.64856591  0.69023868  0.29744928
   0.45785180  0.81608063  0.39899258
   0.84642000  0.56519000  0.19522000
   0.94669070  0.93569263  0.50349806
   0.70637000  0.94194000  0.09637000
   0.98205146  0.69027409  0.29783597
   0.79108686  0.81525541  0.39842245
   0.58517751  0.19015413  0.50607790
   0.03971000  0.19194000  0.09637000
   0.31477432  0.44090507  0.29814515
   0.12769807  0.06210301  0.40082561
   0.18013000  0.31638000  0.19719000
   0.26585775  0.19352577  0.49746162
   0.37304000  0.19194000  0.09637000
   0.64757658  0.44035398  0.29776735
   0.46201925  0.06357124  0.40151250
   0.51314000  0.31594000  0.19696000
   0.70637000  0.19194000  0.09637000
   0.98045713  0.44046866  0.29811976
   0.79187286  0.06189881  0.39993193
   0.84665000  0.31624000  0.19703000
   0.92536443  0.19728943  0.49494847
   0.03971000  0.69194000  0.09637000
   0.32010289  0.94201509  0.29878501
   0.11346341  0.56517125  0.39954893
   0.18025000  0.81742000  0.19778000
   0.25642829  0.69741531  0.49530060
   0.37304000  0.69194000  0.09637000
   0.65259049  0.94000480  0.29722532
   0.44882853  0.56454883  0.39981467
   0.51318000  0.81586000  0.19571000
   0.58602083  0.69883143  0.49531571
   0.70637000  0.69194000  0.09637000
   0.98584392  0.94071472  0.29773332
   0.84718000  0.81593000  0.19584000
   0.91845159  0.69732021  0.49277609
   0.78088596  0.56469396  0.39877150
   0.17417000  0.33753000  0.11288000
   0.24691928  0.21101092  0.41462721
   0.04536035  0.33517633  0.51399375
   0.31386000  0.46170000  0.21427000
   0.11980526  0.08538884  0.31635006
   0.23858000  0.04636000  0.07986000
   0.04735000  0.17100000  0.18013000
   0.31348675  0.42117502  0.38230250
   0.14803715  0.04203607  0.48782304
   0.18395865  0.29399705  0.28052427
   0.50750000  0.33753000  0.11288000
   0.58055940  0.21253190  0.41961541
   0.37806210  0.33742963  0.51214669
   0.64712000  0.46121000  0.21367000
   0.45414287  0.08723462  0.31696818
   0.57191000  0.04636000  0.07986000
   0.38063000  0.17082000  0.17998000
   0.64587174  0.42141469  0.38199760
   0.47606546  0.03656888  0.48277728
   0.51770971  0.29417715  0.28027994
   0.84083000  0.33753000  0.11288000
   0.91517294  0.21023443  0.41348772
   0.71548137  0.34013841  0.51277029
   0.98063000  0.46160000  0.21400000
   0.78569600  0.08493491  0.31585607
   0.90524000  0.04636000  0.07986000
   0.71387000  0.17083000  0.18002000
   0.97876584  0.42145950  0.38276988
   0.81656408  0.04474398  0.48634316
   0.85098990  0.29387803  0.28016179
   0.17417000  0.83753000  0.11288000
   0.25657266  0.70742772  0.41117963
   0.07379872  0.82183545  0.51659740
   0.31682000  0.96236000  0.21534000
   0.11552881  0.58529121  0.31521854
   0.23858000  0.54636000  0.07986000
   0.04601000  0.67209000  0.18056000
   0.32356840  0.91987079  0.38214915
   0.11500486  0.55478991  0.49069123
   0.18209946  0.79571742  0.28118189
   0.50619000  0.83294000  0.10916000
   0.59039100  0.70796886  0.41088865
   0.41285413  0.82203347  0.51235186
   0.64926000  0.96050000  0.21277000
   0.44900410  0.58577881  0.31547792
   0.57191000  0.54636000  0.07986000
   0.37906000  0.67136000  0.18002000
   0.65704117  0.91900397  0.38144477
   0.44825424  0.55294141  0.48780543
   0.51542025  0.79513511  0.27951484
   0.83992000  0.83287000  0.10930000
   0.74634708  0.82568752  0.51094877
   0.98268000  0.96077000  0.21320000
   0.78215055  0.58542798  0.31450655
   0.90524000  0.54636000  0.07986000
   0.71230000  0.67144000  0.18017000
   0.99116100  0.91964111  0.38227788
   0.78207851  0.55400428  0.48743763
   0.84894291  0.79549288  0.27976851
   0.92455355  0.70768144  0.40993610
   0.78477000  0.69231000  0.65805000
   0.54650114  0.14654238  0.59877930
   0.97273251  0.66191186  0.59422692
   0.73168793  0.60668579  0.68676815
   0.80241371  0.55819200  0.73833513
   0.73765130  0.47075471  0.74349454
   0.93235779  0.55955430  0.73819161
   0.77992654  0.60060734  0.77967227
   0.60648975  0.56334331  0.67655891
