   0.18177000  0.06503000  0.19527000
   0.24480546  0.44142727  0.50337527
   0.03971000  0.44194000  0.09637000
   0.31886954  0.19034079  0.29938928
   0.11412357  0.31757077  0.40111004
   0.51472000  0.06471000  0.19485000
   0.57662828  0.44662614  0.50023360
   0.37304000  0.44194000  0.09637000
   0.65187053  0.18982075  0.29836904
   0.44949864  0.31815293  0.40142924
   0.84826000  0.06468000  0.19455000
   0.91623008  0.44573735  0.50030017
   0.70637000  0.44194000  0.09637000
   0.98544121  0.18979030  0.29799894
   0.78106729  0.31651598  0.40081440
   0.17955000  0.56532000  0.19533000
   0.28056488  0.93485485  0.50323384
   0.03971000  0.94194000  0.09637000
   0.31573104  0.69078063  0.29838901
   0.12524070  0.81598058  0.39869858
   0.51276000  0.56480000  0.19498000
   0.61403099  0.93433464  0.50301910
   0.37304000  0.94194000  0.09637000
   0.64864010  0.69015053  0.29745909
   0.45874052  0.81637041  0.39888991
   0.84642000  0.56519000  0.19522000
   0.94752300  0.93432790  0.50138340
   0.70637000  0.94194000  0.09637000
   0.98249874  0.69064035  0.29807921
   0.79106023  0.81514039  0.39796988
   0.60348503  0.19348173  0.50365740
   0.03971000  0.19194000  0.09637000
   0.31458982  0.44078976  0.29825842
   0.12681270  0.06212987  0.40012083
   0.18013000  0.31638000  0.19719000
   0.25996049  0.19671309  0.49535777
   0.37304000  0.19194000  0.09637000
   0.64769964  0.44014019  0.29739925
   0.46222898  0.06498902  0.40326763
   0.51314000  0.31594000  0.19696000
   0.70637000  0.19194000  0.09637000
   0.98120918  0.44056964  0.29789869
   0.79496729  0.06175121  0.39909607
   0.84665000  0.31624000  0.19703000
   0.91537053  0.19225067  0.49955708
   0.03971000  0.69194000  0.09637000
   0.32032935  0.94240907  0.29968841
   0.11532903  0.56520169  0.39909602
   0.18025000  0.81742000  0.19778000
   0.25709059  0.69722428  0.49454981
   0.37304000  0.69194000  0.09637000
   0.65248964  0.94005961  0.29699889
   0.44707061  0.56623952  0.39960960
   0.51318000  0.81586000  0.19571000
   0.59153717  0.69707825  0.49594852
   0.70637000  0.69194000  0.09637000
   0.98598976  0.94016989  0.29753848
   0.84718000  0.81593000  0.19584000
   0.91850592  0.69816226  0.49466000
   0.78211947  0.56542911  0.39770995
   0.17417000  0.33753000  0.11288000
   0.24882404  0.21084490  0.41330941
   0.04285304  0.33625912  0.51244743
   0.31386000  0.46170000  0.21427000
   0.11957906  0.08532966  0.31597064
   0.23858000  0.04636000  0.07986000
   0.04735000  0.17100000  0.18013000
   0.31368809  0.42108020  0.38230164
   0.14832075  0.04453173  0.48700422
   0.18433997  0.29384018  0.28034072
   0.50750000  0.33753000  0.11288000
   0.58209369  0.21334106  0.42027899
   0.37845026  0.33649862  0.51405738
   0.64712000  0.46121000  0.21367000
   0.45421139  0.08760016  0.31870161
   0.57191000  0.04636000  0.07986000
   0.38063000  0.17082000  0.17998000
   0.64735823  0.42013841  0.38116986
   0.48129597  0.04310372  0.48875756
   0.51745923  0.29346928  0.28004141
   0.84083000  0.33753000  0.11288000
   0.91502032  0.21047726  0.41585100
   0.71147497  0.34698652  0.51376071
   0.98063000  0.46160000  0.21400000
   0.78650124  0.08559096  0.31531138
   0.90524000  0.04636000  0.07986000
   0.71387000  0.17083000  0.18002000
   0.97951174  0.42062095  0.38188110
   0.81369125  0.03868946  0.48295034
   0.85076045  0.29376976  0.28012121
   0.17417000  0.83753000  0.11288000
   0.25838736  0.70844922  0.41047013
   0.07879400  0.82509690  0.51134226
   0.31682000  0.96236000  0.21534000
   0.11564048  0.58549998  0.31497143
   0.23858000  0.54636000  0.07986000
   0.04601000  0.67209000  0.18056000
   0.32481036  0.92175964  0.38372110
   0.11770033  0.55362187  0.48603765
   0.18286997  0.79655997  0.28134099
   0.50619000  0.83294000  0.10916000
   0.59089120  0.70858044  0.41142065
   0.41188450  0.82435087  0.51250762
   0.64926000  0.96050000  0.21277000
   0.44895953  0.58574003  0.31527096
   0.57191000  0.54636000  0.07986000
   0.37906000  0.67136000  0.18002000
   0.65721093  0.91927116  0.38056176
   0.44622901  0.55493070  0.48669883
   0.51548912  0.79497986  0.27935127
   0.83992000  0.83287000  0.10930000
   0.74644572  0.82484246  0.51159670
   0.98268000  0.96077000  0.21320000
   0.78209101  0.58519047  0.31389092
   0.90524000  0.54636000  0.07986000
   0.71230000  0.67144000  0.18017000
   0.99048850  0.91977920  0.38162122
   0.78238158  0.55428277  0.48331428
   0.84891050  0.79524005  0.27960117
   0.92542063  0.70825225  0.40984042
   0.78477000  0.69231000  0.65805000
   0.33332209  0.26663824  0.61999509
   0.97302963  0.64085625  0.60969643
   0.68713241  0.53259307  0.69518278
   0.78665732  0.52849380  0.74663243
   0.75475779  0.44774184  0.76815220
   0.91393876  0.54818539  0.73468260
   0.76440222  0.59089759  0.77760557
   0.55645421  0.50370146  0.70033598
