   0.18177000  0.06503000  0.19527000
   0.24381992  0.44235451  0.50454959
   0.03971000  0.44194000  0.09637000
   0.31860537  0.19028029  0.29942738
   0.11551740  0.31750434  0.40102536
   0.51472000  0.06471000  0.19485000
   0.58385664  0.44319242  0.50450802
   0.37304000  0.44194000  0.09637000
   0.65199992  0.18989340  0.29822003
   0.44799508  0.31844317  0.40163833
   0.84826000  0.06468000  0.19455000
   0.90699565  0.43901975  0.50346133
   0.70637000  0.44194000  0.09637000
   0.98579100  0.18974902  0.29780663
   0.78088772  0.31816466  0.40190013
   0.17955000  0.56532000  0.19533000
   0.28332586  0.93747979  0.50430401
   0.03971000  0.94194000  0.09637000
   0.31587176  0.69073164  0.29816762
   0.12539032  0.81610274  0.39814131
   0.51276000  0.56480000  0.19498000
   0.61335322  0.93325839  0.50287818
   0.37304000  0.94194000  0.09637000
   0.64854512  0.69010499  0.29726982
   0.45874227  0.81639365  0.39881333
   0.84642000  0.56519000  0.19522000
   0.94651474  0.93562370  0.50253057
   0.70637000  0.94194000  0.09637000
   0.98229435  0.69060839  0.29790762
   0.79119354  0.81536229  0.39801096
   0.58390346  0.19860626  0.49726508
   0.03971000  0.19194000  0.09637000
   0.31457598  0.44078378  0.29821093
   0.12846547  0.06304230  0.40038428
   0.18013000  0.31638000  0.19719000
   0.26036570  0.19538409  0.50469568
   0.37304000  0.19194000  0.09637000
   0.64762894  0.44016873  0.29733345
   0.46183531  0.06420543  0.40322063
   0.51314000  0.31594000  0.19696000
   0.70637000  0.19194000  0.09637000
   0.98101788  0.44043716  0.29781504
   0.79372484  0.06205118  0.39950807
   0.84665000  0.31624000  0.19703000
   0.92961803  0.19528604  0.49343088
   0.03971000  0.69194000  0.09637000
   0.32037446  0.94240199  0.29949996
   0.11487459  0.56539679  0.39876707
   0.18025000  0.81742000  0.19778000
   0.25893437  0.69681644  0.49435973
   0.37304000  0.69194000  0.09637000
   0.65256548  0.94016983  0.29694979
   0.44714632  0.56575132  0.39967773
   0.51318000  0.81586000  0.19571000
   0.58817289  0.69682261  0.49527904
   0.70637000  0.69194000  0.09637000
   0.98610078  0.94031979  0.29743661
   0.84718000  0.81593000  0.19584000
   0.92028724  0.69816728  0.49438278
   0.78197420  0.56531953  0.39790498
   0.17417000  0.33753000  0.11288000
   0.24917943  0.21111100  0.41484209
   0.04159538  0.33670415  0.51225938
   0.31386000  0.46170000  0.21427000
   0.11932167  0.08513078  0.31603523
   0.23858000  0.04636000  0.07986000
   0.04735000  0.17100000  0.18013000
   0.31301417  0.42191691  0.38223021
   0.14599691  0.04122939  0.48576341
   0.18431090  0.29400614  0.28037855
   0.50750000  0.33753000  0.11288000
   0.58253835  0.21190585  0.41689225
   0.38346415  0.34404292  0.50523359
   0.64712000  0.46121000  0.21367000
   0.45434914  0.08746749  0.31879882
   0.57191000  0.04636000  0.07986000
   0.38063000  0.17082000  0.17998000
   0.64738991  0.42035275  0.38126888
   0.48613605  0.04677023  0.49081813
   0.51735034  0.29347398  0.28025600
   0.84083000  0.33753000  0.11288000
   0.91250703  0.21069233  0.41342825
   0.71890712  0.33491240  0.51503413
   0.98063000  0.46160000  0.21400000
   0.78668741  0.08569095  0.31530248
   0.90524000  0.04636000  0.07986000
   0.71387000  0.17083000  0.18002000
   0.97980777  0.42117542  0.38222836
   0.81265179  0.04661343  0.48908550
   0.85096484  0.29383051  0.28027835
   0.17417000  0.83753000  0.11288000
   0.25758073  0.70830584  0.41041185
   0.07810174  0.82146736  0.51284420
   0.31682000  0.96236000  0.21534000
   0.11564794  0.58563896  0.31495866
   0.23858000  0.54636000  0.07986000
   0.04601000  0.67209000  0.18056000
   0.32490877  0.92156209  0.38391098
   0.11560511  0.55342259  0.48922492
   0.18277867  0.79653891  0.28151540
   0.50619000  0.83294000  0.10916000
   0.59110996  0.70872004  0.41147800
   0.41084800  0.82525188  0.51191162
   0.64926000  0.96050000  0.21277000
   0.44895774  0.58584197  0.31540858
   0.57191000  0.54636000  0.07986000
   0.37906000  0.67136000  0.18002000
   0.65753743  0.91972859  0.38101287
   0.44764506  0.55550465  0.48667724
   0.51535034  0.79511089  0.27963047
   0.83992000  0.83287000  0.10930000
   0.74747421  0.82426000  0.51050496
   0.98268000  0.96077000  0.21320000
   0.78228199  0.58531605  0.31410382
   0.90524000  0.54636000  0.07986000
   0.71230000  0.67144000  0.18017000
   0.99018005  0.91972905  0.38186918
   0.78120207  0.55506266  0.48581932
   0.84891558  0.79532540  0.27979774
   0.92529245  0.70853955  0.40977518
   0.78477000  0.69231000  0.65805000
   0.32891116  0.25644186  0.61756498
   0.95163490  0.64971108  0.60870311
   0.71374373  0.59798834  0.68908411
   0.78838156  0.53686237  0.74368377
   0.75030069  0.44913436  0.76222350
   0.92307387  0.54971771  0.73817508
   0.76929938  0.58965435  0.77551606
   0.59300943  0.53020973  0.68864298
