   0.17770118  0.06422100  0.19534170
   0.28792568  0.42925407  0.50142815
   0.03971000  0.44194000  0.09637000
   0.31397372  0.18783756  0.29855317
   0.12912547  0.31064718  0.39860109
   0.51098756  0.06426435  0.19543232
   0.62133154  0.43096587  0.50154337
   0.37304000  0.44194000  0.09637000
   0.64749218  0.18787322  0.29879377
   0.46234949  0.31074528  0.39856248
   0.84417524  0.06419499  0.19537945
   0.95520828  0.42812640  0.50138534
   0.70637000  0.44194000  0.09637000
   0.98075753  0.18785653  0.29850027
   0.79603910  0.31094462  0.39861547
   0.17997352  0.56400835  0.19510159
   0.24612339  0.93883202  0.50337568
   0.03971000  0.94194000  0.09637000
   0.31496846  0.68870148  0.29897827
   0.10904558  0.81544021  0.40042717
   0.51334988  0.56394045  0.19512814
   0.57986566  0.94075151  0.50425599
   0.37304000  0.94194000  0.09637000
   0.64785968  0.68833592  0.29864528
   0.43962253  0.81694976  0.40365677
   0.84663511  0.56398388  0.19525205
   0.91103460  0.93778094  0.50543187
   0.70637000  0.94194000  0.09637000
   0.98164193  0.68842118  0.29864987
   0.77460001  0.81659132  0.39957383
   0.92853347  0.69298626  0.49570086
   0.03971000  0.19194000  0.09637000
   0.31904487  0.43763489  0.29776736
   0.11309077  0.06194245  0.40034162
   0.17906821  0.31495446  0.19616591
   0.25924277  0.19275722  0.49588392
   0.37304000  0.19194000  0.09637000
   0.65274428  0.43824188  0.29859874
   0.44584582  0.06265133  0.40014916
   0.51226859  0.31562278  0.19745345
   0.59227489  0.19506638  0.49519809
   0.70637000  0.19194000  0.09637000
   0.98646263  0.43822263  0.29823838
   0.77937029  0.06198729  0.40025049
   0.84529513  0.31554337  0.19734297
   0.92757964  0.19095958  0.49525909
   0.03971000  0.69194000  0.09637000
   0.30996224  0.93942560  0.29845854
   0.12831701  0.55913155  0.40043608
   0.17797109  0.81559520  0.19726461
   0.25936984  0.68803456  0.50080182
   0.37304000  0.69194000  0.09637000
   0.64249289  0.93925055  0.29861611
   0.46059542  0.55921087  0.39994641
   0.51126454  0.81551223  0.19724176
   0.59363709  0.69356503  0.49527214
   0.70637000  0.69194000  0.09637000
   0.97685436  0.93945656  0.29836888
   0.84448361  0.81557689  0.19725332
   0.79475344  0.55973449  0.40030487
   0.17310000  0.33301000  0.10976000
   0.26181344  0.20283246  0.41111459
   0.08728758  0.31692835  0.51133878
   0.31413445  0.45983667  0.21366625
   0.11378061  0.08308199  0.31577289
   0.23858000  0.04636000  0.07986000
   0.04402219  0.17065496  0.18012958
   0.32851054  0.41488097  0.38162200
   0.11422851  0.04936596  0.48829937
   0.18117252  0.29274419  0.27987762
   0.50750000  0.33753000  0.11288000
   0.59567678  0.20328523  0.41066949
   0.42064449  0.31976800  0.51134966
   0.64775390  0.46072362  0.21485375
   0.44720461  0.08297297  0.31565282
   0.57191000  0.04636000  0.07986000
   0.37751379  0.17086856  0.18030945
   0.66204068  0.41591391  0.38251295
   0.44846701  0.05298356  0.48773606
   0.51463799  0.29314478  0.28086823
   0.84083000  0.33753000  0.11288000
   0.92825659  0.20282362  0.41110956
   0.75312735  0.32114289  0.51103285
   0.98121867  0.46060765  0.21451617
   0.78050008  0.08280706  0.31574214
   0.90524000  0.04636000  0.07986000
   0.71072779  0.17073589  0.18018752
   0.99493984  0.41480738  0.38159374
   0.78284988  0.04931155  0.48811680
   0.84787690  0.29294444  0.28059788
   0.17417000  0.83753000  0.11288000
   0.23976622  0.70888602  0.41746346
   0.04257346  0.83154763  0.51801984
   0.31180623  0.96071752  0.21445584
   0.11627698  0.58469639  0.31684106
   0.23858000  0.54636000  0.07986000
   0.04584945  0.67021397  0.18005787
   0.30566408  0.92004286  0.38251288
   0.15248376  0.53392862  0.48402895
   0.18016504  0.79250248  0.28047671
   0.50750000  0.83753000  0.11288000
   0.57582861  0.70973759  0.41369282
   0.38166016  0.83605731  0.50740935
   0.64508029  0.96069054  0.21456598
   0.44900216  0.58382572  0.31635160
   0.57191000  0.54636000  0.07986000
   0.37922948  0.67006600  0.18000404
   0.63923560  0.91988740  0.38288254
   0.48850346  0.53982409  0.48597806
   0.51350131  0.79222119  0.28030126
   0.84083000  0.83753000  0.11288000
   0.70977666  0.83197472  0.51700111
   0.97844299  0.96071128  0.21445802
   0.78277044  0.58443448  0.31692504
   0.90524000  0.54636000  0.07986000
   0.71254958  0.67014113  0.18006737
   0.97396514  0.91942858  0.38261023
   0.82277382  0.54009637  0.48693248
   0.84682679  0.79236875  0.28048713
   0.90791898  0.71048076  0.41435608
   0.73616037  0.56696207  0.64734210
   0.25766550  0.65539980  0.60271578
   0.97493203  0.64077228  0.60969272
   0.68704171  0.53256598  0.69506682
   0.78769270  0.52886624  0.74649620
   0.75458553  0.44750264  0.76817854
   0.91351901  0.54809630  0.73481326
   0.76434660  0.59099362  0.77772294
   0.55661393  0.50363298  0.70032733
