   0.18177000  0.06503000  0.19527000
   0.24929422  0.44405864  0.50194728
   0.03971000  0.44194000  0.09637000
   0.31892255  0.19055445  0.29953072
   0.11562231  0.31681772  0.40138160
   0.51472000  0.06471000  0.19485000
   0.58523083  0.44730015  0.50364563
   0.37304000  0.44194000  0.09637000
   0.65166080  0.18963173  0.29892689
   0.44464534  0.31826272  0.40467277
   0.84826000  0.06468000  0.19455000
   0.91218485  0.43913697  0.50412995
   0.70637000  0.44194000  0.09637000
   0.98569671  0.18943390  0.29860829
   0.78048700  0.31750998  0.40012220
   0.17955000  0.56532000  0.19533000
   0.28043583  0.93669666  0.50492225
   0.03971000  0.94194000  0.09637000
   0.31592544  0.69063165  0.29821920
   0.12476151  0.81506323  0.39739465
   0.51276000  0.56480000  0.19498000
   0.61352019  0.93733722  0.50324895
   0.37304000  0.94194000  0.09637000
   0.64868830  0.69032907  0.29745048
   0.45765720  0.81539628  0.39907025
   0.84642000  0.56519000  0.19522000
   0.94631749  0.93601036  0.50415751
   0.70637000  0.94194000  0.09637000
   0.98206420  0.69039350  0.29782122
   0.79106739  0.81604759  0.39819796
   0.58663984  0.19881034  0.49795519
   0.03971000  0.19194000  0.09637000
   0.31412302  0.44109138  0.29800928
   0.12766458  0.06353139  0.40320766
   0.18013000  0.31638000  0.19719000
   0.26367075  0.19997306  0.50883073
   0.37304000  0.19194000  0.09637000
   0.64704733  0.44008823  0.29784308
   0.45926378  0.06395189  0.40187626
   0.51314000  0.31594000  0.19696000
   0.70637000  0.19194000  0.09637000
   0.98138134  0.44049773  0.29814515
   0.79290283  0.06234699  0.39980861
   0.84665000  0.31624000  0.19703000
   0.92933227  0.19616719  0.49450251
   0.03971000  0.69194000  0.09637000
   0.31916880  0.94151300  0.29920894
   0.11435213  0.56549322  0.39946842
   0.18025000  0.81742000  0.19778000
   0.25968110  0.69820982  0.49548261
   0.37304000  0.69194000  0.09637000
   0.65204731  0.93981737  0.29742646
   0.44807668  0.56486866  0.39950315
   0.51318000  0.81586000  0.19571000
   0.59030897  0.69981343  0.49492361
   0.70637000  0.69194000  0.09637000
   0.98639983  0.94129187  0.29787622
   0.84718000  0.81593000  0.19584000
   0.92066947  0.69785218  0.49095163
   0.78097085  0.56452153  0.39849823
   0.17417000  0.33753000  0.11288000
   0.24444164  0.20948365  0.41930103
   0.04852854  0.33750901  0.51172762
   0.31386000  0.46170000  0.21427000
   0.12050724  0.08571280  0.31698672
   0.23858000  0.04636000  0.07986000
   0.04735000  0.17100000  0.18013000
   0.31086391  0.42229094  0.38144632
   0.14460809  0.04095546  0.49030161
   0.18410780  0.29381853  0.28043249
   0.50750000  0.33753000  0.11288000
   0.58343385  0.21178745  0.41666371
   0.38883310  0.34441062  0.49782222
   0.64712000  0.46121000  0.21367000
   0.45335561  0.08627821  0.31760941
   0.57191000  0.04636000  0.07986000
   0.38063000  0.17082000  0.17998000
   0.64485330  0.42149220  0.38226456
   0.48068147  0.04572712  0.48759085
   0.51783857  0.29347605  0.28026154
   0.84083000  0.33753000  0.11288000
   0.91404107  0.21093964  0.41367672
   0.71344211  0.33776421  0.51530501
   0.98063000  0.46160000  0.21400000
   0.78608719  0.08475329  0.31574557
   0.90524000  0.04636000  0.07986000
   0.71387000  0.17083000  0.18002000
   0.97984814  0.42163334  0.38280087
   0.81535043  0.04527935  0.48639707
   0.85069535  0.29367939  0.28052296
   0.17417000  0.83753000  0.11288000
   0.25612472  0.70779218  0.41156423
   0.07375914  0.81943329  0.51794060
   0.31682000  0.96236000  0.21534000
   0.11555704  0.58584762  0.31534451
   0.23858000  0.54636000  0.07986000
   0.04601000  0.67209000  0.18056000
   0.32340684  0.91981111  0.38336332
   0.11613432  0.55696865  0.49181156
   0.18232906  0.79595190  0.28141966
   0.50619000  0.83294000  0.10916000
   0.59141873  0.70799427  0.41083605
   0.41305400  0.82628434  0.51191609
   0.64926000  0.96050000  0.21277000
   0.44925669  0.58611833  0.31522365
   0.57191000  0.54636000  0.07986000
   0.37906000  0.67136000  0.18002000
   0.65645268  0.91930714  0.38178966
   0.45044894  0.55854378  0.48795244
   0.51538634  0.79529194  0.27967881
   0.83992000  0.83287000  0.10930000
   0.74604118  0.82744227  0.51103919
   0.98268000  0.96077000  0.21320000
   0.78214125  0.58531902  0.31454048
   0.90524000  0.54636000  0.07986000
   0.71230000  0.67144000  0.18017000
   0.99133220  0.91994420  0.38250784
   0.78585091  0.55447468  0.48830387
   0.84911771  0.79560370  0.27989470
   0.92432751  0.70790067  0.40932345
   0.78477000  0.69231000  0.65805000
   0.31103747  0.22458425  0.60425024
   0.97728261  0.66433965  0.59265829
   0.72446708  0.60621528  0.68766041
   0.80001824  0.55935202  0.73683147
   0.73736947  0.47209678  0.74088160
   0.93126126  0.56392887  0.73705253
   0.77902103  0.60152529  0.77756532
   0.60278034  0.56045550  0.67775461
