   0.18177000  0.06503000  0.19527000
   0.24750626  0.44025131  0.50313748
   0.03971000  0.44194000  0.09637000
   0.31714095  0.18956679  0.29886874
   0.11027155  0.31749608  0.40113271
   0.51472000  0.06471000  0.19485000
   0.58211599  0.44074616  0.50149626
   0.37304000  0.44194000  0.09637000
   0.65096021  0.18973244  0.29886009
   0.44402411  0.31641491  0.40220896
   0.84826000  0.06468000  0.19455000
   0.91632132  0.44184292  0.50309271
   0.70637000  0.44194000  0.09637000
   0.98361105  0.18962756  0.29892295
   0.77482271  0.31765863  0.40388679
   0.17955000  0.56532000  0.19533000
   0.28162732  0.93239226  0.50545711
   0.03971000  0.94194000  0.09637000
   0.31501379  0.68935828  0.29804831
   0.12482520  0.81373477  0.39558378
   0.51276000  0.56480000  0.19498000
   0.60930720  0.93370552  0.50384674
   0.37304000  0.94194000  0.09637000
   0.64806194  0.68989151  0.29760495
   0.45730333  0.81441630  0.39814161
   0.84642000  0.56519000  0.19522000
   0.94302307  0.93693617  0.50360370
   0.70637000  0.94194000  0.09637000
   0.98138716  0.68923695  0.29739148
   0.79073558  0.81466493  0.39800758
   0.58487798  0.18859769  0.50178944
   0.03971000  0.19194000  0.09637000
   0.31311539  0.44012900  0.29836666
   0.12450150  0.06135833  0.40132525
   0.18013000  0.31638000  0.19719000
   0.26350429  0.19281656  0.49719236
   0.37304000  0.19194000  0.09637000
   0.64601902  0.43994678  0.29784441
   0.45897712  0.06172839  0.39990602
   0.51314000  0.31594000  0.19696000
   0.70637000  0.19194000  0.09637000
   0.97883974  0.43997009  0.29830054
   0.78911008  0.06194629  0.40024830
   0.84665000  0.31624000  0.19703000
   0.91812602  0.19589064  0.49653619
   0.03971000  0.69194000  0.09637000
   0.31898009  0.94040334  0.29843493
   0.11436382  0.56322040  0.39983535
   0.18025000  0.81742000  0.19778000
   0.26541589  0.68993498  0.49486038
   0.37304000  0.69194000  0.09637000
   0.65220238  0.93965062  0.29707810
   0.44864825  0.56363701  0.39987538
   0.51318000  0.81586000  0.19571000
   0.59067248  0.69732375  0.49567433
   0.70637000  0.69194000  0.09637000
   0.98482798  0.94053452  0.29786922
   0.84718000  0.81593000  0.19584000
   0.92167029  0.69478068  0.49378102
   0.78095526  0.56372599  0.39886855
   0.17417000  0.33753000  0.11288000
   0.24257284  0.20997595  0.41563837
   0.04630591  0.33361977  0.51458591
   0.31386000  0.46170000  0.21427000
   0.11789439  0.08522735  0.31689392
   0.23858000  0.04636000  0.07986000
   0.04735000  0.17100000  0.18013000
   0.30970836  0.42065146  0.38242497
   0.14663122  0.03963687  0.48771595
   0.18279060  0.29342242  0.28040705
   0.50750000  0.33753000  0.11288000
   0.57569449  0.20955271  0.41764201
   0.37974864  0.33668749  0.51085266
   0.64712000  0.46121000  0.21367000
   0.45177982  0.08613791  0.31637936
   0.57191000  0.04636000  0.07986000
   0.38063000  0.17082000  0.17998000
   0.64103105  0.42114908  0.38181286
   0.47408732  0.03384628  0.48175978
   0.51627533  0.29338745  0.28020505
   0.84083000  0.33753000  0.11288000
   0.91055275  0.21025258  0.41403334
   0.71852998  0.33748811  0.50540963
   0.98063000  0.46160000  0.21400000
   0.78463346  0.08470382  0.31590115
   0.90524000  0.04636000  0.07986000
   0.71387000  0.17083000  0.18002000
   0.97548090  0.42107036  0.38250998
   0.81151580  0.04243758  0.48619337
   0.84963881  0.29347795  0.28015307
   0.17417000  0.83753000  0.11288000
   0.25589977  0.70755636  0.41208104
   0.07278888  0.82442940  0.52321953
   0.31682000  0.96236000  0.21534000
   0.11459696  0.58503874  0.31560801
   0.23858000  0.54636000  0.07986000
   0.04601000  0.67209000  0.18056000
   0.32314721  0.91762632  0.38121262
   0.11805634  0.55159659  0.48771095
   0.18178593  0.79450368  0.28103444
   0.50619000  0.83294000  0.10916000
   0.59127065  0.70777943  0.41166167
   0.40899085  0.82036222  0.51504292
   0.64926000  0.96050000  0.21277000
   0.44839311  0.58502380  0.31571053
   0.57191000  0.54636000  0.07986000
   0.37906000  0.67136000  0.18002000
   0.65658695  0.91770672  0.38087757
   0.45010846  0.55435644  0.48739919
   0.51491461  0.79421343  0.27952266
   0.83992000  0.83287000  0.10930000
   0.74519938  0.82469331  0.51456229
   0.98268000  0.96077000  0.21320000
   0.78134872  0.58529415  0.31505040
   0.90524000  0.54636000  0.07986000
   0.71230000  0.67144000  0.18017000
   0.99011354  0.91854228  0.38254077
   0.78374261  0.55342303  0.48553973
   0.84870128  0.79489681  0.27972026
   0.92573187  0.70828718  0.41099475
   0.78477000  0.69231000  0.65805000
   0.54779162  0.15321305  0.59595410
  -0.02644293  0.76681520  0.60271639
   0.71875207  0.61545133  0.68963733
   0.79942989  0.56388794  0.73457496
   0.74786450  0.47436936  0.73662102
   0.92734018  0.58112165  0.72766179
   0.77180153  0.59824369  0.77644918
   0.58862567  0.58546193  0.68535342
