   0.18177000  0.06503000  0.19527000
   0.24484384  0.44043448  0.50438532
   0.03971000  0.44194000  0.09637000
   0.31827245  0.19016623  0.29940117
   0.11237137  0.31774922  0.40194034
   0.51472000  0.06471000  0.19485000
   0.58107111  0.44190056  0.50203457
   0.37304000  0.44194000  0.09637000
   0.65176324  0.19045703  0.29891416
   0.44551498  0.31623008  0.40318875
   0.84826000  0.06468000  0.19455000
   0.91502337  0.44351126  0.50387069
   0.70637000  0.44194000  0.09637000
   0.98499823  0.18983944  0.29878837
   0.77772887  0.31850753  0.40404696
   0.17955000  0.56532000  0.19533000
   0.28133304  0.93271773  0.50593489
   0.03971000  0.94194000  0.09637000
   0.31515498  0.68939006  0.29799580
   0.12619184  0.81451610  0.39407274
   0.51276000  0.56480000  0.19498000
   0.61141207  0.93468193  0.50271451
   0.37304000  0.94194000  0.09637000
   0.64785692  0.68965464  0.29758971
   0.45746963  0.81503599  0.39850481
   0.84642000  0.56519000  0.19522000
   0.94337355  0.93588024  0.50580209
   0.70637000  0.94194000  0.09637000
   0.98079633  0.68898114  0.29791135
   0.79008853  0.81574052  0.39614161
   0.58596220  0.19082247  0.50380821
   0.03971000  0.19194000  0.09637000
   0.31389414  0.44016136  0.29854369
   0.12572416  0.06093498  0.40140770
   0.18013000  0.31638000  0.19719000
   0.26398201  0.19181291  0.49822030
   0.37304000  0.19194000  0.09637000
   0.64497833  0.43900966  0.29764072
   0.46116612  0.06255155  0.40023878
   0.51314000  0.31594000  0.19696000
   0.70637000  0.19194000  0.09637000
   0.98045014  0.44046314  0.29851792
   0.79171314  0.06271821  0.39970038
   0.84665000  0.31624000  0.19703000
   0.91949994  0.19621867  0.49589426
   0.03971000  0.69194000  0.09637000
   0.32082018  0.94175077  0.29826917
   0.11420136  0.56388493  0.40101966
   0.18025000  0.81742000  0.19778000
   0.26378295  0.69104238  0.49607165
   0.37304000  0.69194000  0.09637000
   0.65182554  0.94028501  0.29687864
   0.44757345  0.56420188  0.40010544
   0.51318000  0.81586000  0.19571000
   0.58783134  0.69810181  0.49579420
   0.70637000  0.69194000  0.09637000
   0.98540005  0.94072114  0.29749588
   0.84718000  0.81593000  0.19584000
   0.91123679  0.70046770  0.48835947
   0.77886225  0.56250270  0.39707713
   0.17417000  0.33753000  0.11288000
   0.24400856  0.20910437  0.41577889
   0.04467405  0.33472264  0.51474427
   0.31386000  0.46170000  0.21427000
   0.11876942  0.08520018  0.31698431
   0.23858000  0.04636000  0.07986000
   0.04735000  0.17100000  0.18013000
   0.31174928  0.42033823  0.38285300
   0.14623794  0.03770051  0.48862477
   0.18386776  0.29362771  0.28048039
   0.50750000  0.33753000  0.11288000
   0.57963141  0.21078078  0.41844199
   0.37919543  0.33645733  0.51096008
   0.64712000  0.46121000  0.21367000
   0.45322471  0.08679469  0.31681837
   0.57191000  0.04636000  0.07986000
   0.38063000  0.17082000  0.17998000
   0.64177493  0.42015884  0.38163349
   0.47381710  0.03487941  0.48195082
   0.51666020  0.29343215  0.28005500
   0.84083000  0.33753000  0.11288000
   0.91335832  0.21106541  0.41421566
   0.71645237  0.33968058  0.50875192
   0.98063000  0.46160000  0.21400000
   0.78600540  0.08520409  0.31548436
   0.90524000  0.04636000  0.07986000
   0.71387000  0.17083000  0.18002000
   0.97727689  0.42181480  0.38331377
   0.81349181  0.04296253  0.48601504
   0.85103102  0.29413186  0.28025395
   0.17417000  0.83753000  0.11288000
   0.25563723  0.70786123  0.41275185
   0.07179746  0.82167467  0.52270575
   0.31682000  0.96236000  0.21534000
   0.11521823  0.58492943  0.31627558
   0.23858000  0.54636000  0.07986000
   0.04601000  0.67209000  0.18056000
   0.32399317  0.91836665  0.38134624
   0.11742597  0.55212267  0.49039014
   0.18176702  0.79488082  0.28120714
   0.50619000  0.83294000  0.10916000
   0.59048174  0.70833291  0.41152933
   0.41103434  0.82161013  0.51434575
   0.64926000  0.96050000  0.21277000
   0.44802647  0.58514575  0.31600295
   0.57191000  0.54636000  0.07986000
   0.37906000  0.67136000  0.18002000
   0.65590490  0.91924937  0.38094819
   0.44825294  0.55463783  0.48806851
   0.51503495  0.79462752  0.27957154
   0.83992000  0.83287000  0.10930000
   0.74605978  0.82507282  0.51241208
   0.98268000  0.96077000  0.21320000
   0.77984242  0.58359242  0.31391164
   0.90524000  0.54636000  0.07986000
   0.71230000  0.67144000  0.18017000
   0.99053268  0.91914017  0.38180927
   0.78180639  0.55549229  0.48339214
   0.84875292  0.79483296  0.27964164
   0.92547285  0.70796043  0.40594989
   0.78477000  0.69231000  0.65805000
   0.54840397  0.15129763  0.59600796
   0.00543703  0.71460041  0.59493766
   0.71722583  0.61165199  0.68634247
   0.79770970  0.56312543  0.73395190
   0.74695863  0.47353207  0.74033321
   0.92704305  0.58096481  0.72581459
   0.77176935  0.60702301  0.77364619
   0.58974014  0.57543654  0.67915025
