   0.18177000  0.06503000  0.19527000
   0.26677644  0.43264947  0.50230960
   0.03971000  0.44194000  0.09637000
   0.31635335  0.19005681  0.29794297
   0.11782396  0.31272963  0.40340254
   0.51472000  0.06471000  0.19485000
   0.59485373  0.43210168  0.50290893
   0.37304000  0.44194000  0.09637000
   0.64874836  0.18878876  0.29893637
   0.44764909  0.31289354  0.40428375
   0.84826000  0.06468000  0.19455000
   0.93009612  0.43543390  0.49859289
   0.70637000  0.44194000  0.09637000
   0.98270606  0.18930253  0.29750938
   0.78455894  0.31340282  0.40020758
   0.17955000  0.56532000  0.19533000
   0.26507453  0.93126219  0.50241236
   0.03971000  0.94194000  0.09637000
   0.31614047  0.68852971  0.29766978
   0.11957111  0.81322958  0.39507576
   0.51276000  0.56480000  0.19498000
   0.59824468  0.93602603  0.50375305
   0.37304000  0.94194000  0.09637000
   0.64852950  0.68799335  0.29694088
   0.45377972  0.81415596  0.39779700
   0.84642000  0.56519000  0.19522000
   0.92726369  0.93270414  0.50316173
   0.70637000  0.94194000  0.09637000
   0.98217184  0.68794695  0.29722681
   0.78695657  0.81472373  0.39679176
   0.58490975  0.19470664  0.49553018
   0.03971000  0.19194000  0.09637000
   0.31521147  0.43938576  0.29840065
   0.12074904  0.05825947  0.39720226
   0.18013000  0.31638000  0.19719000
   0.24504701  0.17925175  0.50226415
   0.37304000  0.19194000  0.09637000
   0.64802204  0.43832612  0.29790862
   0.45186735  0.06145885  0.40029322
   0.51314000  0.31594000  0.19696000
   0.70637000  0.19194000  0.09637000
   0.98261218  0.43903684  0.29826176
   0.78653827  0.06218789  0.40098443
   0.84665000  0.31624000  0.19703000
   0.93675259  0.18853980  0.49945058
   0.03971000  0.69194000  0.09637000
   0.31807792  0.94000341  0.29825302
   0.12237332  0.56049163  0.39985413
   0.18025000  0.81742000  0.19778000
   0.26761006  0.69218484  0.49495520
   0.37304000  0.69194000  0.09637000
   0.65030386  0.93993570  0.29738692
   0.45512070  0.55953148  0.39969933
   0.51318000  0.81586000  0.19571000
   0.59518329  0.69296695  0.49493771
   0.70637000  0.69194000  0.09637000
   0.98257918  0.93947664  0.29531180
   0.84718000  0.81593000  0.19584000
   0.92313940  0.68792960  0.49351658
   0.78641904  0.55944436  0.39816731
   0.17417000  0.33753000  0.11288000
   0.24815213  0.20283394  0.41746958
   0.06371171  0.33317283  0.50631263
   0.31386000  0.46170000  0.21427000
   0.11719861  0.08445767  0.31230635
   0.23858000  0.04636000  0.07986000
   0.04735000  0.17100000  0.18013000
   0.31582248  0.41714094  0.38252255
   0.12606750  0.02694612  0.47939003
   0.18239608  0.29507267  0.28034224
   0.50750000  0.33753000  0.11288000
   0.58485753  0.20622596  0.41240429
   0.39623029  0.32147991  0.50809239
   0.64712000  0.46121000  0.21367000
   0.44900236  0.08505581  0.31656574
   0.57191000  0.04636000  0.07986000
   0.38063000  0.17082000  0.17998000
   0.64803822  0.41647375  0.38179759
   0.46382112  0.04380521  0.48655980
   0.51625626  0.29345359  0.27987175
   0.84083000  0.33753000  0.11288000
   0.91675899  0.20648508  0.41578154
   0.72829217  0.32764085  0.51169539
   0.98063000  0.46160000  0.21400000
   0.78329541  0.08471768  0.31614678
   0.90524000  0.04636000  0.07986000
   0.71387000  0.17083000  0.18002000
   0.98433389  0.41773996  0.38238283
   0.80033303  0.04341696  0.48752594
   0.84789664  0.29410689  0.28033970
   0.17417000  0.83753000  0.11288000
   0.25314525  0.70816963  0.41261875
   0.05927888  0.82019639  0.52133065
   0.31682000  0.96236000  0.21534000
   0.11681723  0.58426793  0.31619125
   0.23858000  0.54636000  0.07986000
   0.04601000  0.67209000  0.18056000
   0.31883340  0.91706583  0.38173832
   0.13521931  0.54696862  0.48714435
   0.18236789  0.79324540  0.28067614
   0.50619000  0.83294000  0.10916000
   0.58637276  0.70722340  0.41230716
   0.39685164  0.82593860  0.51637437
   0.64926000  0.96050000  0.21277000
   0.44979048  0.58428778  0.31594039
   0.57191000  0.54636000  0.07986000
   0.37906000  0.67136000  0.18002000
   0.65193739  0.91850799  0.38153798
   0.46677234  0.54354428  0.48714915
   0.51547073  0.79349619  0.27938627
   0.83992000  0.83287000  0.10930000
   0.72838294  0.82689017  0.51424608
   0.98268000  0.96077000  0.21320000
   0.78288212  0.58353647  0.31501882
   0.90524000  0.54636000  0.07986000
   0.71230000  0.67144000  0.18017000
   0.98568610  0.91615627  0.37750744
   0.79519922  0.54319204  0.48408950
   0.84758382  0.79137641  0.27838713
   0.92040908  0.70824833  0.41159293
   0.78477000  0.69231000  0.65805000
   0.14200522  0.14414454  0.59186560
   0.01277694  0.73794168  0.60386264
   0.71814074  0.63017449  0.69697005
   0.79905599  0.57423820  0.74048795
   0.74140218  0.48537020  0.74323245
   0.92383299  0.58616926  0.73326619
   0.77605771  0.61012109  0.78324512
   0.58714689  0.61721835  0.69935918
