   0.18177000  0.06503000  0.19527000
   0.24748830  0.44004049  0.50310430
   0.03971000  0.44194000  0.09637000
   0.31724741  0.18976491  0.29887737
   0.11028379  0.31735197  0.40107864
   0.51472000  0.06471000  0.19485000
   0.58218495  0.44013318  0.50153183
   0.37304000  0.44194000  0.09637000
   0.65065835  0.18991506  0.29886109
   0.44418501  0.31650537  0.40219683
   0.84826000  0.06468000  0.19455000
   0.91621466  0.44130333  0.50319744
   0.70637000  0.44194000  0.09637000
   0.98367132  0.18961054  0.29888688
   0.77465388  0.31783848  0.40391860
   0.17955000  0.56532000  0.19533000
   0.28136581  0.93263048  0.50543861
   0.03971000  0.94194000  0.09637000
   0.31518460  0.68924611  0.29800679
   0.12487352  0.81370988  0.39573299
   0.51276000  0.56480000  0.19498000
   0.61004238  0.93344959  0.50389559
   0.37304000  0.94194000  0.09637000
   0.64819728  0.68976422  0.29778680
   0.45765642  0.81435806  0.39821727
   0.84642000  0.56519000  0.19522000
   0.94291345  0.93699786  0.50353398
   0.70637000  0.94194000  0.09637000
   0.98112793  0.68918999  0.29747481
   0.79064779  0.81458838  0.39830619
   0.58479729  0.18859585  0.50212880
   0.03971000  0.19194000  0.09637000
   0.31321874  0.44018627  0.29831362
   0.12477289  0.06153499  0.40110364
   0.18013000  0.31638000  0.19719000
   0.26362728  0.19313575  0.49723719
   0.37304000  0.19194000  0.09637000
   0.64611671  0.44024797  0.29799136
   0.45866837  0.06168020  0.39978751
   0.51314000  0.31594000  0.19696000
   0.70637000  0.19194000  0.09637000
   0.97895934  0.44008131  0.29829220
   0.78908439  0.06176032  0.40006723
   0.84665000  0.31624000  0.19703000
   0.91891067  0.19642487  0.49654308
   0.03971000  0.69194000  0.09637000
   0.31922107  0.94067491  0.29832523
   0.11430477  0.56330002  0.39970294
   0.18025000  0.81742000  0.19778000
   0.26556156  0.69024918  0.49478307
   0.37304000  0.69194000  0.09637000
   0.65211262  0.93951836  0.29710544
   0.44903404  0.56376416  0.39980119
   0.51318000  0.81586000  0.19571000
   0.59083090  0.69714588  0.49565124
   0.70637000  0.69194000  0.09637000
   0.98467536  0.94038652  0.29788836
   0.84718000  0.81593000  0.19584000
   0.92320498  0.69391699  0.49415373
   0.78092292  0.56385259  0.39906861
   0.17417000  0.33753000  0.11288000
   0.24223977  0.21010265  0.41529566
   0.04621199  0.33333121  0.51437150
   0.31386000  0.46170000  0.21427000
   0.11770262  0.08511307  0.31695997
   0.23858000  0.04636000  0.07986000
   0.04735000  0.17100000  0.18013000
   0.30953321  0.42075465  0.38238643
   0.14665759  0.03989132  0.48768226
   0.18269284  0.29338553  0.28039459
   0.50750000  0.33753000  0.11288000
   0.57567840  0.20945745  0.41743794
   0.37999491  0.33661297  0.51083290
   0.64712000  0.46121000  0.21367000
   0.45171501  0.08605155  0.31638318
   0.57191000  0.04636000  0.07986000
   0.38063000  0.17082000  0.17998000
   0.64128936  0.42137348  0.38188386
   0.47437828  0.03413868  0.48182184
   0.51609558  0.29345734  0.28013400
   0.84083000  0.33753000  0.11288000
   0.91073482  0.21028940  0.41396995
   0.71875909  0.33751974  0.50553152
   0.98063000  0.46160000  0.21400000
   0.78452161  0.08462626  0.31602037
   0.90524000  0.04636000  0.07986000
   0.71387000  0.17083000  0.18002000
   0.97542993  0.42098688  0.38247215
   0.81097572  0.04245049  0.48609289
   0.84953942  0.29337794  0.28010496
   0.17417000  0.83753000  0.11288000
   0.25587457  0.70748197  0.41195099
   0.07229299  0.82435699  0.52304118
   0.31682000  0.96236000  0.21534000
   0.11467933  0.58486321  0.31556509
   0.23858000  0.54636000  0.07986000
   0.04601000  0.67209000  0.18056000
   0.32285138  0.91746882  0.38110767
   0.11805113  0.55164841  0.48766562
   0.18170670  0.79460644  0.28099475
   0.50619000  0.83294000  0.10916000
   0.59123576  0.70771701  0.41164710
   0.40912753  0.82034157  0.51489223
   0.64926000  0.96050000  0.21277000
   0.44838493  0.58510278  0.31565144
   0.57191000  0.54636000  0.07986000
   0.37906000  0.67136000  0.18002000
   0.65680792  0.91788772  0.38100102
   0.45036644  0.55411879  0.48750842
   0.51493717  0.79440668  0.27945040
   0.83992000  0.83287000  0.10930000
   0.74532744  0.82534173  0.51475422
   0.98268000  0.96077000  0.21320000
   0.78144310  0.58539575  0.31528723
   0.90524000  0.54636000  0.07986000
   0.71230000  0.67144000  0.18017000
   0.99026254  0.91843571  0.38246351
   0.78456522  0.55339939  0.48594774
   0.84896503  0.79503793  0.27979636
   0.92584648  0.70841776  0.41137231
   0.78477000  0.69231000  0.65805000
   0.54771967  0.15309944  0.59578205
  -0.03121939  0.76835085  0.60230626
   0.72024033  0.61666987  0.69023387
   0.79984129  0.56289810  0.73513651
   0.74732282  0.47353610  0.73631269
   0.92789753  0.58044625  0.72845533
   0.77256205  0.59738063  0.77675893
   0.58942117  0.58549551  0.68587239
