   0.17864705  0.06525320  0.19451115
   0.27812455  0.43401599  0.50245129
   0.03971000  0.44194000  0.09637000
   0.31429598  0.18938456  0.29982793
   0.12489985  0.31236341  0.40271606
   0.51164415  0.06507157  0.19520903
   0.60990489  0.43461545  0.50159090
   0.37304000  0.44194000  0.09637000
   0.64895751  0.18856816  0.29884430
   0.45395558  0.31178320  0.40409900
   0.84543758  0.06543789  0.19545478
   0.94364608  0.43570420  0.49937199
   0.70637000  0.44194000  0.09637000
   0.98236209  0.19006040  0.30053251
   0.79016031  0.31336695  0.40011637
   0.17991258  0.56351725  0.19527783
   0.25898612  0.93772952  0.51249325
   0.03971000  0.94194000  0.09637000
   0.31555936  0.68770262  0.29799011
   0.11473284  0.81634408  0.39495163
   0.51397164  0.56420393  0.19511184
   0.58854784  0.93688344  0.50435693
   0.37304000  0.94194000  0.09637000
   0.64811607  0.68788808  0.29779236
   0.44784202  0.81724233  0.39869038
   0.84671324  0.56358038  0.19544592
   0.92129324  0.93344655  0.50845644
   0.70637000  0.94194000  0.09637000
   0.98127555  0.68800429  0.29795204
   0.77956197  0.81558277  0.39614507
   0.92509291  0.69020528  0.48940315
   0.03971000  0.19194000  0.09637000
   0.31755937  0.43763653  0.29896979
   0.11570479  0.05994132  0.40176860
   0.17904221  0.31583389  0.19632353
   0.26188482  0.18260942  0.50554282
   0.37304000  0.19194000  0.09637000
   0.64824432  0.43704881  0.29804376
   0.44815773  0.06196980  0.39977972
   0.51226098  0.31544205  0.19714278
   0.59012651  0.19300802  0.49614710
   0.70637000  0.19194000  0.09637000
   0.98635104  0.43843310  0.29887222
   0.78296427  0.06207724  0.40066793
   0.84568080  0.31534178  0.19770868
   0.92754225  0.19367283  0.49547785
   0.03971000  0.69194000  0.09637000
   0.31343684  0.94011966  0.29702617
   0.12564452  0.56162837  0.40013647
   0.17820942  0.81548188  0.19709802
   0.26183171  0.69536410  0.49569678
   0.37304000  0.69194000  0.09637000
   0.64614326  0.94025063  0.29742086
   0.45947895  0.56060468  0.39987938
   0.51161203  0.81552243  0.19685051
   0.59313956  0.69644219  0.49476391
   0.70637000  0.69194000  0.09637000
   0.97908171  0.94060893  0.29786272
   0.84590282  0.81629324  0.19737919
   0.79027950  0.55924569  0.39642829
   0.17310000  0.33301000  0.10976000
   0.25487045  0.20336962  0.42048892
   0.07305477  0.32907428  0.50693901
   0.31473533  0.46045282  0.21443622
   0.11524097  0.08542115  0.31733539
   0.23858000  0.04636000  0.07986000
   0.04469022  0.17154986  0.17939497
   0.32264431  0.41710323  0.38322356
   0.11945320  0.02874849  0.48543361
   0.18155312  0.29356021  0.28024994
   0.50750000  0.33753000  0.11288000
   0.59064856  0.20407487  0.41283506
   0.41209791  0.32890277  0.50722434
   0.64749505  0.46029012  0.21448125
   0.44833662  0.08432860  0.31524544
   0.57191000  0.04636000  0.07986000
   0.37805654  0.17112552  0.17971079
   0.65356498  0.41598626  0.38175418
   0.45860419  0.04484301  0.48594859
   0.51399397  0.29249485  0.28052367
   0.84083000  0.33753000  0.11288000
   0.92148146  0.20508876  0.41216093
   0.74192023  0.32563133  0.51024920
   0.98189086  0.46008023  0.21490102
   0.78221489  0.08397795  0.31553807
   0.90524000  0.04636000  0.07986000
   0.71110736  0.17110763  0.18000815
   0.98986882  0.41807310  0.38314554
   0.79507645  0.04555350  0.48881220
   0.84864346  0.29378522  0.28159026
   0.17417000  0.83753000  0.11288000
   0.24859996  0.71162156  0.41330060
   0.04762759  0.81558805  0.53056864
   0.31241093  0.96114523  0.21397506
   0.11692400  0.58481595  0.31657392
   0.23858000  0.54636000  0.07986000
   0.04620837  0.66972783  0.18009705
   0.31299520  0.91939832  0.38039351
   0.14709487  0.54684642  0.48732178
   0.18154714  0.79271055  0.28041589
   0.50750000  0.83753000  0.11288000
   0.58147548  0.70986982  0.41254521
   0.38640096  0.82886121  0.51874254
   0.64592790  0.96111932  0.21399844
   0.44915299  0.58308016  0.31655873
   0.57191000  0.54636000  0.07986000
   0.37904452  0.66996213  0.18004293
   0.64515775  0.92053980  0.38164064
   0.47779995  0.54566094  0.48616459
   0.51442920  0.79241016  0.28011020
   0.84083000  0.83753000  0.11288000
   0.71830769  0.82933847  0.51790302
   0.98005645  0.96225816  0.21474890
   0.78086360  0.58278915  0.31385367
   0.90524000  0.54636000  0.07986000
   0.71345499  0.67062864  0.18022980
   0.97845538  0.91954611  0.38050175
   0.80719066  0.54323864  0.48154424
   0.84797862  0.79297741  0.28031702
   0.91570401  0.70891625  0.40826652
   0.76369244  0.57827936  0.64537153
   0.25594461  0.13335836  0.59903809
   0.95028794  0.69898784  0.59773191
   0.70714467  0.53890123  0.69112448
   0.79464823  0.53028122  0.74513446
   0.75581566  0.44707446  0.76405577
   0.92292021  0.55052077  0.73854759
   0.76227977  0.58895977  0.77712683
   0.57582668  0.50624353  0.69301180
