   0.18177000  0.06503000  0.19527000
   0.26950890  0.44030967  0.49890401
   0.03971000  0.44194000  0.09637000
   0.31622036  0.18965398  0.29946430
   0.11837317  0.31344225  0.40230057
   0.51472000  0.06471000  0.19485000
   0.60045566  0.43844070  0.50229414
   0.37304000  0.44194000  0.09637000
   0.64922218  0.18848937  0.29832360
   0.44832059  0.31305943  0.40430601
   0.84826000  0.06468000  0.19455000
   0.93318153  0.43793672  0.49837333
   0.70637000  0.44194000  0.09637000
   0.98317203  0.18912598  0.29941619
   0.78435705  0.31419128  0.39794812
   0.17955000  0.56532000  0.19533000
   0.26564110  0.93953497  0.50635620
   0.03971000  0.94194000  0.09637000
   0.31641982  0.68895406  0.29765475
   0.12050542  0.81463028  0.39573694
   0.51276000  0.56480000  0.19498000
   0.59559500  0.93860558  0.50470386
   0.37304000  0.94194000  0.09637000
   0.64938096  0.68882807  0.29705620
   0.45435116  0.81516580  0.39804403
   0.84642000  0.56519000  0.19522000
   0.92552181  0.93663193  0.50713766
   0.70637000  0.94194000  0.09637000
   0.98235963  0.68871469  0.29740151
   0.78711003  0.81512391  0.39754770
   0.58864921  0.19662855  0.49506883
   0.03971000  0.19194000  0.09637000
   0.31582557  0.43868608  0.29827695
   0.11826593  0.06046115  0.40249108
   0.18013000  0.31638000  0.19719000
   0.24342760  0.19164161  0.50262951
   0.37304000  0.19194000  0.09637000
   0.64761230  0.43816997  0.29763417
   0.45009668  0.06324781  0.40075174
   0.51314000  0.31594000  0.19696000
   0.70637000  0.19194000  0.09637000
   0.98322091  0.43915717  0.29781864
   0.78244810  0.06073795  0.39995442
   0.84665000  0.31624000  0.19703000
   0.93015392  0.19350955  0.49435022
   0.03971000  0.69194000  0.09637000
   0.31688044  0.94106994  0.29856762
   0.12311447  0.56203702  0.39925979
   0.18025000  0.81742000  0.19778000
   0.26793305  0.69706907  0.49436383
   0.37304000  0.69194000  0.09637000
   0.64970405  0.93930654  0.29701192
   0.45698130  0.56114944  0.39915583
   0.51318000  0.81586000  0.19571000
   0.59664603  0.69746656  0.49452898
   0.70637000  0.69194000  0.09637000
   0.98411349  0.94115161  0.29766026
   0.84718000  0.81593000  0.19584000
   0.92429221  0.69075237  0.49297449
   0.78724084  0.56041264  0.39776445
   0.17417000  0.33753000  0.11288000
   0.24945338  0.20471231  0.41922883
   0.06773319  0.33463658  0.49859371
   0.31386000  0.46170000  0.21427000
   0.11765600  0.08569547  0.31750324
   0.23858000  0.04636000  0.07986000
   0.04735000  0.17100000  0.18013000
   0.31815392  0.41770292  0.38225869
   0.12287833  0.03457944  0.48600593
   0.18250135  0.29342285  0.28032034
   0.50750000  0.33753000  0.11288000
   0.58564244  0.20737640  0.41215963
   0.40108991  0.33434391  0.50785213
   0.64712000  0.46121000  0.21367000
   0.44974032  0.08528640  0.31675420
   0.57191000  0.04636000  0.07986000
   0.38063000  0.17082000  0.17998000
   0.64778121  0.41795376  0.38164254
   0.46394913  0.04792544  0.48702681
   0.51549968  0.29280569  0.27986367
   0.84083000  0.33753000  0.11288000
   0.91458358  0.20503124  0.41071543
   0.73302368  0.32902531  0.51092590
   0.98063000  0.46160000  0.21400000
   0.78269929  0.08345327  0.31517876
   0.90524000  0.04636000  0.07986000
   0.71387000  0.17083000  0.18002000
   0.98510978  0.41899039  0.38129809
   0.79663277  0.04631229  0.48823294
   0.84901559  0.29313422  0.28027653
   0.17417000  0.83753000  0.11288000
   0.25491023  0.70943840  0.41181902
   0.05823267  0.82263853  0.52259785
   0.31682000  0.96236000  0.21534000
   0.11714930  0.58472975  0.31544457
   0.23858000  0.54636000  0.07986000
   0.04601000  0.67209000  0.18056000
   0.31904824  0.91839410  0.38222612
   0.13564841  0.55220203  0.48627088
   0.18249216  0.79411186  0.28090359
   0.50619000  0.83294000  0.10916000
   0.58809557  0.70861518  0.41151814
   0.39602620  0.83130506  0.51621988
   0.64926000  0.96050000  0.21277000
   0.45002802  0.58417745  0.31525315
   0.57191000  0.54636000  0.07986000
   0.37906000  0.67136000  0.18002000
   0.65135194  0.91763845  0.38106663
   0.46997716  0.55087955  0.48685084
   0.51572271  0.79322920  0.27925821
   0.83992000  0.83287000  0.10930000
   0.72813369  0.82929535  0.51479973
   0.98268000  0.96077000  0.21320000
   0.78259663  0.58383690  0.31456467
   0.90524000  0.54636000  0.07986000
   0.71230000  0.67144000  0.18017000
   0.98458975  0.91775289  0.38120597
   0.79963090  0.54560623  0.48407580
   0.84926250  0.79397111  0.27947745
   0.92134076  0.70884105  0.41144715
   0.78477000  0.69231000  0.65805000
   0.16435781  0.17193828  0.59415141
  -0.00175930  0.74881224  0.60473515
   0.71911319  0.63111549  0.69694126
   0.79839795  0.57426466  0.74092344
   0.74147976  0.48535586  0.74247413
   0.92550371  0.58607043  0.73316109
   0.77671748  0.60864220  0.78312637
   0.58825959  0.61834399  0.70016291
