   0.28711515  0.43163945  0.49247598
   0.18097666  0.06370488  0.18370387
   0.03971000  0.44194000  0.08602000
   0.31699358  0.18772522  0.28754707
   0.12891491  0.31225473  0.38813225
   0.51428562  0.06370790  0.18370410
   0.62136386  0.43062951  0.49015431
   0.37304000  0.44194000  0.08602000
   0.65032449  0.18759819  0.28744997
   0.46194289  0.31218353  0.38828429
   0.84765968  0.06372471  0.18368087
   0.95458442  0.43171279  0.49073544
   0.70637000  0.44194000  0.08602000
   0.98367881  0.18770381  0.28749303
   0.79536954  0.31186227  0.38785849
   0.18125162  0.56335447  0.18427622
   0.25090641  0.93853611  0.49250342
   0.03971000  0.94194000  0.08602000
   0.31826526  0.68834829  0.28710933
   0.11258427  0.81615006  0.38847623
   0.51447982  0.56324075  0.18418030
   0.58444996  0.93922122  0.49279273
   0.37304000  0.94194000  0.08602000
   0.65160481  0.68821389  0.28669357
   0.44596473  0.81639971  0.38898766
   0.84785435  0.56323020  0.18426631
   0.91813777  0.93902425  0.49252796
   0.70637000  0.94194000  0.08602000
   0.98498484  0.68809190  0.28679506
   0.77916845  0.81604945  0.38841667
   0.03971000  0.19194000  0.08602000
   0.32085741  0.43888619  0.28805067
   0.11583854  0.06151455  0.38781579
   0.18046745  0.31567035  0.18695262
   0.26090646  0.19287922  0.48264411
   0.37304000  0.19194000  0.08602000
   0.65391903  0.43843705  0.28776087
   0.44936058  0.06172884  0.38797368
   0.51370242  0.31547689  0.18686141
   0.59430272  0.19292838  0.48305130
   0.70637000  0.19194000  0.08602000
   0.98758666  0.43855112  0.28793984
   0.78260939  0.06174934  0.38808095
   0.84716308  0.31559401  0.18688390
   0.92812223  0.19315912  0.48307333
   0.03971000  0.69194000  0.08602000
   0.31393467  0.93858566  0.28599947
   0.12979007  0.55998992  0.38968220
   0.18050193  0.81438683  0.18485525
   0.26361973  0.69368545  0.48489921
   0.37304000  0.69194000  0.08602000
   0.64723511  0.93859902  0.28598600
   0.46275640  0.56066566  0.38977550
   0.51384150  0.81445477  0.18474608
   0.59761251  0.69510668  0.48580446
   0.70637000  0.69194000  0.08602000
   0.98053466  0.93853655  0.28584892
   0.84719238  0.81434066  0.18474602
   0.93032554  0.69384894  0.48466656
   0.79616818  0.56018100  0.38915839
   0.17417000  0.33753000  0.10253000
   0.26103907  0.20322204  0.39848753
   0.08612481  0.32113617  0.49744764
   0.31602306  0.46052478  0.20438426
   0.11674189  0.08200652  0.30334599
   0.23858000  0.04636000  0.06951000
   0.04728187  0.17053458  0.16981333
   0.32845215  0.41774898  0.37204595
   0.12002239  0.04913204  0.47544434
   0.18403388  0.29332303  0.27042793
   0.50750000  0.33753000  0.10253000
   0.59487746  0.20334967  0.39878057
   0.42044074  0.32094984  0.49492612
   0.64919489  0.46031975  0.20416656
   0.45020463  0.08202729  0.30349106
   0.57191000  0.04636000  0.06951000
   0.38052402  0.17041743  0.16978109
   0.66142815  0.41717828  0.37180311
   0.45318490  0.04941396  0.47557603
   0.51730447  0.29300235  0.27026258
   0.84083000  0.33753000  0.10253000
   0.92822505  0.20342564  0.39891633
   0.75327477  0.32105664  0.49722214
   0.98273920  0.46042965  0.20428909
   0.78353162  0.08205587  0.30357379
   0.90524000  0.04636000  0.06951000
   0.71391731  0.17048904  0.16979776
   0.99462217  0.41701107  0.37193960
   0.78670788  0.04970575  0.47571335
   0.85066642  0.29310624  0.27031352
   0.17316000  0.83290000  0.09904000
   0.24630630  0.71001887  0.40309939
   0.05004968  0.83236038  0.50328361
   0.31499129  0.95916217  0.20172549
   0.11950274  0.58448263  0.30601142
   0.23858000  0.54636000  0.06951000
   0.04706817  0.66959631  0.16956313
   0.31082846  0.91920663  0.37039869
   0.15436343  0.54167712  0.47635773
   0.18376177  0.79206383  0.26839786
   0.50645000  0.83283000  0.09878000
   0.57961579  0.71000158  0.40378025
   0.38384366  0.83248724  0.50303638
   0.64832340  0.95921531  0.20168479
   0.45301469  0.58490727  0.30618073
   0.57191000  0.54636000  0.06951000
   0.38049962  0.66964422  0.16952020
   0.64418902  0.91906196  0.37040997
   0.48822519  0.54250831  0.47813148
   0.51711114  0.79211457  0.26830339
   0.83986000  0.83290000  0.09896000
   0.71727974  0.83346979  0.50389679
   0.98166175  0.95915735  0.20160306
   0.78603576  0.58442536  0.30557577
   0.90524000  0.54636000  0.06951000
   0.71372624  0.66953251  0.16953412
   0.97736454  0.91900834  0.37023068
   0.82068097  0.54155099  0.47634733
   0.85050166  0.79202338  0.26825189
   0.91276487  0.70983343  0.40281367
   0.79275161  0.64241528  0.64322750
   0.40294655  0.41908518  0.65507565
   0.58562622  0.53287619  0.59388260
   0.82645868  0.65718724  0.69416812
   0.73166537  0.60102413  0.74346606
   0.71897097  0.66231822  0.77690371
   0.61684195  0.55306841  0.72908871
   0.79959488  0.54469188  0.76383356
   0.93971860  0.71739048  0.70422263
