   0.18206345  0.06422839  0.19398018
   0.24670611  0.44432692  0.49991672
   0.03971000  0.44194000  0.09637000
   0.31832445  0.19036940  0.29701030
   0.11115664  0.31719950  0.40126112
   0.51527290  0.06407770  0.19386130
   0.57382743  0.44368829  0.50079966
   0.37304000  0.44194000  0.09637000
   0.65159468  0.18940150  0.29665265
   0.44372843  0.31790289  0.40126220
   0.84850849  0.06377088  0.19355437
   0.91561473  0.44700744  0.49807994
   0.70637000  0.44194000  0.09637000
   0.98481725  0.18960308  0.29666824
   0.78001397  0.31621220  0.39766754
   0.18057615  0.56421845  0.19400787
   0.28436346  0.93153245  0.49930308
   0.03971000  0.94194000  0.09637000
   0.31675171  0.68953668  0.29648010
   0.12701639  0.81392434  0.39513137
   0.51361898  0.56392521  0.19395151
   0.61959965  0.93306579  0.50089691
   0.37304000  0.94194000  0.09637000
   0.64962356  0.68887498  0.29611561
   0.46111166  0.81456725  0.39594562
   0.84709521  0.56393460  0.19386020
   0.95203492  0.93143567  0.50038000
   0.70637000  0.94194000  0.09637000
   0.98304942  0.68896981  0.29603318
   0.79398665  0.81390857  0.39523820
   0.93994680  0.19111712  0.49844482
   0.03971000  0.19194000  0.09637000
   0.31350402  0.43954351  0.29630204
   0.12973831  0.06061458  0.39664127
   0.18060825  0.31520154  0.19504820
   0.24354804  0.18961191  0.49838848
   0.37304000  0.19194000  0.09637000
   0.64707270  0.43928002  0.29630093
   0.46152083  0.06361611  0.39982213
   0.51395451  0.31518001  0.19512680
   0.58697886  0.19388297  0.49782694
   0.70637000  0.19194000  0.09637000
   0.98090270  0.43959750  0.29569148
   0.79539631  0.06192787  0.39957135
   0.84724110  0.31498834  0.19495465
   0.03971000  0.69194000  0.09637000
   0.32118210  0.94080576  0.29706720
   0.11543111  0.56480798  0.39650769
   0.18108353  0.81589803  0.19568406
   0.25309745  0.70082933  0.49225823
   0.37304000  0.69194000  0.09637000
   0.65409250  0.94031062  0.29675401
   0.44747689  0.56462031  0.39714569
   0.51414624  0.81567757  0.19556750
   0.58771012  0.69856550  0.49247678
   0.70637000  0.69194000  0.09637000
   0.98696207  0.93925992  0.29521538
   0.84729644  0.81497315  0.19486807
   0.92022738  0.69685566  0.49251503
   0.78093651  0.56390355  0.39700161
   0.17325000  0.33256000  0.10893000
   0.24608605  0.20979750  0.41424493
   0.04458704  0.34441684  0.50280999
   0.31477376  0.45978188  0.21172037
   0.11967141  0.08522714  0.31304175
   0.23858000  0.04636000  0.07986000
   0.04751618  0.17042196  0.17974653
   0.31004986  0.42092908  0.38046244
   0.15113156  0.03364244  0.47901743
   0.18331729  0.29376521  0.27835585
   0.50654000  0.33260000  0.10901000
   0.58085807  0.21331232  0.41622775
   0.37813681  0.33564985  0.50964137
   0.64808974  0.45965299  0.21181093
   0.45324934  0.08676439  0.31598760
   0.57191000  0.04636000  0.07986000
   0.38106741  0.17049383  0.17983275
   0.64431297  0.42006096  0.38097483
   0.48512824  0.04308283  0.48637808
   0.51722353  0.29349162  0.27856660
   0.83980000  0.33255000  0.10889000
   0.90964368  0.21058181  0.41523798
   0.70750049  0.33630308  0.52154034
   0.98146655  0.45961192  0.21136514
   0.78612099  0.08585874  0.31503421
   0.90524000  0.04636000  0.07986000
   0.71431868  0.17027939  0.17975387
   0.97688912  0.42096248  0.37952738
   0.81777380  0.03931640  0.48442867
   0.84989553  0.29343561  0.27840398
   0.17338000  0.83273000  0.10943000
   0.26109730  0.70721218  0.40713968
   0.08426756  0.81880050  0.51024798
   0.31698812  0.96058812  0.21280162
   0.11661212  0.58387471  0.31217571
   0.23858000  0.54636000  0.07986000
   0.04656672  0.67112576  0.18016204
   0.32752325  0.91991440  0.38084127
   0.11521608  0.55755803  0.48350251
   0.18371670  0.79531985  0.27936511
   0.50662000  0.83273000  0.10932000
   0.59392373  0.70655517  0.40815412
   0.41812682  0.82340332  0.50955100
   0.64986392  0.96027722  0.21241098
   0.44965509  0.58378271  0.31277332
   0.57191000  0.54636000  0.07986000
   0.37993468  0.67102380  0.18008312
   0.65997116  0.91896746  0.38046848
   0.44818448  0.55442084  0.48448961
   0.51712140  0.79486698  0.27918733
   0.83987000  0.83253000  0.10888000
   0.75000461  0.82110000  0.51121560
   0.98311471  0.95954258  0.21128360
   0.78269747  0.58344221  0.31268349
   0.90524000  0.54636000  0.07986000
   0.71290862  0.67050229  0.17985268
   0.99265977  0.91733000  0.37824369
   0.77893571  0.55199364  0.48506269
   0.84965864  0.79382212  0.27824688
   0.92613020  0.70594176  0.40790602
   0.78552839  0.54040569  0.67047368
   0.07835816  0.15967449  0.58189000
   0.73926829  0.41040438  0.60370225
   0.79298848  0.54225685  0.72342143
   0.76449558  0.44219314  0.76084908
   0.68506840  0.45084846  0.79666123
   0.71739997  0.36651989  0.73572317
   0.87802964  0.43584288  0.78063945
   0.82570224  0.62529054  0.74475023
