   0.18177000  0.06503000  0.19527000
   0.26823108  0.43187123  0.50213017
   0.03971000  0.44194000  0.09637000
   0.31523258  0.18823687  0.29849201
   0.11612385  0.31365889  0.39978753
   0.51472000  0.06471000  0.19485000
   0.60004315  0.43241678  0.50131229
   0.37304000  0.44194000  0.09637000
   0.64958154  0.18808094  0.29825970
   0.44954623  0.31335972  0.39909180
   0.84826000  0.06468000  0.19455000
   0.93615134  0.43341196  0.50564248
   0.70637000  0.44194000  0.09637000
   0.98169990  0.18828541  0.29834952
   0.78432023  0.31413352  0.39969514
   0.17955000  0.56532000  0.19533000
   0.27013760  0.92688058  0.50608030
   0.03971000  0.94194000  0.09637000
   0.31569713  0.68879994  0.29789339
   0.12128215  0.81419108  0.39683208
   0.51276000  0.56480000  0.19498000
   0.59294624  0.93408281  0.50209991
   0.37304000  0.94194000  0.09637000
   0.64862819  0.68876105  0.29745080
   0.45182302  0.81401028  0.39900308
   0.84642000  0.56519000  0.19522000
   0.91577839  0.92573607  0.50369697
   0.70637000  0.94194000  0.09637000
   0.98199361  0.68860225  0.29740243
   0.78594649  0.81476770  0.39852495
   0.58892882  0.19129636  0.49491887
   0.03971000  0.19194000  0.09637000
   0.31508804  0.43930167  0.29804667
   0.11383802  0.06316014  0.39241147
   0.18013000  0.31638000  0.19719000
   0.25614768  0.18882998  0.49380347
   0.37304000  0.19194000  0.09637000
   0.64770269  0.43885673  0.29734632
   0.44963133  0.06021453  0.40047771
   0.51314000  0.31594000  0.19696000
   0.70637000  0.19194000  0.09637000
   0.98160082  0.43878172  0.29748924
   0.78454854  0.06044508  0.39897874
   0.84665000  0.31624000  0.19703000
   0.91648044  0.19577838  0.49250506
   0.03971000  0.69194000  0.09637000
   0.31731536  0.93972195  0.29874226
   0.12128318  0.55982639  0.39868013
   0.18025000  0.81742000  0.19778000
   0.26213593  0.68856405  0.49464636
   0.37304000  0.69194000  0.09637000
   0.64939408  0.93845372  0.29693349
   0.45455449  0.55965059  0.39951294
   0.51318000  0.81586000  0.19571000
   0.59518851  0.69098600  0.49470128
   0.70637000  0.69194000  0.09637000
   0.98266562  0.93890188  0.29726101
   0.84718000  0.81593000  0.19584000
   0.92315053  0.68996083  0.49272071
   0.78845649  0.56008170  0.39806335
   0.17417000  0.33753000  0.11288000
   0.25054686  0.20964884  0.41270937
   0.06867536  0.32917745  0.51039180
   0.31386000  0.46170000  0.21427000
   0.11455167  0.08523427  0.31477352
   0.23858000  0.04636000  0.07986000
   0.04735000  0.17100000  0.18013000
   0.31600298  0.41821078  0.38196814
   0.18636180  0.02389949  0.46475167
   0.18203783  0.29332819  0.28036196
   0.50750000  0.33753000  0.11288000
   0.58394582  0.20729221  0.41214563
   0.40044784  0.32592770  0.51278138
   0.64712000  0.46121000  0.21367000
   0.45029774  0.08458868  0.31617314
   0.57191000  0.04636000  0.07986000
   0.38063000  0.17082000  0.17998000
   0.64865096  0.41826483  0.38132904
   0.46855017  0.04376822  0.48821112
   0.51554827  0.29229279  0.27996072
   0.84083000  0.33753000  0.11288000
   0.91508643  0.20738299  0.41052447
   0.73366855  0.32605454  0.51101300
   0.98063000  0.46160000  0.21400000
   0.78250628  0.08304108  0.31467360
   0.90524000  0.04636000  0.07986000
   0.71387000  0.17083000  0.18002000
   0.98273394  0.41828901  0.38086476
   0.78073646  0.04051478  0.48236591
   0.84833162  0.29286005  0.27988610
   0.17417000  0.83753000  0.11288000
   0.25194132  0.70655666  0.41223777
   0.05570335  0.82506010  0.52213947
   0.31682000  0.96236000  0.21534000
   0.11584904  0.58403907  0.31516042
   0.23858000  0.54636000  0.07986000
   0.04601000  0.67209000  0.18056000
   0.32027515  0.91524581  0.38069390
   0.13614856  0.54152782  0.48491881
   0.18185032  0.79377740  0.28082109
   0.50619000  0.83294000  0.10916000
   0.58554229  0.70651473  0.41248180
   0.39158133  0.82287166  0.51447015
   0.64926000  0.96050000  0.21277000
   0.44937583  0.58427029  0.31589034
   0.57191000  0.54636000  0.07986000
   0.37906000  0.67136000  0.18002000
   0.65058214  0.91681710  0.38078380
   0.46864987  0.54309751  0.48706296
   0.51507436  0.79304979  0.27911743
   0.83992000  0.83287000  0.10930000
   0.72462982  0.82533321  0.51081907
   0.98268000  0.96077000  0.21320000
   0.78233387  0.58369833  0.31479502
   0.90524000  0.54636000  0.07986000
   0.71230000  0.67144000  0.18017000
   0.98213952  0.91597456  0.38098091
   0.80106522  0.54251020  0.48465046
   0.84851135  0.79362855  0.27939151
   0.91945222  0.70796987  0.41144995
   0.78477000  0.69231000  0.65805000
   0.04320068  0.09211051  0.55080028
   0.03832776  0.70372475  0.59332766
   0.71748295  0.62973599  0.69594030
   0.79660282  0.57526819  0.74097761
   0.74040746  0.48623861  0.74362856
   0.92407961  0.58631962  0.73291798
   0.77705416  0.61161752  0.78311903
   0.58549723  0.61152190  0.69758805
