   0.60619419  0.43161052  0.49241293
   0.17905837  0.06412458  0.18504232
   0.27685998  0.43287821  0.49226366
   0.03971000  0.44194000  0.08602000
   0.31509595  0.18817093  0.28880810
   0.12269822  0.31388133  0.38986677
   0.51239782  0.06417253  0.18500097
   0.37304000  0.44194000  0.08602000
   0.64858397  0.18825885  0.28880443
   0.45586462  0.31373439  0.38947021
   0.84570701  0.06402219  0.18500761
   0.94652589  0.43274863  0.49326607
   0.70637000  0.44194000  0.08602000
   0.98189036  0.18814565  0.28877370
   0.78948242  0.31377556  0.39020697
   0.18040362  0.56363763  0.18489601
   0.26108280  0.93713927  0.49397418
   0.03971000  0.94194000  0.08602000
   0.31697066  0.68819482  0.28856705
   0.11615457  0.81454116  0.39038436
   0.51379513  0.56383455  0.18501608
   0.59395963  0.93607332  0.49322177
   0.37304000  0.94194000  0.08602000
   0.65022614  0.68853330  0.28892537
   0.45041189  0.81492787  0.39057851
   0.84706766  0.56369222  0.18486176
   0.92753217  0.93813596  0.49393409
   0.70637000  0.94194000  0.08602000
   0.98359789  0.68810083  0.28856680
   0.78260937  0.81484430  0.39210218
   0.03971000  0.19194000  0.08602000
   0.31753961  0.43897787  0.28854946
   0.11899560  0.06100860  0.39002138
   0.17913926  0.31545391  0.18714115
   0.26222223  0.19255804  0.48485015
   0.37304000  0.19194000  0.08602000
   0.65085621  0.43935056  0.28911585
   0.45179108  0.06099667  0.38974893
   0.51249023  0.31586691  0.18739398
   0.59576855  0.19137461  0.48437832
   0.70637000  0.19194000  0.08602000
   0.98378107  0.43868350  0.28855536
   0.78543920  0.06093825  0.38971191
   0.84570365  0.31550311  0.18716019
   0.92959826  0.19194587  0.48429198
   0.03971000  0.69194000  0.08602000
   0.31409346  0.93873978  0.28808021
   0.12537511  0.56056152  0.39029138
   0.17922068  0.81527579  0.18684629
   0.26313271  0.69311078  0.48546608
   0.37304000  0.69194000  0.08602000
   0.64756372  0.93867026  0.28815391
   0.45827749  0.56086077  0.39094879
   0.51264971  0.81530607  0.18686807
   0.59483884  0.69112151  0.48922243
   0.70637000  0.69194000  0.08602000
   0.98059181  0.93846833  0.28837310
   0.84600461  0.81528757  0.18690216
   0.92976554  0.69630266  0.48829077
   0.79041207  0.56127288  0.39147163
   0.17417000  0.33753000  0.10253000
   0.25650222  0.20591106  0.40149095
   0.07735687  0.32372197  0.49851994
   0.31482503  0.46047585  0.20481973
   0.11534547  0.08302089  0.30601557
   0.23858000  0.04636000  0.06951000
   0.04531747  0.17042877  0.16993296
   0.32149672  0.41798846  0.37260302
   0.12882267  0.04764144  0.47734354
   0.18169304  0.29301316  0.27075204
   0.50750000  0.33753000  0.10253000
   0.58876526  0.20583877  0.40122981
   0.40817408  0.32353564  0.50181713
   0.64818680  0.46084457  0.20529377
   0.44880559  0.08328081  0.30577801
   0.57191000  0.04636000  0.06951000
   0.37883291  0.17079050  0.17010558
   0.65552959  0.41928381  0.37390360
   0.46181527  0.04640333  0.47702617
   0.51516623  0.29359324  0.27126187
   0.84083000  0.33753000  0.10253000
   0.92275760  0.20554410  0.40105886
   0.74267859  0.32436101  0.49793909
   0.98122017  0.46047297  0.20483731
   0.78209706  0.08312111  0.30576040
   0.90524000  0.04636000  0.06951000
   0.71204441  0.17050658  0.16995144
   0.98756500  0.41845558  0.37287372
   0.79469550  0.04748949  0.47697200
   0.84822137  0.29304505  0.27080130
   0.17417000  0.83753000  0.10253000
   0.25028595  0.70838435  0.40333920
   0.06071055  0.83180045  0.50441989
   0.31323274  0.96063544  0.20439611
   0.11774485  0.58382206  0.30654334
   0.23858000  0.54636000  0.06951000
   0.04663906  0.66983611  0.16976933
   0.31465580  0.91814674  0.37229969
   0.14438634  0.54323576  0.47699274
   0.18249626  0.79212329  0.27020647
   0.50750000  0.83753000  0.10253000
   0.58334941  0.70805614  0.40596065
   0.39259989  0.82906273  0.50382693
   0.64653762  0.96061009  0.20441820
   0.45151579  0.58434829  0.30705909
   0.57191000  0.54636000  0.06951000
   0.37997029  0.66991036  0.16978784
   0.64824617  0.91799908  0.37238672
   0.47550981  0.54145177  0.47655160
   0.51595813  0.79226232  0.27026511
   0.84083000  0.83753000  0.10253000
   0.72806032  0.83035261  0.50199091
   0.97993838  0.96057438  0.20459037
   0.78455611  0.58450755  0.30769583
   0.90524000  0.54636000  0.06951000
   0.71335397  0.66991072  0.16979764
   0.98125545  0.91767459  0.37274720
   0.81032003  0.54541475  0.48506824
   0.84928902  0.79195513  0.27026467
   0.91625170  0.70681401  0.40567197
   0.58133683  0.61098427  0.59493052
   0.87960760  0.41193934  0.66909369
   0.80210221  0.49871426  0.58848384
   0.50006702  0.60461222  0.63913950
   0.44989241  0.50231903  0.67411154
   0.32061562  0.47280951  0.66812777
   0.51139467  0.43702149  0.66119142
   0.46670416  0.52140049  0.72026404
   0.45867112  0.67954965  0.65371372
