   0.18177000  0.06503000  0.19527000
   0.26883190  0.44003800  0.49930245
   0.03971000  0.44194000  0.09637000
   0.31630150  0.18971835  0.29939486
   0.11795847  0.31351590  0.40232105
   0.51472000  0.06471000  0.19485000
   0.60086652  0.43883053  0.50225441
   0.37304000  0.44194000  0.09637000
   0.64930970  0.18861628  0.29830214
   0.44877523  0.31352518  0.40421473
   0.84826000  0.06468000  0.19455000
   0.93282683  0.43845376  0.49849689
   0.70637000  0.44194000  0.09637000
   0.98311625  0.18925434  0.29956089
   0.78432967  0.31431893  0.39813610
   0.17955000  0.56532000  0.19533000
   0.26562339  0.93960365  0.50646503
   0.03971000  0.94194000  0.09637000
   0.31649910  0.68895139  0.29768409
   0.12056654  0.81469811  0.39577849
   0.51276000  0.56480000  0.19498000
   0.59574467  0.93830323  0.50475843
   0.37304000  0.94194000  0.09637000
   0.64928453  0.68878633  0.29706040
   0.45439224  0.81561367  0.39799368
   0.84642000  0.56519000  0.19522000
   0.92659915  0.93702283  0.50707130
   0.70637000  0.94194000  0.09637000
   0.98253061  0.68874157  0.29743809
   0.78747137  0.81514483  0.39758548
   0.58876323  0.19677643  0.49527833
   0.03971000  0.19194000  0.09637000
   0.31602817  0.43873948  0.29838727
   0.11831275  0.06039439  0.40223622
   0.18013000  0.31638000  0.19719000
   0.24550361  0.19147502  0.50260410
   0.37304000  0.19194000  0.09637000
   0.64743191  0.43816374  0.29762417
   0.45023251  0.06335239  0.40069073
   0.51314000  0.31594000  0.19696000
   0.70637000  0.19194000  0.09637000
   0.98329495  0.43915820  0.29777721
   0.78276693  0.06075799  0.40005928
   0.84665000  0.31624000  0.19703000
   0.93059882  0.19369937  0.49474580
   0.03971000  0.69194000  0.09637000
   0.31690503  0.94102752  0.29858054
   0.12289933  0.56242495  0.39917318
   0.18025000  0.81742000  0.19778000
   0.26788277  0.69719014  0.49421432
   0.37304000  0.69194000  0.09637000
   0.64981852  0.93925158  0.29701186
   0.45706403  0.56127705  0.39931834
   0.51318000  0.81586000  0.19571000
   0.59626906  0.69743135  0.49441806
   0.70637000  0.69194000  0.09637000
   0.98405326  0.94119844  0.29763906
   0.84718000  0.81593000  0.19584000
   0.92508399  0.69055735  0.49305237
   0.78724452  0.56049700  0.39776977
   0.17417000  0.33753000  0.11288000
   0.24976573  0.20521355  0.41868165
   0.06654164  0.33461694  0.49948784
   0.31386000  0.46170000  0.21427000
   0.11764112  0.08575942  0.31767882
   0.23858000  0.04636000  0.07986000
   0.04735000  0.17100000  0.18013000
   0.31842537  0.41792403  0.38233643
   0.12339049  0.03386974  0.48529945
   0.18251053  0.29349275  0.28037103
   0.50750000  0.33753000  0.11288000
   0.58557536  0.20757367  0.41218022
   0.40049443  0.33439527  0.50846575
   0.64712000  0.46121000  0.21367000
   0.44982520  0.08534549  0.31676700
   0.57191000  0.04636000  0.07986000
   0.38063000  0.17082000  0.17998000
   0.64775421  0.41818544  0.38154806
   0.46346732  0.04766969  0.48720944
   0.51543606  0.29278107  0.27979606
   0.84083000  0.33753000  0.11288000
   0.91456899  0.20533459  0.41074961
   0.73285844  0.32927557  0.51094898
   0.98063000  0.46160000  0.21400000
   0.78250954  0.08348250  0.31513602
   0.90524000  0.04636000  0.07986000
   0.71387000  0.17083000  0.18002000
   0.98519253  0.41921721  0.38134387
   0.79720163  0.04662835  0.48798161
   0.84908209  0.29319264  0.28030182
   0.17417000  0.83753000  0.11288000
   0.25497642  0.70974071  0.41175842
   0.05844455  0.82193212  0.52279640
   0.31682000  0.96236000  0.21534000
   0.11708017  0.58472464  0.31544048
   0.23858000  0.54636000  0.07986000
   0.04601000  0.67209000  0.18056000
   0.31904182  0.91831332  0.38215949
   0.13523551  0.55233202  0.48607098
   0.18246876  0.79412954  0.28098308
   0.50619000  0.83294000  0.10916000
   0.58854645  0.70904556  0.41138496
   0.39607107  0.83129397  0.51630798
   0.64926000  0.96050000  0.21277000
   0.45002485  0.58411015  0.31521354
   0.57191000  0.54636000  0.07986000
   0.37906000  0.67136000  0.18002000
   0.65117262  0.91754919  0.38104710
   0.46982297  0.55067991  0.48675037
   0.51592996  0.79326729  0.27931794
   0.83992000  0.83287000  0.10930000
   0.72831356  0.82980410  0.51519882
   0.98268000  0.96077000  0.21320000
   0.78274584  0.58382686  0.31453170
   0.90524000  0.54636000  0.07986000
   0.71230000  0.67144000  0.18017000
   0.98417511  0.91740246  0.38104807
   0.79992367  0.54563156  0.48421020
   0.84939093  0.79401425  0.27955458
   0.92166467  0.70870567  0.41168875
   0.78477000  0.69231000  0.65805000
   0.16329186  0.16809264  0.59390658
  -0.00647687  0.75218023  0.60500756
   0.71836678  0.63201300  0.69652141
   0.79865453  0.57373502  0.74077766
   0.74152681  0.48542830  0.74235844
   0.92595469  0.58610150  0.73316612
   0.77673778  0.60858074  0.78345204
   0.58956945  0.61870838  0.70032865
