   0.17960356  0.06445858  0.19488418
   0.28908579  0.43065761  0.50131282
   0.03971000  0.44194000  0.09637000
   0.31726624  0.18926987  0.29752106
   0.13094125  0.31289421  0.39697321
   0.51297335  0.06419442  0.19449056
   0.61800887  0.43306418  0.49697473
   0.37304000  0.44194000  0.09637000
   0.65055706  0.18870251  0.29690345
   0.46376830  0.31246875  0.39698230
   0.84625482  0.06427801  0.19470613
   0.95952086  0.43107383  0.49789521
   0.70637000  0.44194000  0.09637000
   0.98384980  0.18870355  0.29711679
   0.79740369  0.31171198  0.39522240
   0.18174306  0.56466729  0.19435392
   0.24204491  0.94309522  0.50082138
   0.03971000  0.94194000  0.09637000
   0.31733864  0.69099174  0.29771176
   0.10975736  0.81842649  0.39936037
   0.51483862  0.56413327  0.19398012
   0.57842857  0.94405190  0.50366908
   0.37304000  0.94194000  0.09637000
   0.64996799  0.68982828  0.29696246
   0.44109614  0.81946336  0.40368370
   0.84840965  0.56431646  0.19412299
   0.90657501  0.93778486  0.50324806
   0.70637000  0.94194000  0.09637000
   0.98389634  0.69000308  0.29746194
   0.77334932  0.81756406  0.40014939
   0.57372788  0.69146459  0.49985157
   0.03971000  0.19194000  0.09637000
   0.32134157  0.43917004  0.29600779
   0.11449239  0.06390535  0.39921990
   0.18054239  0.31526999  0.19541286
   0.26236108  0.19327796  0.49503372
   0.37304000  0.19194000  0.09637000
   0.65419535  0.43810557  0.29566902
   0.44937298  0.06661376  0.40064212
   0.51400426  0.31481411  0.19510534
   0.58950828  0.20005845  0.49917729
   0.70637000  0.19194000  0.09637000
   0.98874543  0.43955007  0.29647562
   0.78020848  0.06389747  0.39965753
   0.84763103  0.31532008  0.19559536
   0.93633596  0.18875164  0.49419047
   0.03971000  0.69194000  0.09637000
   0.31330283  0.94176847  0.29818570
   0.13010135  0.56184176  0.39859824
   0.17993915  0.81616962  0.19617992
   0.26764765  0.69118168  0.49874800
   0.37304000  0.69194000  0.09637000
   0.64516023  0.94053499  0.29788245
   0.46255344  0.56179194  0.39732948
   0.51343344  0.81582510  0.19584014
   0.70637000  0.69194000  0.09637000
   0.97903831  0.94047032  0.29780524
   0.84606796  0.81569653  0.19642735
   0.92765002  0.69409651  0.49170573
   0.79483543  0.56057490  0.39662498
   0.17307136  0.33269146  0.10930089
   0.26321260  0.20550477  0.41043932
   0.08673615  0.32006731  0.51100207
   0.31602563  0.46005443  0.21214171
   0.11725162  0.08437184  0.31473791
   0.23858000  0.04636000  0.07986000
   0.04555806  0.17085098  0.18011914
   0.33006793  0.41601418  0.37904925
   0.11090716  0.05404463  0.48738576
   0.18386498  0.29368775  0.27896150
   0.50633000  0.33253000  0.10912000
   0.59973776  0.20814547  0.41350490
   0.42322604  0.31888224  0.51278966
   0.64935653  0.45945946  0.21176497
   0.45147955  0.08563270  0.31583509
   0.57191000  0.04636000  0.07986000
   0.37901109  0.17062104  0.17998979
   0.66379381  0.41580564  0.37974617
   0.44732246  0.05935306  0.48861100
   0.51754323  0.29334328  0.27871576
   0.83977826  0.33263900  0.10944542
   0.92878232  0.20587429  0.41104908
   0.75237270  0.32905778  0.52224395
   0.98296100  0.46017952  0.21245831
   0.78361338  0.08446273  0.31499018
   0.90524000  0.04636000  0.07986000
   0.71244232  0.17094667  0.18019529
   0.99640236  0.41679033  0.38019524
   0.78236776  0.05275171  0.48761742
   0.85105868  0.29402885  0.27940550
   0.17291637  0.83290310  0.10954792
   0.23924638  0.71131040  0.41543596
   0.04120625  0.83345591  0.51175501
   0.31423053  0.96086567  0.21347296
   0.11866917  0.58579556  0.31475028
   0.23858000  0.54636000  0.07986000
   0.04746264  0.67113373  0.18023375
   0.30757343  0.92430057  0.38225039
   0.15486736  0.53690686  0.48244556
   0.18236795  0.79520055  0.27999221
   0.50631692  0.83283701  0.10941146
   0.57574667  0.71152078  0.41565892
   0.37741126  0.84298962  0.50357659
   0.64732113  0.96062410  0.21324419
   0.45138081  0.58583534  0.31412454
   0.57191000  0.54636000  0.07986000
   0.38074413  0.67090281  0.18007049
   0.64013177  0.92214704  0.38207708
   0.48637224  0.53436165  0.47937214
   0.51587919  0.79445698  0.27935233
   0.83956485  0.83340746  0.11038928
   0.70547617  0.83452160  0.51407048
   0.98054359  0.96063368  0.21351476
   0.78402537  0.58412365  0.31330218
   0.90524000  0.54636000  0.07986000
   0.71388158  0.67051002  0.18025160
   0.97351401  0.92195760  0.38187939
   0.82347447  0.53970199  0.48247031
   0.84888415  0.79401610  0.27987642
   0.90846390  0.71060893  0.41028212
   0.80388849  0.61596499  0.63102361
   0.39252762  0.65201960  0.58324288
   0.78469232  0.44426180  0.59643364
   0.80602130  0.66136830  0.67823593
   0.79762349  0.60241691  0.73427067
   0.71183330  0.62848268  0.76319606
   0.76861132  0.51177404  0.72796400
   0.91397835  0.62727979  0.75552570
   0.81775852  0.75338797  0.67916326
