   0.17776328  0.06428282  0.19541515
   0.28783726  0.42823565  0.50048042
   0.03971000  0.44194000  0.09637000
   0.31401298  0.18785897  0.29863729
   0.12893474  0.31064041  0.39854300
   0.51102435  0.06437471  0.19550658
   0.62083203  0.43115478  0.50166896
   0.37304000  0.44194000  0.09637000
   0.64749346  0.18786940  0.29886481
   0.46227672  0.31074929  0.39850385
   0.84424867  0.06429783  0.19543128
   0.95566563  0.42841534  0.50016910
   0.70637000  0.44194000  0.09637000
   0.98078096  0.18790873  0.29856647
   0.79522833  0.31063109  0.39850319
   0.18000917  0.56406360  0.19521291
   0.24640374  0.93919390  0.50294497
   0.03971000  0.94194000  0.09637000
   0.31476608  0.68885251  0.29948194
   0.10897346  0.81672986  0.39933330
   0.51337794  0.56398899  0.19518221
   0.58178396  0.94177952  0.50347199
   0.37304000  0.94194000  0.09637000
   0.64794879  0.68833144  0.29868363
   0.44245724  0.81884059  0.40160016
   0.84667952  0.56402753  0.19532316
   0.91068173  0.93917496  0.50484339
   0.70637000  0.94194000  0.09637000
   0.98155234  0.68849878  0.29862874
   0.77491756  0.81642127  0.40000779
   0.93049705  0.69389864  0.49600351
   0.03971000  0.19194000  0.09637000
   0.31915109  0.43757556  0.29765188
   0.11341420  0.06229678  0.40029582
   0.17906688  0.31491288  0.19619254
   0.26002675  0.19283700  0.49572920
   0.37304000  0.19194000  0.09637000
   0.65259563  0.43827304  0.29857248
   0.44607058  0.06320015  0.40020438
   0.51224576  0.31558187  0.19746944
   0.59252901  0.19533754  0.49518983
   0.70637000  0.19194000  0.09637000
   0.98545982  0.43748550  0.29771992
   0.77998122  0.06239078  0.40015292
   0.84522881  0.31547911  0.19733143
   0.92814353  0.19092144  0.49523576
   0.03971000  0.69194000  0.09637000
   0.31005909  0.93955739  0.29839407
   0.12711753  0.55736652  0.39665501
   0.17798438  0.81557667  0.19722536
   0.26154126  0.68775038  0.49241886
   0.37304000  0.69194000  0.09637000
   0.64302484  0.93941640  0.29844820
   0.46099671  0.55900879  0.39976988
   0.51123238  0.81548014  0.19722084
   0.59496189  0.69319462  0.49556185
   0.70637000  0.69194000  0.09637000
   0.97699078  0.93951214  0.29827162
   0.84455705  0.81553120  0.19724785
   0.79467475  0.55993160  0.40039453
   0.17310000  0.33301000  0.10976000
   0.26164307  0.20310859  0.41100817
   0.08647621  0.31726071  0.51188301
   0.31421214  0.45980192  0.21365501
   0.11383345  0.08308015  0.31576430
   0.23858000  0.04636000  0.07986000
   0.04405778  0.17061697  0.18007347
   0.32857659  0.41451384  0.38138171
   0.11456230  0.05082411  0.48819791
   0.18120589  0.29271286  0.27989269
   0.50750000  0.33753000  0.11288000
   0.59551020  0.20337278  0.41070397
   0.42054326  0.31972207  0.51161797
   0.64777115  0.46070583  0.21483723
   0.44741248  0.08302401  0.31561759
   0.57191000  0.04636000  0.07986000
   0.37749772  0.17086660  0.18027904
   0.66174882  0.41607778  0.38254114
   0.44870366  0.05359259  0.48793189
   0.51465085  0.29310742  0.28088586
   0.84083000  0.33753000  0.11288000
   0.92809126  0.20283979  0.41113529
   0.75247984  0.32149019  0.51162211
   0.98114725  0.46051656  0.21437109
   0.78064131  0.08284517  0.31575463
   0.90524000  0.04636000  0.07986000
   0.71075717  0.17071047  0.18012363
   0.99292288  0.41303363  0.38091570
   0.78341932  0.04999286  0.48814461
   0.84774168  0.29276673  0.28053653
   0.17417000  0.83753000  0.11288000
   0.24324481  0.70878129  0.40932905
   0.04239566  0.83446155  0.51582992
   0.31191337  0.96074679  0.21446969
   0.11447810  0.58335373  0.31517676
   0.23858000  0.54636000  0.07986000
   0.04581470  0.67013607  0.17998814
   0.30593787  0.92201470  0.38239984
   0.15586014  0.53300314  0.47849172
   0.17994507  0.79258377  0.28028571
   0.50750000  0.83753000  0.11288000
   0.57602577  0.70986613  0.41391021
   0.38264433  0.83496816  0.50395022
   0.64512279  0.96074530  0.21455029
   0.44928596  0.58363560  0.31624388
   0.57191000  0.54636000  0.07986000
   0.37922692  0.67001548  0.17993802
   0.64150614  0.92070179  0.38274574
   0.48780757  0.53999866  0.48597972
   0.51369267  0.79228331  0.28033736
   0.84083000  0.83753000  0.11288000
   0.71054727  0.83217898  0.51658729
   0.97846965  0.96072646  0.21447896
   0.78282903  0.58450558  0.31692222
   0.90524000  0.54636000  0.07986000
   0.71259522  0.67010552  0.18002215
   0.97306267  0.92034058  0.38259748
   0.82335289  0.54065292  0.48708526
   0.84694167  0.79237794  0.28054002
   0.90866737  0.71059085  0.41464262
   0.72334374  0.56765862  0.64745139
   0.22226046  0.66321811  0.59571522
   0.95470212  0.63756609  0.61187044
   0.68442511  0.53274003  0.69540704
   0.78828822  0.52921760  0.74668216
   0.75445350  0.44744204  0.76798619
   0.91454293  0.54839339  0.73505738
   0.76474230  0.59102088  0.77811820
   0.55248783  0.50079007  0.70156675
