   0.18177000  0.06503000  0.19527000
   0.25206154  0.44052568  0.50192904
   0.03971000  0.44194000  0.09637000
   0.31722242  0.19190610  0.29851227
   0.11091146  0.31874581  0.40151246
   0.51472000  0.06471000  0.19485000
   0.58493602  0.44138436  0.50371777
   0.37304000  0.44194000  0.09637000
   0.65009457  0.19131599  0.29855371
   0.44119085  0.31957882  0.40400526
   0.84826000  0.06468000  0.19455000
   0.91739398  0.43958831  0.50309924
   0.70637000  0.44194000  0.09637000
   0.98344970  0.19083637  0.29806541
   0.77615974  0.32011814  0.40034705
   0.17955000  0.56532000  0.19533000
   0.27899834  0.93972587  0.50768662
   0.03971000  0.94194000  0.09637000
   0.31612806  0.69090267  0.29791943
   0.12529975  0.81656729  0.39631966
   0.51276000  0.56480000  0.19498000
   0.60811531  0.93644392  0.50309487
   0.37304000  0.94194000  0.09637000
   0.64902278  0.69075798  0.29781379
   0.45848080  0.81689380  0.39863607
   0.84642000  0.56519000  0.19522000
   0.93944246  0.93711831  0.50108364
   0.70637000  0.94194000  0.09637000
   0.98204356  0.69018532  0.29759564
   0.79176211  0.81647103  0.39805928
   0.58328033  0.19602467  0.49728591
   0.03971000  0.19194000  0.09637000
   0.31282884  0.44193402  0.29849228
   0.12473349  0.06362681  0.39874052
   0.18013000  0.31638000  0.19719000
   0.25917830  0.18670320  0.50151862
   0.37304000  0.19194000  0.09637000
   0.64554969  0.44199755  0.29832996
   0.45714471  0.06426928  0.39997128
   0.51314000  0.31594000  0.19696000
   0.70637000  0.19194000  0.09637000
   0.97996113  0.44133438  0.29805970
   0.78921056  0.06378034  0.39926826
   0.84665000  0.31624000  0.19703000
   0.92418256  0.19702519  0.49456412
   0.03971000  0.69194000  0.09637000
   0.31957758  0.94205843  0.29835417
   0.11679415  0.56526491  0.39945038
   0.18025000  0.81742000  0.19778000
   0.26667270  0.69469046  0.49459022
   0.37304000  0.69194000  0.09637000
   0.65210369  0.94047147  0.29701433
   0.45081520  0.56544401  0.40002578
   0.51318000  0.81586000  0.19571000
   0.59436345  0.69840681  0.49586677
   0.70637000  0.69194000  0.09637000
   0.98527356  0.94089696  0.29683049
   0.84718000  0.81593000  0.19584000
   0.93151474  0.69033950  0.49563048
   0.78295170  0.56590177  0.40008069
   0.17417000  0.33753000  0.11288000
   0.24114839  0.21166011  0.41721637
   0.04948690  0.33520860  0.51200790
   0.31386000  0.46170000  0.21427000
   0.11821065  0.08674064  0.31477247
   0.23858000  0.04636000  0.07986000
   0.04735000  0.17100000  0.18013000
   0.30865797  0.42393509  0.38264716
   0.13756781  0.03516951  0.48100346
   0.18222013  0.29547416  0.28039623
   0.50750000  0.33753000  0.11288000
   0.57775482  0.21318885  0.41445768
   0.38615215  0.33728256  0.50758140
   0.64712000  0.46121000  0.21367000
   0.45128402  0.08776275  0.31633963
   0.57191000  0.04636000  0.07986000
   0.38063000  0.17082000  0.17998000
   0.64144720  0.42417006  0.38285189
   0.47799263  0.04283659  0.48394190
   0.51604438  0.29551539  0.28021960
   0.84083000  0.33753000  0.11288000
   0.90871962  0.21259832  0.41258565
   0.71593881  0.33386068  0.51425500
   0.98063000  0.46160000  0.21400000
   0.78402030  0.08593673  0.31512828
   0.90524000  0.04636000  0.07986000
   0.71387000  0.17083000  0.18002000
   0.97646804  0.42320612  0.38223713
   0.80884456  0.04571289  0.48570426
   0.84898230  0.29491205  0.28026641
   0.17417000  0.83753000  0.11288000
   0.25719794  0.71006061  0.41177708
   0.07011054  0.82577466  0.52193144
   0.31682000  0.96236000  0.21534000
   0.11617666  0.58618212  0.31517448
   0.23858000  0.54636000  0.07986000
   0.04601000  0.67209000  0.18056000
   0.32428486  0.91986124  0.38129120
   0.12082768  0.55376648  0.48722718
   0.18227599  0.79583623  0.28107689
   0.50619000  0.83294000  0.10916000
   0.59210009  0.70985245  0.41231007
   0.40707419  0.82673709  0.51466566
   0.64926000  0.96050000  0.21277000
   0.44949414  0.58650822  0.31573215
   0.57191000  0.54636000  0.07986000
   0.37906000  0.67136000  0.18002000
   0.65731299  0.91968153  0.38105182
   0.45543829  0.55480511  0.48778501
   0.51580270  0.79526503  0.27945597
   0.83992000  0.83287000  0.10930000
   0.74101709  0.82890339  0.51615369
   0.98268000  0.96077000  0.21320000
   0.78245255  0.58652913  0.31606352
   0.90524000  0.54636000  0.07986000
   0.71230000  0.67144000  0.18017000
   0.98956968  0.91913598  0.37999564
   0.78889853  0.55095966  0.48737328
   0.84894029  0.79499738  0.27947228
   0.92597122  0.71072969  0.41327865
   0.78477000  0.69231000  0.65805000
   0.29724597  0.12449912  0.59121155
  -0.04163729  0.78746757  0.60218173
   0.71971538  0.61828640  0.69134627
   0.79920562  0.56269580  0.73555327
   0.74901065  0.47270915  0.73482546
   0.92743065  0.58085963  0.73008412
   0.77092198  0.59241467  0.77828628
   0.58866568  0.59085642  0.68819918
