   0.17768347  0.06423981  0.19545363
   0.28709244  0.42879704  0.50121880
   0.03971000  0.44194000  0.09637000
   0.31372021  0.18780938  0.29872483
   0.12865435  0.31136180  0.39807519
   0.51095201  0.06429186  0.19552387
   0.62377795  0.43364939  0.50122947
   0.37304000  0.44194000  0.09637000
   0.64723526  0.18780976  0.29882747
   0.46345147  0.31166533  0.39770564
   0.84424853  0.06419782  0.19545029
   0.95319332  0.42904540  0.50122049
   0.70637000  0.44194000  0.09637000
   0.98112426  0.18777327  0.29855738
   0.79578865  0.31105254  0.39880749
   0.17999848  0.56396787  0.19514580
   0.24627037  0.93977193  0.50388419
   0.03971000  0.94194000  0.09637000
   0.31512451  0.68875431  0.29899598
   0.10805492  0.81538313  0.40046081
   0.51336733  0.56390125  0.19517485
   0.58032759  0.94051626  0.50417630
   0.37304000  0.94194000  0.09637000
   0.64802208  0.68830524  0.29870019
   0.44028134  0.81700581  0.40321142
   0.84659237  0.56397619  0.19534321
   0.91046560  0.93719240  0.50522335
   0.70637000  0.94194000  0.09637000
   0.98141715  0.68853440  0.29888553
   0.77511869  0.81633554  0.39954243
   0.93095913  0.69067805  0.49861869
   0.03971000  0.19194000  0.09637000
   0.31894202  0.43741162  0.29786181
   0.11161304  0.06042898  0.39909097
   0.17909335  0.31493777  0.19635176
   0.25954873  0.18976960  0.49262707
   0.37304000  0.19194000  0.09637000
   0.65271368  0.43819429  0.29861098
   0.44698750  0.06208377  0.40002896
   0.51228942  0.31560709  0.19759121
   0.59117925  0.19380447  0.49563406
   0.70637000  0.19194000  0.09637000
   0.98636205  0.43815928  0.29819204
   0.77970709  0.06203018  0.40031113
   0.84530176  0.31553480  0.19743148
   0.93009962  0.19142556  0.49568884
   0.03971000  0.69194000  0.09637000
   0.31016928  0.93958845  0.29852083
   0.12769070  0.55935517  0.40012519
   0.17801357  0.81562672  0.19733432
   0.25676575  0.68904410  0.49827588
   0.37304000  0.69194000  0.09637000
   0.64260245  0.93931800  0.29865125
   0.46036022  0.55900301  0.39984604
   0.51129918  0.81554534  0.19730186
   0.59498264  0.69297392  0.49539865
   0.70637000  0.69194000  0.09637000
   0.97709244  0.93967419  0.29831240
   0.84456044  0.81563145  0.19732590
   0.79482454  0.56024716  0.40036392
   0.17310000  0.33301000  0.10976000
   0.26146518  0.20294798  0.40250829
   0.08116462  0.32366069  0.50876129
   0.31420019  0.45993342  0.21357617
   0.11236443  0.08199784  0.31524603
   0.23858000  0.04636000  0.07986000
   0.04399186  0.17063855  0.18003366
   0.32874149  0.41617276  0.38175347
   0.10917863  0.04296367  0.48365927
   0.18097778  0.29302120  0.27960795
   0.50750000  0.33753000  0.11288000
   0.59545334  0.20339873  0.41099194
   0.43027367  0.32897780  0.50688646
   0.64776739  0.46073858  0.21474711
   0.44748908  0.08263708  0.31560475
   0.57191000  0.04636000  0.07986000
   0.37752793  0.17085516  0.18020818
   0.66293887  0.41655372  0.38240710
   0.45058163  0.04950041  0.48635189
   0.51495698  0.29329088  0.28074798
   0.84083000  0.33753000  0.11288000
   0.92773410  0.20263461  0.41131206
   0.75116776  0.32131772  0.51078605
   0.98125403  0.46065263  0.21447144
   0.78038471  0.08269614  0.31577623
   0.90524000  0.04636000  0.07986000
   0.71074465  0.17074105  0.18010847
   0.99497346  0.41587689  0.38169136
   0.78312208  0.04946292  0.48800492
   0.84788881  0.29301814  0.28058244
   0.17417000  0.83753000  0.11288000
   0.24006716  0.70882989  0.41609750
   0.04425775  0.83231550  0.51806058
   0.31182675  0.96067377  0.21440507
   0.11642121  0.58466378  0.31684627
   0.23858000  0.54636000  0.07986000
   0.04587382  0.67019001  0.17998959
   0.30577365  0.91936152  0.38264055
   0.15527366  0.53774636  0.48631851
   0.18022814  0.79238733  0.28042149
   0.50750000  0.83753000  0.11288000
   0.57551858  0.70983882  0.41388510
   0.37842501  0.83216329  0.50942383
   0.64508127  0.96068226  0.21452385
   0.44902669  0.58389414  0.31632113
   0.57191000  0.54636000  0.07986000
   0.37921349  0.67004543  0.17993734
   0.63915593  0.91967325  0.38295886
   0.48797165  0.54063800  0.48619892
   0.51350979  0.79217452  0.28027374
   0.84083000  0.83753000  0.11288000
   0.70919967  0.83325134  0.51688417
   0.97842495  0.96068562  0.21438522
   0.78269495  0.58426253  0.31677050
   0.90524000  0.54636000  0.07986000
   0.71256208  0.67012173  0.17998262
   0.97269406  0.91830169  0.38219502
   0.82297927  0.53975716  0.48653295
   0.84670935  0.79231570  0.28033397
   0.90804427  0.71090441  0.41367117
   0.73452658  0.56664400  0.64709512
   0.26730835  0.19268080  0.58911277
   0.97647726  0.64398799  0.60529468
   0.68729158  0.53238110  0.69554035
   0.78374012  0.52785401  0.74731297
   0.75512350  0.44823051  0.76786380
   0.91610056  0.54841753  0.73473374
   0.76471254  0.59066651  0.77768942
   0.55596868  0.50302207  0.70076205
