   0.17783921  0.06426658  0.19530407
   0.28664718  0.43008445  0.50094976
   0.03971000  0.44194000  0.09637000
   0.31419074  0.18821304  0.29845962
   0.12859101  0.31085303  0.39805205
   0.51092860  0.06411703  0.19533195
   0.62011628  0.43213438  0.50226301
   0.37304000  0.44194000  0.09637000
   0.64767198  0.18786307  0.29852584
   0.46212000  0.31153705  0.39877516
   0.84429605  0.06399300  0.19530071
   0.95395364  0.42932818  0.50096502
   0.70637000  0.44194000  0.09637000
   0.98088303  0.18760192  0.29806906
   0.79581345  0.31150125  0.39827058
   0.18003480  0.56391044  0.19516885
   0.24780389  0.93910031  0.50166046
   0.03971000  0.94194000  0.09637000
   0.31536425  0.68896222  0.29831933
   0.11049822  0.81507755  0.39945362
   0.51349725  0.56411316  0.19515885
   0.58160008  0.94077582  0.50324986
   0.37304000  0.94194000  0.09637000
   0.64807669  0.68889659  0.29902267
   0.44118333  0.81674712  0.40344075
   0.84644828  0.56370560  0.19489186
   0.91300616  0.93864394  0.50447523
   0.70637000  0.94194000  0.09637000
   0.98160098  0.68805924  0.29777356
   0.77631027  0.81677889  0.39992699
   0.92932818  0.69438239  0.49523315
   0.03971000  0.19194000  0.09637000
   0.31905063  0.43797374  0.29763381
   0.11419332  0.06227514  0.40023276
   0.17919955  0.31491722  0.19605887
   0.26056203  0.19332988  0.49555761
   0.37304000  0.19194000  0.09637000
   0.65242214  0.43885583  0.29869788
   0.44724874  0.06304596  0.39999455
   0.51217367  0.31587858  0.19751890
   0.59345058  0.19547607  0.49529490
   0.70637000  0.19194000  0.09637000
   0.98583468  0.43731837  0.29678441
   0.78029503  0.06245948  0.40018537
   0.84457586  0.31473176  0.19680272
   0.92863259  0.19192895  0.49514137
   0.03971000  0.69194000  0.09637000
   0.31075773  0.93989400  0.29824379
   0.12804594  0.55838769  0.39843875
   0.17808539  0.81564241  0.19724547
   0.25544856  0.68820214  0.49849125
   0.37304000  0.69194000  0.09637000
   0.64346112  0.93924879  0.29863391
   0.46064778  0.55965573  0.39982052
   0.51144971  0.81556363  0.19728495
   0.59282404  0.69359533  0.49529467
   0.70637000  0.69194000  0.09637000
   0.97736784  0.93952156  0.29843148
   0.84453568  0.81570097  0.19729080
   0.79435296  0.56021798  0.40035483
   0.17310000  0.33301000  0.10976000
   0.26174470  0.20361958  0.41101786
   0.08628142  0.31857069  0.51106771
   0.31441580  0.45973411  0.21347807
   0.11429753  0.08335222  0.31569624
   0.23858000  0.04636000  0.07986000
   0.04400286  0.17054601  0.18004927
   0.32805152  0.41540726  0.38145782
   0.11597897  0.05070014  0.48796757
   0.18123267  0.29289687  0.27969999
   0.50750000  0.33753000  0.11288000
   0.59571283  0.20437101  0.41097510
   0.42017362  0.32077783  0.51130074
   0.64771979  0.46091452  0.21489676
   0.44771307  0.08362857  0.31553772
   0.57191000  0.04636000  0.07986000
   0.37762552  0.17099132  0.18030722
   0.66174055  0.41658473  0.38261998
   0.45069457  0.05311495  0.48753444
   0.51478254  0.29363686  0.28092047
   0.84083000  0.33753000  0.11288000
   0.92787387  0.20358747  0.41110863
   0.75174221  0.32218856  0.51188303
   0.98099808  0.45970141  0.21322621
   0.78101380  0.08284419  0.31571940
   0.90524000  0.04636000  0.07986000
   0.71035732  0.17002768  0.17982097
   0.99419103  0.41422985  0.38004784
   0.78477302  0.05039906  0.48805741
   0.84757745  0.29223786  0.27982390
   0.17417000  0.83753000  0.11288000
   0.24070189  0.70761829  0.41511103
   0.04477036  0.83367540  0.51531811
   0.31202103  0.96078939  0.21426673
   0.11664722  0.58372590  0.31459960
   0.23858000  0.54636000  0.07986000
   0.04581829  0.67016286  0.18016222
   0.30749719  0.92025954  0.38204910
   0.15081186  0.53417026  0.48227455
   0.18022835  0.79287862  0.28038617
   0.50750000  0.83753000  0.11288000
   0.57753168  0.70949213  0.41350021
   0.38333052  0.83508586  0.50402001
   0.64531602  0.96066951  0.21450397
   0.44911743  0.58413426  0.31617960
   0.57191000  0.54636000  0.07986000
   0.37916720  0.67015114  0.18011136
   0.64090115  0.92009237  0.38291876
   0.48678541  0.54032022  0.48583375
   0.51383952  0.79267261  0.28033533
   0.84083000  0.83753000  0.11288000
   0.71185649  0.83220083  0.51526390
   0.97870341  0.96082899  0.21446472
   0.78286104  0.58470324  0.31677495
   0.90524000  0.54636000  0.07986000
   0.71264793  0.67022477  0.18001763
   0.97547479  0.91966273  0.38251676
   0.82108608  0.54155478  0.48764088
   0.84694249  0.79257145  0.28043783
   0.90945839  0.71002005  0.41362878
   0.72156242  0.57112512  0.64737278
   0.23670464  0.66127283  0.60045580
   0.96133567  0.63287569  0.61165542
   0.68020529  0.53344227  0.69574751
   0.78607934  0.52994616  0.74539516
   0.75494822  0.44813184  0.76642466
   0.91163921  0.55003865  0.73295385
   0.76429478  0.59057478  0.77757023
   0.55143513  0.49996892  0.70283961
