   0.18177000  0.06503000  0.19527000
   0.26451462  0.42884813  0.50215279
   0.03971000  0.44194000  0.09637000
   0.31565331  0.18975145  0.29759556
   0.11352364  0.31563843  0.39926039
   0.51472000  0.06471000  0.19485000
   0.59698748  0.42927693  0.50155565
   0.37304000  0.44194000  0.09637000
   0.64884883  0.18740776  0.29863635
   0.44935522  0.31520006  0.39911705
   0.84826000  0.06468000  0.19455000
   0.93137886  0.43479944  0.49984555
   0.70637000  0.44194000  0.09637000
   0.97995186  0.19047184  0.29660281
   0.78353352  0.31404633  0.39931875
   0.17955000  0.56532000  0.19533000
   0.27044199  0.92821893  0.50257303
   0.03971000  0.94194000  0.09637000
   0.31571837  0.68839167  0.29749408
   0.12128301  0.81443658  0.39640030
   0.51276000  0.56480000  0.19498000
   0.59771060  0.92885412  0.50248035
   0.37304000  0.94194000  0.09637000
   0.64862367  0.68788693  0.29726498
   0.45266185  0.81105906  0.39759570
   0.84642000  0.56519000  0.19522000
   0.93295149  0.94081081  0.50474293
   0.70637000  0.94194000  0.09637000
   0.98208315  0.68809140  0.29751104
   0.78631939  0.81381553  0.39672350
   0.59259598  0.19186285  0.49567984
   0.03971000  0.19194000  0.09637000
   0.31519654  0.44046456  0.29804858
   0.12407642  0.06158420  0.39093711
   0.18013000  0.31638000  0.19719000
   0.25731196  0.17916785  0.49432222
   0.37304000  0.19194000  0.09637000
   0.64707778  0.43878556  0.29740059
   0.44806077  0.06008269  0.40114815
   0.51314000  0.31594000  0.19696000
   0.70637000  0.19194000  0.09637000
   0.98219980  0.43991095  0.29705265
   0.78186365  0.06201450  0.39690740
   0.84665000  0.31624000  0.19703000
   0.93421590  0.18643301  0.49824603
   0.03971000  0.69194000  0.09637000
   0.31966030  0.93937400  0.29750063
   0.12120065  0.56136360  0.39940552
   0.18025000  0.81742000  0.19778000
   0.26704680  0.68806434  0.49489136
   0.37304000  0.69194000  0.09637000
   0.64842186  0.93743694  0.29578600
   0.45571380  0.55942090  0.39911080
   0.51318000  0.81586000  0.19571000
   0.59217331  0.69048754  0.49503796
   0.70637000  0.69194000  0.09637000
   0.98110711  0.93737281  0.29498350
   0.84718000  0.81593000  0.19584000
   0.92425443  0.68961333  0.49267468
   0.78933220  0.56068031  0.39836067
   0.17417000  0.33753000  0.11288000
   0.24914189  0.20876424  0.40863727
   0.06030382  0.33161114  0.50928825
   0.31386000  0.46170000  0.21427000
   0.11246563  0.08504271  0.30984231
   0.23858000  0.04636000  0.07986000
   0.04735000  0.17100000  0.18013000
   0.31557440  0.42063167  0.38198847
   0.14203049  0.02696845  0.47297562
   0.18171171  0.29551345  0.28036057
   0.50750000  0.33753000  0.11288000
   0.58055329  0.20622947  0.41261479
   0.39458928  0.31851143  0.51221013
   0.64712000  0.46121000  0.21367000
   0.44856789  0.08459514  0.31703474
   0.57191000  0.04636000  0.07986000
   0.38063000  0.17082000  0.17998000
   0.64921674  0.41907319  0.38165427
   0.46715902  0.04042124  0.48902166
   0.51779750  0.29156990  0.27987594
   0.84083000  0.33753000  0.11288000
   0.91351803  0.20779619  0.41281524
   0.73215380  0.32642927  0.51138729
   0.98063000  0.46160000  0.21400000
   0.78132794  0.08287760  0.31300748
   0.90524000  0.04636000  0.07986000
   0.71387000  0.17083000  0.18002000
   0.98186861  0.42058056  0.38034225
   0.80022730  0.04073549  0.48152819
   0.84607630  0.29447518  0.27991802
   0.17417000  0.83753000  0.11288000
   0.25200770  0.70740017  0.41245941
   0.05763619  0.82351799  0.52072623
   0.31682000  0.96236000  0.21534000
   0.11670802  0.58435993  0.31496033
   0.23858000  0.54636000  0.07986000
   0.04601000  0.67209000  0.18056000
   0.32141453  0.91525931  0.38056647
   0.13362929  0.54527988  0.48670025
   0.18220491  0.79355857  0.28032263
   0.50619000  0.83294000  0.10916000
   0.58560323  0.70507172  0.41198998
   0.39511825  0.81892163  0.51993259
   0.64926000  0.96050000  0.21277000
   0.45002503  0.58441485  0.31548396
   0.57191000  0.54636000  0.07986000
   0.37906000  0.67136000  0.18002000
   0.64987281  0.91432606  0.37859718
   0.46636410  0.53980785  0.48648903
   0.51484566  0.79227930  0.27858939
   0.83992000  0.83287000  0.10930000
   0.73050941  0.82533665  0.51187899
   0.98268000  0.96077000  0.21320000
   0.78237259  0.58297224  0.31484168
   0.90524000  0.54636000  0.07986000
   0.71230000  0.67144000  0.18017000
   0.98611616  0.91668653  0.37764453
   0.79849582  0.54303141  0.48478066
   0.84754755  0.79150868  0.27863378
   0.91990450  0.70891383  0.41097123
   0.78477000  0.69231000  0.65805000
   0.05824575  0.11318948  0.58103461
   0.03106454  0.71667664  0.59774267
   0.71841871  0.63011748  0.69603598
   0.79606026  0.57435543  0.74095524
   0.74077265  0.48537985  0.74375788
   0.92490531  0.58678946  0.73311789
   0.77712156  0.61082858  0.78303229
   0.58559658  0.61408833  0.69825306
