   0.17787782  0.06446546  0.19572040
   0.28701352  0.43169097  0.50033616
   0.03971000  0.44194000  0.09637000
   0.31383303  0.18798745  0.29949402
   0.12893719  0.31017941  0.39885685
   0.51104596  0.06445234  0.19569126
   0.62094467  0.43398439  0.50046949
   0.37304000  0.44194000  0.09637000
   0.64767004  0.18804632  0.29904346
   0.46113543  0.31178725  0.40014996
   0.84424798  0.06430602  0.19546081
   0.95205376  0.43142124  0.50060461
   0.70637000  0.44194000  0.09637000
   0.97994907  0.18768541  0.29821276
   0.79543306  0.31144403  0.39967946
   0.18006490  0.56400354  0.19517930
   0.24734048  0.93997595  0.50414696
   0.03971000  0.94194000  0.09637000
   0.31516344  0.68871027  0.29890876
   0.10772386  0.81547377  0.39953947
   0.51344754  0.56399908  0.19518608
   0.57973487  0.93867187  0.50395877
   0.37304000  0.94194000  0.09637000
   0.64799389  0.68841377  0.29843393
   0.44156164  0.81662464  0.40138352
   0.84675904  0.56413656  0.19540574
   0.91375397  0.93796516  0.50393456
   0.70637000  0.94194000  0.09637000
   0.98189849  0.68884269  0.29897603
   0.77476408  0.81527858  0.39932266
   0.93294405  0.69100012  0.49677496
   0.03971000  0.19194000  0.09637000
   0.31896936  0.43824300  0.29762832
   0.11335218  0.06113314  0.39768980
   0.17905938  0.31494822  0.19603324
   0.26429783  0.18975635  0.50156728
   0.37304000  0.19194000  0.09637000
   0.65314087  0.43820592  0.29850700
   0.44747315  0.06197753  0.39962850
   0.51211292  0.31547345  0.19748457
   0.58837638  0.19434699  0.49565457
   0.70637000  0.19194000  0.09637000
   0.98597758  0.43823577  0.29841405
   0.78020237  0.06251238  0.40070008
   0.84530977  0.31546846  0.19743934
   0.93253067  0.19217573  0.49528606
   0.03971000  0.69194000  0.09637000
   0.31002085  0.93877988  0.29839442
   0.12679354  0.55907416  0.40029018
   0.17794691  0.81549979  0.19725534
   0.25803270  0.69266625  0.49613389
   0.37304000  0.69194000  0.09637000
   0.64293429  0.93947026  0.29868780
   0.46099155  0.56067472  0.39989000
   0.51131697  0.81557205  0.19727091
   0.59800802  0.69477278  0.49596476
   0.70637000  0.69194000  0.09637000
   0.97487518  0.93754008  0.29731956
   0.84430183  0.81530074  0.19695924
   0.79514290  0.56107836  0.39983049
   0.17310000  0.33301000  0.10976000
   0.26103522  0.20220464  0.41351233
   0.08257433  0.32616430  0.50574907
   0.31435515  0.45981527  0.21361644
   0.11328559  0.08228547  0.31313760
   0.23858000  0.04636000  0.07986000
   0.04397555  0.17068006  0.17988120
   0.32623451  0.41664868  0.38102024
   0.11399921  0.04217586  0.48204965
   0.18096251  0.29257534  0.27999899
   0.50750000  0.33753000  0.11288000
   0.59585345  0.20299177  0.41111085
   0.42455391  0.32659917  0.49786237
   0.64784937  0.46067020  0.21473935
   0.44724857  0.08257660  0.31521135
   0.57191000  0.04636000  0.07986000
   0.37761252  0.17080143  0.18009375
   0.66268559  0.41674394  0.38210560
   0.45222211  0.04706320  0.48547431
   0.51428617  0.29276922  0.28099546
   0.84083000  0.33753000  0.11288000
   0.92740148  0.20341285  0.41139891
   0.74935558  0.32273339  0.51019370
   0.98122283  0.46053281  0.21450637
   0.78035376  0.08288987  0.31584175
   0.90524000  0.04636000  0.07986000
   0.71084728  0.17073241  0.18004430
   0.99426562  0.41603611  0.38203742
   0.78533306  0.04841322  0.48843776
   0.84799902  0.29292247  0.28074764
   0.17417000  0.83753000  0.11288000
   0.24149708  0.70904377  0.41348123
   0.04349365  0.83028894  0.51960381
   0.31184951  0.96055683  0.21444849
   0.11617225  0.58448521  0.31650652
   0.23858000  0.54636000  0.07986000
   0.04590120  0.67011357  0.17993063
   0.30663321  0.91892708  0.38234836
   0.15289058  0.54135799  0.48877790
   0.18018145  0.79229411  0.28038375
   0.50750000  0.83753000  0.11288000
   0.57603331  0.71064507  0.41422014
   0.37747786  0.83201338  0.51362908
   0.64514837  0.96073385  0.21456506
   0.44994948  0.58445949  0.31611962
   0.57191000  0.54636000  0.07986000
   0.37925470  0.67011441  0.17990973
   0.64021365  0.91987998  0.38295662
   0.48782707  0.54416709  0.48639007
   0.51383129  0.79242501  0.28038900
   0.84083000  0.83753000  0.11288000
   0.71052369  0.83341022  0.51689523
   0.97810863  0.96026433  0.21382661
   0.78316611  0.58507574  0.31639583
   0.90524000  0.54636000  0.07986000
   0.71244206  0.67005167  0.17988914
   0.97232588  0.91774932  0.38074010
   0.82221686  0.54241100  0.48690186
   0.84598960  0.79147364  0.27994108
   0.90875481  0.71079773  0.41503301
   0.73657814  0.56738481  0.64729542
   0.25989686  0.17450799  0.59911526
   0.97595870  0.64975371  0.59873262
   0.68702940  0.53268026  0.69496876
   0.78810128  0.52938547  0.74647692
   0.75437057  0.44725149  0.76766462
   0.91401399  0.54807531  0.73550404
   0.76435137  0.59046092  0.77808432
   0.55794504  0.50249243  0.70084938
