   0.18177000  0.06503000  0.19527000
   0.24678889  0.44134230  0.50358413
   0.03971000  0.44194000  0.09637000
   0.31883302  0.19047742  0.29924521
   0.11487639  0.31785084  0.40099867
   0.51472000  0.06471000  0.19485000
   0.57455214  0.44859344  0.50108948
   0.37304000  0.44194000  0.09637000
   0.65192852  0.18993091  0.29818768
   0.44897369  0.31865837  0.40145270
   0.84826000  0.06468000  0.19455000
   0.91569744  0.44623505  0.50113489
   0.70637000  0.44194000  0.09637000
   0.98561151  0.18984982  0.29780831
   0.78104826  0.31708876  0.40063893
   0.17955000  0.56532000  0.19533000
   0.28051427  0.93441823  0.50343094
   0.03971000  0.94194000  0.09637000
   0.31586286  0.69084747  0.29826760
   0.12512688  0.81590360  0.39861176
   0.51276000  0.56480000  0.19498000
   0.61339468  0.93237783  0.50292565
   0.37304000  0.94194000  0.09637000
   0.64866610  0.69019764  0.29734709
   0.45879737  0.81628116  0.39887089
   0.84642000  0.56519000  0.19522000
   0.94748482  0.93337241  0.50167626
   0.70637000  0.94194000  0.09637000
   0.98234281  0.69068494  0.29798883
   0.79111624  0.81504065  0.39797883
   0.59982297  0.19600335  0.50073784
   0.03971000  0.19194000  0.09637000
   0.31457635  0.44081717  0.29804839
   0.12699481  0.06203478  0.40000916
   0.18013000  0.31638000  0.19719000
   0.26071611  0.19745029  0.49538612
   0.37304000  0.19194000  0.09637000
   0.64768720  0.44021822  0.29719195
   0.46193316  0.06467522  0.40289159
   0.51314000  0.31594000  0.19696000
   0.70637000  0.19194000  0.09637000
   0.98113984  0.44059734  0.29764261
   0.79453138  0.06159791  0.39858792
   0.84665000  0.31624000  0.19703000
   0.92091014  0.19443117  0.49703421
   0.03971000  0.69194000  0.09637000
   0.32019376  0.94221636  0.29944949
   0.11535563  0.56553108  0.39873675
   0.18025000  0.81742000  0.19778000
   0.25783234  0.69762792  0.49460133
   0.37304000  0.69194000  0.09637000
   0.65239944  0.93992530  0.29681285
   0.44710839  0.56628469  0.39963755
   0.51318000  0.81586000  0.19571000
   0.59053416  0.69670461  0.49596737
   0.70637000  0.69194000  0.09637000
   0.98590782  0.94006613  0.29732431
   0.84718000  0.81593000  0.19584000
   0.91900173  0.69797310  0.49509806
   0.78228063  0.56563907  0.39785832
   0.17417000  0.33753000  0.11288000
   0.24875511  0.21092313  0.41326553
   0.03985678  0.33356259  0.51254854
   0.31386000  0.46170000  0.21427000
   0.11954040  0.08536340  0.31611915
   0.23858000  0.04636000  0.07986000
   0.04735000  0.17100000  0.18013000
   0.31332168  0.42092647  0.38242618
   0.14797711  0.04441738  0.48703742
   0.18430132  0.29379462  0.28049782
   0.50750000  0.33753000  0.11288000
   0.58321799  0.21310626  0.42024766
   0.37574630  0.33525587  0.51312322
   0.64712000  0.46121000  0.21367000
   0.45440958  0.08767059  0.31897654
   0.57191000  0.04636000  0.07986000
   0.38063000  0.17082000  0.17998000
   0.64729347  0.41954448  0.38136129
   0.48345659  0.04476733  0.48979976
   0.51740659  0.29336313  0.28025378
   0.84083000  0.33753000  0.11288000
   0.91394751  0.21042954  0.41612481
   0.71238838  0.33430151  0.51034773
   0.98063000  0.46160000  0.21400000
   0.78666773  0.08575516  0.31554347
   0.90524000  0.04636000  0.07986000
   0.71387000  0.17083000  0.18002000
   0.97938266  0.42038039  0.38215739
   0.81304505  0.04192842  0.48497425
   0.85079139  0.29372236  0.28034629
   0.17417000  0.83753000  0.11288000
   0.25817077  0.70838935  0.41048102
   0.07900205  0.82479619  0.51135248
   0.31682000  0.96236000  0.21534000
   0.11563676  0.58541410  0.31515486
   0.23858000  0.54636000  0.07986000
   0.04601000  0.67209000  0.18056000
   0.32499478  0.92195269  0.38388899
   0.11748089  0.55322481  0.48664230
   0.18290582  0.79659522  0.28148817
   0.50619000  0.83294000  0.10916000
   0.59093666  0.70868477  0.41149325
   0.41139954  0.82479658  0.51228124
   0.64926000  0.96050000  0.21277000
   0.44893643  0.58570990  0.31538629
   0.57191000  0.54636000  0.07986000
   0.37906000  0.67136000  0.18002000
   0.65733425  0.91957109  0.38078115
   0.44573921  0.55513768  0.48635420
   0.51541948  0.79500763  0.27952446
   0.83992000  0.83287000  0.10930000
   0.74685130  0.82570921  0.51117214
   0.98268000  0.96077000  0.21320000
   0.78212873  0.58514023  0.31397794
   0.90524000  0.54636000  0.07986000
   0.71230000  0.67144000  0.18017000
   0.99045228  0.91992382  0.38178414
   0.78286572  0.55478541  0.48291320
   0.84898002  0.79528299  0.27975777
   0.92555359  0.70861782  0.40985942
   0.78477000  0.69231000  0.65805000
   0.67250127  0.40925135  0.60965889
   0.96468169  0.64301697  0.61037832
   0.69287216  0.54200733  0.69083225
   0.79086685  0.52984085  0.74271128
   0.75395327  0.44505786  0.76833057
   0.91095266  0.54752574  0.73581398
   0.76466365  0.59249775  0.77779127
   0.56112963  0.50891275  0.69883390
