   0.18177000  0.06503000  0.19527000
   0.26690958  0.43263042  0.50250358
   0.03971000  0.44194000  0.09637000
   0.31545848  0.18836965  0.29831047
   0.11612125  0.31429127  0.40001447
   0.51472000  0.06471000  0.19485000
   0.60006926  0.43276462  0.50148128
   0.37304000  0.44194000  0.09637000
   0.64900213  0.18826890  0.29813592
   0.44932969  0.31350473  0.39902164
   0.84826000  0.06468000  0.19455000
   0.93544421  0.43525862  0.50742555
   0.70637000  0.44194000  0.09637000
   0.98225639  0.18851310  0.29834206
   0.78325588  0.31473577  0.39981742
   0.17955000  0.56532000  0.19533000
   0.26175037  0.93330554  0.50448730
   0.03971000  0.94194000  0.09637000
   0.31549707  0.68857871  0.29784992
   0.11969089  0.81304958  0.39656071
   0.51276000  0.56480000  0.19498000
   0.59358590  0.93320476  0.50242967
   0.37304000  0.94194000  0.09637000
   0.64843552  0.68859742  0.29732117
   0.45257199  0.81354126  0.39906528
   0.84642000  0.56519000  0.19522000
   0.92603567  0.93524815  0.50503089
   0.70637000  0.94194000  0.09637000
   0.98169206  0.68839436  0.29728678
   0.78544827  0.81428860  0.39871782
   0.58942144  0.19180659  0.49462724
   0.03971000  0.19194000  0.09637000
   0.31477715  0.43935282  0.29799153
   0.11894872  0.06032564  0.40013680
   0.18013000  0.31638000  0.19719000
   0.25495837  0.19198986  0.49569056
   0.37304000  0.19194000  0.09637000
   0.64769867  0.43880656  0.29726060
   0.45211851  0.06061627  0.39995179
   0.51314000  0.31594000  0.19696000
   0.70637000  0.19194000  0.09637000
   0.98147094  0.43889067  0.29757716
   0.78516553  0.06021675  0.39907629
   0.84665000  0.31624000  0.19703000
   0.92214824  0.19226823  0.49397440
   0.03971000  0.69194000  0.09637000
   0.31703636  0.93956779  0.29838353
   0.12119373  0.55947293  0.39885608
   0.18025000  0.81742000  0.19778000
   0.26108042  0.68773788  0.49474794
   0.37304000  0.69194000  0.09637000
   0.64949514  0.93849390  0.29689675
   0.45421347  0.55999486  0.39975261
   0.51318000  0.81586000  0.19571000
   0.59534167  0.69058364  0.49483168
   0.70637000  0.69194000  0.09637000
   0.98274829  0.93930852  0.29738411
   0.84718000  0.81593000  0.19584000
   0.92331049  0.68929907  0.49261063
   0.78782058  0.55989870  0.39801775
   0.17417000  0.33753000  0.11288000
   0.24941545  0.20627799  0.41275312
   0.06730532  0.32287916  0.50958515
   0.31386000  0.46170000  0.21427000
   0.11600158  0.08383444  0.31595866
   0.23858000  0.04636000  0.07986000
   0.04735000  0.17100000  0.18013000
   0.31551730  0.41788679  0.38184491
   0.12905763  0.04167386  0.48780552
   0.18193512  0.29300226  0.28031732
   0.50750000  0.33753000  0.11288000
   0.58282010  0.20660754  0.41187257
   0.39880061  0.32441057  0.51212633
   0.64712000  0.46121000  0.21367000
   0.44963195  0.08420863  0.31618198
   0.57191000  0.04636000  0.07986000
   0.38063000  0.17082000  0.17998000
   0.64786337  0.41783557  0.38099667
   0.46199778  0.04330721  0.48680938
   0.51485396  0.29252939  0.28000341
   0.84083000  0.33753000  0.11288000
   0.91578077  0.20618304  0.41120854
   0.73184340  0.32468714  0.50985633
   0.98063000  0.46160000  0.21400000
   0.78260356  0.08309559  0.31499974
   0.90524000  0.04636000  0.07986000
   0.71387000  0.17083000  0.18002000
   0.98173325  0.41766873  0.38105525
   0.79555965  0.04404282  0.48622451
   0.84836710  0.29267664  0.27996998
   0.17417000  0.83753000  0.11288000
   0.25222606  0.70708320  0.41211923
   0.05610130  0.82525808  0.52179595
   0.31682000  0.96236000  0.21534000
   0.11569916  0.58411235  0.31515456
   0.23858000  0.54636000  0.07986000
   0.04601000  0.67209000  0.18056000
   0.31805724  0.91743275  0.38204289
   0.13699381  0.54139210  0.48351728
   0.18174335  0.79388175  0.28094639
   0.50619000  0.83294000  0.10916000
   0.58575553  0.70648929  0.41228049
   0.39165885  0.82502315  0.51318764
   0.64926000  0.96050000  0.21277000
   0.44911908  0.58430376  0.31583849
   0.57191000  0.54636000  0.07986000
   0.37906000  0.67136000  0.18002000
   0.65043324  0.91721474  0.38099287
   0.46826364  0.54346713  0.48672454
   0.51473082  0.79318378  0.27927887
   0.83992000  0.83287000  0.10930000
   0.72743759  0.82719129  0.51115292
   0.98268000  0.96077000  0.21320000
   0.78211315  0.58394745  0.31451341
   0.90524000  0.54636000  0.07986000
   0.71230000  0.67144000  0.18017000
   0.98496934  0.91762280  0.38169799
   0.79937822  0.54254097  0.48319462
   0.84835069  0.79372600  0.27950944
   0.92012518  0.70803787  0.41093478
   0.78477000  0.69231000  0.65805000
   0.99340829  0.50992677  0.61712200
   0.03505767  0.70086808  0.59247415
   0.71782659  0.62957448  0.69581333
   0.79633827  0.57532712  0.74104578
   0.73987538  0.48608275  0.74362959
   0.92429230  0.58533215  0.73257626
   0.77744733  0.61183967  0.78308359
   0.58510880  0.61074775  0.69744267
