   0.17782307  0.06426074  0.19531535
   0.28689816  0.43004321  0.50083304
   0.03971000  0.44194000  0.09637000
   0.31419115  0.18817272  0.29845599
   0.12863237  0.31082299  0.39802818
   0.51095685  0.06415798  0.19535531
   0.62039512  0.43209118  0.50226367
   0.37304000  0.44194000  0.09637000
   0.64760194  0.18783385  0.29852932
   0.46211398  0.31148096  0.39871489
   0.84430235  0.06403245  0.19531614
   0.95413843  0.42932603  0.50081078
   0.70637000  0.44194000  0.09637000
   0.98089825  0.18762086  0.29810147
   0.79585833  0.31148154  0.39825965
   0.17999103  0.56392493  0.19522556
   0.24762612  0.93909246  0.50164225
   0.03971000  0.94194000  0.09637000
   0.31532426  0.68896540  0.29839367
   0.11041424  0.81512789  0.39937686
   0.51348787  0.56408697  0.19515491
   0.58134133  0.94065888  0.50320685
   0.37304000  0.94194000  0.09637000
   0.64800636  0.68884576  0.29899611
   0.44111792  0.81681768  0.40331543
   0.84644190  0.56373776  0.19493001
   0.91283046  0.93865445  0.50449000
   0.70637000  0.94194000  0.09637000
   0.98150584  0.68805466  0.29773967
   0.77629267  0.81679099  0.39998621
   0.92950131  0.69432202  0.49525629
   0.03971000  0.19194000  0.09637000
   0.31912268  0.43790713  0.29761207
   0.11407514  0.06225817  0.40024857
   0.17919246  0.31490813  0.19605731
   0.26058934  0.19326291  0.49559497
   0.37304000  0.19194000  0.09637000
   0.65241752  0.43883622  0.29871088
   0.44700765  0.06306603  0.40001933
   0.51219747  0.31584680  0.19750899
   0.59338914  0.19550935  0.49535481
   0.70637000  0.19194000  0.09637000
   0.98559173  0.43719179  0.29676043
   0.78029817  0.06240704  0.40017950
   0.84454092  0.31474227  0.19679803
   0.92867016  0.19192610  0.49520254
   0.03971000  0.69194000  0.09637000
   0.31066064  0.93997537  0.29822705
   0.12827133  0.55838032  0.39818958
   0.17810049  0.81562502  0.19726774
   0.25536983  0.68807561  0.49822086
   0.37304000  0.69194000  0.09637000
   0.64352169  0.93927919  0.29859500
   0.46071769  0.55965474  0.39983658
   0.51140014  0.81555251  0.19730685
   0.59290121  0.69360430  0.49530702
   0.70637000  0.69194000  0.09637000
   0.97724457  0.93955827  0.29843213
   0.84456303  0.81569026  0.19728466
   0.79445758  0.56023664  0.40039129
   0.17310000  0.33301000  0.10976000
   0.26175198  0.20352119  0.41104225
   0.08641495  0.31866334  0.51110982
   0.31441471  0.45971681  0.21347172
   0.11427303  0.08333233  0.31570679
   0.23858000  0.04636000  0.07986000
   0.04403048  0.17054908  0.18005617
   0.32801710  0.41537475  0.38145419
   0.11584420  0.05068297  0.48802540
   0.18124147  0.29286026  0.27971096
   0.50750000  0.33753000  0.11288000
   0.59562829  0.20431123  0.41099595
   0.42032987  0.32066499  0.51133877
   0.64772492  0.46088887  0.21490919
   0.44771306  0.08362321  0.31551955
   0.57191000  0.04636000  0.07986000
   0.37761562  0.17097896  0.18030848
   0.66177602  0.41655959  0.38263857
   0.45053049  0.05304745  0.48761167
   0.51473770  0.29363558  0.28091714
   0.84083000  0.33753000  0.11288000
   0.92795615  0.20355247  0.41115847
   0.75203201  0.32221589  0.51181233
   0.98087615  0.45966102  0.21322590
   0.78105713  0.08285401  0.31569201
   0.90524000  0.04636000  0.07986000
   0.71036459  0.17008390  0.17984541
   0.99425305  0.41425727  0.38002444
   0.78443255  0.05039122  0.48805747
   0.84744457  0.29215036  0.27982854
   0.17417000  0.83753000  0.11288000
   0.24065148  0.70761419  0.41484569
   0.04474517  0.83364358  0.51532192
   0.31200956  0.96078535  0.21425132
   0.11648846  0.58357556  0.31435264
   0.23858000  0.54636000  0.07986000
   0.04581256  0.67017476  0.18014182
   0.30730158  0.92037964  0.38200045
   0.15103169  0.53408806  0.48201958
   0.18024118  0.79291309  0.28044513
   0.50750000  0.83753000  0.11288000
   0.57754678  0.70954019  0.41351251
   0.38294131  0.83496631  0.50373700
   0.64529118  0.96067257  0.21448701
   0.44905774  0.58409026  0.31621641
   0.57191000  0.54636000  0.07986000
   0.37917913  0.67012956  0.18009672
   0.64088168  0.92012376  0.38284755
   0.48715095  0.54026755  0.48582086
   0.51382519  0.79266571  0.28038788
   0.84083000  0.83753000  0.11288000
   0.71167901  0.83223734  0.51536698
   0.97868809  0.96082658  0.21447006
   0.78277308  0.58472281  0.31684027
   0.90524000  0.54636000  0.07986000
   0.71264849  0.67021568  0.18004173
   0.97541220  0.91968029  0.38254377
   0.82139817  0.54155480  0.48760933
   0.84685786  0.79260935  0.28044964
   0.90953720  0.71003922  0.41368067
   0.72116585  0.57078775  0.64754180
   0.23627897  0.66148864  0.60039625
   0.96093610  0.63335252  0.61158097
   0.68044317  0.53344336  0.69562071
   0.78645463  0.52984365  0.74560791
   0.75470842  0.44808386  0.76654475
   0.91167460  0.54986722  0.73307892
   0.76424269  0.59061461  0.77759829
   0.55141896  0.49970739  0.70298951
