   0.60823411  0.43136322  0.49283198
   0.17912929  0.06414369  0.18498519
   0.27791409  0.43292448  0.49170551
   0.03971000  0.44194000  0.08602000
   0.31515114  0.18810397  0.28876460
   0.12250153  0.31354026  0.38964780
   0.51248735  0.06421924  0.18499736
   0.37304000  0.44194000  0.08602000
   0.64873357  0.18839270  0.28885508
   0.45597051  0.31363413  0.38957466
   0.84576418  0.06404505  0.18496868
   0.94790435  0.43239537  0.49413553
   0.70637000  0.44194000  0.08602000
   0.98192392  0.18805056  0.28871324
   0.78953136  0.31397202  0.39046647
   0.18078858  0.56362921  0.18477716
   0.25848951  0.93745193  0.49416912
   0.03971000  0.94194000  0.08602000
   0.31650598  0.68809887  0.28835488
   0.11394256  0.81429019  0.39067738
   0.51417176  0.56381720  0.18492829
   0.59107182  0.93596215  0.49311638
   0.37304000  0.94194000  0.08602000
   0.64984225  0.68861883  0.28868099
   0.44819969  0.81515991  0.39000476
   0.84746356  0.56363242  0.18475082
   0.92499470  0.93847610  0.49390314
   0.70637000  0.94194000  0.08602000
   0.98345421  0.68827405  0.28830661
   0.78118464  0.81501899  0.39171251
   0.03971000  0.19194000  0.08602000
   0.31756588  0.43849665  0.28824401
   0.11762935  0.06082123  0.38992444
   0.17927920  0.31537483  0.18701492
   0.26018624  0.19283234  0.48455898
   0.37304000  0.19194000  0.08602000
   0.65111784  0.43931971  0.28894615
   0.45022675  0.06095698  0.38956229
   0.51274592  0.31580728  0.18731538
   0.59493863  0.19066242  0.48397924
   0.70637000  0.19194000  0.08602000
   0.98406746  0.43868783  0.28846525
   0.78421769  0.06124544  0.38973028
   0.84599126  0.31546847  0.18709456
   0.92726403  0.19232853  0.48448623
   0.03971000  0.69194000  0.08602000
   0.31324818  0.93886752  0.28800523
   0.12449493  0.56059814  0.39035240
   0.17934188  0.81534877  0.18677653
   0.26222504  0.69318648  0.48561990
   0.37304000  0.69194000  0.08602000
   0.64695824  0.93895362  0.28812561
   0.45761823  0.56028318  0.39027715
   0.51263323  0.81541546  0.18685407
   0.59618036  0.69157651  0.48681235
   0.70637000  0.69194000  0.08602000
   0.98005752  0.93854272  0.28830065
   0.84607327  0.81536088  0.18684316
   0.92854720  0.69646470  0.48940837
   0.79027217  0.56136823  0.39115849
   0.17417000  0.33753000  0.10253000
   0.25622603  0.20538073  0.40109945
   0.07841487  0.32308354  0.49856852
   0.31511058  0.46034675  0.20459486
   0.11519695  0.08279042  0.30594021
   0.23858000  0.04636000  0.06951000
   0.04537463  0.17040288  0.16989246
   0.32143713  0.41755245  0.37232686
   0.12633550  0.04805746  0.47714663
   0.18171836  0.29278169  0.27058002
   0.50750000  0.33753000  0.10253000
   0.58848017  0.20545530  0.40076394
   0.40893370  0.32353213  0.50021118
   0.64856064  0.46077460  0.20517232
   0.44866934  0.08314881  0.30559598
   0.57191000  0.04636000  0.06951000
   0.37891831  0.17081466  0.17007506
   0.65577725  0.41965230  0.37378708
   0.45927465  0.04624982  0.47678099
   0.51533527  0.29364470  0.27117954
   0.84083000  0.33753000  0.10253000
   0.92267143  0.20540087  0.40104396
   0.74383642  0.32306670  0.49669220
   0.98170241  0.46043885  0.20470818
   0.78207981  0.08318551  0.30573970
   0.90524000  0.04636000  0.06951000
   0.71213281  0.17053053  0.16992365
   0.98768640  0.41839957  0.37276658
   0.79188600  0.04774380  0.47701315
   0.84851142  0.29307693  0.27069200
   0.17417000  0.83753000  0.10253000
   0.24842163  0.70857077  0.40359810
   0.05840388  0.83282584  0.50487644
   0.31326179  0.96067781  0.20432219
   0.11724853  0.58407439  0.30657858
   0.23858000  0.54636000  0.06951000
   0.04693521  0.66987234  0.16976745
   0.31243066  0.91821933  0.37218161
   0.14523135  0.54284179  0.47701555
   0.18227726  0.79219109  0.27011007
   0.50750000  0.83753000  0.10253000
   0.58128671  0.70805063  0.40419922
   0.38984461  0.82919828  0.50418257
   0.64659508  0.96066239  0.20439839
   0.45084763  0.58395722  0.30648793
   0.57191000  0.54636000  0.06951000
   0.38028442  0.66995857  0.16979231
   0.64669729  0.91839948  0.37228464
   0.47769751  0.54176959  0.47668242
   0.51553755  0.79239664  0.27025390
   0.84083000  0.83753000  0.10253000
   0.72528153  0.83002731  0.50126303
   0.97995670  0.96062921  0.20454902
   0.78446236  0.58477399  0.30738297
   0.90524000  0.54636000  0.06951000
   0.71369045  0.66991532  0.16979025
   0.97980712  0.91740723  0.37263119
   0.81181720  0.54523316  0.48755235
   0.84900017  0.79209068  0.27019887
   0.91387776  0.70656166  0.40664520
   0.62877643  0.61774166  0.60957717
   0.84528215  0.39541367  0.67041342
   0.81313436  0.49783535  0.58884774
   0.51537690  0.60311719  0.64329502
   0.44682477  0.49781107  0.67417788
   0.31785458  0.47732341  0.66747133
   0.50019229  0.42870089  0.66226747
   0.46219686  0.51294329  0.72077911
   0.45750375  0.67427431  0.65081856
