   0.60850823  0.43124114  0.49295628
   0.17914099  0.06416883  0.18502358
   0.27766272  0.43282364  0.49158037
   0.03971000  0.44194000  0.08602000
   0.31517676  0.18813330  0.28879210
   0.12254170  0.31355065  0.38964653
   0.51250736  0.06424963  0.18503131
   0.37304000  0.44194000  0.08602000
   0.64874511  0.18840219  0.28887295
   0.45602228  0.31364006  0.38960277
   0.84577188  0.06406797  0.18498404
   0.94759891  0.43273399  0.49479822
   0.70637000  0.44194000  0.08602000
   0.98193973  0.18805164  0.28871461
   0.78965584  0.31400860  0.39047376
   0.18083964  0.56365647  0.18480241
   0.25842352  0.93739084  0.49420700
   0.03971000  0.94194000  0.08602000
   0.31652633  0.68813956  0.28838053
   0.11369897  0.81427681  0.39069178
   0.51421994  0.56385298  0.18494414
   0.59064859  0.93561012  0.49309936
   0.37304000  0.94194000  0.08602000
   0.64985160  0.68869862  0.28870896
   0.44805091  0.81523427  0.38999214
   0.84751189  0.56365938  0.18475681
   0.92448918  0.93824732  0.49392322
   0.70637000  0.94194000  0.08602000
   0.98352837  0.68831591  0.28830418
   0.78108403  0.81499838  0.39173667
   0.03971000  0.19194000  0.08602000
   0.31756297  0.43848205  0.28822834
   0.11757300  0.06084747  0.38993797
   0.17931337  0.31538683  0.18703660
   0.25996990  0.19276432  0.48449850
   0.37304000  0.19194000  0.08602000
   0.65112392  0.43931035  0.28892018
   0.45013374  0.06103243  0.38958260
   0.51275595  0.31581707  0.18733777
   0.59483722  0.19053987  0.48388698
   0.70637000  0.19194000  0.08602000
   0.98412223  0.43869527  0.28846133
   0.78424677  0.06130242  0.38975195
   0.84603337  0.31547670  0.18710348
   0.92705025  0.19253807  0.48446195
   0.03971000  0.69194000  0.08602000
   0.31323398  0.93891768  0.28802662
   0.12450301  0.56056568  0.39036415
   0.17940097  0.81538286  0.18680001
   0.26206696  0.69325043  0.48562361
   0.37304000  0.69194000  0.08602000
   0.64693099  0.93899659  0.28815333
   0.45751964  0.56013683  0.39018344
   0.51266596  0.81545124  0.18688785
   0.59632328  0.69156068  0.48657022
   0.70637000  0.69194000  0.08602000
   0.98000669  0.93856455  0.28830730
   0.84612536  0.81537872  0.18686765
   0.92868829  0.69644339  0.48957778
   0.79002646  0.56135764  0.39109610
   0.17417000  0.33753000  0.10253000
   0.25624935  0.20535706  0.40103408
   0.07827400  0.32304755  0.49844442
   0.31520679  0.46039248  0.20457914
   0.11518545  0.08275168  0.30591194
   0.23858000  0.04636000  0.06951000
   0.04538504  0.17040135  0.16987986
   0.32150444  0.41747869  0.37227818
   0.12607663  0.04796325  0.47712926
   0.18174031  0.29277618  0.27056955
   0.50750000  0.33753000  0.10253000
   0.58851093  0.20547586  0.40070166
   0.40890777  0.32342452  0.50008872
   0.64859284  0.46080823  0.20513593
   0.44872273  0.08316755  0.30558274
   0.57191000  0.04636000  0.06951000
   0.37893820  0.17078536  0.17007525
   0.65586543  0.41976373  0.37371515
   0.45905303  0.04618248  0.47674834
   0.51538537  0.29363407  0.27116849
   0.84083000  0.33753000  0.10253000
   0.92274456  0.20541370  0.40099788
   0.74397356  0.32287384  0.49643555
   0.98178423  0.46045233  0.20468111
   0.78214547  0.08319553  0.30572677
   0.90524000  0.04636000  0.06951000
   0.71213837  0.17050243  0.16991661
   0.98773497  0.41842920  0.37268853
   0.79178128  0.04767022  0.47698516
   0.84853186  0.29306021  0.27069051
   0.17417000  0.83753000  0.10253000
   0.24819167  0.70866696  0.40357486
   0.05813482  0.83281671  0.50490426
   0.31332216  0.96071234  0.20434549
   0.11731607  0.58411168  0.30654055
   0.23858000  0.54636000  0.06951000
   0.04702169  0.66989739  0.16977469
   0.31229788  0.91830120  0.37220127
   0.14521211  0.54290240  0.47698663
   0.18230794  0.79223845  0.27012697
   0.50750000  0.83753000  0.10253000
   0.58103169  0.70794599  0.40395130
   0.38967045  0.82926459  0.50419047
   0.64665245  0.96070318  0.20444032
   0.45088124  0.58394349  0.30645677
   0.57191000  0.54636000  0.06951000
   0.38036072  0.66998266  0.16980974
   0.64660284  0.91843235  0.37234207
   0.47792799  0.54170063  0.47675208
   0.51552307  0.79244896  0.27030082
   0.84083000  0.83753000  0.10253000
   0.72490239  0.82993502  0.50130454
   0.97999893  0.96064329  0.20454111
   0.78444921  0.58479868  0.30721410
   0.90524000  0.54636000  0.06951000
   0.71375786  0.66993302  0.16979163
   0.97956171  0.91737998  0.37267766
   0.81174087  0.54562347  0.48800143
   0.84908147  0.79214608  0.27022580
   0.91358068  0.70637367  0.40675527
   0.63203559  0.61878819  0.61093477
   0.84229044  0.39490563  0.67036407
   0.81308723  0.49879261  0.58850402
   0.51677146  0.60220640  0.64376479
   0.44533715  0.49674328  0.67438670
   0.31589906  0.47701814  0.66759076
   0.50005188  0.42749015  0.66237656
   0.46231407  0.51252542  0.72088905
   0.46116930  0.67427785  0.64929563
