   0.18177000  0.06503000  0.19527000
   0.24388781  0.44149203  0.50372120
   0.03971000  0.44194000  0.09637000
   0.31890686  0.19028822  0.29920069
   0.11461182  0.31823201  0.40028217
   0.51472000  0.06471000  0.19485000
   0.58142534  0.44170815  0.50439643
   0.37304000  0.44194000  0.09637000
   0.65201186  0.18990545  0.29824785
   0.44887691  0.31929468  0.40119624
   0.84826000  0.06468000  0.19455000
   0.91191617  0.44133131  0.50324948
   0.70637000  0.44194000  0.09637000
   0.98546217  0.18974408  0.29779990
   0.78093344  0.31849908  0.40139457
   0.17955000  0.56532000  0.19533000
   0.28136623  0.93562354  0.50382132
   0.03971000  0.94194000  0.09637000
   0.31572920  0.69063355  0.29817845
   0.12513968  0.81596816  0.39842598
   0.51276000  0.56480000  0.19498000
   0.61397001  0.93399521  0.50316245
   0.37304000  0.94194000  0.09637000
   0.64858411  0.69000681  0.29728515
   0.45853454  0.81613342  0.39885369
   0.84642000  0.56519000  0.19522000
   0.94609613  0.93526554  0.50252674
   0.70637000  0.94194000  0.09637000
   0.98225701  0.69051519  0.29793588
   0.79113030  0.81531536  0.39823784
   0.58830949  0.19337923  0.49582346
   0.03971000  0.19194000  0.09637000
   0.31463951  0.44094052  0.29815229
   0.12727620  0.06178211  0.39989783
   0.18013000  0.31638000  0.19719000
   0.25907294  0.19549722  0.49504668
   0.37304000  0.19194000  0.09637000
   0.64757401  0.44019059  0.29746937
   0.46078841  0.06286484  0.40232673
   0.51314000  0.31594000  0.19696000
   0.70637000  0.19194000  0.09637000
   0.98110910  0.44058194  0.29791481
   0.79353477  0.06175467  0.39973172
   0.84665000  0.31624000  0.19703000
   0.92799476  0.19619502  0.49424979
   0.03971000  0.69194000  0.09637000
   0.32045018  0.94234490  0.29952873
   0.11467978  0.56538838  0.39929296
   0.18025000  0.81742000  0.19778000
   0.25782702  0.69661026  0.49457243
   0.37304000  0.69194000  0.09637000
   0.65274339  0.94026880  0.29701820
   0.44722983  0.56621486  0.39959542
   0.51318000  0.81586000  0.19571000
   0.58932480  0.69701932  0.49550766
   0.70637000  0.69194000  0.09637000
   0.98602552  0.94027246  0.29748442
   0.84718000  0.81593000  0.19584000
   0.91980055  0.69678477  0.49506125
   0.78198385  0.56533458  0.39803761
   0.17417000  0.33753000  0.11288000
   0.24817638  0.21073227  0.41325097
   0.04476595  0.33571757  0.51345270
   0.31386000  0.46170000  0.21427000
   0.11970226  0.08526304  0.31607897
   0.23858000  0.04636000  0.07986000
   0.04735000  0.17100000  0.18013000
   0.31296663  0.42152715  0.38232424
   0.14752762  0.04360897  0.48709733
   0.18441769  0.29398523  0.28049418
   0.50750000  0.33753000  0.11288000
   0.57921449  0.21058077  0.41404871
   0.37834268  0.33605686  0.51175572
   0.64712000  0.46121000  0.21367000
   0.45381197  0.08710651  0.31855846
   0.57191000  0.04636000  0.07986000
   0.38063000  0.17082000  0.17998000
   0.64674330  0.42075944  0.38116104
   0.48003430  0.04246630  0.49082359
   0.51727934  0.29347185  0.28015554
   0.84083000  0.33753000  0.11288000
   0.91426665  0.21040080  0.41214171
   0.71847396  0.33056274  0.50538071
   0.98063000  0.46160000  0.21400000
   0.78648781  0.08530282  0.31534159
   0.90524000  0.04636000  0.07986000
   0.71387000  0.17083000  0.18002000
   0.98048551  0.42146898  0.38215882
   0.81313028  0.04499469  0.48836381
   0.85099148  0.29385509  0.28021599
   0.17417000  0.83753000  0.11288000
   0.25754820  0.70818441  0.41045811
   0.07931185  0.82360766  0.51207552
   0.31682000  0.96236000  0.21534000
   0.11558775  0.58557674  0.31490210
   0.23858000  0.54636000  0.07986000
   0.04601000  0.67209000  0.18056000
   0.32482125  0.92172835  0.38397973
   0.11610989  0.55328892  0.48889025
   0.18279644  0.79659131  0.28153906
   0.50619000  0.83294000  0.10916000
   0.59084446  0.70878537  0.41152326
   0.41137505  0.82541485  0.51172125
   0.64926000  0.96050000  0.21277000
   0.44904010  0.58583363  0.31534792
   0.57191000  0.54636000  0.07986000
   0.37906000  0.67136000  0.18002000
   0.65747130  0.92005354  0.38121342
   0.44581416  0.55504632  0.48670301
   0.51547549  0.79518696  0.27967026
   0.83992000  0.83287000  0.10930000
   0.74682551  0.82521551  0.50985219
   0.98268000  0.96077000  0.21320000
   0.78225717  0.58529633  0.31410648
   0.90524000  0.54636000  0.07986000
   0.71230000  0.67144000  0.18017000
   0.99033753  0.92033338  0.38191958
   0.78053005  0.55219161  0.48453733
   0.84884717  0.79539896  0.27981038
   0.92533600  0.70866368  0.41030736
   0.78477000  0.69231000  0.65805000
   0.69880225  0.44634872  0.63500178
   0.95607011  0.64929216  0.60681864
   0.71504805  0.57094806  0.68399897
   0.79359372  0.53671215  0.73817975
   0.74913271  0.45031040  0.75906006
   0.91780466  0.54788449  0.73653496
   0.76560731  0.59290705  0.77318746
   0.58276170  0.54270183  0.69056395
