   0.18177000  0.06503000  0.19527000
   0.24772275  0.44129847  0.50343098
   0.03971000  0.44194000  0.09637000
   0.31926069  0.19011938  0.29947073
   0.11486238  0.31747004  0.40075475
   0.51472000  0.06471000  0.19485000
   0.58080156  0.44182436  0.50299960
   0.37304000  0.44194000  0.09637000
   0.65134921  0.18970440  0.29870530
   0.45072919  0.31745887  0.40166736
   0.84826000  0.06468000  0.19455000
   0.90595106  0.44188369  0.50258894
   0.70637000  0.44194000  0.09637000
   0.98548174  0.18964670  0.29796063
   0.77811923  0.31658208  0.40195136
   0.17955000  0.56532000  0.19533000
   0.28574895  0.93796023  0.50485851
   0.03971000  0.94194000  0.09637000
   0.31589358  0.69099143  0.29834422
   0.12575880  0.81636970  0.39851571
   0.51276000  0.56480000  0.19498000
   0.61107124  0.93511868  0.50453339
   0.37304000  0.94194000  0.09637000
   0.64866148  0.69028142  0.29743399
   0.45879687  0.81714444  0.39912235
   0.84642000  0.56519000  0.19522000
   0.94705453  0.93438086  0.50225031
   0.70637000  0.94194000  0.09637000
   0.98229791  0.69075617  0.29808876
   0.79110528  0.81548432  0.39811844
   0.58590435  0.19131093  0.51156684
   0.03971000  0.19194000  0.09637000
   0.31458484  0.44065757  0.29830229
   0.12762119  0.06212942  0.40046742
   0.18013000  0.31638000  0.19719000
   0.26519017  0.19372295  0.49708200
   0.37304000  0.19194000  0.09637000
   0.64755310  0.44003443  0.29760762
   0.46360839  0.06519957  0.40415472
   0.51314000  0.31594000  0.19696000
   0.70637000  0.19194000  0.09637000
   0.98102235  0.44038752  0.29794290
   0.79364849  0.06189979  0.39905585
   0.84665000  0.31624000  0.19703000
   0.92252629  0.19409772  0.49495866
   0.03971000  0.69194000  0.09637000
   0.32067662  0.94268193  0.29986096
   0.11521542  0.56554343  0.39826982
   0.18025000  0.81742000  0.19778000
   0.25914380  0.69962555  0.49453403
   0.37304000  0.69194000  0.09637000
   0.65249267  0.94026398  0.29719652
   0.44721324  0.56600425  0.39932611
   0.51318000  0.81586000  0.19571000
   0.58871786  0.69864317  0.49586183
   0.70637000  0.69194000  0.09637000
   0.98606068  0.94032710  0.29760383
   0.84718000  0.81593000  0.19584000
   0.91942513  0.69979568  0.49520550
   0.78181155  0.56520252  0.39751120
   0.17417000  0.33753000  0.11288000
   0.24784208  0.21154019  0.41360687
   0.03966526  0.33484196  0.51303508
   0.31386000  0.46170000  0.21427000
   0.11927357  0.08535850  0.31585873
   0.23858000  0.04636000  0.07986000
   0.04735000  0.17100000  0.18013000
   0.31286531  0.42164596  0.38241940
   0.14566343  0.04385287  0.48619948
   0.18427079  0.29396145  0.28025755
   0.50750000  0.33753000  0.11288000
   0.58423563  0.21319307  0.41896094
   0.37602446  0.34254185  0.51255942
   0.64712000  0.46121000  0.21367000
   0.45384874  0.08746320  0.31811511
   0.57191000  0.04636000  0.07986000
   0.38063000  0.17082000  0.17998000
   0.64733095  0.42111257  0.38095328
   0.48051353  0.03891906  0.48356860
   0.51720836  0.29358937  0.27989194
   0.84083000  0.33753000  0.11288000
   0.91461485  0.21044084  0.41593349
   0.71877744  0.34301909  0.51257718
   0.98063000  0.46160000  0.21400000
   0.78699143  0.08575766  0.31522439
   0.90524000  0.04636000  0.07986000
   0.71387000  0.17083000  0.18002000
   0.98030740  0.42110572  0.38216150
   0.81431046  0.04419201  0.48624072
   0.85109331  0.29386419  0.28005580
   0.17417000  0.83753000  0.11288000
   0.25769824  0.70771664  0.41048208
   0.07764189  0.82234168  0.51160959
   0.31682000  0.96236000  0.21534000
   0.11571393  0.58556824  0.31500161
   0.23858000  0.54636000  0.07986000
   0.04601000  0.67209000  0.18056000
   0.32373740  0.92068236  0.38328626
   0.11689388  0.55111670  0.48808858
   0.18264879  0.79626169  0.28122356
   0.50619000  0.83294000  0.10916000
   0.59100305  0.70812409  0.41149765
   0.41035586  0.82255518  0.51149590
   0.64926000  0.96050000  0.21277000
   0.44891772  0.58586683  0.31529085
   0.57191000  0.54636000  0.07986000
   0.37906000  0.67136000  0.18002000
   0.65777790  0.91896043  0.38049080
   0.44626851  0.55328543  0.48689562
   0.51525967  0.79474407  0.27933569
   0.83992000  0.83287000  0.10930000
   0.74785843  0.82441046  0.51045165
   0.98268000  0.96077000  0.21320000
   0.78234899  0.58540459  0.31387434
   0.90524000  0.54636000  0.07986000
   0.71230000  0.67144000  0.18017000
   0.99022234  0.91958197  0.38163636
   0.78179026  0.55403270  0.48450285
   0.84893243  0.79512943  0.27957299
   0.92529957  0.70827260  0.40984169
   0.78477000  0.69231000  0.65805000
   0.54146531  0.13960521  0.60232312
   0.95584739  0.64786281  0.61092363
   0.70547733  0.56775310  0.69218154
   0.78845245  0.53181708  0.74341934
   0.75344366  0.44563883  0.76647403
   0.91526521  0.54798481  0.73672925
   0.76737795  0.59268359  0.77776360
   0.57156996  0.51566718  0.69452824
