   0.18177000  0.06503000  0.19527000
   0.26774168  0.43199431  0.50249521
   0.03971000  0.44194000  0.09637000
   0.31544382  0.18842545  0.29844866
   0.11676396  0.31403878  0.39994639
   0.51472000  0.06471000  0.19485000
   0.59988614  0.43242154  0.50167824
   0.37304000  0.44194000  0.09637000
   0.64900840  0.18827500  0.29815867
   0.44968899  0.31344775  0.39922726
   0.84826000  0.06468000  0.19455000
   0.93612302  0.43451030  0.50697036
   0.70637000  0.44194000  0.09637000
   0.98235887  0.18842837  0.29832956
   0.78378011  0.31454597  0.39975089
   0.17955000  0.56532000  0.19533000
   0.26146235  0.93418105  0.50467308
   0.03971000  0.94194000  0.09637000
   0.31574291  0.68867591  0.29787271
   0.11968341  0.81326351  0.39672271
   0.51276000  0.56480000  0.19498000
   0.59327766  0.93376588  0.50244110
   0.37304000  0.94194000  0.09637000
   0.64864476  0.68865546  0.29739496
   0.45259691  0.81369554  0.39909972
   0.84642000  0.56519000  0.19522000
   0.92591059  0.93626100  0.50520005
   0.70637000  0.94194000  0.09637000
   0.98188460  0.68848096  0.29731393
   0.78543693  0.81449050  0.39885713
   0.58897009  0.19196030  0.49500663
   0.03971000  0.19194000  0.09637000
   0.31501879  0.43934352  0.29802252
   0.11907366  0.06034591  0.40028319
   0.18013000  0.31638000  0.19719000
   0.25367534  0.19115585  0.49624930
   0.37304000  0.19194000  0.09637000
   0.64799750  0.43886762  0.29736931
   0.45201918  0.06088764  0.40018694
   0.51314000  0.31594000  0.19696000
   0.70637000  0.19194000  0.09637000
   0.98170490  0.43888926  0.29758866
   0.78515529  0.06038867  0.39912726
   0.84665000  0.31624000  0.19703000
   0.92254153  0.19204854  0.49437130
   0.03971000  0.69194000  0.09637000
   0.31708440  0.93974766  0.29848510
   0.12130523  0.55947537  0.39874537
   0.18025000  0.81742000  0.19778000
   0.26137321  0.68801390  0.49481627
   0.37304000  0.69194000  0.09637000
   0.64954846  0.93853896  0.29692452
   0.45445927  0.55992385  0.39975490
   0.51318000  0.81586000  0.19571000
   0.59528574  0.69071817  0.49483877
   0.70637000  0.69194000  0.09637000
   0.98288641  0.93935472  0.29742529
   0.84718000  0.81593000  0.19584000
   0.92310252  0.68976384  0.49294590
   0.78815970  0.55991962  0.39823375
   0.17417000  0.33753000  0.11288000
   0.25026099  0.20647607  0.41258202
   0.06738809  0.32458301  0.50966727
   0.31386000  0.46170000  0.21427000
   0.11596938  0.08381896  0.31577384
   0.23858000  0.04636000  0.07986000
   0.04735000  0.17100000  0.18013000
   0.31603784  0.41803662  0.38182718
   0.12779447  0.03946170  0.48565048
   0.18199960  0.29311733  0.28031403
   0.50750000  0.33753000  0.11288000
   0.58365626  0.20676219  0.41211821
   0.40062687  0.32560668  0.51189200
   0.64712000  0.46121000  0.21367000
   0.44972827  0.08431458  0.31630134
   0.57191000  0.04636000  0.07986000
   0.38063000  0.17082000  0.17998000
   0.64865465  0.41808846  0.38118376
   0.46188004  0.04353720  0.48691683
   0.51504216  0.29268785  0.28003086
   0.84083000  0.33753000  0.11288000
   0.91614795  0.20628423  0.41118911
   0.73294890  0.32528354  0.51064799
   0.98063000  0.46160000  0.21400000
   0.78255009  0.08309925  0.31495386
   0.90524000  0.04636000  0.07986000
   0.71387000  0.17083000  0.18002000
   0.98218097  0.41782976  0.38107128
   0.79479496  0.04415402  0.48607941
   0.84845173  0.29274818  0.27996483
   0.17417000  0.83753000  0.11288000
   0.25209798  0.70701544  0.41225674
   0.05564254  0.82529314  0.52192050
   0.31682000  0.96236000  0.21534000
   0.11593061  0.58423048  0.31524736
   0.23858000  0.54636000  0.07986000
   0.04601000  0.67209000  0.18056000
   0.31810951  0.91738099  0.38211803
   0.13698277  0.54132414  0.48400371
   0.18190241  0.79392490  0.28096734
   0.50619000  0.83294000  0.10916000
   0.58571048  0.70650242  0.41237101
   0.39105790  0.82492887  0.51324298
   0.64926000  0.96050000  0.21277000
   0.44937024  0.58438363  0.31588452
   0.57191000  0.54636000  0.07986000
   0.37906000  0.67136000  0.18002000
   0.65035217  0.91718595  0.38099834
   0.46889908  0.54351860  0.48677508
   0.51490636  0.79314255  0.27926550
   0.83992000  0.83287000  0.10930000
   0.72711431  0.82727245  0.51107139
   0.98268000  0.96077000  0.21320000
   0.78241753  0.58408154  0.31479714
   0.90524000  0.54636000  0.07986000
   0.71230000  0.67144000  0.18017000
   0.98480707  0.91738574  0.38166142
   0.80064106  0.54270370  0.48403319
   0.84848040  0.79364849  0.27949165
   0.92004404  0.70798563  0.41141413
   0.78477000  0.69231000  0.65805000
   0.14022739  0.12130858  0.58163087
   0.03851960  0.70255857  0.59293256
   0.71733719  0.62971493  0.69593172
   0.79677939  0.57543223  0.74106189
   0.74043155  0.48626812  0.74356704
   0.92415661  0.58612854  0.73281976
   0.77685204  0.61177359  0.78320622
   0.58528027  0.61122605  0.69753483
