   0.18177000  0.06503000  0.19527000
   0.27237134  0.44006995  0.49868694
   0.03971000  0.44194000  0.09637000
   0.31601204  0.18946685  0.29950836
   0.11945841  0.31325645  0.40224889
   0.51472000  0.06471000  0.19485000
   0.60035577  0.43612858  0.50200459
   0.37304000  0.44194000  0.09637000
   0.64884725  0.18819260  0.29846136
   0.44818492  0.31304599  0.40406872
   0.84826000  0.06468000  0.19455000
   0.93377117  0.43569265  0.49714943
   0.70637000  0.44194000  0.09637000
   0.98292954  0.18862297  0.29872894
   0.78494994  0.31311980  0.39800266
   0.17955000  0.56532000  0.19533000
   0.26339711  0.93796366  0.50508805
   0.03971000  0.94194000  0.09637000
   0.31624401  0.68884141  0.29751240
   0.12081797  0.81415644  0.39612336
   0.51276000  0.56480000  0.19498000
   0.59561213  0.93843413  0.50387207
   0.37304000  0.94194000  0.09637000
   0.64919719  0.68888507  0.29697376
   0.45342261  0.81422752  0.39825352
   0.84642000  0.56519000  0.19522000
   0.92415492  0.93683468  0.50575086
   0.70637000  0.94194000  0.09637000
   0.98235327  0.68859096  0.29710067
   0.78612264  0.81523124  0.39767337
   0.58876005  0.19649123  0.49482451
   0.03971000  0.19194000  0.09637000
   0.31546148  0.43899059  0.29805365
   0.11874654  0.06109707  0.40197892
   0.18013000  0.31638000  0.19719000
   0.23878921  0.19453520  0.50598276
   0.37304000  0.19194000  0.09637000
   0.64828175  0.43849795  0.29784303
   0.45030588  0.06240109  0.40063977
   0.51314000  0.31594000  0.19696000
   0.70637000  0.19194000  0.09637000
   0.98290435  0.43943539  0.29770909
   0.78308668  0.06093916  0.39968655
   0.84665000  0.31624000  0.19703000
   0.92889311  0.19374897  0.49453841
   0.03971000  0.69194000  0.09637000
   0.31669327  0.94039324  0.29877402
   0.12355242  0.56029562  0.39924206
   0.18025000  0.81742000  0.19778000
   0.26581042  0.69476443  0.49494727
   0.37304000  0.69194000  0.09637000
   0.64928505  0.93907857  0.29690130
   0.45588729  0.56004340  0.39893334
   0.51318000  0.81586000  0.19571000
   0.59555604  0.69451970  0.49441071
   0.70637000  0.69194000  0.09637000
   0.98341059  0.94024788  0.29762557
   0.84718000  0.81593000  0.19584000
   0.92266642  0.69115131  0.49321962
   0.78782359  0.56079270  0.39802444
   0.17417000  0.33753000  0.11288000
   0.24879522  0.20290554  0.41887110
   0.06962414  0.33426012  0.49452060
   0.31386000  0.46170000  0.21427000
   0.11721430  0.08448402  0.31655210
   0.23858000  0.04636000  0.07986000
   0.04735000  0.17100000  0.18013000
   0.31637720  0.41799090  0.38169850
   0.12296965  0.03711199  0.48770806
   0.18205472  0.29296410  0.28017303
   0.50750000  0.33753000  0.11288000
   0.58649683  0.20625657  0.41184534
   0.40399658  0.33078793  0.50254320
   0.64712000  0.46121000  0.21367000
   0.44935762  0.08456309  0.31659146
   0.57191000  0.04636000  0.07986000
   0.38063000  0.17082000  0.17998000
   0.64945965  0.41775592  0.38175642
   0.46408230  0.04607382  0.48665070
   0.51539724  0.29263324  0.28003442
   0.84083000  0.33753000  0.11288000
   0.91461095  0.20414016  0.41120068
   0.73387222  0.32955182  0.51125464
   0.98063000  0.46160000  0.21400000
   0.78294937  0.08289016  0.31500301
   0.90524000  0.04636000  0.07986000
   0.71387000  0.17083000  0.18002000
   0.98359300  0.41834132  0.38089525
   0.79493227  0.04644718  0.48811266
   0.84853912  0.29281319  0.28007545
   0.17417000  0.83753000  0.11288000
   0.25317222  0.70804854  0.41207201
   0.05902573  0.82458801  0.52257861
   0.31682000  0.96236000  0.21534000
   0.11700527  0.58502044  0.31561188
   0.23858000  0.54636000  0.07986000
   0.04601000  0.67209000  0.18056000
   0.31897590  0.91845431  0.38245648
   0.13616300  0.54990825  0.48749083
   0.18253946  0.79442161  0.28088101
   0.50619000  0.83294000  0.10916000
   0.58663293  0.70691760  0.41216000
   0.39313714  0.83104399  0.51574603
   0.64926000  0.96050000  0.21277000
   0.45015061  0.58459445  0.31569576
   0.57191000  0.54636000  0.07986000
   0.37906000  0.67136000  0.18002000
   0.65113034  0.91762328  0.38105902
   0.47003147  0.54998008  0.48688127
   0.51512404  0.79359245  0.27909074
   0.83992000  0.83287000  0.10930000
   0.72678841  0.82888880  0.51388473
   0.98268000  0.96077000  0.21320000
   0.78259599  0.58417962  0.31477422
   0.90524000  0.54636000  0.07986000
   0.71230000  0.67144000  0.18017000
   0.98623819  0.91836090  0.38150879
   0.79941962  0.54631956  0.48448769
   0.84922216  0.79409024  0.27944728
   0.92027447  0.70878473  0.41001467
   0.78477000  0.69231000  0.65805000
   0.16712417  0.19567291  0.59805154
   0.01919705  0.73251799  0.60133941
   0.71746174  0.63056561  0.69635952
   0.79653314  0.57452002  0.74114166
   0.74137827  0.48519608  0.74312214
   0.92604971  0.58631289  0.73306212
   0.77656685  0.60963946  0.78285638
   0.58792968  0.61646725  0.69929484
