   0.18177000  0.06503000  0.19527000
   0.25160226  0.44680992  0.50124617
   0.03971000  0.44194000  0.09637000
   0.31782060  0.19045255  0.30056533
   0.11288165  0.31860316  0.40280974
   0.51472000  0.06471000  0.19485000
   0.58632985  0.44829110  0.50186943
   0.37304000  0.44194000  0.09637000
   0.65174655  0.19015824  0.29842760
   0.44267965  0.31953707  0.40520272
   0.84826000  0.06468000  0.19455000
   0.91680421  0.44202157  0.50348799
   0.70637000  0.44194000  0.09637000
   0.98598146  0.19045261  0.29992484
   0.77778406  0.31874603  0.40122322
   0.17955000  0.56532000  0.19533000
   0.28118191  0.93863206  0.50902968
   0.03971000  0.94194000  0.09637000
   0.31524302  0.68977442  0.29794115
   0.12630304  0.81525984  0.39463133
   0.51276000  0.56480000  0.19498000
   0.61200444  0.93894953  0.50202832
   0.37304000  0.94194000  0.09637000
   0.64779295  0.69006878  0.29729776
   0.45726630  0.81609002  0.39852006
   0.84642000  0.56519000  0.19522000
   0.94170112  0.93649368  0.50758765
   0.70637000  0.94194000  0.09637000
   0.98101188  0.68963655  0.29804526
   0.79032938  0.81616499  0.39557823
   0.58647401  0.20072224  0.49834677
   0.03971000  0.19194000  0.09637000
   0.31316392  0.44015637  0.29873769
   0.12346173  0.06073231  0.40315081
   0.18013000  0.31638000  0.19719000
   0.26103935  0.19306430  0.50219026
   0.37304000  0.19194000  0.09637000
   0.64390994  0.43888771  0.29735789
   0.45857377  0.06386569  0.40176427
   0.51314000  0.31594000  0.19696000
   0.70637000  0.19194000  0.09637000
   0.98108592  0.44066373  0.29843010
   0.79083775  0.06359129  0.39986915
   0.84665000  0.31624000  0.19703000
   0.93158496  0.19879856  0.49446834
   0.03971000  0.69194000  0.09637000
   0.32042100  0.94217697  0.29891288
   0.11664574  0.56517405  0.40080658
   0.18025000  0.81742000  0.19778000
   0.26224019  0.69644044  0.49606678
   0.37304000  0.69194000  0.09637000
   0.65140747  0.94033679  0.29711463
   0.44924314  0.56647795  0.39963155
   0.51318000  0.81586000  0.19571000
   0.58841735  0.70527832  0.49477035
   0.70637000  0.69194000  0.09637000
   0.98609037  0.94232973  0.29830246
   0.84718000  0.81593000  0.19584000
   0.91713038  0.69899355  0.48864831
   0.78226175  0.56318426  0.39628563
   0.17417000  0.33753000  0.11288000
   0.24014907  0.20906028  0.41702993
   0.05099430  0.33881213  0.51028632
   0.31386000  0.46170000  0.21427000
   0.11890191  0.08629924  0.31908327
   0.23858000  0.04636000  0.07986000
   0.04735000  0.17100000  0.18013000
   0.30969092  0.42251640  0.38247500
   0.13970359  0.03314998  0.48597717
   0.18423773  0.29325624  0.28047347
   0.50750000  0.33753000  0.11288000
   0.58016352  0.21299984  0.41658259
   0.38993439  0.34495974  0.50060756
   0.64712000  0.46121000  0.21367000
   0.45360119  0.08695429  0.31752280
   0.57191000  0.04636000  0.07986000
   0.38063000  0.17082000  0.17998000
   0.64207331  0.42095280  0.38148667
   0.47912732  0.04587838  0.48706127
   0.51633876  0.29271310  0.27966453
   0.84083000  0.33753000  0.11288000
   0.91038684  0.21183562  0.41319568
   0.71574983  0.33917318  0.51558687
   0.98063000  0.46160000  0.21400000
   0.78586776  0.08510352  0.31518084
   0.90524000  0.04636000  0.07986000
   0.71387000  0.17083000  0.18002000
   0.97763034  0.42223406  0.38309324
   0.81449817  0.04637022  0.48755174
   0.85120844  0.29383514  0.28010883
   0.17417000  0.83753000  0.11288000
   0.25673600  0.70956820  0.41253640
   0.07237437  0.82064964  0.52312604
   0.31682000  0.96236000  0.21534000
   0.11545911  0.58569514  0.31613711
   0.23858000  0.54636000  0.07986000
   0.04601000  0.67209000  0.18056000
   0.32454511  0.92000802  0.38248468
   0.11899563  0.55663266  0.48931314
   0.18206590  0.79583781  0.28168367
   0.50619000  0.83294000  0.10916000
   0.59215854  0.71089228  0.41056957
   0.41053638  0.82717357  0.51340340
   0.64926000  0.96050000  0.21277000
   0.44847760  0.58549319  0.31559692
   0.57191000  0.54636000  0.07986000
   0.37906000  0.67136000  0.18002000
   0.65618486  0.92106913  0.38139490
   0.45230311  0.56189812  0.48721790
   0.51481403  0.79486020  0.27961868
   0.83992000  0.83287000  0.10930000
   0.74386960  0.82954157  0.51350823
   0.98268000  0.96077000  0.21320000
   0.77982825  0.58397978  0.31316205
   0.90524000  0.54636000  0.07986000
   0.71230000  0.67144000  0.18017000
   0.98910012  0.91848923  0.38227766
   0.78802201  0.55464230  0.48223655
   0.84902857  0.79578191  0.28016896
   0.92648746  0.70881259  0.40616578
   0.78477000  0.69231000  0.65805000
   0.28884627  0.15748371  0.59374383
   0.00712163  0.72521944  0.59885860
   0.71344468  0.61210405  0.68660511
   0.79708283  0.56324278  0.73313664
   0.75215814  0.47358053  0.74064896
   0.92595297  0.58239354  0.72548726
   0.76906573  0.60441519  0.77335404
   0.58664126  0.58186517  0.67786387
