   0.18177000  0.06503000  0.19527000
   0.26195082  0.43271340  0.50264579
   0.03971000  0.44194000  0.09637000
   0.31557587  0.18832326  0.29768495
   0.11319115  0.31606094  0.40094804
   0.51472000  0.06471000  0.19485000
   0.59468999  0.43208460  0.49599937
   0.37304000  0.44194000  0.09637000
   0.64966241  0.18799507  0.29864126
   0.44470822  0.31262449  0.39692837
   0.84826000  0.06468000  0.19455000
   0.92929842  0.43610498  0.50643060
   0.70637000  0.44194000  0.09637000
   0.98327084  0.18968158  0.29900446
   0.78008303  0.31561348  0.40049824
   0.17955000  0.56532000  0.19533000
   0.26458481  0.92977714  0.50515951
   0.03971000  0.94194000  0.09637000
   0.31531126  0.68925387  0.29793354
   0.12057835  0.81322051  0.39528015
   0.51276000  0.56480000  0.19498000
   0.59728189  0.93254485  0.50297428
   0.37304000  0.94194000  0.09637000
   0.64788817  0.68959983  0.29632502
   0.45335500  0.81372682  0.39908417
   0.84642000  0.56519000  0.19522000
   0.92926161  0.93189105  0.50514793
   0.70637000  0.94194000  0.09637000
   0.98170763  0.68910353  0.29645584
   0.78607614  0.81535622  0.39782758
   0.58746943  0.18975519  0.49181441
   0.03971000  0.19194000  0.09637000
   0.31377301  0.44073908  0.29795769
   0.11921706  0.06127509  0.40135784
   0.18013000  0.31638000  0.19719000
   0.25602710  0.19076189  0.49717396
   0.37304000  0.19194000  0.09637000
   0.64578275  0.43785732  0.29605627
   0.45114269  0.05850305  0.39895686
   0.51314000  0.31594000  0.19696000
   0.70637000  0.19194000  0.09637000
   0.98084874  0.43918221  0.29736219
   0.78597255  0.06069461  0.39960393
   0.84665000  0.31624000  0.19703000
   0.92514101  0.19172815  0.49433417
   0.03971000  0.69194000  0.09637000
   0.31751082  0.93945683  0.29786021
   0.12042296  0.55983227  0.39853818
   0.18025000  0.81742000  0.19778000
   0.26146068  0.68760997  0.49438539
   0.37304000  0.69194000  0.09637000
   0.65017799  0.93965138  0.29690493
   0.45212917  0.56214847  0.39944414
   0.51318000  0.81586000  0.19571000
   0.59554550  0.69072620  0.49493184
   0.70637000  0.69194000  0.09637000
   0.98335316  0.94154907  0.29766781
   0.84718000  0.81593000  0.19584000
   0.92455543  0.68550424  0.48847638
   0.78605977  0.55968216  0.39384853
   0.17417000  0.33753000  0.11288000
   0.24499715  0.20765253  0.41509572
   0.06261750  0.32473652  0.51077300
   0.31386000  0.46170000  0.21427000
   0.11730725  0.08564814  0.31696713
   0.23858000  0.04636000  0.07986000
   0.04735000  0.17100000  0.18013000
   0.31263110  0.41872813  0.38173542
   0.13264508  0.03912749  0.48966045
   0.18263488  0.29381066  0.28029489
   0.50750000  0.33753000  0.11288000
   0.57712895  0.20494440  0.40924799
   0.39533483  0.32553821  0.51293166
   0.64712000  0.46121000  0.21367000
   0.44933559  0.08358831  0.31511656
   0.57191000  0.04636000  0.07986000
   0.38063000  0.17082000  0.17998000
   0.64366018  0.41728045  0.37883417
   0.46360960  0.04057076  0.48631146
   0.51479178  0.29134734  0.27952902
   0.84083000  0.33753000  0.11288000
   0.91352868  0.20693297  0.41157695
   0.72709223  0.32542783  0.50032018
   0.98063000  0.46160000  0.21400000
   0.78432481  0.08338226  0.31539836
   0.90524000  0.04636000  0.07986000
   0.71387000  0.17083000  0.18002000
   0.97918463  0.41831758  0.38074496
   0.79971351  0.04287191  0.48682511
   0.84844681  0.29281211  0.27996620
   0.17417000  0.83753000  0.11288000
   0.25297947  0.70720400  0.41169090
   0.05745881  0.81871714  0.51985717
   0.31682000  0.96236000  0.21534000
   0.11537522  0.58434479  0.31466344
   0.23858000  0.54636000  0.07986000
   0.04601000  0.67209000  0.18056000
   0.31869040  0.91653215  0.38135927
   0.13324080  0.54285122  0.48357608
   0.18163403  0.79408230  0.28074856
   0.50619000  0.83294000  0.10916000
   0.58755691  0.70800292  0.41250044
   0.39463356  0.82268544  0.51442103
   0.64926000  0.96050000  0.21277000
   0.44899644  0.58569744  0.31587340
   0.57191000  0.54636000  0.07986000
   0.37906000  0.67136000  0.18002000
   0.65102813  0.91858557  0.38121336
   0.46269728  0.54500269  0.48560849
   0.51453455  0.79438115  0.27932776
   0.83992000  0.83287000  0.10930000
   0.73040279  0.82622185  0.51228393
   0.98268000  0.96077000  0.21320000
   0.78120008  0.58366666  0.31086837
   0.90524000  0.54636000  0.07986000
   0.71230000  0.67144000  0.18017000
   0.98632130  0.91950793  0.38209367
   0.79365197  0.54164735  0.47775084
   0.84854675  0.79548416  0.27967824
   0.92064383  0.70812521  0.40668807
   0.78477000  0.69231000  0.65805000
   0.95090177  0.49556173  0.61339399
   0.00677415  0.69166896  0.59186813
   0.72090673  0.62739601  0.69496287
   0.79699562  0.57172768  0.74125989
   0.73692352  0.48496354  0.74548740
   0.92329400  0.57721224  0.73363375
   0.77756058  0.61091827  0.78173724
   0.58889937  0.60642064  0.69841726
