   0.18177000  0.06503000  0.19527000
   0.24515268  0.44093098  0.50439850
   0.03971000  0.44194000  0.09637000
   0.31827607  0.19018645  0.29935867
   0.11252264  0.31780427  0.40160883
   0.51472000  0.06471000  0.19485000
   0.58090859  0.44187538  0.50229300
   0.37304000  0.44194000  0.09637000
   0.65186506  0.19035202  0.29888210
   0.44606079  0.31645555  0.40318811
   0.84826000  0.06468000  0.19455000
   0.91482009  0.44360540  0.50405530
   0.70637000  0.44194000  0.09637000
   0.98502462  0.18978106  0.29879597
   0.77816872  0.31846334  0.40385060
   0.17955000  0.56532000  0.19533000
   0.28184018  0.93278201  0.50554111
   0.03971000  0.94194000  0.09637000
   0.31523796  0.68954748  0.29803795
   0.12605792  0.81461636  0.39433588
   0.51276000  0.56480000  0.19498000
   0.61137405  0.93491585  0.50261875
   0.37304000  0.94194000  0.09637000
   0.64818157  0.68990880  0.29770525
   0.45741936  0.81497001  0.39846565
   0.84642000  0.56519000  0.19522000
   0.94361075  0.93548449  0.50545391
   0.70637000  0.94194000  0.09637000
   0.98104381  0.68925344  0.29787338
   0.79012015  0.81578497  0.39664733
   0.58734168  0.19082313  0.50385930
   0.03971000  0.19194000  0.09637000
   0.31404197  0.44029915  0.29847168
   0.12594503  0.06098461  0.40126851
   0.18013000  0.31638000  0.19719000
   0.26398128  0.19244901  0.49788616
   0.37304000  0.19194000  0.09637000
   0.64552599  0.43932044  0.29776534
   0.46127006  0.06287088  0.40047930
   0.51314000  0.31594000  0.19696000
   0.70637000  0.19194000  0.09637000
   0.98051435  0.44041019  0.29852676
   0.79231456  0.06293357  0.39966271
   0.84665000  0.31624000  0.19703000
   0.91986166  0.19609767  0.49616390
   0.03971000  0.69194000  0.09637000
   0.32059505  0.94166433  0.29832713
   0.11391545  0.56392806  0.40095856
   0.18025000  0.81742000  0.19778000
   0.26243295  0.69151136  0.49607549
   0.37304000  0.69194000  0.09637000
   0.65189283  0.94027139  0.29693027
   0.44757344  0.56423742  0.40004876
   0.51318000  0.81586000  0.19571000
   0.58781346  0.69827456  0.49581315
   0.70637000  0.69194000  0.09637000
   0.98550081  0.94058344  0.29757632
   0.84718000  0.81593000  0.19584000
   0.91179338  0.70019139  0.48806486
   0.77901211  0.56274853  0.39761075
   0.17417000  0.33753000  0.11288000
   0.24460414  0.20938980  0.41561300
   0.04479568  0.33444515  0.51459362
   0.31386000  0.46170000  0.21427000
   0.11895219  0.08515326  0.31698331
   0.23858000  0.04636000  0.07986000
   0.04735000  0.17100000  0.18013000
   0.31212612  0.42042495  0.38275934
   0.14612923  0.03775898  0.48833108
   0.18400447  0.29369499  0.28049610
   0.50750000  0.33753000  0.11288000
   0.58022943  0.21103252  0.41887219
   0.37886430  0.33674066  0.51124314
   0.64712000  0.46121000  0.21367000
   0.45318059  0.08693664  0.31688753
   0.57191000  0.04636000  0.07986000
   0.38063000  0.17082000  0.17998000
   0.64228829  0.42025215  0.38191300
   0.47477852  0.03533296  0.48211875
   0.51680982  0.29360679  0.28010976
   0.84083000  0.33753000  0.11288000
   0.91362343  0.21127541  0.41415896
   0.71669935  0.33991320  0.50953089
   0.98063000  0.46160000  0.21400000
   0.78608496  0.08509334  0.31559860
   0.90524000  0.04636000  0.07986000
   0.71387000  0.17083000  0.18002000
   0.97742926  0.42190863  0.38322477
   0.81372269  0.04319927  0.48569815
   0.85100620  0.29400413  0.28025181
   0.17417000  0.83753000  0.11288000
   0.25531720  0.70782648  0.41267643
   0.07124428  0.81979584  0.52335391
   0.31682000  0.96236000  0.21534000
   0.11522952  0.58519767  0.31615872
   0.23858000  0.54636000  0.07986000
   0.04601000  0.67209000  0.18056000
   0.32418517  0.91860989  0.38151487
   0.11709824  0.55287007  0.49086172
   0.18184168  0.79495591  0.28118202
   0.50619000  0.83294000  0.10916000
   0.59076602  0.70824626  0.41150535
   0.41141493  0.82203271  0.51405954
   0.64926000  0.96050000  0.21277000
   0.44838652  0.58524101  0.31588883
   0.57191000  0.54636000  0.07986000
   0.37906000  0.67136000  0.18002000
   0.65604821  0.91913858  0.38100832
   0.44827023  0.55493899  0.48781892
   0.51506621  0.79462964  0.27958524
   0.83992000  0.83287000  0.10930000
   0.74569059  0.82564459  0.51228813
   0.98268000  0.96077000  0.21320000
   0.78021296  0.58402202  0.31432533
   0.90524000  0.54636000  0.07986000
   0.71230000  0.67144000  0.18017000
   0.99035163  0.91907709  0.38201247
   0.78194469  0.55561796  0.48409584
   0.84878629  0.79489757  0.27967994
   0.92545318  0.70794146  0.40585158
   0.78477000  0.69231000  0.65805000
   0.54793903  0.15058989  0.59632287
   0.00247848  0.70533606  0.59269715
   0.72046260  0.60985564  0.68700379
   0.79820543  0.56374140  0.73465382
   0.74318991  0.47292422  0.73983682
   0.92722204  0.57909907  0.72674994
   0.77284653  0.60724787  0.77391835
   0.59244058  0.57208443  0.67922193
