   0.18177000  0.06503000  0.19527000
   0.26330086  0.43556030  0.50193348
   0.03971000  0.44194000  0.09637000
   0.31579549  0.18938211  0.29890947
   0.11651347  0.31269703  0.40449226
   0.51472000  0.06471000  0.19485000
   0.59274044  0.43489690  0.50260249
   0.37304000  0.44194000  0.09637000
   0.65000286  0.18989094  0.29953308
   0.44904314  0.31309777  0.40287858
   0.84826000  0.06468000  0.19455000
   0.92726914  0.43564195  0.50061722
   0.70637000  0.44194000  0.09637000
   0.98255176  0.18983569  0.29938928
   0.78493831  0.31453137  0.40188747
   0.17955000  0.56532000  0.19533000
   0.27069761  0.93118446  0.50462768
   0.03971000  0.94194000  0.09637000
   0.31742740  0.68853988  0.29848269
   0.12202954  0.81261857  0.39552443
   0.51276000  0.56480000  0.19498000
   0.60185093  0.93332556  0.50560354
   0.37304000  0.94194000  0.09637000
   0.64923209  0.68812088  0.29734659
   0.45616787  0.81459412  0.39860273
   0.84642000  0.56519000  0.19522000
   0.93305067  0.93036026  0.50391157
   0.70637000  0.94194000  0.09637000
   0.98282854  0.68742986  0.29732563
   0.78757510  0.81262813  0.39741526
   0.58918581  0.19417525  0.49633478
   0.03971000  0.19194000  0.09637000
   0.31484048  0.43843397  0.29905841
   0.12149013  0.05744731  0.39863580
   0.18013000  0.31638000  0.19719000
   0.24792129  0.18195747  0.50033133
   0.37304000  0.19194000  0.09637000
   0.64797069  0.43819929  0.29791869
   0.45345008  0.06154152  0.40058281
   0.51314000  0.31594000  0.19696000
   0.70637000  0.19194000  0.09637000
   0.98299957  0.43880599  0.29848145
   0.78760326  0.06138301  0.40242315
   0.84665000  0.31624000  0.19703000
   0.93974186  0.18783329  0.50157695
   0.03971000  0.69194000  0.09637000
   0.31832922  0.94023523  0.29817212
   0.12156335  0.56082637  0.39996512
   0.18025000  0.81742000  0.19778000
   0.26625092  0.69190583  0.49506330
   0.37304000  0.69194000  0.09637000
   0.65119798  0.94053990  0.29744303
   0.45387037  0.55969875  0.40034227
   0.51318000  0.81586000  0.19571000
   0.59580168  0.69272140  0.49536934
   0.70637000  0.69194000  0.09637000
   0.98400462  0.93912606  0.29640400
   0.84718000  0.81593000  0.19584000
   0.93158911  0.68418147  0.49449535
   0.78568727  0.56031596  0.39847097
   0.17417000  0.33753000  0.11288000
   0.24988022  0.20263775  0.41650204
   0.06146109  0.33512674  0.50534110
   0.31386000  0.46170000  0.21427000
   0.11558304  0.08470225  0.31512141
   0.23858000  0.04636000  0.07986000
   0.04735000  0.17100000  0.18013000
   0.31491925  0.41716446  0.38336549
   0.13256118  0.02539848  0.48066575
   0.18192533  0.29337373  0.28031779
   0.50750000  0.33753000  0.11288000
   0.58547936  0.20651272  0.41322257
   0.39435941  0.32631814  0.50788840
   0.64712000  0.46121000  0.21367000
   0.45052057  0.08513031  0.31629456
   0.57191000  0.04636000  0.07986000
   0.38063000  0.17082000  0.17998000
   0.64897831  0.41776923  0.38205616
   0.46922713  0.04284310  0.48763967
   0.51499998  0.29311510  0.27997420
   0.84083000  0.33753000  0.11288000
   0.91434681  0.20592385  0.41777845
   0.72526264  0.32936662  0.51342307
   0.98063000  0.46160000  0.21400000
   0.78358162  0.08526828  0.31730185
   0.90524000  0.04636000  0.07986000
   0.71387000  0.17083000  0.18002000
   0.98337850  0.41801114  0.38260180
   0.80399904  0.03944090  0.48926006
   0.84905831  0.29374465  0.28033656
   0.17417000  0.83753000  0.11288000
   0.25597346  0.70824923  0.41229820
   0.06883745  0.81833962  0.52325958
   0.31682000  0.96236000  0.21534000
   0.11723519  0.58390205  0.31601424
   0.23858000  0.54636000  0.07986000
   0.04601000  0.67209000  0.18056000
   0.32116398  0.91717277  0.38138844
   0.12942794  0.55042416  0.48716920
   0.18322310  0.79344767  0.28093025
   0.50619000  0.83294000  0.10916000
   0.58864756  0.70683418  0.41254589
   0.40129815  0.82545101  0.51641865
   0.64926000  0.96050000  0.21277000
   0.44986215  0.58354955  0.31672284
   0.57191000  0.54636000  0.07986000
   0.37906000  0.67136000  0.18002000
   0.65430257  0.91762147  0.38153345
   0.46330689  0.54784739  0.48775096
   0.51737643  0.79361717  0.27955342
   0.83992000  0.83287000  0.10930000
   0.73412687  0.82431788  0.51774370
   0.98268000  0.96077000  0.21320000
   0.78253212  0.58335013  0.31474075
   0.90524000  0.54636000  0.07986000
   0.71230000  0.67144000  0.18017000
   0.98526199  0.91423009  0.37919367
   0.79468119  0.54462602  0.48539381
   0.84971927  0.79238389  0.27916716
   0.92274851  0.70694693  0.41238471
   0.78477000  0.69231000  0.65805000
   0.12484380  0.15704639  0.58766053
  -0.03608667  0.77943730  0.60374987
   0.72087430  0.63237588  0.69775294
   0.79901221  0.57473862  0.74059263
   0.74210213  0.48584076  0.74147767
   0.92763786  0.58635113  0.73322756
   0.77798183  0.60698170  0.78412067
   0.58932302  0.62045972  0.70134957
