   0.17763413  0.06419519  0.19515457
   0.28346966  0.43299924  0.50128393
   0.03971000  0.44194000  0.09637000
   0.31467604  0.18821761  0.29867437
   0.12759578  0.31141823  0.39929476
   0.51114267  0.06446415  0.19553867
   0.61673656  0.43173103  0.49880261
   0.37304000  0.44194000  0.09637000
   0.64798018  0.18888930  0.29880528
   0.46063862  0.31145899  0.40185537
   0.84443471  0.06460447  0.19539119
   0.95198644  0.43316809  0.50126632
   0.70637000  0.44194000  0.09637000
   0.98105689  0.18860943  0.29921551
   0.79196220  0.31129513  0.40321953
   0.17972676  0.56341527  0.19514726
   0.24974703  0.93666439  0.50604697
   0.03971000  0.94194000  0.09637000
   0.31470131  0.68770522  0.29824511
   0.11121042  0.81607722  0.39751469
   0.51346891  0.56385520  0.19504893
   0.58254538  0.93929636  0.50549671
   0.37304000  0.94194000  0.09637000
   0.64812226  0.68878256  0.29827547
   0.44318144  0.81646662  0.39936887
   0.84635812  0.56350651  0.19523134
   0.91598973  0.93902017  0.50575178
   0.70637000  0.94194000  0.09637000
   0.98164925  0.68811010  0.29803782
   0.77634116  0.81723040  0.39909196
   0.92835258  0.69456126  0.49364023
   0.03971000  0.19194000  0.09637000
   0.31911965  0.43744025  0.29815612
   0.11427060  0.06205396  0.40038555
   0.17895133  0.31505216  0.19631428
   0.26369427  0.19221326  0.49506624
   0.37304000  0.19194000  0.09637000
   0.65182034  0.43829962  0.29854812
   0.44732312  0.06146297  0.40060276
   0.51236879  0.31545358  0.19746805
   0.59290506  0.18858353  0.50060336
   0.70637000  0.19194000  0.09637000
   0.98503545  0.43743751  0.29877581
   0.78038855  0.06230123  0.39982779
   0.84520935  0.31550117  0.19738667
   0.92380946  0.19278037  0.49517089
   0.03971000  0.69194000  0.09637000
   0.31197066  0.94043949  0.29756018
   0.12686494  0.55968156  0.40028519
   0.17775466  0.81508449  0.19696461
   0.26182894  0.69344987  0.49608135
   0.37304000  0.69194000  0.09637000
   0.64351538  0.93997967  0.29796608
   0.46058926  0.55989040  0.40015091
   0.51103983  0.81540242  0.19705655
   0.59678857  0.69441049  0.49577802
   0.70637000  0.69194000  0.09637000
   0.97740935  0.94044504  0.29835837
   0.84462141  0.81592223  0.19724592
   0.79324613  0.56072731  0.39913618
   0.17310000  0.33301000  0.10976000
   0.25875962  0.20291475  0.41132658
   0.08238337  0.32187745  0.51018778
   0.31440522  0.45995005  0.21379793
   0.11431973  0.08361151  0.31572894
   0.23858000  0.04636000  0.07986000
   0.04424723  0.17073742  0.18004643
   0.32677727  0.41590193  0.38216543
   0.11822167  0.04684460  0.48821947
   0.18117759  0.29279803  0.27991698
   0.50750000  0.33753000  0.11288000
   0.59086362  0.20230396  0.41550993
   0.41242257  0.32691341  0.50577107
   0.64779070  0.46062169  0.21462132
   0.44908630  0.08413462  0.31581175
   0.57191000  0.04636000  0.07986000
   0.37750267  0.17069287  0.18046633
   0.65920156  0.41646551  0.38250040
   0.44613823  0.04202120  0.48462282
   0.51442865  0.29369117  0.28059514
   0.84083000  0.33753000  0.11288000
   0.92823407  0.20290934  0.41093308
   0.75570700  0.32826955  0.50185360
   0.98120094  0.46035434  0.21471681
   0.78082649  0.08344155  0.31559222
   0.90524000  0.04636000  0.07986000
   0.71064094  0.17078211  0.18025459
   0.99281625  0.41616920  0.38291756
   0.78821088  0.04606284  0.48569000
   0.84797025  0.29308775  0.28052525
   0.17417000  0.83753000  0.11288000
   0.24301068  0.70994368  0.41422167
   0.04455750  0.82832409  0.52161093
   0.31201518  0.96049949  0.21376152
   0.11613857  0.58367449  0.31681745
   0.23858000  0.54636000  0.07986000
   0.04576123  0.66937146  0.17979877
   0.30888594  0.91942595  0.38100990
   0.15233388  0.54321031  0.48852000
   0.18091191  0.79233421  0.28005963
   0.50750000  0.83753000  0.11288000
   0.57750094  0.71085347  0.41394297
   0.38181568  0.82955047  0.51538052
   0.64524481  0.96066126  0.21413186
   0.44979662  0.58414761  0.31645249
   0.57191000  0.54636000  0.07986000
   0.37891140  0.66979346  0.17993032
   0.64095545  0.91998589  0.38180419
   0.48400927  0.54326742  0.48666492
   0.51315881  0.79235407  0.28010947
   0.84083000  0.83753000  0.11288000
   0.71636735  0.83275119  0.51654550
   0.97849395  0.96103260  0.21445664
   0.78223030  0.58445162  0.31610160
   0.90524000  0.54636000  0.07986000
   0.71274744  0.67022546  0.18015797
   0.97602939  0.91999805  0.38264491
   0.81947465  0.54478455  0.48551352
   0.84719965  0.79312951  0.28043230
   0.91104528  0.71135047  0.41122635
   0.74282957  0.57047889  0.64673795
   0.59283857  0.16355467  0.59648898
   0.96827175  0.65578389  0.59657984
   0.69255481  0.53394200  0.69414605
   0.79002680  0.52892760  0.74622746
   0.75458879  0.44684865  0.76674243
   0.91623159  0.54857886  0.73624056
   0.76352177  0.58964077  0.77790749
   0.56202977  0.50280180  0.69885142
