   0.18177000  0.06503000  0.19527000
   0.26536814  0.43783677  0.50199107
   0.03971000  0.44194000  0.09637000
   0.31656291  0.19067203  0.29888573
   0.11876231  0.31586038  0.40321762
   0.51472000  0.06471000  0.19485000
   0.59583220  0.43738463  0.50267189
   0.37304000  0.44194000  0.09637000
   0.64935840  0.18984561  0.29879637
   0.44946233  0.31594777  0.40281751
   0.84826000  0.06468000  0.19455000
   0.92968781  0.43797037  0.50033828
   0.70637000  0.44194000  0.09637000
   0.98303115  0.19025202  0.29858090
   0.78521343  0.31610516  0.40030925
   0.17955000  0.56532000  0.19533000
   0.26931504  0.93694516  0.50474728
   0.03971000  0.94194000  0.09637000
   0.31743520  0.68941238  0.29777649
   0.12193503  0.81548222  0.39597124
   0.51276000  0.56480000  0.19498000
   0.59997612  0.93764194  0.50488584
   0.37304000  0.94194000  0.09637000
   0.65005396  0.68910289  0.29721767
   0.45600619  0.81650106  0.39844833
   0.84642000  0.56519000  0.19522000
   0.93087365  0.93745187  0.50248536
   0.70637000  0.94194000  0.09637000
   0.98349856  0.68912267  0.29710581
   0.78867451  0.81568961  0.39779401
   0.58907991  0.19694227  0.49599373
   0.03971000  0.19194000  0.09637000
   0.31555926  0.44020189  0.29850203
   0.12343684  0.06197447  0.39836396
   0.18013000  0.31638000  0.19719000
   0.24780418  0.18641991  0.50197324
   0.37304000  0.19194000  0.09637000
   0.64903400  0.43964739  0.29785340
   0.45352448  0.06383130  0.40088597
   0.51314000  0.31594000  0.19696000
   0.70637000  0.19194000  0.09637000
   0.98276766  0.43982850  0.29803961
   0.78776591  0.06333893  0.40048420
   0.84665000  0.31624000  0.19703000
   0.93541258  0.19259602  0.49812001
   0.03971000  0.69194000  0.09637000
   0.31834603  0.94122588  0.29858367
   0.12254836  0.56268881  0.39918456
   0.18025000  0.81742000  0.19778000
   0.26755184  0.69467502  0.49418114
   0.37304000  0.69194000  0.09637000
   0.65125883  0.94033151  0.29728802
   0.45559102  0.56300771  0.40000222
   0.51318000  0.81586000  0.19571000
   0.59696718  0.69667609  0.49550895
   0.70637000  0.69194000  0.09637000
   0.98345997  0.94035969  0.29676292
   0.84718000  0.81593000  0.19584000
   0.93319690  0.68788245  0.49412557
   0.78800370  0.56249970  0.39879958
   0.17417000  0.33753000  0.11288000
   0.25115252  0.20736824  0.41677431
   0.06303750  0.33553766  0.50606971
   0.31386000  0.46170000  0.21427000
   0.11745449  0.08573573  0.31475823
   0.23858000  0.04636000  0.07986000
   0.04735000  0.17100000  0.18013000
   0.31655230  0.42048007  0.38264020
   0.13134709  0.03313625  0.48016246
   0.18230488  0.29476305  0.28045493
   0.50750000  0.33753000  0.11288000
   0.58566300  0.20909530  0.41305035
   0.39775461  0.33043074  0.50900373
   0.64712000  0.46121000  0.21367000
   0.45028801  0.08614850  0.31681624
   0.57191000  0.04636000  0.07986000
   0.38063000  0.17082000  0.17998000
   0.64972404  0.41993558  0.38187972
   0.46823672  0.04631162  0.48743819
   0.51561239  0.29405991  0.28013575
   0.84083000  0.33753000  0.11288000
   0.91680461  0.20859221  0.41444180
   0.72831706  0.33110917  0.51234748
   0.98063000  0.46160000  0.21400000
   0.78370187  0.08534576  0.31585242
   0.90524000  0.04636000  0.07986000
   0.71387000  0.17083000  0.18002000
   0.98405623  0.42022797  0.38199403
   0.80098458  0.04622662  0.48701039
   0.84845790  0.29428026  0.28032057
   0.17417000  0.83753000  0.11288000
   0.25534136  0.70992244  0.41171588
   0.06256185  0.82529468  0.52077101
   0.31682000  0.96236000  0.21534000
   0.11777753  0.58508229  0.31519928
   0.23858000  0.54636000  0.07986000
   0.04601000  0.67209000  0.18056000
   0.32100399  0.91964363  0.38203855
   0.13224774  0.55151981  0.48654623
   0.18356875  0.79460907  0.28096984
   0.50619000  0.83294000  0.10916000
   0.58932077  0.70981971  0.41272986
   0.39887290  0.82878554  0.51551464
   0.64926000  0.96050000  0.21277000
   0.45116611  0.58515081  0.31589338
   0.57191000  0.54636000  0.07986000
   0.37906000  0.67136000  0.18002000
   0.65444236  0.91949516  0.38132734
   0.46659953  0.55022097  0.48749191
   0.51672452  0.79413733  0.27947393
   0.83992000  0.83287000  0.10930000
   0.73230278  0.82998982  0.51712067
   0.98268000  0.96077000  0.21320000
   0.78445325  0.58514032  0.31523152
   0.90524000  0.54636000  0.07986000
   0.71230000  0.67144000  0.18017000
   0.98625287  0.91799297  0.37975955
   0.79787724  0.54726095  0.48546213
   0.84954126  0.79367061  0.27924613
   0.92321987  0.70984538  0.41257136
   0.78477000  0.69231000  0.65805000
   0.15018840  0.14838876  0.59245579
  -0.04204061  0.77722318  0.60032544
   0.72093470  0.63212377  0.69752834
   0.80123032  0.57472370  0.74067743
   0.74381844  0.48550671  0.74104216
   0.92842950  0.58647536  0.73289060
   0.77948541  0.60612456  0.78384400
   0.59011980  0.61930126  0.70138523
