   0.18176671  0.06518870  0.19552223
   0.25348727  0.43601115  0.50256814
   0.03971000  0.44194000  0.09637000
   0.31856090  0.19062837  0.30019279
   0.11768650  0.31495218  0.40144808
   0.51451853  0.06447544  0.19464609
   0.58519565  0.44457814  0.50096617
   0.37304000  0.44194000  0.09637000
   0.65107468  0.18923215  0.29792905
   0.45404433  0.31668276  0.40281454
   0.84818498  0.06471125  0.19453671
   0.92721083  0.44072234  0.50083407
   0.70637000  0.44194000  0.09637000
   0.98485425  0.18950833  0.29784460
   0.78544814  0.31332115  0.40007518
   0.18003165  0.56534395  0.19544062
   0.26926815  0.93609157  0.50372003
   0.03971000  0.94194000  0.09637000
   0.31685923  0.69064253  0.29845043
   0.12255035  0.81671541  0.39843180
   0.51313903  0.56429104  0.19473928
   0.60257368  0.93444172  0.50454238
   0.37304000  0.94194000  0.09637000
   0.64928666  0.68906452  0.29701076
   0.45519533  0.81729118  0.39905517
   0.84700290  0.56502802  0.19507387
   0.93400588  0.93191247  0.50106567
   0.70637000  0.94194000  0.09637000
   0.98357252  0.69018317  0.29793341
   0.78740623  0.81510113  0.39670776
   0.60544067  0.19314457  0.50887658
   0.03971000  0.19194000  0.09637000
   0.31622730  0.43997134  0.29847247
   0.12188786  0.06186298  0.39992097
   0.18021551  0.31654018  0.19739081
   0.25871446  0.19371880  0.49508881
   0.37304000  0.19194000  0.09637000
   0.64959178  0.43871382  0.29713186
   0.45995918  0.06776870  0.40573520
   0.51303836  0.31559135  0.19684662
   0.70637000  0.19194000  0.09637000
   0.98326541  0.43996961  0.29774634
   0.79035973  0.06056014  0.39755769
   0.84667695  0.31623737  0.19701415
   0.91333115  0.18490435  0.49929691
   0.03971000  0.69194000  0.09637000
   0.31992022  0.94386301  0.30076062
   0.12025731  0.56292605  0.39890780
   0.18084311  0.81781855  0.19814484
   0.25755277  0.69537533  0.49464434
   0.37304000  0.69194000  0.09637000
   0.65062448  0.93931358  0.29605400
   0.45120078  0.56403077  0.39924603
   0.51299157  0.81533991  0.19537637
   0.58922191  0.69670063  0.49482591
   0.70637000  0.69194000  0.09637000
   0.98482741  0.93975107  0.29703169
   0.84725781  0.81562015  0.19559472
   0.92475622  0.69637938  0.49227320
   0.78662078  0.56239744  0.39721243
   0.17417000  0.33753000  0.11288000
   0.25334188  0.20816814  0.41255817
   0.05147262  0.32946023  0.51021397
   0.31426724  0.46170618  0.21456266
   0.11882553  0.08480264  0.31544373
   0.23858000  0.04636000  0.07986000
   0.04737089  0.17124776  0.18019544
   0.31788326  0.41911357  0.38239765
   0.13588060  0.04520767  0.48682933
   0.18401185  0.29392148  0.28058380
   0.50750000  0.33753000  0.11288000
   0.58836667  0.21465317  0.42441483
   0.38834814  0.33220457  0.51291619
   0.64778595  0.46067166  0.21339882
   0.45432883  0.08896413  0.32057145
   0.57191000  0.04636000  0.07986000
   0.38052789  0.17053356  0.17985478
   0.65247517  0.41778825  0.38122654
   0.47084488  0.04622292  0.49116376
   0.51712857  0.29314713  0.27988373
   0.84083000  0.33753000  0.11288000
   0.91815990  0.20723483  0.41479929
   0.71994932  0.34873883  0.52374730
   0.98129367  0.46154576  0.21395074
   0.78526942  0.08472467  0.31365585
   0.90524000  0.04636000  0.07986000
   0.71370759  0.17084206  0.17999414
   0.98373179  0.41871708  0.38155597
   0.80164472  0.03466241  0.47986240
   0.85030942  0.29387562  0.28009502
   0.17417000  0.83753000  0.11288000
   0.25523454  0.70909926  0.41127540
   0.06852719  0.82561803  0.51066915
   0.31704337  0.96283542  0.21615536
   0.11730616  0.58527718  0.31512082
   0.23858000  0.54636000  0.07986000
   0.04660642  0.67238073  0.18072798
   0.32198268  0.92345312  0.38483561
   0.12703301  0.54817739  0.48562292
   0.18396239  0.79681629  0.28187329
   0.50619000  0.83294000  0.10916000
   0.58802612  0.70912888  0.41152036
   0.39966449  0.82593347  0.51373520
   0.64876413  0.95996583  0.21202281
   0.44992048  0.58514202  0.31553078
   0.57191000  0.54636000  0.07986000
   0.37925323  0.67089502  0.17982967
   0.65269087  0.91806262  0.37909980
   0.45458066  0.55070025  0.48578049
   0.51600002  0.79350367  0.27874161
   0.83992000  0.83287000  0.10930000
   0.73331807  0.82428684  0.51445641
   0.98258951  0.96053109  0.21283586
   0.78308947  0.58407910  0.31352232
   0.90524000  0.54636000  0.07986000
   0.71255429  0.67103083  0.18003281
   0.98665616  0.91910051  0.38076767
   0.79338301  0.55027187  0.48345608
   0.84917704  0.79402442  0.27919082
   0.92201059  0.70804309  0.40889160
   0.77923369  0.59026121  0.65835687
   0.75456301  0.15094917  0.58771244
   0.75494977  0.44271297  0.60254150
   0.76166661  0.60415016  0.71067510
   0.73465860  0.51328540  0.75382336
   0.65202718  0.52751222  0.78751999
   0.69398897  0.43161900  0.73327475
   0.84868769  0.51453201  0.77552863
   0.76859228  0.69051243  0.72588499
