   0.18177000  0.06503000  0.19527000
   0.26126493  0.43820736  0.50257309
   0.03971000  0.44194000  0.09637000
   0.31636081  0.18980150  0.29914731
   0.11590119  0.31418323  0.40386095
   0.51472000  0.06471000  0.19485000
   0.59050124  0.43480200  0.50353077
   0.37304000  0.44194000  0.09637000
   0.64958315  0.18933184  0.29948340
   0.44854717  0.31485278  0.40276563
   0.84826000  0.06468000  0.19455000
   0.92438220  0.43666375  0.50103483
   0.70637000  0.44194000  0.09637000
   0.98267707  0.18937402  0.29899932
   0.78435641  0.31431882  0.40149224
   0.17955000  0.56532000  0.19533000
   0.27703992  0.93208900  0.50334684
   0.03971000  0.94194000  0.09637000
   0.31761042  0.68874327  0.29824436
   0.12438363  0.81238529  0.39623210
   0.51276000  0.56480000  0.19498000
   0.60795369  0.93334225  0.50547803
   0.37304000  0.94194000  0.09637000
   0.65013948  0.68845788  0.29747765
   0.45876969  0.81371741  0.39915819
   0.84642000  0.56519000  0.19522000
   0.93943177  0.93409399  0.50160124
   0.70637000  0.94194000  0.09637000
   0.98344700  0.68799055  0.29755006
   0.79088239  0.81289243  0.39803101
   0.59455042  0.19326865  0.49629213
   0.03971000  0.19194000  0.09637000
   0.31495817  0.43951636  0.29873833
   0.12578052  0.05917305  0.39798207
   0.18013000  0.31638000  0.19719000
   0.24782372  0.18545466  0.49976115
   0.37304000  0.19194000  0.09637000
   0.64833299  0.43879845  0.29802021
   0.45637829  0.06115520  0.40119777
   0.51314000  0.31594000  0.19696000
   0.70637000  0.19194000  0.09637000
   0.98227244  0.43899059  0.29819100
   0.78984915  0.06153138  0.40193491
   0.84665000  0.31624000  0.19703000
   0.94242107  0.18876708  0.50167198
   0.03971000  0.69194000  0.09637000
   0.31947713  0.93990866  0.29869485
   0.12062664  0.56113684  0.39970251
   0.18025000  0.81742000  0.19778000
   0.27067251  0.69196266  0.49482810
   0.37304000  0.69194000  0.09637000
   0.65218547  0.93980850  0.29778216
   0.45452322  0.56140175  0.40049124
   0.51318000  0.81586000  0.19571000
   0.60018396  0.69268439  0.49647880
   0.70637000  0.69194000  0.09637000
   0.98415126  0.93891121  0.29681692
   0.84718000  0.81593000  0.19584000
   0.93774935  0.68339950  0.49394588
   0.78605947  0.56063320  0.39913890
   0.17417000  0.33753000  0.11288000
   0.25051857  0.20587115  0.41537195
   0.06084422  0.33767602  0.50435628
   0.31386000  0.46170000  0.21427000
   0.11667676  0.08444914  0.31486831
   0.23858000  0.04636000  0.07986000
   0.04735000  0.17100000  0.18013000
   0.31479162  0.41927114  0.38292963
   0.14171416  0.03029301  0.47988778
   0.18213880  0.29376594  0.28041260
   0.50750000  0.33753000  0.11288000
   0.58390061  0.20775280  0.41396160
   0.39069008  0.32859650  0.50964310
   0.64712000  0.46121000  0.21367000
   0.45016656  0.08516889  0.31726339
   0.57191000  0.04636000  0.07986000
   0.38063000  0.17082000  0.17998000
   0.64862712  0.41806825  0.38220158
   0.47602934  0.04232003  0.48783131
   0.51559668  0.29315151  0.28014752
   0.84083000  0.33753000  0.11288000
   0.91441827  0.20711213  0.41751864
   0.72328384  0.32993497  0.51434715
   0.98063000  0.46160000  0.21400000
   0.78356418  0.08496722  0.31719923
   0.90524000  0.04636000  0.07986000
   0.71387000  0.17083000  0.18002000
   0.98195663  0.41865631  0.38204919
   0.80700017  0.04046888  0.48749322
   0.84860913  0.29325715  0.28026525
   0.17417000  0.83753000  0.11288000
   0.25782541  0.70704907  0.41209206
   0.07036542  0.82137182  0.51931272
   0.31682000  0.96236000  0.21534000
   0.11772604  0.58402681  0.31571268
   0.23858000  0.54636000  0.07986000
   0.04601000  0.67209000  0.18056000
   0.32391573  0.91686481  0.38229674
   0.12725037  0.55238396  0.48748387
   0.18382784  0.79371278  0.28096945
   0.50619000  0.83294000  0.10916000
   0.59185153  0.70693320  0.41355106
   0.40704962  0.82481493  0.51537162
   0.64926000  0.96050000  0.21277000
   0.45111971  0.58445635  0.31639375
   0.57191000  0.54636000  0.07986000
   0.37906000  0.67136000  0.18002000
   0.65689844  0.91707872  0.38193862
   0.46324078  0.54880748  0.48836998
   0.51724847  0.79374696  0.27959952
   0.83992000  0.83287000  0.10930000
   0.74043149  0.82493857  0.51828674
   0.98268000  0.96077000  0.21320000
   0.78367670  0.58392335  0.31546445
   0.90524000  0.54636000  0.07986000
   0.71230000  0.67144000  0.18017000
   0.98899384  0.91503944  0.37991187
   0.79287160  0.54583230  0.48619801
   0.85000056  0.79274831  0.27920760
   0.92487302  0.70654498  0.41219854
   0.78477000  0.69231000  0.65805000
   0.09162038  0.15346853  0.58496748
  -0.05376077  0.78334558  0.59767451
   0.72097003  0.63225590  0.69765447
   0.80221465  0.57516756  0.74056950
   0.74641926  0.48584445  0.74054873
   0.92967166  0.58806551  0.73256863
   0.78033646  0.60569716  0.78380377
   0.59002249  0.61924640  0.70171528
