   0.18177000  0.06503000  0.19527000
   0.26411717  0.43248507  0.50279224
   0.03971000  0.44194000  0.09637000
   0.31515755  0.18781935  0.29815632
   0.11458019  0.31490292  0.40032057
   0.51472000  0.06471000  0.19485000
   0.59851592  0.43247597  0.49964946
   0.37304000  0.44194000  0.09637000
   0.64903759  0.18801502  0.29828355
   0.44712720  0.31329605  0.39838554
   0.84826000  0.06468000  0.19455000
   0.93259737  0.43502224  0.50580915
   0.70637000  0.44194000  0.09637000
   0.98240040  0.18869036  0.29864414
   0.78115018  0.31483534  0.40031188
   0.17955000  0.56532000  0.19533000
   0.26334761  0.93182352  0.50438583
   0.03971000  0.94194000  0.09637000
   0.31542121  0.68864109  0.29763542
   0.11989589  0.81304084  0.39590295
   0.51276000  0.56480000  0.19498000
   0.59497213  0.93224577  0.50271878
   0.37304000  0.94194000  0.09637000
   0.64789921  0.68896882  0.29687328
   0.45274221  0.81324585  0.39879702
   0.84642000  0.56519000  0.19522000
   0.92729104  0.93375106  0.50487364
   0.70637000  0.94194000  0.09637000
   0.98165135  0.68870565  0.29688950
   0.78508998  0.81411076  0.39798041
   0.58968406  0.19073966  0.49325201
   0.03971000  0.19194000  0.09637000
   0.31403075  0.43947889  0.29801413
   0.11939290  0.06047438  0.40053223
   0.18013000  0.31638000  0.19719000
   0.25585878  0.19155944  0.49629090
   0.37304000  0.19194000  0.09637000
   0.64683718  0.43824126  0.29686270
   0.45191899  0.05959018  0.39910326
   0.51314000  0.31594000  0.19696000
   0.70637000  0.19194000  0.09637000
   0.98073324  0.43898734  0.29763094
   0.78564633  0.06001656  0.39925380
   0.84665000  0.31624000  0.19703000
   0.92323380  0.19172145  0.49421326
   0.03971000  0.69194000  0.09637000
   0.31677781  0.93909325  0.29807666
   0.12071628  0.55995755  0.39859844
   0.18025000  0.81742000  0.19778000
   0.26125024  0.68730394  0.49441745
   0.37304000  0.69194000  0.09637000
   0.64967302  0.93881315  0.29694867
   0.45332737  0.56038750  0.39938043
   0.51318000  0.81586000  0.19571000
   0.59556289  0.69043493  0.49468121
   0.70637000  0.69194000  0.09637000
   0.98278983  0.93999976  0.29739672
   0.84718000  0.81593000  0.19584000
   0.92391124  0.68717121  0.49037873
   0.78609202  0.55948579  0.39657297
   0.17417000  0.33753000  0.11288000
   0.24764653  0.20670210  0.41341637
   0.06528593  0.32375481  0.50965719
   0.31386000  0.46170000  0.21427000
   0.11614443  0.08413654  0.31651546
   0.23858000  0.04636000  0.07986000
   0.04735000  0.17100000  0.18013000
   0.31376801  0.41804088  0.38188845
   0.13042884  0.04070458  0.48839988
   0.18172505  0.29295581  0.28033982
   0.50750000  0.33753000  0.11288000
   0.57969926  0.20593522  0.41041344
   0.39696414  0.32481781  0.51265377
   0.64712000  0.46121000  0.21367000
   0.44925079  0.08350102  0.31540703
   0.57191000  0.04636000  0.07986000
   0.38063000  0.17082000  0.17998000
   0.64569523  0.41776213  0.38033438
   0.46243960  0.04221692  0.48605010
   0.51465992  0.29174582  0.27973148
   0.84083000  0.33753000  0.11288000
   0.91417196  0.20624771  0.41142324
   0.72887685  0.32561203  0.50605412
   0.98063000  0.46160000  0.21400000
   0.78270207  0.08328458  0.31508974
   0.90524000  0.04636000  0.07986000
   0.71387000  0.17083000  0.18002000
   0.98018858  0.41771477  0.38110153
   0.79776322  0.04269724  0.48630715
   0.84824084  0.29274194  0.27986338
   0.17417000  0.83753000  0.11288000
   0.25262225  0.70740631  0.41197107
   0.05703437  0.82240411  0.52086692
   0.31682000  0.96236000  0.21534000
   0.11561611  0.58427442  0.31489168
   0.23858000  0.54636000  0.07986000
   0.04601000  0.67209000  0.18056000
   0.31823605  0.91673233  0.38168107
   0.13500808  0.54194158  0.48315896
   0.18114564  0.79379190  0.28091576
   0.50619000  0.83294000  0.10916000
   0.58659039  0.70654048  0.41205773
   0.39284294  0.82374502  0.51345882
   0.64926000  0.96050000  0.21277000
   0.44876097  0.58445075  0.31572054
   0.57191000  0.54636000  0.07986000
   0.37906000  0.67136000  0.18002000
   0.65023810  0.91753367  0.38113832
   0.46606697  0.54406274  0.48603140
   0.51418197  0.79353125  0.27929120
   0.83992000  0.83287000  0.10930000
   0.72931256  0.82626038  0.51201729
   0.98268000  0.96077000  0.21320000
   0.78134876  0.58383246  0.31293316
   0.90524000  0.54636000  0.07986000
   0.71230000  0.67144000  0.18017000
   0.98493122  0.91808654  0.38190544
   0.79715653  0.54189133  0.48131603
   0.84814406  0.79435094  0.27949716
   0.92014308  0.70757832  0.40885101
   0.78477000  0.69231000  0.65805000
   0.97287589  0.50197199  0.61497959
   0.02097557  0.69769592  0.59136185
   0.71949631  0.62975911  0.69510711
   0.79671069  0.57312076  0.74077166
   0.73932987  0.48632164  0.74409148
   0.92238464  0.58103228  0.73263317
   0.77824998  0.61230758  0.78347271
   0.58885863  0.60995770  0.69713040
