   0.17782054  0.06422202  0.19543927
   0.28643834  0.42945977  0.50181599
   0.03971000  0.44194000  0.09637000
   0.31405497  0.18785290  0.29869985
   0.12865210  0.31095169  0.39862026
   0.51108898  0.06432352  0.19552018
   0.61982877  0.43144944  0.50211662
   0.37304000  0.44194000  0.09637000
   0.64752837  0.18786428  0.29890757
   0.46190077  0.31110352  0.39872404
   0.84429527  0.06423126  0.19544443
   0.95346827  0.42834708  0.50148232
   0.70637000  0.44194000  0.09637000
   0.98086723  0.18787193  0.29857703
   0.79549707  0.31114289  0.39858742
   0.18005221  0.56400190  0.19518007
   0.24721864  0.93875092  0.50339544
   0.03971000  0.94194000  0.09637000
   0.31525538  0.68877124  0.29909291
   0.10979764  0.81534954  0.40069641
   0.51344457  0.56396172  0.19516690
   0.58113118  0.94052976  0.50407780
   0.37304000  0.94194000  0.09637000
   0.64817228  0.68846973  0.29879616
   0.44053976  0.81678813  0.40395556
   0.84671420  0.56401465  0.19533051
   0.91253044  0.93790810  0.50513793
   0.70637000  0.94194000  0.09637000
   0.98189437  0.68848179  0.29880098
   0.77526142  0.81655237  0.40018704
   0.92844341  0.69336530  0.49592116
   0.03971000  0.19194000  0.09637000
   0.31898981  0.43778556  0.29779376
   0.11363265  0.06175169  0.40032045
   0.17914418  0.31491203  0.19620663
   0.25949361  0.19260701  0.49566351
   0.37304000  0.19194000  0.09637000
   0.65254136  0.43833363  0.29862163
   0.44656372  0.06245074  0.40024917
   0.51226624  0.31558487  0.19748466
   0.59251629  0.19518414  0.49526430
   0.70637000  0.19194000  0.09637000
   0.98628005  0.43828244  0.29824703
   0.77989519  0.06189353  0.40025106
   0.84527823  0.31551492  0.19736733
   0.92815935  0.19091736  0.49520375
   0.03971000  0.69194000  0.09637000
   0.31042333  0.93929297  0.29855598
   0.12794706  0.55923732  0.40045790
   0.17812668  0.81555770  0.19730336
   0.25826690  0.68811739  0.50081861
   0.37304000  0.69194000  0.09637000
   0.64290859  0.93915524  0.29865477
   0.46014257  0.55934923  0.40009478
   0.51135417  0.81551696  0.19725547
   0.59307803  0.69299009  0.49575755
   0.70637000  0.69194000  0.09637000
   0.97719672  0.93930919  0.29844866
   0.84466452  0.81555555  0.19727466
   0.79421357  0.55986051  0.40045162
   0.17310000  0.33301000  0.10976000
   0.26127240  0.20306445  0.41106124
   0.08595254  0.31752721  0.51162193
   0.31424950  0.45981566  0.21369478
   0.11386118  0.08304585  0.31582017
   0.23858000  0.04636000  0.07986000
   0.04413937  0.17061441  0.18011051
   0.32791867  0.41508486  0.38162168
   0.11529452  0.04935570  0.48824678
   0.18125379  0.29273347  0.27992341
   0.50750000  0.33753000  0.11288000
   0.59526378  0.20361413  0.41079043
   0.41949229  0.31993489  0.51125107
   0.64779287  0.46068765  0.21486444
   0.44730476  0.08295515  0.31576986
   0.57191000  0.04636000  0.07986000
   0.37753307  0.17085034  0.18030321
   0.66152378  0.41612301  0.38256188
   0.44969194  0.05264861  0.48785188
   0.51466576  0.29309559  0.28091168
   0.84083000  0.33753000  0.11288000
   0.92785395  0.20311631  0.41117973
   0.75138464  0.32185684  0.51188797
   0.98125171  0.46056804  0.21453580
   0.78065347  0.08279996  0.31579866
   0.90524000  0.04636000  0.07986000
   0.71079942  0.17072834  0.18016559
   0.99433809  0.41500815  0.38163625
   0.78394732  0.04932000  0.48807054
   0.84788508  0.29289681  0.28065167
   0.17417000  0.83753000  0.11288000
   0.24058765  0.70867705  0.41754516
   0.04396811  0.83192787  0.51752095
   0.31196509  0.96069671  0.21451826
   0.11648963  0.58464996  0.31683006
   0.23858000  0.54636000  0.07986000
   0.04594743  0.67017067  0.18004441
   0.30653751  0.91987631  0.38265131
   0.15094163  0.53423115  0.48417518
   0.18047350  0.79249959  0.28053156
   0.50750000  0.83753000  0.11288000
   0.57648141  0.70941032  0.41411655
   0.38272351  0.83557940  0.50750469
   0.64519196  0.96072796  0.21459705
   0.44927269  0.58394206  0.31646723
   0.57191000  0.54636000  0.07986000
   0.37928261  0.67003523  0.17998043
   0.63989577  0.91975293  0.38294654
   0.48672806  0.53980644  0.48610713
   0.51379254  0.79225684  0.28032128
   0.84083000  0.83753000  0.11288000
   0.71142813  0.83181485  0.51569135
   0.97857676  0.96073140  0.21450933
   0.78294241  0.58442285  0.31694171
   0.90524000  0.54636000  0.07986000
   0.71264363  0.67010726  0.18004573
   0.97467087  0.91926145  0.38271516
   0.82124811  0.54066765  0.48739405
   0.84716158  0.79235077  0.28049299
   0.90874501  0.71018327  0.41440159
   0.73702001  0.57179326  0.64601309
   0.25278999  0.65563447  0.60274432
   0.97716198  0.63577360  0.61129552
   0.68945339  0.53534946  0.69380423
   0.78922844  0.53037888  0.74526803
   0.75380740  0.44820476  0.76616022
   0.91581921  0.54932000  0.73524845
   0.76431389  0.59100382  0.77725405
   0.55961698  0.50421271  0.69904016
