   0.18177000  0.06503000  0.19527000
   0.26846878  0.43990189  0.49952109
   0.03971000  0.44194000  0.09637000
   0.31631992  0.18975351  0.29936671
   0.11787351  0.31362680  0.40233325
   0.51472000  0.06471000  0.19485000
   0.60085738  0.43885548  0.50223840
   0.37304000  0.44194000  0.09637000
   0.64933849  0.18868097  0.29829427
   0.44898622  0.31380509  0.40414221
   0.84826000  0.06468000  0.19455000
   0.93274168  0.43857013  0.49854463
   0.70637000  0.44194000  0.09637000
   0.98309197  0.18931986  0.29962450
   0.78436593  0.31440640  0.39824018
   0.17955000  0.56532000  0.19533000
   0.26560042  0.93949915  0.50649469
   0.03971000  0.94194000  0.09637000
   0.31653827  0.68893683  0.29769795
   0.12061153  0.81470795  0.39580970
   0.51276000  0.56480000  0.19498000
   0.59587583  0.93821404  0.50476200
   0.37304000  0.94194000  0.09637000
   0.64926373  0.68875240  0.29706391
   0.45439034  0.81576634  0.39797444
   0.84642000  0.56519000  0.19522000
   0.92698219  0.93716986  0.50698127
   0.70637000  0.94194000  0.09637000
   0.98259716  0.68874638  0.29744458
   0.78756821  0.81513338  0.39760837
   0.58882343  0.19684706  0.49537608
   0.03971000  0.19194000  0.09637000
   0.31611997  0.43877231  0.29843588
   0.11838001  0.06039537  0.40205219
   0.18013000  0.31638000  0.19719000
   0.24644255  0.19139009  0.50267580
   0.37304000  0.19194000  0.09637000
   0.64737328  0.43819640  0.29761726
   0.45029185  0.06336437  0.40066657
   0.51314000  0.31594000  0.19696000
   0.70637000  0.19194000  0.09637000
   0.98333687  0.43917845  0.29776527
   0.78296827  0.06079461  0.40009139
   0.84665000  0.31624000  0.19703000
   0.93081484  0.19380647  0.49496394
   0.03971000  0.69194000  0.09637000
   0.31692054  0.94098504  0.29859121
   0.12280041  0.56258059  0.39913219
   0.18025000  0.81742000  0.19778000
   0.26772911  0.69712891  0.49414313
   0.37304000  0.69194000  0.09637000
   0.64987050  0.93921735  0.29700771
   0.45708172  0.56134044  0.39937839
   0.51318000  0.81586000  0.19571000
   0.59599387  0.69729822  0.49433910
   0.70637000  0.69194000  0.09637000
   0.98398773  0.94118998  0.29761734
   0.84718000  0.81593000  0.19584000
   0.92542103  0.69033803  0.49312824
   0.78728814  0.56057118  0.39778413
   0.17417000  0.33753000  0.11288000
   0.24990174  0.20539964  0.41839949
   0.06595731  0.33467897  0.49990363
   0.31386000  0.46170000  0.21427000
   0.11760018  0.08575108  0.31773140
   0.23858000  0.04636000  0.07986000
   0.04735000  0.17100000  0.18013000
   0.31845726  0.41804465  0.38238229
   0.12379188  0.03363161  0.48493184
   0.18249216  0.29351187  0.28039328
   0.50750000  0.33753000  0.11288000
   0.58554549  0.20763465  0.41221275
   0.40036376  0.33434687  0.50868833
   0.64712000  0.46121000  0.21367000
   0.44985201  0.08534945  0.31676574
   0.57191000  0.04636000  0.07986000
   0.38063000  0.17082000  0.17998000
   0.64782917  0.41830481  0.38151063
   0.46331017  0.04752565  0.48729199
   0.51540729  0.29275831  0.27976712
   0.84083000  0.33753000  0.11288000
   0.91456414  0.20547465  0.41081629
   0.73273498  0.32945013  0.51096908
   0.98063000  0.46160000  0.21400000
   0.78242991  0.08347606  0.31512678
   0.90524000  0.04636000  0.07986000
   0.71387000  0.17083000  0.18002000
   0.98513959  0.41930412  0.38136003
   0.79743269  0.04673221  0.48785019
   0.84909955  0.29321526  0.28030670
   0.17417000  0.83753000  0.11288000
   0.25498875  0.70987813  0.41172666
   0.05870419  0.82172358  0.52292924
   0.31682000  0.96236000  0.21534000
   0.11705767  0.58475002  0.31543266
   0.23858000  0.54636000  0.07986000
   0.04601000  0.67209000  0.18056000
   0.31905583  0.91837793  0.38212136
   0.13507663  0.55238547  0.48599551
   0.18248764  0.79416833  0.28101742
   0.50619000  0.83294000  0.10916000
   0.58869517  0.70917440  0.41136347
   0.39603043  0.83131306  0.51635296
   0.64926000  0.96050000  0.21277000
   0.45004664  0.58410176  0.31522218
   0.57191000  0.54636000  0.07986000
   0.37906000  0.67136000  0.18002000
   0.65118570  0.91759483  0.38103811
   0.46982274  0.55066756  0.48669628
   0.51600972  0.79330613  0.27933520
   0.83992000  0.83287000  0.10930000
   0.72846520  0.83009309  0.51540995
   0.98268000  0.96077000  0.21320000
   0.78283149  0.58384307  0.31452458
   0.90524000  0.54636000  0.07986000
   0.71230000  0.67144000  0.18017000
   0.98408020  0.91729086  0.38096407
   0.80006461  0.54576903  0.48428360
   0.84946201  0.79404507  0.27958646
   0.92180540  0.70863602  0.41175513
   0.78477000  0.69231000  0.65805000
   0.16274423  0.16639260  0.59384065
  -0.00871294  0.75378117  0.60504556
   0.71863599  0.63189185  0.69667921
   0.79854172  0.57400317  0.74068245
   0.74143756  0.48524769  0.74230161
   0.92619600  0.58610075  0.73315914
   0.77681479  0.60846722  0.78351485
   0.58962510  0.61887031  0.70038685
