   0.18177000  0.06503000  0.19527000
   0.26357828  0.43424291  0.50201339
   0.03971000  0.44194000  0.09637000
   0.31660454  0.19071739  0.29768921
   0.11756668  0.31210179  0.40568746
   0.51472000  0.06471000  0.19485000
   0.59406457  0.43413061  0.50284501
   0.37304000  0.44194000  0.09637000
   0.64945570  0.19029737  0.29959680
   0.44718748  0.31184000  0.40554998
   0.84826000  0.06468000  0.19455000
   0.92721474  0.43607362  0.49908587
   0.70637000  0.44194000  0.09637000
   0.98307638  0.18991143  0.29759931
   0.78488320  0.31309210  0.40117952
   0.17955000  0.56532000  0.19533000
   0.26877183  0.93033307  0.50291254
   0.03971000  0.94194000  0.09637000
   0.31652489  0.68797069  0.29794590
   0.12080350  0.81172893  0.39416067
   0.51276000  0.56480000  0.19498000
   0.59990594  0.93558804  0.50550995
   0.37304000  0.94194000  0.09637000
   0.64843417  0.68699910  0.29672013
   0.45506391  0.81426896  0.39787503
   0.84642000  0.56519000  0.19522000
   0.92837731  0.92879906  0.50357229
   0.70637000  0.94194000  0.09637000
   0.98229281  0.68671087  0.29717166
   0.78774929  0.81423701  0.39600901
   0.58500660  0.19580194  0.49577272
   0.03971000  0.19194000  0.09637000
   0.31569476  0.43937489  0.29921004
   0.12110272  0.05863126  0.39743296
   0.18013000  0.31638000  0.19719000
   0.24670904  0.17865582  0.50168596
   0.37304000  0.19194000  0.09637000
   0.64779583  0.43764730  0.29802815
   0.45245143  0.06173961  0.40024471
   0.51314000  0.31594000  0.19696000
   0.70637000  0.19194000  0.09637000
   0.98333081  0.43916997  0.29900929
   0.78751986  0.06252372  0.40216453
   0.84665000  0.31624000  0.19703000
   0.94146273  0.18872349  0.50119046
   0.03971000  0.69194000  0.09637000
   0.31748326  0.94027745  0.29842282
   0.12362788  0.56122041  0.40048777
   0.18025000  0.81742000  0.19778000
   0.26702523  0.69134767  0.49477302
   0.37304000  0.69194000  0.09637000
   0.65114884  0.94118765  0.29772731
   0.45503314  0.55894335  0.40039689
   0.51318000  0.81586000  0.19571000
   0.59318333  0.69099491  0.49466267
   0.70637000  0.69194000  0.09637000
   0.98363245  0.93908748  0.29583021
   0.84718000  0.81593000  0.19584000
   0.92553387  0.68360228  0.49394286
   0.78489740  0.56016363  0.39827944
   0.17417000  0.33753000  0.11288000
   0.24765266  0.20054726  0.41694338
   0.06018610  0.33438264  0.50473016
   0.31386000  0.46170000  0.21427000
   0.11857215  0.08540567  0.31407339
   0.23858000  0.04636000  0.07986000
   0.04735000  0.17100000  0.18013000
   0.31621773  0.41608921  0.38340974
   0.12761651  0.02374797  0.47945923
   0.18109397  0.29448713  0.27997964
   0.50750000  0.33753000  0.11288000
   0.58558054  0.20562663  0.41288929
   0.39744359  0.32470622  0.50721441
   0.64712000  0.46121000  0.21367000
   0.44937392  0.08547406  0.31621671
   0.57191000  0.04636000  0.07986000
   0.38063000  0.17082000  0.17998000
   0.64736979  0.41632871  0.38202647
   0.46579052  0.04336407  0.48654035
   0.51515804  0.29243793  0.27948076
   0.84083000  0.33753000  0.11288000
   0.91421078  0.20584858  0.41734946
   0.72595842  0.32896466  0.51238560
   0.98063000  0.46160000  0.21400000
   0.78433739  0.08625130  0.31720107
   0.90524000  0.04636000  0.07986000
   0.71387000  0.17083000  0.18002000
   0.98451443  0.41771683  0.38290251
   0.80244588  0.04142663  0.48858659
   0.84816942  0.29394759  0.28047566
   0.17417000  0.83753000  0.11288000
   0.25488756  0.70967473  0.41278364
   0.06300962  0.81506458  0.52268119
   0.31682000  0.96236000  0.21534000
   0.11704658  0.58440390  0.31677007
   0.23858000  0.54636000  0.07986000
   0.04601000  0.67209000  0.18056000
   0.31978446  0.91819680  0.38145052
   0.13392648  0.55022316  0.48655890
   0.18289467  0.79323047  0.28074797
   0.50619000  0.83294000  0.10916000
   0.58786845  0.70769676  0.41225883
   0.40229085  0.82739857  0.51750053
   0.64926000  0.96050000  0.21277000
   0.44944285  0.58382746  0.31632663
   0.57191000  0.54636000  0.07986000
   0.37906000  0.67136000  0.18002000
   0.65400138  0.91896405  0.38158578
   0.46538977  0.54611568  0.48799037
   0.51646579  0.79433394  0.27967999
   0.83992000  0.83287000  0.10930000
   0.73043499  0.82494205  0.51623268
   0.98268000  0.96077000  0.21320000
   0.78251343  0.58271812  0.31524175
   0.90524000  0.54636000  0.07986000
   0.71230000  0.67144000  0.18017000
   0.98572147  0.91483894  0.37735650
   0.79385056  0.54569701  0.48403757
   0.84971914  0.79226529  0.27868570
   0.92061389  0.70879581  0.41204225
   0.78477000  0.69231000  0.65805000
   0.13668000  0.15486606  0.59211607
  -0.01572801  0.76590579  0.60805288
   0.71935541  0.63225122  0.69679158
   0.79831612  0.57488262  0.74036453
   0.74140895  0.48438056  0.74246885
   0.92657424  0.58608865  0.73321537
   0.77613332  0.60855794  0.78370041
   0.59009962  0.62065395  0.70080957
