   0.18177000  0.06503000  0.19527000
   0.25203834  0.44090403  0.50437922
   0.03971000  0.44194000  0.09637000
   0.31815878  0.18937136  0.29822676
   0.11349236  0.31805135  0.39997339
   0.51472000  0.06471000  0.19485000
   0.58593934  0.44036132  0.50717614
   0.37304000  0.44194000  0.09637000
   0.65179607  0.18960414  0.29850818
   0.44670515  0.31773262  0.39972988
   0.84826000  0.06468000  0.19455000
   0.91771003  0.44244753  0.50546264
   0.70637000  0.44194000  0.09637000
   0.98475046  0.18961984  0.29813996
   0.77996421  0.31895076  0.40077101
   0.17955000  0.56532000  0.19533000
   0.27714473  0.93434082  0.50332122
   0.03971000  0.94194000  0.09637000
   0.31508343  0.68975003  0.29823462
   0.12409777  0.81511314  0.39708214
   0.51276000  0.56480000  0.19498000
   0.61136761  0.93618843  0.50142567
   0.37304000  0.94194000  0.09637000
   0.64845692  0.69019526  0.29770166
   0.45671259  0.81489458  0.39920029
   0.84642000  0.56519000  0.19522000
   0.94419106  0.93545035  0.50350337
   0.70637000  0.94194000  0.09637000
   0.98121260  0.68957180  0.29801763
   0.78953884  0.81588465  0.39864490
   0.59243594  0.19495361  0.49432189
   0.03971000  0.19194000  0.09637000
   0.31392000  0.44113195  0.29805833
   0.12533038  0.06133300  0.39987068
   0.18013000  0.31638000  0.19719000
   0.25942348  0.19551107  0.49490646
   0.37304000  0.19194000  0.09637000
   0.64673865  0.44011539  0.29741042
   0.45893771  0.06148998  0.39976817
   0.51314000  0.31594000  0.19696000
   0.70637000  0.19194000  0.09637000
   0.98064780  0.44111065  0.29798986
   0.79243679  0.06249468  0.39958417
   0.84665000  0.31624000  0.19703000
   0.92432796  0.19700603  0.49541212
   0.03971000  0.69194000  0.09637000
   0.31904797  0.94027183  0.29859910
   0.11461524  0.56406328  0.40081235
   0.18025000  0.81742000  0.19778000
   0.25933349  0.69514345  0.49611708
   0.37304000  0.69194000  0.09637000
   0.65170715  0.93994797  0.29709512
   0.44892566  0.56406039  0.40043709
   0.51318000  0.81586000  0.19571000
   0.59098077  0.69543769  0.49559418
   0.70637000  0.69194000  0.09637000
   0.98478548  0.93985415  0.29756669
   0.84718000  0.81593000  0.19584000
   0.92018632  0.69521238  0.49184461
   0.78072278  0.56398729  0.39810899
   0.17417000  0.33753000  0.11288000
   0.24585267  0.20975363  0.41321130
   0.04959047  0.33386810  0.51341877
   0.31386000  0.46170000  0.21427000
   0.11886287  0.08472413  0.31596370
   0.23858000  0.04636000  0.07986000
   0.04735000  0.17100000  0.18013000
   0.31223762  0.42127176  0.38210995
   0.14462012  0.04184744  0.48714582
   0.18418559  0.29372227  0.28039522
   0.50750000  0.33753000  0.11288000
   0.57895429  0.20965590  0.41167993
   0.38322101  0.33289101  0.51278080
   0.64712000  0.46121000  0.21367000
   0.45229093  0.08498999  0.31617881
   0.57191000  0.04636000  0.07986000
   0.38063000  0.17082000  0.17998000
   0.64433586  0.42104372  0.38104002
   0.47675448  0.04378835  0.48635397
   0.51683346  0.29305980  0.28001811
   0.84083000  0.33753000  0.11288000
   0.91451769  0.21107084  0.41231350
   0.71828741  0.33155277  0.50719298
   0.98063000  0.46160000  0.21400000
   0.78600478  0.08436366  0.31558333
   0.90524000  0.04636000  0.07986000
   0.71387000  0.17083000  0.18002000
   0.97929346  0.42257454  0.38223900
   0.81260413  0.04566224  0.48626410
   0.85067843  0.29387433  0.28026020
   0.17417000  0.83753000  0.11288000
   0.25493089  0.70753620  0.41232358
   0.07272266  0.82137125  0.51842325
   0.31682000  0.96236000  0.21534000
   0.11537829  0.58542964  0.31602282
   0.23858000  0.54636000  0.07986000
   0.04601000  0.67209000  0.18056000
   0.32286767  0.91892464  0.38272640
   0.11973039  0.55182867  0.48949392
   0.18182094  0.79509940  0.28104155
   0.50619000  0.83294000  0.10916000
   0.58925426  0.70819504  0.41206752
   0.40945870  0.82670232  0.51161318
   0.64926000  0.96050000  0.21277000
   0.44918114  0.58568149  0.31580824
   0.57191000  0.54636000  0.07986000
   0.37906000  0.67136000  0.18002000
   0.65492215  0.91961802  0.38162729
   0.45176797  0.55151656  0.48806925
   0.51501059  0.79494707  0.27959242
   0.83992000  0.83287000  0.10930000
   0.74323331  0.82762362  0.50967773
   0.98268000  0.96077000  0.21320000
   0.78118721  0.58516574  0.31457942
   0.90524000  0.54636000  0.07986000
   0.71230000  0.67144000  0.18017000
   0.98924313  0.91924843  0.38224224
   0.78521985  0.55143669  0.48294403
   0.84839533  0.79501217  0.27970247
   0.92413744  0.70884313  0.40917944
   0.78477000  0.69231000  0.65805000
   0.74793118  0.46762762  0.61439320
   0.96978886  0.66338227  0.59794198
   0.71982788  0.61446300  0.69028912
   0.79787416  0.56234668  0.73762227
   0.73346789  0.47559906  0.74229803
   0.92397480  0.56817357  0.72935786
   0.78387059  0.60803411  0.77693927
   0.58510110  0.58687875  0.68993479
