   0.18177000  0.06503000  0.19527000
   0.25179154  0.44084440  0.50187019
   0.03971000  0.44194000  0.09637000
   0.31735653  0.19195902  0.29829260
   0.11101665  0.31873511  0.40155842
   0.51472000  0.06471000  0.19485000
   0.58479281  0.44147752  0.50378125
   0.37304000  0.44194000  0.09637000
   0.65021280  0.19124597  0.29860164
   0.44124419  0.31977892  0.40396224
   0.84826000  0.06468000  0.19455000
   0.91762699  0.43975050  0.50297774
   0.70637000  0.44194000  0.09637000
   0.98343134  0.19076776  0.29791264
   0.77611467  0.32008191  0.40033213
   0.17955000  0.56532000  0.19533000
   0.27913703  0.93966361  0.50776988
   0.03971000  0.94194000  0.09637000
   0.31604285  0.69090016  0.29790668
   0.12529391  0.81667774  0.39623280
   0.51276000  0.56480000  0.19498000
   0.60828384  0.93647642  0.50319131
   0.37304000  0.94194000  0.09637000
   0.64901392  0.69079547  0.29776677
   0.45850676  0.81686356  0.39863991
   0.84642000  0.56519000  0.19522000
   0.93975648  0.93673132  0.50104942
   0.70637000  0.94194000  0.09637000
   0.98198681  0.69011622  0.29745487
   0.79180307  0.81648238  0.39814011
   0.58331097  0.19629676  0.49734219
   0.03971000  0.19194000  0.09637000
   0.31276315  0.44203393  0.29841079
   0.12481672  0.06360249  0.39851730
   0.18013000  0.31638000  0.19719000
   0.25891926  0.18639334  0.50136751
   0.37304000  0.19194000  0.09637000
   0.64570356  0.44199905  0.29832976
   0.45731540  0.06440975  0.40006914
   0.51314000  0.31594000  0.19696000
   0.70637000  0.19194000  0.09637000
   0.97985104  0.44147440  0.29799467
   0.78927772  0.06377084  0.39933644
   0.84665000  0.31624000  0.19703000
   0.92389952  0.19725401  0.49459211
   0.03971000  0.69194000  0.09637000
   0.31959733  0.94233721  0.29839494
   0.11679750  0.56545087  0.39934092
   0.18025000  0.81742000  0.19778000
   0.26628841  0.69482481  0.49455395
   0.37304000  0.69194000  0.09637000
   0.65226246  0.94060355  0.29699282
   0.45097386  0.56574349  0.39997342
   0.51318000  0.81586000  0.19571000
   0.59389058  0.69837477  0.49580032
   0.70637000  0.69194000  0.09637000
   0.98536068  0.94088591  0.29674164
   0.84718000  0.81593000  0.19584000
   0.93111198  0.69058105  0.49577548
   0.78274965  0.56604650  0.40008401
   0.17417000  0.33753000  0.11288000
   0.24092349  0.21167297  0.41737298
   0.04940739  0.33520610  0.51195601
   0.31386000  0.46170000  0.21427000
   0.11841784  0.08688963  0.31469113
   0.23858000  0.04636000  0.07986000
   0.04735000  0.17100000  0.18013000
   0.30854176  0.42386693  0.38260261
   0.13781406  0.03497176  0.48075366
   0.18224425  0.29541876  0.28030837
   0.50750000  0.33753000  0.11288000
   0.57771526  0.21321048  0.41437689
   0.38572332  0.33711904  0.50777577
   0.64712000  0.46121000  0.21367000
   0.45135180  0.08791882  0.31645952
   0.57191000  0.04636000  0.07986000
   0.38063000  0.17082000  0.17998000
   0.64144068  0.42412204  0.38275405
   0.47788406  0.04334727  0.48409245
   0.51611757  0.29533649  0.28016118
   0.84083000  0.33753000  0.11288000
   0.90859305  0.21271637  0.41260588
   0.71566832  0.33376908  0.51414328
   0.98063000  0.46160000  0.21400000
   0.78412671  0.08591712  0.31519622
   0.90524000  0.04636000  0.07986000
   0.71387000  0.17083000  0.18002000
   0.97657817  0.42324067  0.38213817
   0.80920980  0.04564040  0.48583909
   0.84899510  0.29489587  0.28025371
   0.17417000  0.83753000  0.11288000
   0.25726478  0.71025012  0.41176857
   0.06996309  0.82533595  0.52214520
   0.31682000  0.96236000  0.21534000
   0.11616519  0.58617669  0.31505332
   0.23858000  0.54636000  0.07986000
   0.04601000  0.67209000  0.18056000
   0.32454454  0.91997276  0.38139589
   0.12086698  0.55413916  0.48698528
   0.18219294  0.79590107  0.28114477
   0.50619000  0.83294000  0.10916000
   0.59219109  0.71010674  0.41215287
   0.40711109  0.82660552  0.51481901
   0.64926000  0.96050000  0.21277000
   0.44950958  0.58665754  0.31567150
   0.57191000  0.54636000  0.07986000
   0.37906000  0.67136000  0.18002000
   0.65717946  0.91970367  0.38101049
   0.45528369  0.55496145  0.48768061
   0.51607867  0.79527034  0.27946214
   0.83992000  0.83287000  0.10930000
   0.74105566  0.82877918  0.51613497
   0.98268000  0.96077000  0.21320000
   0.78241983  0.58674579  0.31600015
   0.90524000  0.54636000  0.07986000
   0.71230000  0.67144000  0.18017000
   0.98950412  0.91921154  0.37997615
   0.78908922  0.55151974  0.48724610
   0.84884148  0.79481713  0.27948437
   0.92611814  0.71104639  0.41338303
   0.78477000  0.69231000  0.65805000
   0.29653703  0.12382992  0.59119989
  -0.03969041  0.78845548  0.60267884
   0.71902799  0.61834892  0.69124483
   0.79883231  0.56310560  0.73555835
   0.74805179  0.47221261  0.73471562
   0.92772360  0.58119955  0.72978769
   0.77094129  0.59313987  0.77833817
   0.58889054  0.59073820  0.68785408
