   0.18177000  0.06503000  0.19527000
   0.24741494  0.43988147  0.50308362
   0.03971000  0.44194000  0.09637000
   0.31725350  0.18982353  0.29888701
   0.11024897  0.31729998  0.40104873
   0.51472000  0.06471000  0.19485000
   0.58227425  0.43998838  0.50151455
   0.37304000  0.44194000  0.09637000
   0.65056290  0.18998966  0.29886910
   0.44422692  0.31652243  0.40219178
   0.84826000  0.06468000  0.19455000
   0.91620922  0.44114416  0.50321274
   0.70637000  0.44194000  0.09637000
   0.98367186  0.18959971  0.29887718
   0.77462904  0.31785870  0.40394611
   0.17955000  0.56532000  0.19533000
   0.28127209  0.93275725  0.50539943
   0.03971000  0.94194000  0.09637000
   0.31517213  0.68925854  0.29797950
   0.12489065  0.81372063  0.39579259
   0.51276000  0.56480000  0.19498000
   0.61030514  0.93338734  0.50391866
   0.37304000  0.94194000  0.09637000
   0.64823702  0.68974940  0.29782653
   0.45775542  0.81441950  0.39825092
   0.84642000  0.56519000  0.19522000
   0.94285070  0.93713473  0.50351057
   0.70637000  0.94194000  0.09637000
   0.98110000  0.68918439  0.29751593
   0.79069266  0.81459520  0.39838363
   0.58477017  0.18866696  0.50229173
   0.03971000  0.19194000  0.09637000
   0.31322624  0.44019372  0.29830919
   0.12485280  0.06155288  0.40101819
   0.18013000  0.31638000  0.19719000
   0.26365456  0.19318335  0.49727031
   0.37304000  0.19194000  0.09637000
   0.64606589  0.44031925  0.29801754
   0.45851601  0.06162060  0.39977047
   0.51314000  0.31594000  0.19696000
   0.70637000  0.19194000  0.09637000
   0.97900694  0.44008505  0.29828740
   0.78918828  0.06176430  0.40001284
   0.84665000  0.31624000  0.19703000
   0.91910351  0.19645402  0.49645472
   0.03971000  0.69194000  0.09637000
   0.31932509  0.94076782  0.29826235
   0.11426687  0.56332196  0.39968005
   0.18025000  0.81742000  0.19778000
   0.26562331  0.69034235  0.49474490
   0.37304000  0.69194000  0.09637000
   0.65206121  0.93950652  0.29712308
   0.44912924  0.56374367  0.39978852
   0.51318000  0.81586000  0.19571000
   0.59100148  0.69711805  0.49566665
   0.70637000  0.69194000  0.09637000
   0.98468434  0.94035927  0.29788255
   0.84718000  0.81593000  0.19584000
   0.92388793  0.69349264  0.49427985
   0.78096841  0.56392928  0.39912231
   0.17417000  0.33753000  0.11288000
   0.24212780  0.21015960  0.41515958
   0.04628633  0.33336111  0.51430027
   0.31386000  0.46170000  0.21427000
   0.11765227  0.08510661  0.31696043
   0.23858000  0.04636000  0.07986000
   0.04735000  0.17100000  0.18013000
   0.30952204  0.42083673  0.38239840
   0.14663618  0.04005305  0.48773747
   0.18267289  0.29340975  0.28038853
   0.50750000  0.33753000  0.11288000
   0.57566168  0.20944156  0.41732242
   0.38019401  0.33656179  0.51081129
   0.64712000  0.46121000  0.21367000
   0.45172640  0.08603707  0.31635494
   0.57191000  0.04636000  0.07986000
   0.38063000  0.17082000  0.17998000
   0.64140933  0.42150025  0.38190607
   0.47447862  0.03417471  0.48185202
   0.51603133  0.29356415  0.28009087
   0.84083000  0.33753000  0.11288000
   0.91081109  0.21027907  0.41397575
   0.71876854  0.33749097  0.50559898
   0.98063000  0.46160000  0.21400000
   0.78446820  0.08464334  0.31604298
   0.90524000  0.04636000  0.07986000
   0.71387000  0.17083000  0.18002000
   0.97542194  0.42095529  0.38248638
   0.81075832  0.04260669  0.48604190
   0.84952006  0.29336878  0.28008216
   0.17417000  0.83753000  0.11288000
   0.25595327  0.70745819  0.41189174
   0.07204820  0.82437885  0.52290564
   0.31682000  0.96236000  0.21534000
   0.11472473  0.58478552  0.31555341
   0.23858000  0.54636000  0.07986000
   0.04601000  0.67209000  0.18056000
   0.32272403  0.91738592  0.38105251
   0.11812870  0.55161629  0.48764857
   0.18167045  0.79463026  0.28096764
   0.50619000  0.83294000  0.10916000
   0.59120738  0.70767607  0.41164706
   0.40925903  0.82037861  0.51483546
   0.64926000  0.96050000  0.21277000
   0.44841301  0.58512765  0.31563983
   0.57191000  0.54636000  0.07986000
   0.37906000  0.67136000  0.18002000
   0.65684667  0.91789043  0.38106554
   0.45049051  0.55393503  0.48759331
   0.51494812  0.79444137  0.27941948
   0.83992000  0.83287000  0.10930000
   0.74537481  0.82552447  0.51482165
   0.98268000  0.96077000  0.21320000
   0.78147520  0.58536895  0.31535416
   0.90524000  0.54636000  0.07986000
   0.71230000  0.67144000  0.18017000
   0.99035553  0.91837718  0.38239951
   0.78483720  0.55329791  0.48610586
   0.84899288  0.79506298  0.27982735
   0.92583511  0.70844682  0.41154247
   0.78477000  0.69231000  0.65805000
   0.54768418  0.15303078  0.59572208
  -0.03280364  0.76923860  0.60205715
   0.71998148  0.61649707  0.69060662
   0.79982113  0.56290450  0.73517218
   0.74721375  0.47281006  0.73623745
   0.92841417  0.58015896  0.72883030
   0.77294768  0.59703885  0.77695835
   0.59012692  0.58584062  0.68610414
