   0.18177000  0.06503000  0.19527000
   0.24761760  0.43957340  0.50301565
   0.03971000  0.44194000  0.09637000
   0.31716195  0.18985324  0.29890472
   0.11020354  0.31739166  0.40094450
   0.51472000  0.06471000  0.19485000
   0.58262919  0.44020228  0.50145002
   0.37304000  0.44194000  0.09637000
   0.65060409  0.19014369  0.29889916
   0.44420427  0.31655911  0.40216385
   0.84826000  0.06468000  0.19455000
   0.91642993  0.44115413  0.50317006
   0.70637000  0.44194000  0.09637000
   0.98353193  0.18962640  0.29885346
   0.77471902  0.31773976  0.40400328
   0.17955000  0.56532000  0.19533000
   0.28135221  0.93292711  0.50526032
   0.03971000  0.94194000  0.09637000
   0.31501694  0.68940895  0.29792572
   0.12486505  0.81366216  0.39586536
   0.51276000  0.56480000  0.19498000
   0.61011392  0.93361428  0.50394322
   0.37304000  0.94194000  0.09637000
   0.64822785  0.68985553  0.29776701
   0.45769999  0.81464104  0.39832090
   0.84642000  0.56519000  0.19522000
   0.94264432  0.93773562  0.50341904
   0.70637000  0.94194000  0.09637000
   0.98133166  0.68920348  0.29757529
   0.79097450  0.81465819  0.39836767
   0.58467433  0.18884124  0.50227960
   0.03971000  0.19194000  0.09637000
   0.31316909  0.44022707  0.29836629
   0.12485784  0.06142377  0.40098420
   0.18013000  0.31638000  0.19719000
   0.26364428  0.19305694  0.49720533
   0.37304000  0.19194000  0.09637000
   0.64577935  0.44031598  0.29795440
   0.45839745  0.06153065  0.39985845
   0.51314000  0.31594000  0.19696000
   0.70637000  0.19194000  0.09637000
   0.97900476  0.43991534  0.29829148
   0.78947467  0.06197133  0.40000592
   0.84665000  0.31624000  0.19703000
   0.91917929  0.19611188  0.49616459
   0.03971000  0.69194000  0.09637000
   0.31934121  0.94066244  0.29817947
   0.11427687  0.56325709  0.39974034
   0.18025000  0.81742000  0.19778000
   0.26589178  0.69029845  0.49464833
   0.37304000  0.69194000  0.09637000
   0.65196543  0.93961930  0.29717659
   0.44911373  0.56354179  0.39988596
   0.51318000  0.81586000  0.19571000
   0.59157858  0.69706100  0.49576806
   0.70637000  0.69194000  0.09637000
   0.98492560  0.94040066  0.29779175
   0.84718000  0.81593000  0.19584000
   0.92526663  0.69250955  0.49437343
   0.78124467  0.56407119  0.39918478
   0.17417000  0.33753000  0.11288000
   0.24223541  0.21012265  0.41515409
   0.04668055  0.33357531  0.51425292
   0.31386000  0.46170000  0.21427000
   0.11773571  0.08524640  0.31681525
   0.23858000  0.04636000  0.07986000
   0.04735000  0.17100000  0.18013000
   0.30968006  0.42095048  0.38250317
   0.14641421  0.04049245  0.48798117
   0.18265098  0.29354490  0.28039537
   0.50750000  0.33753000  0.11288000
   0.57555846  0.20951251  0.41723857
   0.38061054  0.33627307  0.51071618
   0.64712000  0.46121000  0.21367000
   0.45181042  0.08617037  0.31623730
   0.57191000  0.04636000  0.07986000
   0.38063000  0.17082000  0.17998000
   0.64148216  0.42166231  0.38196162
   0.47443289  0.03398089  0.48186904
   0.51593022  0.29384819  0.28008233
   0.84083000  0.33753000  0.11288000
   0.91088238  0.21025117  0.41394638
   0.71858064  0.33719880  0.50577801
   0.98063000  0.46160000  0.21400000
   0.78432065  0.08480996  0.31594277
   0.90524000  0.04636000  0.07986000
   0.71387000  0.17083000  0.18002000
   0.97543594  0.42096770  0.38258574
   0.81066357  0.04313731  0.48596360
   0.84955119  0.29346187  0.28007304
   0.17417000  0.83753000  0.11288000
   0.25626894  0.70744297  0.41185191
   0.07186826  0.82486882  0.52239298
   0.31682000  0.96236000  0.21534000
   0.11476778  0.58478461  0.31555889
   0.23858000  0.54636000  0.07986000
   0.04601000  0.67209000  0.18056000
   0.32269962  0.91738835  0.38094914
   0.11855067  0.55153992  0.48762791
   0.18161574  0.79457953  0.28091500
   0.50619000  0.83294000  0.10916000
   0.59124908  0.70762719  0.41173337
   0.40939635  0.82058725  0.51472447
   0.64926000  0.96050000  0.21277000
   0.44854767  0.58515191  0.31566204
   0.57191000  0.54636000  0.07986000
   0.37906000  0.67136000  0.18002000
   0.65686567  0.91772045  0.38112849
   0.45098015  0.55359096  0.48776507
   0.51495400  0.79431165  0.27942161
   0.83992000  0.83287000  0.10930000
   0.74532406  0.82543304  0.51489752
   0.98268000  0.96077000  0.21320000
   0.78159412  0.58527415  0.31533551
   0.90524000  0.54636000  0.07986000
   0.71230000  0.67144000  0.18017000
   0.99052694  0.91830693  0.38225270
   0.78496082  0.55281634  0.48621634
   0.84873506  0.79491230  0.27984403
   0.92570944  0.70842650  0.41181059
   0.78477000  0.69231000  0.65805000
   0.54753691  0.15282598  0.59584642
  -0.03449982  0.77161820  0.60145058
   0.72048722  0.61644068  0.69048720
   0.80024416  0.56250623  0.73521127
   0.74849375  0.47242890  0.73626608
   0.92880790  0.57955284  0.72946852
   0.77349814  0.59602756  0.77732422
   0.59020484  0.58706959  0.68664777
