   0.17777975  0.06428684  0.19541664
   0.28773148  0.42839927  0.50032095
   0.03971000  0.44194000  0.09637000
   0.31402325  0.18786420  0.29863619
   0.12882048  0.31055350  0.39847254
   0.51104443  0.06439107  0.19550676
   0.62091949  0.43131172  0.50175294
   0.37304000  0.44194000  0.09637000
   0.64750677  0.18786936  0.29884860
   0.46225852  0.31076986  0.39847095
   0.84427297  0.06430519  0.19542543
   0.95597702  0.42874782  0.49995464
   0.70637000  0.44194000  0.09637000
   0.98082153  0.18790020  0.29856178
   0.79499094  0.31049458  0.39845855
   0.18003010  0.56407087  0.19522811
   0.24671228  0.93909332  0.50276549
   0.03971000  0.94194000  0.09637000
   0.31481584  0.68889387  0.29953727
   0.10946977  0.81642930  0.39914561
   0.51338615  0.56399118  0.19518178
   0.58107486  0.94120367  0.50335992
   0.37304000  0.94194000  0.09637000
   0.64798764  0.68834874  0.29869472
   0.44238507  0.81870276  0.40153967
   0.84667829  0.56402440  0.19531011
   0.91109551  0.93921033  0.50474620
   0.70637000  0.94194000  0.09637000
   0.98135676  0.68852587  0.29852959
   0.77508502  0.81642515  0.40010242
   0.93046913  0.69389483  0.49594973
   0.03971000  0.19194000  0.09637000
   0.31920834  0.43750845  0.29760908
   0.11344610  0.06235872  0.40028183
   0.17907410  0.31490345  0.19617835
   0.26018609  0.19285059  0.49571614
   0.37304000  0.19194000  0.09637000
   0.65256377  0.43830803  0.29858174
   0.44618440  0.06344441  0.40019438
   0.51224525  0.31558450  0.19746114
   0.59267066  0.19554683  0.49523974
   0.70637000  0.19194000  0.09637000
   0.98496402  0.43704331  0.29751063
   0.78024003  0.06251175  0.40010245
   0.84517857  0.31543678  0.19728178
   0.92838741  0.19108664  0.49526509
   0.03971000  0.69194000  0.09637000
   0.31009413  0.93969279  0.29834297
   0.12752608  0.55753551  0.39630576
   0.17798882  0.81557433  0.19718327
   0.25932930  0.68751518  0.49360578
   0.37304000  0.69194000  0.09637000
   0.64323441  0.93946862  0.29842431
   0.46100773  0.55914402  0.39980772
   0.51121610  0.81547163  0.19721654
   0.59488561  0.69325900  0.49555926
   0.70637000  0.69194000  0.09637000
   0.97696567  0.93955149  0.29829393
   0.84458111  0.81552139  0.19724546
   0.79468735  0.56005274  0.40045051
   0.17310000  0.33301000  0.10976000
   0.26170046  0.20318586  0.41101045
   0.08649418  0.31762086  0.51189783
   0.31422348  0.45978857  0.21364209
   0.11388238  0.08313130  0.31573875
   0.23858000  0.04636000  0.07986000
   0.04407115  0.17061616  0.18008073
   0.32852377  0.41452342  0.38133507
   0.11459841  0.05095618  0.48820530
   0.18120159  0.29269656  0.27988813
   0.50750000  0.33753000  0.11288000
   0.59549110  0.20343788  0.41073646
   0.42052695  0.31971316  0.51165108
   0.64777354  0.46070379  0.21484650
   0.44754319  0.08312454  0.31558763
   0.57191000  0.04636000  0.07986000
   0.37750360  0.17087711  0.18028926
   0.66167968  0.41614239  0.38255760
   0.44883930  0.05352788  0.48796973
   0.51465479  0.29311719  0.28089163
   0.84083000  0.33753000  0.11288000
   0.92809777  0.20289613  0.41116878
   0.75248649  0.32170395  0.51169895
   0.98105462  0.46043251  0.21425902
   0.78072825  0.08296978  0.31570381
   0.90524000  0.04636000  0.07986000
   0.71075581  0.17070616  0.18012488
   0.99285798  0.41293763  0.38071077
   0.78336786  0.05022987  0.48812003
   0.84759597  0.29261170  0.28047638
   0.17417000  0.83753000  0.11288000
   0.24340302  0.70846825  0.40992467
   0.04312136  0.83437089  0.51558703
   0.31194089  0.96074804  0.21446721
   0.11428881  0.58316844  0.31452563
   0.23858000  0.54636000  0.07986000
   0.04581383  0.67013988  0.17998722
   0.30581232  0.92218402  0.38229885
   0.15563522  0.53358811  0.47865044
   0.17994334  0.79257588  0.28032402
   0.50750000  0.83753000  0.11288000
   0.57631891  0.70992074  0.41389732
   0.38182213  0.83412426  0.50330747
   0.64512886  0.96075271  0.21453478
   0.44925879  0.58363608  0.31621192
   0.57191000  0.54636000  0.07986000
   0.37923982  0.67002447  0.17994339
   0.64177166  0.92073939  0.38269163
   0.48786831  0.53988619  0.48596529
   0.51367227  0.79230067  0.28038552
   0.84083000  0.83753000  0.11288000
   0.71074114  0.83242028  0.51645619
   0.97848544  0.96073401  0.21446674
   0.78282944  0.58452943  0.31694288
   0.90524000  0.54636000  0.07986000
   0.71261171  0.67011179  0.18003510
   0.97295961  0.92042763  0.38261465
   0.82356585  0.54078682  0.48720549
   0.84697711  0.79240125  0.28055022
   0.90903292  0.71067679  0.41459891
   0.72296073  0.56856876  0.64692058
   0.22571927  0.66311391  0.59783169
   0.95550323  0.63725218  0.61158346
   0.68183449  0.53218814  0.69581702
   0.78757280  0.52926318  0.74638458
   0.75461561  0.44759989  0.76789512
   0.91469833  0.54851457  0.73503964
   0.76494040  0.59096180  0.77816624
   0.55222465  0.50016210  0.70221523
