   0.17879143  0.06442614  0.19552446
   0.26920427  0.43239324  0.50188950
   0.03971000  0.44194000  0.09637000
   0.31469023  0.18900544  0.29853197
   0.12085573  0.31228827  0.40322979
   0.51227992  0.06436779  0.19508227
   0.60100908  0.43279316  0.50176302
   0.37304000  0.44194000  0.09637000
   0.64754857  0.18863737  0.29926480
   0.45072232  0.31239186  0.40298643
   0.84540210  0.06485619  0.19538283
   0.93494179  0.43166823  0.50133735
   0.70637000  0.44194000  0.09637000
   0.98200657  0.18932940  0.29965616
   0.78518007  0.31291162  0.39939886
   0.18005850  0.56405530  0.19513173
   0.26266539  0.93643118  0.51055599
   0.03971000  0.94194000  0.09637000
   0.31609787  0.68858776  0.29830190
   0.11867467  0.81483967  0.39737565
   0.51304159  0.56303726  0.19438582
   0.59295683  0.93523402  0.50643663
   0.37304000  0.94194000  0.09637000
   0.64930510  0.68802341  0.29726216
   0.45196277  0.81466898  0.39941923
   0.84659320  0.56407715  0.19499055
   0.92295578  0.93318274  0.50616137
   0.70637000  0.94194000  0.09637000
   0.98317487  0.68879311  0.29699013
   0.78480285  0.81458449  0.39937792
   0.93030685  0.68350127  0.49405045
   0.03971000  0.19194000  0.09637000
   0.31596692  0.43826044  0.29859835
   0.12022653  0.05985215  0.40182828
   0.17899631  0.31525973  0.19633038
   0.25822814  0.18225411  0.50421773
   0.37304000  0.19194000  0.09637000
   0.64941049  0.43721719  0.29722009
   0.45224430  0.06058268  0.40088584
   0.51165798  0.31490930  0.19644423
   0.58549705  0.19205017  0.49666509
   0.70637000  0.19194000  0.09637000
   0.98355305  0.43843442  0.29860479
   0.78548934  0.06082764  0.40124217
   0.84511580  0.31611677  0.19721036
   0.92756729  0.19108399  0.49642099
   0.03971000  0.69194000  0.09637000
   0.31540948  0.94045717  0.29816773
   0.12332613  0.56069660  0.40021132
   0.17944247  0.81601957  0.19702542
   0.26540684  0.69244184  0.49603601
   0.37304000  0.69194000  0.09637000
   0.64854767  0.94002941  0.29861191
   0.45619131  0.56014040  0.40029188
   0.51229488  0.81590361  0.19735182
   0.59436763  0.69258340  0.49636440
   0.70637000  0.69194000  0.09637000
   0.98205194  0.94109074  0.29813314
   0.84505262  0.81627905  0.19724340
   0.78997723  0.55953084  0.39766743
   0.17310000  0.33301000  0.10976000
   0.25058876  0.20416415  0.41951142
   0.06633415  0.32708127  0.51161697
   0.31397594  0.45995543  0.21375108
   0.11644296  0.08575388  0.31731943
   0.23858000  0.04636000  0.07986000
   0.04452602  0.17090727  0.18032745
   0.31841793  0.41720901  0.38300458
   0.12182128  0.03087730  0.48455473
   0.18082538  0.29342197  0.27987498
   0.50750000  0.33753000  0.11288000
   0.58622611  0.20602952  0.41326200
   0.40365053  0.32819363  0.50917896
   0.64798570  0.45962230  0.21324595
   0.44844552  0.08490736  0.31667149
   0.57191000  0.04636000  0.07986000
   0.37759136  0.16992682  0.17984202
   0.65159986  0.41713852  0.38099726
   0.46375314  0.04230287  0.48615876
   0.51382734  0.29237991  0.27921319
   0.84083000  0.33753000  0.11288000
   0.91790133  0.20616260  0.41374759
   0.73269476  0.32468549  0.51162074
   0.98106724  0.46107179  0.21471610
   0.78243091  0.08463198  0.31706014
   0.90524000  0.04636000  0.07986000
   0.71123016  0.17091147  0.17986969
   0.98656851  0.41678673  0.38261441
   0.79588216  0.04402378  0.48799908
   0.84729507  0.29304286  0.28043713
   0.17417000  0.83753000  0.11288000
   0.25109949  0.70935344  0.41375260
   0.04998049  0.82030144  0.52725906
   0.31393601  0.96106700  0.21435479
   0.11652618  0.58449326  0.31641897
   0.23858000  0.54636000  0.07986000
   0.04614545  0.67061469  0.18009956
   0.31730226  0.91767797  0.38155013
   0.13689671  0.54588832  0.48700899
   0.18252583  0.79352154  0.28024159
   0.50750000  0.83753000  0.11288000
   0.58529034  0.70768779  0.41402876
   0.39140251  0.82723754  0.51789858
   0.64677192  0.96138182  0.21489297
   0.44955807  0.58402714  0.31642859
   0.57191000  0.54636000  0.07986000
   0.37966379  0.67029222  0.18018337
   0.65061939  0.91752333  0.38241996
   0.47020692  0.54487531  0.48696807
   0.51556829  0.79291693  0.28063866
   0.84083000  0.83753000  0.11288000
   0.72379164  0.82711893  0.51947929
   0.98004194  0.96166323  0.21456099
   0.78398445  0.58371017  0.31410305
   0.90524000  0.54636000  0.07986000
   0.71236695  0.67031860  0.18016587
   0.98246784  0.91720687  0.38122481
   0.80248498  0.53964392  0.48337400
   0.84901506  0.79393870  0.28030742
   0.91895087  0.70853944  0.41262973
   0.77760501  0.60164378  0.64712818
   0.26726733  0.12568012  0.59594987
   0.93330377  0.74138245  0.60190803
   0.71847175  0.54599064  0.68879085
   0.79999429  0.53267373  0.74378623
   0.75976764  0.44749846  0.76057569
   0.92892744  0.55476852  0.73968508
   0.76271074  0.58846673  0.77580697
   0.59119429  0.50277716  0.68597335
