   0.18177000  0.06503000  0.19527000
   0.24486276  0.44139858  0.50343059
   0.03971000  0.44194000  0.09637000
   0.31886470  0.19034906  0.29938173
   0.11416101  0.31757886  0.40111048
   0.51472000  0.06471000  0.19485000
   0.57682022  0.44648065  0.50037645
   0.37304000  0.44194000  0.09637000
   0.65187608  0.18982867  0.29835892
   0.44948439  0.31818370  0.40142121
   0.84826000  0.06468000  0.19455000
   0.91581087  0.44549956  0.50040692
   0.70637000  0.44194000  0.09637000
   0.98545393  0.18979343  0.29798778
   0.78103886  0.31657881  0.40086063
   0.17955000  0.56532000  0.19533000
   0.28061617  0.93490577  0.50327421
   0.03971000  0.94194000  0.09637000
   0.31574193  0.69078730  0.29837865
   0.12524807  0.81598664  0.39868370
   0.51276000  0.56480000  0.19498000
   0.61393639  0.93417332  0.50300966
   0.37304000  0.94194000  0.09637000
   0.64864114  0.69015606  0.29744954
   0.45874596  0.81637471  0.39888900
   0.84642000  0.56519000  0.19522000
   0.94755448  0.93430586  0.50141909
   0.70637000  0.94194000  0.09637000
   0.98248555  0.69064408  0.29807096
   0.79106262  0.81514444  0.39796860
   0.60311783  0.19402495  0.50342004
   0.03971000  0.19194000  0.09637000
   0.31458795  0.44078729  0.29824180
   0.12684108  0.06212854  0.40012959
   0.18013000  0.31638000  0.19719000
   0.25986064  0.19653559  0.49564931
   0.37304000  0.19194000  0.09637000
   0.64769588  0.44014223  0.29739132
   0.46221832  0.06497869  0.40324272
   0.51314000  0.31594000  0.19696000
   0.70637000  0.19194000  0.09637000
   0.98120053  0.44056584  0.29788498
   0.79493882  0.06176395  0.39905477
   0.84665000  0.31624000  0.19703000
   0.91600607  0.19257267  0.49931640
   0.03971000  0.69194000  0.09637000
   0.32032248  0.94239926  0.29967173
   0.11531886  0.56521939  0.39905427
   0.18025000  0.81742000  0.19778000
   0.25720177  0.69726926  0.49454786
   0.37304000  0.69194000  0.09637000
   0.65248587  0.94005552  0.29698720
   0.44707707  0.56623445  0.39960538
   0.51318000  0.81586000  0.19571000
   0.59140251  0.69705986  0.49593296
   0.70637000  0.69194000  0.09637000
   0.98598719  0.94016871  0.29752247
   0.84718000  0.81593000  0.19584000
   0.91856809  0.69818594  0.49466004
   0.78211394  0.56541971  0.39770940
   0.17417000  0.33753000  0.11288000
   0.24886648  0.21089636  0.41330321
   0.04256992  0.33603989  0.51242042
   0.31386000  0.46170000  0.21427000
   0.11956920  0.08532610  0.31597733
   0.23858000  0.04636000  0.07986000
   0.04735000  0.17100000  0.18013000
   0.31366804  0.42108234  0.38231888
   0.14822361  0.04444485  0.48694355
   0.18433965  0.29384202  0.28034826
   0.50750000  0.33753000  0.11288000
   0.58213239  0.21324717  0.42026840
   0.37866297  0.33690419  0.51381985
   0.64712000  0.46121000  0.21367000
   0.45422597  0.08760181  0.31871852
   0.57191000  0.04636000  0.07986000
   0.38063000  0.17082000  0.17998000
   0.64733963  0.42012168  0.38116844
   0.48156865  0.04324777  0.48883690
   0.51745110  0.29346172  0.28005618
   0.84083000  0.33753000  0.11288000
   0.91491865  0.21044849  0.41586151
   0.71152718  0.34621504  0.51376816
   0.98063000  0.46160000  0.21400000
   0.78651431  0.08560101  0.31532582
   0.90524000  0.04636000  0.07986000
   0.71387000  0.17083000  0.18002000
   0.97952996  0.42063089  0.38189266
   0.81359936  0.03899877  0.48316388
   0.85076518  0.29376720  0.28013388
   0.17417000  0.83753000  0.11288000
   0.25835968  0.70844108  0.41047152
   0.07873104  0.82495935  0.51136600
   0.31682000  0.96236000  0.21534000
   0.11564552  0.58549979  0.31498641
   0.23858000  0.54636000  0.07986000
   0.04601000  0.67209000  0.18056000
   0.32481413  0.92175583  0.38373271
   0.11770379  0.55364149  0.48611799
   0.18286966  0.79655969  0.28135137
   0.50619000  0.83294000  0.10916000
   0.59090378  0.70858509  0.41142752
   0.41182674  0.82435996  0.51248258
   0.64926000  0.96050000  0.21277000
   0.44895462  0.58574035  0.31528103
   0.57191000  0.54636000  0.07986000
   0.37906000  0.67136000  0.18002000
   0.65722069  0.91928331  0.38058028
   0.44621863  0.55493801  0.48668655
   0.51547990  0.79497836  0.27936462
   0.83992000  0.83287000  0.10930000
   0.74650583  0.82486834  0.51156202
   0.98268000  0.96077000  0.21320000
   0.78210164  0.58519546  0.31390055
   0.90524000  0.54636000  0.07986000
   0.71230000  0.67144000  0.18017000
   0.99047272  0.91977085  0.38163407
   0.78239818  0.55441687  0.48335923
   0.84891578  0.79524062  0.27961351
   0.92542720  0.70827592  0.40984482
   0.78477000  0.69231000  0.65805000
   0.33323901  0.26640973  0.61994353
   0.97218572  0.64113184  0.60976396
   0.68862770  0.53451531  0.69521200
   0.78694416  0.52863866  0.74613292
   0.75462954  0.44744613  0.76817532
   0.91361075  0.54813698  0.73481487
   0.76442552  0.59108232  0.77766409
   0.55681345  0.50403174  0.70008375
