   0.18177000  0.06503000  0.19527000
   0.25250929  0.44635506  0.50131043
   0.03971000  0.44194000  0.09637000
   0.31770276  0.19036664  0.30068908
   0.11283909  0.31902502  0.40258144
   0.51472000  0.06471000  0.19485000
   0.58582540  0.44789214  0.50160680
   0.37304000  0.44194000  0.09637000
   0.65172007  0.19024458  0.29828445
   0.44180033  0.31945014  0.40486055
   0.84826000  0.06468000  0.19455000
   0.91705168  0.44291966  0.50296844
   0.70637000  0.44194000  0.09637000
   0.98589203  0.19065813  0.29993144
   0.77712703  0.31920737  0.40125898
   0.17955000  0.56532000  0.19533000
   0.28159571  0.93905557  0.50911414
   0.03971000  0.94194000  0.09637000
   0.31511031  0.68984491  0.29793326
   0.12608012  0.81554217  0.39449705
   0.51276000  0.56480000  0.19498000
   0.61201215  0.93933396  0.50241014
   0.37304000  0.94194000  0.09637000
   0.64765554  0.68987305  0.29711122
   0.45756931  0.81672001  0.39834259
   0.84642000  0.56519000  0.19522000
   0.94106007  0.93729541  0.50729119
   0.70637000  0.94194000  0.09637000
   0.98108250  0.68980402  0.29798449
   0.79036692  0.81611132  0.39522134
   0.58558895  0.20102094  0.49863029
   0.03971000  0.19194000  0.09637000
   0.31307933  0.44019574  0.29877403
   0.12321086  0.06058652  0.40225169
   0.18013000  0.31638000  0.19719000
   0.26031557  0.19127354  0.50178493
   0.37304000  0.19194000  0.09637000
   0.64382318  0.43886049  0.29726095
   0.45859524  0.06404212  0.40177023
   0.51314000  0.31594000  0.19696000
   0.70637000  0.19194000  0.09637000
   0.98082503  0.44058634  0.29853924
   0.79051155  0.06352501  0.39998599
   0.84665000  0.31624000  0.19703000
   0.93139671  0.19876573  0.49461428
   0.03971000  0.69194000  0.09637000
   0.32054656  0.94209488  0.29888027
   0.11668589  0.56519202  0.40067140
   0.18025000  0.81742000  0.19778000
   0.26292618  0.69659702  0.49580172
   0.37304000  0.69194000  0.09637000
   0.65145596  0.94045344  0.29715696
   0.44944886  0.56681138  0.39971514
   0.51318000  0.81586000  0.19571000
   0.58793661  0.70538383  0.49469719
   0.70637000  0.69194000  0.09637000
   0.98565759  0.94214146  0.29811480
   0.84718000  0.81593000  0.19584000
   0.91791325  0.69844823  0.48960507
   0.78278675  0.56333807  0.39579272
   0.17417000  0.33753000  0.11288000
   0.24055483  0.20954067  0.41659796
   0.05150062  0.33904287  0.51019357
   0.31386000  0.46170000  0.21427000
   0.11850003  0.08607996  0.31863074
   0.23858000  0.04636000  0.07986000
   0.04735000  0.17100000  0.18013000
   0.30957830  0.42322311  0.38262774
   0.13974856  0.03321294  0.48486044
   0.18417741  0.29349095  0.28052622
   0.50750000  0.33753000  0.11288000
   0.57949482  0.21315482  0.41633122
   0.38948753  0.34380285  0.50184719
   0.64712000  0.46121000  0.21367000
   0.45369645  0.08686961  0.31765612
   0.57191000  0.04636000  0.07986000
   0.38063000  0.17082000  0.17998000
   0.64204167  0.42108909  0.38126041
   0.47833930  0.04541568  0.48700579
   0.51608513  0.29263884  0.27968351
   0.84083000  0.33753000  0.11288000
   0.90965397  0.21187299  0.41296901
   0.71558104  0.33938140  0.51549151
   0.98063000  0.46160000  0.21400000
   0.78567185  0.08533368  0.31519629
   0.90524000  0.04636000  0.07986000
   0.71387000  0.17083000  0.18002000
   0.97712409  0.42252603  0.38312773
   0.81432034  0.04666882  0.48783773
   0.85114641  0.29399236  0.28019768
   0.17417000  0.83753000  0.11288000
   0.25727996  0.70991471  0.41241833
   0.07245943  0.82213252  0.52231518
   0.31682000  0.96236000  0.21534000
   0.11540679  0.58563477  0.31621858
   0.23858000  0.54636000  0.07986000
   0.04601000  0.67209000  0.18056000
   0.32451577  0.92016246  0.38224520
   0.11832837  0.55582221  0.48853239
   0.18208542  0.79570655  0.28169994
   0.50619000  0.83294000  0.10916000
   0.59199107  0.71101154  0.41047170
   0.41046706  0.82702466  0.51394943
   0.64926000  0.96050000  0.21277000
   0.44820233  0.58545751  0.31558895
   0.57191000  0.54636000  0.07986000
   0.37906000  0.67136000  0.18002000
   0.65612179  0.92131109  0.38140432
   0.45247130  0.56104616  0.48731096
   0.51460832  0.79482781  0.27961738
   0.83992000  0.83287000  0.10930000
   0.74361224  0.82939901  0.51400812
   0.98268000  0.96077000  0.21320000
   0.78003199  0.58392253  0.31275127
   0.90524000  0.54636000  0.07986000
   0.71230000  0.67144000  0.18017000
   0.98913994  0.91824684  0.38162336
   0.78788856  0.55393606  0.48175295
   0.84881379  0.79564564  0.28011925
   0.92652538  0.70882961  0.40647968
   0.78477000  0.69231000  0.65805000
   0.28747122  0.14814115  0.59319126
   0.00798048  0.73605315  0.60208697
   0.71475477  0.61322128  0.68688556
   0.79523785  0.56330982  0.73281746
   0.75557854  0.47431652  0.74055589
   0.92308061  0.58390183  0.72519471
   0.76998720  0.60363226  0.77249830
   0.58222813  0.58479852  0.67817365
