   0.18177000  0.06503000  0.19527000
   0.26344714  0.43269544  0.50216863
   0.03971000  0.44194000  0.09637000
   0.31535290  0.18795992  0.29755634
   0.11372646  0.31531072  0.40077434
   0.51472000  0.06471000  0.19485000
   0.59574953  0.43296203  0.49819255
   0.37304000  0.44194000  0.09637000
   0.64930157  0.18813299  0.29815184
   0.44569131  0.31296509  0.39745845
   0.84826000  0.06468000  0.19455000
   0.93142723  0.43560172  0.50629720
   0.70637000  0.44194000  0.09637000
   0.98280057  0.18954737  0.29888600
   0.78059243  0.31554913  0.40032313
   0.17955000  0.56532000  0.19533000
   0.26329467  0.93066206  0.50482367
   0.03971000  0.94194000  0.09637000
   0.31512706  0.68915563  0.29780660
   0.11997046  0.81294817  0.39548405
   0.51276000  0.56480000  0.19498000
   0.59604336  0.93195344  0.50287892
   0.37304000  0.94194000  0.09637000
   0.64820291  0.68926241  0.29654077
   0.45294211  0.81354134  0.39898860
   0.84642000  0.56519000  0.19522000
   0.92784362  0.93203250  0.50506568
   0.70637000  0.94194000  0.09637000
   0.98132647  0.68877644  0.29676127
   0.78598453  0.81476664  0.39795604
   0.58755227  0.18959363  0.49205936
   0.03971000  0.19194000  0.09637000
   0.31354489  0.44023315  0.29781154
   0.11894494  0.06084562  0.40128150
   0.18013000  0.31638000  0.19719000
   0.25644643  0.19086473  0.49669929
   0.37304000  0.19194000  0.09637000
   0.64616561  0.43806849  0.29608500
   0.45131733  0.05869330  0.39910200
   0.51314000  0.31594000  0.19696000
   0.70637000  0.19194000  0.09637000
   0.98089974  0.43889348  0.29731890
   0.78583741  0.06029860  0.39946041
   0.84665000  0.31624000  0.19703000
   0.92361379  0.19079142  0.49412828
   0.03971000  0.69194000  0.09637000
   0.31716450  0.93905383  0.29803969
   0.12012915  0.55963424  0.39842693
   0.18025000  0.81742000  0.19778000
   0.26187268  0.68772761  0.49453157
   0.37304000  0.69194000  0.09637000
   0.64968208  0.93923026  0.29700070
   0.45283203  0.56120769  0.39925757
   0.51318000  0.81586000  0.19571000
   0.59521182  0.69044479  0.49459913
   0.70637000  0.69194000  0.09637000
   0.98293077  0.94073804  0.29769588
   0.84718000  0.81593000  0.19584000
   0.92568320  0.68638243  0.48899458
   0.78627233  0.55946557  0.39473851
   0.17417000  0.33753000  0.11288000
   0.24616681  0.20735119  0.41448644
   0.06328585  0.32343676  0.51030924
   0.31386000  0.46170000  0.21427000
   0.11636260  0.08505728  0.31687134
   0.23858000  0.04636000  0.07986000
   0.04735000  0.17100000  0.18013000
   0.31325679  0.41874447  0.38158840
   0.13168084  0.03953883  0.48902968
   0.18242578  0.29333076  0.28022927
   0.50750000  0.33753000  0.11288000
   0.57824030  0.20528984  0.40977684
   0.39626298  0.32549417  0.51264931
   0.64712000  0.46121000  0.21367000
   0.44940769  0.08331827  0.31538608
   0.57191000  0.04636000  0.07986000
   0.38063000  0.17082000  0.17998000
   0.64460943  0.41708257  0.37897866
   0.46389361  0.04072005  0.48616848
   0.51439381  0.29149997  0.27953053
   0.84083000  0.33753000  0.11288000
   0.91380636  0.20687944  0.41177859
   0.72914361  0.32447910  0.50245051
   0.98063000  0.46160000  0.21400000
   0.78370614  0.08337936  0.31541597
   0.90524000  0.04636000  0.07986000
   0.71387000  0.17083000  0.18002000
   0.97981991  0.41833899  0.38075328
   0.79831593  0.04265601  0.48656799
   0.84824941  0.29258201  0.27991873
   0.17417000  0.83753000  0.11288000
   0.25241828  0.70668259  0.41170398
   0.05647970  0.82026509  0.52012664
   0.31682000  0.96236000  0.21534000
   0.11538656  0.58406026  0.31455669
   0.23858000  0.54636000  0.07986000
   0.04601000  0.67209000  0.18056000
   0.31801896  0.91654053  0.38152530
   0.13391786  0.54230478  0.48353010
   0.18149871  0.79400616  0.28077244
   0.50619000  0.83294000  0.10916000
   0.58653040  0.70721851  0.41198451
   0.39418569  0.82340266  0.51410193
   0.64926000  0.96050000  0.21277000
   0.44894704  0.58513366  0.31535528
   0.57191000  0.54636000  0.07986000
   0.37906000  0.67136000  0.18002000
   0.65054036  0.91790399  0.38119212
   0.46406112  0.54427585  0.48601153
   0.51447065  0.79421030  0.27932079
   0.83992000  0.83287000  0.10930000
   0.72815250  0.82573306  0.51243618
   0.98268000  0.96077000  0.21320000
   0.78143402  0.58362874  0.31190543
   0.90524000  0.54636000  0.07986000
   0.71230000  0.67144000  0.18017000
   0.98561240  0.91856021  0.38201869
   0.79552694  0.54227486  0.47916667
   0.84841976  0.79505919  0.27969947
   0.92015741  0.70752277  0.40745581
   0.78477000  0.69231000  0.65805000
   0.96743436  0.50010095  0.61318540
   0.01286422  0.69333702  0.59182666
   0.71811661  0.62835476  0.69553119
   0.79780689  0.57312789  0.74045198
   0.73493723  0.48443521  0.74464531
   0.92572544  0.57972263  0.73411907
   0.77891771  0.61194773  0.78317673
   0.58837479  0.60791058  0.69804573
