   0.18177000  0.06503000  0.19527000
   0.26746880  0.43258899  0.50254643
   0.03971000  0.44194000  0.09637000
   0.31551264  0.18844852  0.29839775
   0.11661028  0.31421260  0.39991225
   0.51472000  0.06471000  0.19485000
   0.60057628  0.43279605  0.50170680
   0.37304000  0.44194000  0.09637000
   0.64903920  0.18828774  0.29814118
   0.44989175  0.31356577  0.39915385
   0.84826000  0.06468000  0.19455000
   0.93611546  0.43524091  0.50758521
   0.70637000  0.44194000  0.09637000
   0.98229212  0.18846328  0.29830661
   0.78378039  0.31465714  0.39976663
   0.17955000  0.56532000  0.19533000
   0.26169158  0.93330943  0.50460346
   0.03971000  0.94194000  0.09637000
   0.31571290  0.68865429  0.29788132
   0.11965260  0.81304407  0.39672840
   0.51276000  0.56480000  0.19498000
   0.59313073  0.93342273  0.50245820
   0.37304000  0.94194000  0.09637000
   0.64864806  0.68863647  0.29739857
   0.45252971  0.81358129  0.39912670
   0.84642000  0.56519000  0.19522000
   0.92424276  0.93487027  0.50520467
   0.70637000  0.94194000  0.09637000
   0.98189497  0.68845329  0.29732176
   0.78542060  0.81436130  0.39886609
   0.58944737  0.19222485  0.49495466
   0.03971000  0.19194000  0.09637000
   0.31502902  0.43939254  0.29801048
   0.11894932  0.06039184  0.39995470
   0.18013000  0.31638000  0.19719000
   0.25525417  0.19267192  0.49572118
   0.37304000  0.19194000  0.09637000
   0.64800844  0.43891267  0.29735723
   0.45207950  0.06086061  0.40011206
   0.51314000  0.31594000  0.19696000
   0.70637000  0.19194000  0.09637000
   0.98171328  0.43893648  0.29758793
   0.78508953  0.06036827  0.39904725
   0.84665000  0.31624000  0.19703000
   0.92200869  0.19259634  0.49401381
   0.03971000  0.69194000  0.09637000
   0.31705850  0.93969751  0.29845361
   0.12139493  0.55950934  0.39890463
   0.18025000  0.81742000  0.19778000
   0.26095435  0.68770348  0.49488479
   0.37304000  0.69194000  0.09637000
   0.64953288  0.93849645  0.29690248
   0.45446655  0.55997204  0.39979099
   0.51318000  0.81586000  0.19571000
   0.59531881  0.69065615  0.49488770
   0.70637000  0.69194000  0.09637000
   0.98283568  0.93927985  0.29738099
   0.84718000  0.81593000  0.19584000
   0.92326359  0.68958258  0.49309827
   0.78822399  0.55997105  0.39835859
   0.17417000  0.33753000  0.11288000
   0.24991179  0.20621964  0.41263650
   0.06780397  0.32292738  0.50973192
   0.31386000  0.46170000  0.21427000
   0.11602239  0.08384204  0.31585638
   0.23858000  0.04636000  0.07986000
   0.04735000  0.17100000  0.18013000
   0.31600650  0.41788467  0.38184278
   0.18397266  0.02145615  0.46258980
   0.18199379  0.29307279  0.28035043
   0.50750000  0.33753000  0.11288000
   0.58351654  0.20672411  0.41211071
   0.39947479  0.32439893  0.51201482
   0.64712000  0.46121000  0.21367000
   0.44970445  0.08433469  0.31632645
   0.57191000  0.04636000  0.07986000
   0.38063000  0.17082000  0.17998000
   0.64848485  0.41795125  0.38117941
   0.46151752  0.04368078  0.48701613
   0.51498719  0.29261675  0.28004681
   0.84083000  0.33753000  0.11288000
   0.91625532  0.20617873  0.41116766
   0.73241911  0.32482204  0.51053145
   0.98063000  0.46160000  0.21400000
   0.78257436  0.08311936  0.31497475
   0.90524000  0.04636000  0.07986000
   0.71387000  0.17083000  0.18002000
   0.98211687  0.41764184  0.38105273
   0.79506923  0.04428456  0.48620223
   0.84845706  0.29271806  0.27997300
   0.17417000  0.83753000  0.11288000
   0.25220952  0.70715012  0.41222014
   0.05593946  0.82602030  0.52202422
   0.31682000  0.96236000  0.21534000
   0.11590985  0.58421535  0.31521478
   0.23858000  0.54636000  0.07986000
   0.04601000  0.67209000  0.18056000
   0.31808544  0.91752578  0.38214693
   0.13743105  0.54123070  0.48353505
   0.18191993  0.79397276  0.28097734
   0.50619000  0.83294000  0.10916000
   0.58568757  0.70653677  0.41235756
   0.39132522  0.82522385  0.51323318
   0.64926000  0.96050000  0.21277000
   0.44934104  0.58435169  0.31588492
   0.57191000  0.54636000  0.07986000
   0.37906000  0.67136000  0.18002000
   0.65038889  0.91727860  0.38100868
   0.46885271  0.54338914  0.48672039
   0.51490857  0.79317329  0.27927039
   0.83992000  0.83287000  0.10930000
   0.72704553  0.82738508  0.51101399
   0.98268000  0.96077000  0.21320000
   0.78235811  0.58404805  0.31476050
   0.90524000  0.54636000  0.07986000
   0.71230000  0.67144000  0.18017000
   0.98492084  0.91755211  0.38173864
   0.80017435  0.54254094  0.48373582
   0.84849409  0.79370531  0.27949562
   0.92002558  0.70810711  0.41138009
   0.78477000  0.69231000  0.65805000
   0.02532925  0.08083431  0.53529765
   0.03857213  0.70191830  0.59265201
   0.71734750  0.62990693  0.69577043
   0.79714473  0.57556863  0.74114887
   0.74039168  0.48620130  0.74354420
   0.92407238  0.58602225  0.73277643
   0.77674130  0.61183242  0.78324959
   0.58514415  0.61108310  0.69751679
