   0.18177000  0.06503000  0.19527000
   0.26266004  0.43519082  0.50249139
   0.03971000  0.44194000  0.09637000
   0.31532716  0.18878265  0.29870223
   0.11352103  0.31132234  0.40448817
   0.51472000  0.06471000  0.19485000
   0.59183138  0.43203855  0.50178463
   0.37304000  0.44194000  0.09637000
   0.65127640  0.18918038  0.29951509
   0.44692548  0.31185780  0.40151598
   0.84826000  0.06468000  0.19455000
   0.92702491  0.43566869  0.50062880
   0.70637000  0.44194000  0.09637000
   0.98142334  0.18944941  0.29912374
   0.78492147  0.31453397  0.40270086
   0.17955000  0.56532000  0.19533000
   0.27250353  0.93099355  0.50358653
   0.03971000  0.94194000  0.09637000
   0.31770107  0.68842124  0.29873926
   0.12453367  0.81070333  0.39568950
   0.51276000  0.56480000  0.19498000
   0.60444419  0.93082398  0.50338303
   0.37304000  0.94194000  0.09637000
   0.64977759  0.68731174  0.29759844
   0.45660318  0.81453251  0.39962760
   0.84642000  0.56519000  0.19522000
   0.93547674  0.92923814  0.50405872
   0.70637000  0.94194000  0.09637000
   0.98383018  0.68702649  0.29770018
   0.78912256  0.81174203  0.39697164
   0.59246006  0.19271287  0.49454863
   0.03971000  0.19194000  0.09637000
   0.31331844  0.43841204  0.29884521
   0.12188899  0.05703869  0.39856415
   0.18013000  0.31638000  0.19719000
   0.24404256  0.18356253  0.50064183
   0.37304000  0.19194000  0.09637000
   0.64513742  0.43773493  0.29790616
   0.45458363  0.06097673  0.39961070
   0.51314000  0.31594000  0.19696000
   0.70637000  0.19194000  0.09637000
   0.98133391  0.43887565  0.29805792
   0.78704087  0.06046467  0.40239194
   0.84665000  0.31624000  0.19703000
   0.93559682  0.18608936  0.50282983
   0.03971000  0.69194000  0.09637000
   0.31894479  0.93977429  0.29791769
   0.12181777  0.55975697  0.40019454
   0.18025000  0.81742000  0.19778000
   0.26959238  0.69166667  0.49453677
   0.37304000  0.69194000  0.09637000
   0.65191946  0.93944053  0.29739477
   0.45286288  0.55839396  0.39982184
   0.51318000  0.81586000  0.19571000
   0.60043998  0.68841117  0.49435346
   0.70637000  0.69194000  0.09637000
   0.98451746  0.93781873  0.29653112
   0.84718000  0.81593000  0.19584000
   0.93117750  0.68371079  0.49402855
   0.78676546  0.55930707  0.39819136
   0.17417000  0.33753000  0.11288000
   0.24892821  0.20351076  0.41671247
   0.06075181  0.33563862  0.50456147
   0.31386000  0.46170000  0.21427000
   0.11458608  0.08472649  0.31597682
   0.23858000  0.04636000  0.07986000
   0.04735000  0.17100000  0.18013000
   0.31302039  0.41600395  0.38310431
   0.13811327  0.02825342  0.48098660
   0.18176537  0.29318677  0.28037426
   0.50750000  0.33753000  0.11288000
   0.58428423  0.20722136  0.41180328
   0.38995684  0.32557134  0.51189318
   0.64712000  0.46121000  0.21367000
   0.45099471  0.08474412  0.31560264
   0.57191000  0.04636000  0.07986000
   0.38063000  0.17082000  0.17998000
   0.64719869  0.41685856  0.38227284
   0.47257995  0.04167330  0.48610983
   0.51614583  0.29124375  0.27979002
   0.84083000  0.33753000  0.11288000
   0.91086364  0.20559026  0.41921639
   0.72646441  0.32847909  0.51183515
   0.98063000  0.46160000  0.21400000
   0.78370008  0.08473189  0.31733167
   0.90524000  0.04636000  0.07986000
   0.71387000  0.17083000  0.18002000
   0.98301536  0.41710944  0.38169062
   0.80298508  0.03627845  0.48742728
   0.84857271  0.29346246  0.27997477
   0.17417000  0.83753000  0.11288000
   0.25704994  0.70686623  0.41190624
   0.06740286  0.81727257  0.52332955
   0.31682000  0.96236000  0.21534000
   0.11754765  0.58318990  0.31620939
   0.23858000  0.54636000  0.07986000
   0.04601000  0.67209000  0.18056000
   0.32170909  0.91695560  0.38114274
   0.12958302  0.55050184  0.48738100
   0.18413975  0.79305911  0.28083815
   0.50619000  0.83294000  0.10916000
   0.58807674  0.70625300  0.41232915
   0.40184147  0.82534221  0.51587491
   0.64926000  0.96050000  0.21277000
   0.44987096  0.58265080  0.31614459
   0.57191000  0.54636000  0.07986000
   0.37906000  0.67136000  0.18002000
   0.65560157  0.91619679  0.38116804
   0.46314109  0.54450241  0.48695176
   0.51796136  0.79292832  0.27935425
   0.83992000  0.83287000  0.10930000
   0.73591734  0.82071579  0.51541748
   0.98268000  0.96077000  0.21320000
   0.78313347  0.58177290  0.31466657
   0.90524000  0.54636000  0.07986000
   0.71230000  0.67144000  0.18017000
   0.98796421  0.91246188  0.37980564
   0.79332284  0.54363206  0.48500110
   0.85030376  0.79166742  0.27911336
   0.92285086  0.70617395  0.41206318
   0.78477000  0.69231000  0.65805000
   0.06805571  0.14625215  0.58594065
  -0.02834782  0.76776482  0.60320571
   0.72011144  0.63180479  0.69734818
   0.79974473  0.57508306  0.74096694
   0.74171136  0.48527812  0.74191023
   0.92681904  0.58615275  0.73315472
   0.77794945  0.60757373  0.78353219
   0.58948885  0.61974089  0.70082876
