   0.18177000  0.06503000  0.19527000
   0.24954415  0.44240507  0.50372866
   0.03971000  0.44194000  0.09637000
   0.31892957  0.19013086  0.29899072
   0.11479096  0.31806474  0.39904886
   0.51472000  0.06471000  0.19485000
   0.58108253  0.44091129  0.50359528
   0.37304000  0.44194000  0.09637000
   0.65184774  0.18971795  0.29874563
   0.44755166  0.31886124  0.40011506
   0.84826000  0.06468000  0.19455000
   0.91544738  0.44177509  0.50325971
   0.70637000  0.44194000  0.09637000
   0.98493825  0.18949818  0.29817414
   0.78038630  0.31866778  0.40127395
   0.17955000  0.56532000  0.19533000
   0.27831021  0.93370942  0.50398384
   0.03971000  0.94194000  0.09637000
   0.31572469  0.69073839  0.29815462
   0.12399868  0.81540573  0.39852456
   0.51276000  0.56480000  0.19498000
   0.61378433  0.93553618  0.50382651
   0.37304000  0.94194000  0.09637000
   0.64872920  0.69021206  0.29734519
   0.45818772  0.81585793  0.39908533
   0.84642000  0.56519000  0.19522000
   0.94660141  0.93556515  0.50323471
   0.70637000  0.94194000  0.09637000
   0.98225904  0.69060019  0.29783191
   0.79098065  0.81565670  0.39878027
   0.59138421  0.19419185  0.49487870
   0.03971000  0.19194000  0.09637000
   0.31466553  0.44117499  0.29797102
   0.12691479  0.06205432  0.39983330
   0.18013000  0.31638000  0.19719000
   0.25923474  0.19578320  0.49513143
   0.37304000  0.19194000  0.09637000
   0.64767332  0.44044463  0.29726810
   0.45866750  0.06093733  0.40093059
   0.51314000  0.31594000  0.19696000
   0.70637000  0.19194000  0.09637000
   0.98110894  0.44077868  0.29780768
   0.79304342  0.06178074  0.39969069
   0.84665000  0.31624000  0.19703000
   0.92616156  0.19678175  0.49491440
   0.03971000  0.69194000  0.09637000
   0.31952676  0.94138476  0.29902906
   0.11390976  0.56548471  0.39975530
   0.18025000  0.81742000  0.19778000
   0.25844323  0.69670689  0.49508349
   0.37304000  0.69194000  0.09637000
   0.65256504  0.94003648  0.29714329
   0.44790452  0.56553255  0.40000835
   0.51318000  0.81586000  0.19571000
   0.58940637  0.69668040  0.49538348
   0.70637000  0.69194000  0.09637000
   0.98563538  0.94029021  0.29744152
   0.84718000  0.81593000  0.19584000
   0.91870778  0.69570583  0.49404132
   0.78095240  0.56474986  0.39880996
   0.17417000  0.33753000  0.11288000
   0.24710886  0.21114290  0.41327165
   0.04869503  0.33547655  0.51379003
   0.31386000  0.46170000  0.21427000
   0.11996294  0.08515070  0.31586954
   0.23858000  0.04636000  0.07986000
   0.04735000  0.17100000  0.18013000
   0.31291200  0.42249306  0.38238237
   0.14627981  0.04377628  0.48718847
   0.18439360  0.29395593  0.28060932
   0.50750000  0.33753000  0.11288000
   0.57862403  0.20960438  0.41238048
   0.38207821  0.33416244  0.51235114
   0.64712000  0.46121000  0.21367000
   0.45273176  0.08567165  0.31712319
   0.57191000  0.04636000  0.07986000
   0.38063000  0.17082000  0.17998000
   0.64588673  0.42205531  0.38135542
   0.47793731  0.04335483  0.48835661
   0.51725937  0.29343798  0.28008589
   0.84083000  0.33753000  0.11288000
   0.91584428  0.21048817  0.41194456
   0.71505493  0.33519214  0.50730860
   0.98063000  0.46160000  0.21400000
   0.78612598  0.08453599  0.31550601
   0.90524000  0.04636000  0.07986000
   0.71387000  0.17083000  0.18002000
   0.97996132  0.42241932  0.38252607
   0.81446110  0.04526906  0.48681651
   0.85082062  0.29377485  0.28013317
   0.17417000  0.83753000  0.11288000
   0.25671967  0.70749900  0.41099052
   0.07634272  0.82309240  0.51311008
   0.31682000  0.96236000  0.21534000
   0.11565759  0.58562618  0.31525817
   0.23858000  0.54636000  0.07986000
   0.04601000  0.67209000  0.18056000
   0.32257461  0.91913914  0.38341743
   0.11443086  0.55484048  0.48973255
   0.18261480  0.79644545  0.28149485
   0.50619000  0.83294000  0.10916000
   0.59019205  0.70809629  0.41120823
   0.41217110  0.82417903  0.51130488
   0.64926000  0.96050000  0.21277000
   0.44901382  0.58587119  0.31538806
   0.57191000  0.54636000  0.07986000
   0.37906000  0.67136000  0.18002000
   0.65643491  0.91971219  0.38176314
   0.44972902  0.55193148  0.48807416
   0.51560796  0.79535057  0.27974121
   0.83992000  0.83287000  0.10930000
   0.74604906  0.82581201  0.50919898
   0.98268000  0.96077000  0.21320000
   0.78245809  0.58550953  0.31437009
   0.90524000  0.54636000  0.07986000
   0.71230000  0.67144000  0.18017000
   0.99004885  0.91953598  0.38197455
   0.78244096  0.55102344  0.48630064
   0.84881993  0.79539639  0.27983790
   0.92420330  0.70739629  0.41075772
   0.78477000  0.69231000  0.65805000
   0.72385953  0.46200101  0.63243878
   0.97250712  0.65588774  0.59928179
   0.72687498  0.59603832  0.68344407
   0.79816962  0.54970678  0.73805212
   0.74042675  0.46064033  0.74695786
   0.92640957  0.55189794  0.73498388
   0.77040271  0.60098413  0.77482142
   0.59580379  0.58119126  0.68890740
