   0.28709144  0.43163573  0.49247570
   0.18097456  0.06370502  0.18370841
   0.03971000  0.44194000  0.08602000
   0.31699250  0.18772564  0.28755229
   0.12890805  0.31225740  0.38813877
   0.51428498  0.06370663  0.18370862
   0.62135494  0.43063500  0.49015549
   0.37304000  0.44194000  0.08602000
   0.65032169  0.18759897  0.28745593
   0.46193736  0.31218354  0.38828949
   0.84765800  0.06372483  0.18368481
   0.95457068  0.43172216  0.49074143
   0.70637000  0.44194000  0.08602000
   0.98367696  0.18770175  0.28749747
   0.79537267  0.31186590  0.38786237
   0.18125016  0.56335435  0.18428121
   0.25091911  0.93852313  0.49251346
   0.03971000  0.94194000  0.08602000
   0.31826266  0.68834873  0.28711281
   0.11259287  0.81614901  0.38848329
   0.51448023  0.56324199  0.18418406
   0.58447776  0.93921002  0.49279855
   0.37304000  0.94194000  0.08602000
   0.65160416  0.68821558  0.28670008
   0.44597258  0.81639675  0.38899275
   0.84785530  0.56323143  0.18426916
   0.91816118  0.93900143  0.49255108
   0.70637000  0.94194000  0.08602000
   0.98498211  0.68809110  0.28680187
   0.77917898  0.81604459  0.38842584
   0.03971000  0.19194000  0.08602000
   0.32085357  0.43888690  0.28805506
   0.11584889  0.06150954  0.38782344
   0.18046802  0.31567190  0.18695777
   0.26090202  0.19286386  0.48264735
   0.37304000  0.19194000  0.08602000
   0.65391967  0.43843981  0.28776778
   0.44937185  0.06172657  0.38797919
   0.51370238  0.31547801  0.18686439
   0.59430687  0.19291889  0.48305588
   0.70637000  0.19194000  0.08602000
   0.98758255  0.43855488  0.28794405
   0.78262256  0.06174511  0.38808558
   0.84716274  0.31559428  0.18688939
   0.92812808  0.19314773  0.48307583
   0.03971000  0.69194000  0.08602000
   0.31393974  0.93858475  0.28600341
   0.12978608  0.55999431  0.38968754
   0.18050328  0.81438743  0.18486082
   0.26361055  0.69369168  0.48490958
   0.37304000  0.69194000  0.08602000
   0.64723805  0.93859861  0.28599124
   0.46274938  0.56067085  0.38977806
   0.51384085  0.81445486  0.18475200
   0.59761971  0.69511964  0.48580986
   0.70637000  0.69194000  0.08602000
   0.98053950  0.93853568  0.28585479
   0.84719396  0.81434416  0.18475187
   0.93034456  0.69387610  0.48469130
   0.79616544  0.56018943  0.38917184
   0.17417000  0.33753000  0.10253000
   0.26103776  0.20322836  0.39848778
   0.08610468  0.32114442  0.49744924
   0.31602441  0.46052567  0.20438032
   0.11674659  0.08200760  0.30334461
   0.23858000  0.04636000  0.06951000
   0.04728205  0.17053535  0.16981033
   0.32844604  0.41775569  0.37204436
   0.12003812  0.04914119  0.47544062
   0.18403230  0.29332290  0.27042455
   0.50750000  0.33753000  0.10253000
   0.59487921  0.20335558  0.39878137
   0.42042874  0.32095408  0.49493168
   0.64919839  0.46032366  0.20416312
   0.45020540  0.08203010  0.30348849
   0.57191000  0.04636000  0.06951000
   0.38052273  0.17041645  0.16977543
   0.66142014  0.41718134  0.37180716
   0.45320189  0.04941603  0.47557637
   0.51730342  0.29300278  0.27025795
   0.84083000  0.33753000  0.10253000
   0.92822319  0.20342963  0.39891252
   0.75326232  0.32106124  0.49723145
   0.98273656  0.46042958  0.20428593
   0.78353464  0.08205681  0.30356967
   0.90524000  0.04636000  0.06951000
   0.71391456  0.17048860  0.16979353
   0.99462051  0.41701386  0.37193444
   0.78672172  0.04970965  0.47570958
   0.85066182  0.29310566  0.27031131
   0.17316000  0.83290000  0.09904000
   0.24632432  0.71001048  0.40309518
   0.05011438  0.83237883  0.50324653
   0.31499155  0.95916229  0.20172146
   0.11950294  0.58448323  0.30600648
   0.23858000  0.54636000  0.06951000
   0.04706792  0.66959545  0.16955810
   0.31083849  0.91920645  0.37039176
   0.15435392  0.54167220  0.47635986
   0.18375973  0.79206203  0.26839483
   0.50645000  0.83283000  0.09878000
   0.57961686  0.70999145  0.40377565
   0.38388123  0.83247832  0.50302753
   0.64832416  0.95921381  0.20168068
   0.45301368  0.58490464  0.30617552
   0.57191000  0.54636000  0.06951000
   0.38049733  0.66964279  0.16951679
   0.64419579  0.91906055  0.37040532
   0.48821780  0.54250236  0.47815208
   0.51710963  0.79211364  0.26830114
   0.83986000  0.83290000  0.09896000
   0.71728184  0.83345696  0.50387825
   0.98166214  0.95915872  0.20160119
   0.78603337  0.58442452  0.30557678
   0.90524000  0.54636000  0.06951000
   0.71372616  0.66953501  0.16952942
   0.97736581  0.91900842  0.37022593
   0.82066533  0.54154910  0.47635428
   0.85050260  0.79202155  0.26824941
   0.91277916  0.70982807  0.40281810
   0.79324136  0.64271404  0.64312006
   0.40257616  0.41895574  0.65508137
   0.58552607  0.53290059  0.59386781
   0.82650375  0.65718640  0.69416887
   0.73159069  0.60099534  0.74345356
   0.71903444  0.66236024  0.77688787
   0.61673899  0.55297156  0.72909760
   0.79958712  0.54470170  0.76383460
   0.93971384  0.71738182  0.70426109
