   0.18177000  0.06503000  0.19527000
   0.26651454  0.43925250  0.50137723
   0.03971000  0.44194000  0.09637000
   0.31580661  0.18969565  0.29945670
   0.11921638  0.31525263  0.40252983
   0.51472000  0.06471000  0.19485000
   0.59754802  0.43746037  0.50225948
   0.37304000  0.44194000  0.09637000
   0.64917814  0.18880811  0.29838395
   0.44963494  0.31540963  0.40304155
   0.84826000  0.06468000  0.19455000
   0.93151970  0.43834859  0.49903000
   0.70637000  0.44194000  0.09637000
   0.98280652  0.18967514  0.29990352
   0.78482693  0.31537594  0.39928565
   0.17955000  0.56532000  0.19533000
   0.26595421  0.93677066  0.50623162
   0.03971000  0.94194000  0.09637000
   0.31690963  0.68905148  0.29774478
   0.12101929  0.81520889  0.39599861
   0.51276000  0.56480000  0.19498000
   0.59716742  0.93895275  0.50462468
   0.37304000  0.94194000  0.09637000
   0.65003255  0.68873640  0.29708170
   0.45479040  0.81607853  0.39790818
   0.84642000  0.56519000  0.19522000
   0.92824304  0.93735572  0.50497583
   0.70637000  0.94194000  0.09637000
   0.98281105  0.68910472  0.29725382
   0.78741928  0.81494173  0.39773377
   0.58903357  0.19667007  0.49570866
   0.03971000  0.19194000  0.09637000
   0.31615043  0.43898195  0.29850370
   0.12069363  0.06129272  0.39996866
   0.18013000  0.31638000  0.19719000
   0.25067556  0.18838624  0.50282225
   0.37304000  0.19194000  0.09637000
   0.64783856  0.43906046  0.29749485
   0.45110776  0.06348720  0.40096533
   0.51314000  0.31594000  0.19696000
   0.70637000  0.19194000  0.09637000
   0.98337012  0.43950096  0.29786923
   0.78560813  0.06211727  0.39989723
   0.84665000  0.31624000  0.19703000
   0.93205452  0.19368068  0.49643838
   0.03971000  0.69194000  0.09637000
   0.31751261  0.94091060  0.29850010
   0.12206378  0.56301383  0.39890637
   0.18025000  0.81742000  0.19778000
   0.26583297  0.69638052  0.49405488
   0.37304000  0.69194000  0.09637000
   0.65037145  0.93928348  0.29699815
   0.45658377  0.56201551  0.39932861
   0.51318000  0.81586000  0.19571000
   0.59622936  0.69803773  0.49436175
   0.70637000  0.69194000  0.09637000
   0.98318430  0.94071198  0.29719811
   0.84718000  0.81593000  0.19584000
   0.92952522  0.68842708  0.49442834
   0.78833994  0.56163284  0.39814234
   0.17417000  0.33753000  0.11288000
   0.25120608  0.20670444  0.41728979
   0.06391534  0.33605936  0.50357449
   0.31386000  0.46170000  0.21427000
   0.11646683  0.08542920  0.31657645
   0.23858000  0.04636000  0.07986000
   0.04735000  0.17100000  0.18013000
   0.31685720  0.41973610  0.38284463
   0.12910945  0.03393238  0.48204290
   0.18209141  0.29378732  0.28052193
   0.50750000  0.33753000  0.11288000
   0.58523359  0.20819588  0.41309427
   0.40039464  0.33275605  0.50949907
   0.64712000  0.46121000  0.21367000
   0.44995685  0.08536128  0.31651435
   0.57191000  0.04636000  0.07986000
   0.38063000  0.17082000  0.17998000
   0.64989061  0.41935049  0.38153790
   0.46532811  0.04731299  0.48764856
   0.51539308  0.29299691  0.27979890
   0.84083000  0.33753000  0.11288000
   0.91575695  0.20726945  0.41274471
   0.73036143  0.33084869  0.51134900
   0.98063000  0.46160000  0.21400000
   0.78283333  0.08379020  0.31536150
   0.90524000  0.04636000  0.07986000
   0.71387000  0.17083000  0.18002000
   0.98381615  0.41987807  0.38154603
   0.79893094  0.04652295  0.48710538
   0.84903259  0.29346373  0.28025464
   0.17417000  0.83753000  0.11288000
   0.25521123  0.71038354  0.41138885
   0.06267033  0.82322700  0.52379464
   0.31682000  0.96236000  0.21534000
   0.11738806  0.58526775  0.31514954
   0.23858000  0.54636000  0.07986000
   0.04601000  0.67209000  0.18056000
   0.31925086  0.92002609  0.38192789
   0.13450479  0.55200510  0.48584828
   0.18316628  0.79446715  0.28101156
   0.50619000  0.83294000  0.10916000
   0.58813189  0.70899025  0.41185490
   0.39564621  0.83011054  0.51649912
   0.64926000  0.96050000  0.21277000
   0.45081434  0.58453360  0.31581016
   0.57191000  0.54636000  0.07986000
   0.37906000  0.67136000  0.18002000
   0.65310462  0.91894908  0.38116892
   0.46895577  0.55053369  0.48646501
   0.51600696  0.79336495  0.27925843
   0.83992000  0.83287000  0.10930000
   0.72915898  0.83028330  0.51697507
   0.98268000  0.96077000  0.21320000
   0.78360529  0.58438446  0.31463786
   0.90524000  0.54636000  0.07986000
   0.71230000  0.67144000  0.18017000
   0.98518005  0.91717779  0.38033454
   0.79870763  0.54697739  0.48483366
   0.84943293  0.79392396  0.27947112
   0.92279690  0.70862124  0.41195629
   0.78477000  0.69231000  0.65805000
   0.15724794  0.15373461  0.59367590
  -0.02794676  0.76779563  0.60355974
   0.72000998  0.63174664  0.69749381
   0.79959357  0.57428956  0.74078135
   0.74199831  0.48553567  0.74168971
   0.92701913  0.58600974  0.73310437
   0.77775827  0.60714705  0.78371488
   0.58963644  0.61978203  0.70087783
