   0.17769948  0.06422827  0.19532200
   0.28787442  0.42911115  0.50134360
   0.03971000  0.44194000  0.09637000
   0.31397927  0.18784833  0.29853112
   0.12913823  0.31063289  0.39858882
   0.51098931  0.06426864  0.19541198
   0.62160489  0.43085407  0.50147989
   0.37304000  0.44194000  0.09637000
   0.64749976  0.18788845  0.29877142
   0.46239029  0.31072325  0.39853982
   0.84417016  0.06419864  0.19536187
   0.95518635  0.42808572  0.50140370
   0.70637000  0.44194000  0.09637000
   0.98075931  0.18786830  0.29848131
   0.79605981  0.31094228  0.39860925
   0.17996971  0.56401917  0.19508243
   0.24597930  0.93887163  0.50335925
   0.03971000  0.94194000  0.09637000
   0.31493705  0.68870968  0.29895618
   0.10900471  0.81544694  0.40040596
   0.51334991  0.56394907  0.19511191
   0.57979539  0.94086447  0.50422817
   0.37304000  0.94194000  0.09637000
   0.64787045  0.68833897  0.29862217
   0.43954553  0.81696635  0.40361463
   0.84663979  0.56398939  0.19523230
   0.91110842  0.93785844  0.50541944
   0.70637000  0.94194000  0.09637000
   0.98163230  0.68842851  0.29863341
   0.77461947  0.81659640  0.39952364
   0.92848734  0.69285434  0.49567670
   0.03971000  0.19194000  0.09637000
   0.31903126  0.43761346  0.29773291
   0.11305664  0.06194285  0.40032135
   0.17905144  0.31495079  0.19613328
   0.25919885  0.19275232  0.49589449
   0.37304000  0.19194000  0.09637000
   0.65275134  0.43823298  0.29857283
   0.44581946  0.06266487  0.40011886
   0.51226107  0.31562073  0.19742326
   0.59232377  0.19510554  0.49519848
   0.70637000  0.19194000  0.09637000
   0.98646266  0.43821487  0.29821256
   0.77934139  0.06199548  0.40023130
   0.84529087  0.31554082  0.19731325
   0.92754234  0.19098703  0.49526727
   0.03971000  0.69194000  0.09637000
   0.30993055  0.93942732  0.29842415
   0.12831081  0.55911515  0.40040338
   0.17795147  0.81559044  0.19723442
   0.26199475  0.68902463  0.49789193
   0.37304000  0.69194000  0.09637000
   0.64246147  0.93924858  0.29858357
   0.46057865  0.55918602  0.39988176
   0.51125134  0.81550089  0.19721378
   0.59372018  0.69364531  0.49508703
   0.70637000  0.69194000  0.09637000
   0.97682174  0.93945835  0.29833505
   0.84446199  0.81557070  0.19722396
   0.79479445  0.55970776  0.40030338
   0.17310000  0.33301000  0.10976000
   0.26184871  0.20282169  0.41114214
   0.08744771  0.31693104  0.51131328
   0.31412078  0.45983010  0.21368758
   0.11378162  0.08309199  0.31578847
   0.23858000  0.04636000  0.07986000
   0.04402010  0.17066000  0.18014810
   0.32856783  0.41489617  0.38164916
   0.11423441  0.04939605  0.48830008
   0.18116097  0.29274017  0.27989819
   0.50750000  0.33753000  0.11288000
   0.59569707  0.20327107  0.41069050
   0.42068634  0.31985815  0.51138248
   0.64774981  0.46072000  0.21487724
   0.44721015  0.08298130  0.31566883
   0.57191000  0.04636000  0.07986000
   0.37751959  0.17087008  0.18032797
   0.66204449  0.41590590  0.38252873
   0.44843733  0.05296299  0.48774259
   0.51463951  0.29313984  0.28088802
   0.84083000  0.33753000  0.11288000
   0.92829974  0.20282210  0.41112983
   0.75316166  0.32110211  0.51098532
   0.98121001  0.46059981  0.21453714
   0.78049054  0.08281117  0.31575846
   0.90524000  0.04636000  0.07986000
   0.71072969  0.17073996  0.18020791
   0.99498440  0.41479566  0.38161025
   0.78276895  0.04928007  0.48813073
   0.84787915  0.29293943  0.28061795
   0.17417000  0.83753000  0.11288000
   0.23980034  0.70892131  0.41743861
   0.04252397  0.83175749  0.51801720
   0.31179153  0.96071164  0.21447717
   0.11627408  0.58469541  0.31686445
   0.23858000  0.54636000  0.07986000
   0.04584963  0.67021938  0.18007747
   0.30563877  0.92001995  0.38252979
   0.15262520  0.53370349  0.48394485
   0.18015083  0.79250221  0.28049550
   0.50750000  0.83753000  0.11288000
   0.57575277  0.70974711  0.41370906
   0.38178372  0.83611326  0.50744420
   0.64507056  0.96068137  0.21458748
   0.44900228  0.58382743  0.31637751
   0.57191000  0.54636000  0.07986000
   0.37923987  0.67007902  0.18002727
   0.63919316  0.91984662  0.38290892
   0.48859483  0.53988040  0.48610779
   0.51349247  0.79221181  0.28032666
   0.84083000  0.83753000  0.11288000
   0.70952607  0.83184550  0.51714433
   0.97843081  0.96070166  0.21447711
   0.78274825  0.58442844  0.31694673
   0.90524000  0.54636000  0.07986000
   0.71254008  0.67014926  0.18008754
   0.97390302  0.91940852  0.38262541
   0.82275419  0.54006514  0.48687567
   0.84680016  0.79236123  0.28050685
   0.90786437  0.71052140  0.41438434
   0.73653256  0.56675920  0.64754103
   0.19756298  0.66576947  0.56295345
   0.97280589  0.64077775  0.60974314
   0.68695109  0.53239226  0.69520998
   0.78673131  0.52851523  0.74666808
   0.75476332  0.44774461  0.76815963
   0.91391722  0.54818298  0.73468478
   0.76439900  0.59089624  0.77761288
   0.55644699  0.50366897  0.70036661
