   0.18177000  0.06503000  0.19527000
   0.26634138  0.43264693  0.50242991
   0.03971000  0.44194000  0.09637000
   0.31536153  0.18828273  0.29822209
   0.11560686  0.31436962  0.40011548
   0.51472000  0.06471000  0.19485000
   0.59951053  0.43272645  0.50125366
   0.37304000  0.44194000  0.09637000
   0.64898375  0.18826648  0.29812766
   0.44869781  0.31343998  0.39887951
   0.84826000  0.06468000  0.19455000
   0.93470339  0.43525554  0.50717869
   0.70637000  0.44194000  0.09637000
   0.98223377  0.18857319  0.29838335
   0.78273086  0.31483671  0.39986600
   0.17955000  0.56532000  0.19533000
   0.26219690  0.93295642  0.50436080
   0.03971000  0.94194000  0.09637000
   0.31523844  0.68848513  0.29781997
   0.11976978  0.81304792  0.39638352
   0.51276000  0.56480000  0.19498000
   0.59411665  0.93293698  0.50239128
   0.37304000  0.94194000  0.09637000
   0.64820084  0.68853695  0.29723725
   0.45254601  0.81349180  0.39900548
   0.84642000  0.56519000  0.19522000
   0.92643953  0.93473135  0.50495137
   0.70637000  0.94194000  0.09637000
   0.98143898  0.68831421  0.29725864
   0.78550817  0.81419676  0.39855314
   0.58929494  0.19133578  0.49425906
   0.03971000  0.19194000  0.09637000
   0.31450672  0.43930925  0.29795815
   0.11898228  0.06029833  0.40017619
   0.18013000  0.31638000  0.19719000
   0.25516863  0.19190637  0.49571606
   0.37304000  0.19194000  0.09637000
   0.64734738  0.43869193  0.29715576
   0.45214154  0.06033993  0.39975831
   0.51314000  0.31594000  0.19696000
   0.70637000  0.19194000  0.09637000
   0.98120316  0.43883883  0.29755257
   0.78525409  0.06004555  0.39908993
   0.84665000  0.31624000  0.19703000
   0.92229560  0.19191589  0.49394754
   0.03971000  0.69194000  0.09637000
   0.31701186  0.93943545  0.29830579
   0.12099653  0.55944519  0.39879905
   0.18025000  0.81742000  0.19778000
   0.26120130  0.68778666  0.49461406
   0.37304000  0.69194000  0.09637000
   0.64943059  0.93848399  0.29688495
   0.45394510  0.56002344  0.39969372
   0.51318000  0.81586000  0.19571000
   0.59536261  0.69051519  0.49476312
   0.70637000  0.69194000  0.09637000
   0.98266176  0.93935341  0.29738334
   0.84718000  0.81593000  0.19584000
   0.92336164  0.68898010  0.49208815
   0.78740698  0.55983662  0.39763683
   0.17417000  0.33753000  0.11288000
   0.24881330  0.20631097  0.41287362
   0.06667664  0.32292515  0.50945964
   0.31386000  0.46170000  0.21427000
   0.11594467  0.08385129  0.31600428
   0.23858000  0.04636000  0.07986000
   0.04735000  0.17100000  0.18013000
   0.31500242  0.41788997  0.38185237
   0.12955077  0.04135756  0.48779437
   0.18187363  0.29293142  0.28027448
   0.50750000  0.33753000  0.11288000
   0.58207418  0.20647109  0.41162384
   0.39828204  0.32456946  0.51228313
   0.64712000  0.46121000  0.21367000
   0.44958680  0.08406656  0.31602989
   0.57191000  0.04636000  0.07986000
   0.38063000  0.17082000  0.17998000
   0.64718093  0.41769818  0.38079581
   0.46251440  0.04287844  0.48658022
   0.51473419  0.29244723  0.27995996
   0.84083000  0.33753000  0.11288000
   0.91518981  0.20620038  0.41122538
   0.73132257  0.32447995  0.50912514
   0.98063000  0.46160000  0.21400000
   0.78264057  0.08305845  0.31503361
   0.90524000  0.04636000  0.07986000
   0.71387000  0.17083000  0.18002000
   0.98136012  0.41772718  0.38105121
   0.79592656  0.04377314  0.48625599
   0.84823695  0.29261944  0.27997715
   0.17417000  0.83753000  0.11288000
   0.25222999  0.70699470  0.41198405
   0.05637189  0.82458378  0.52150473
   0.31682000  0.96236000  0.21534000
   0.11543717  0.58397583  0.31507206
   0.23858000  0.54636000  0.07986000
   0.04601000  0.67209000  0.18056000
   0.31800981  0.91735627  0.38193866
   0.13646353  0.54154335  0.48354535
   0.18155445  0.79377670  0.28090308
   0.50619000  0.83294000  0.10916000
   0.58581787  0.70645819  0.41219085
   0.39205787  0.82484906  0.51315507
   0.64926000  0.96050000  0.21277000
   0.44888422  0.58424793  0.31577065
   0.57191000  0.54636000  0.07986000
   0.37906000  0.67136000  0.18002000
   0.65050340  0.91715103  0.38097155
   0.46759710  0.54355672  0.48674683
   0.51455361  0.79319930  0.27928598
   0.83992000  0.83287000  0.10930000
   0.72771913  0.82694773  0.51130912
   0.98268000  0.96077000  0.21320000
   0.78184351  0.58381018  0.31424781
   0.90524000  0.54636000  0.07986000
   0.71230000  0.67144000  0.18017000
   0.98497767  0.91764434  0.38167815
   0.79852500  0.54255853  0.48259026
   0.84820228  0.79374403  0.27952936
   0.92025491  0.70800574  0.41042499
   0.78477000  0.69231000  0.65805000
   0.98642746  0.50810051  0.61634832
   0.03120577  0.69968171  0.59230449
   0.71757156  0.62929694  0.69573172
   0.79674625  0.57493733  0.74092544
   0.73915054  0.48594781  0.74372968
   0.92370419  0.58457788  0.73243626
   0.77820456  0.61185591  0.78291194
   0.58536349  0.61038867  0.69738042
