   0.18177000  0.06503000  0.19527000
   0.24534737  0.44114843  0.50412278
   0.03971000  0.44194000  0.09637000
   0.31878729  0.19042810  0.29930449
   0.11466652  0.31764947  0.40111045
   0.51472000  0.06471000  0.19485000
   0.57952427  0.44458777  0.50227426
   0.37304000  0.44194000  0.09637000
   0.65194666  0.18991852  0.29823627
   0.44920998  0.31852049  0.40135494
   0.84826000  0.06468000  0.19455000
   0.91051704  0.44235114  0.50181801
   0.70637000  0.44194000  0.09637000
   0.98562434  0.18982227  0.29785042
   0.78071638  0.31738286  0.40145678
   0.17955000  0.56532000  0.19533000
   0.28142992  0.93569453  0.50379824
   0.03971000  0.94194000  0.09637000
   0.31587214  0.69085388  0.29824741
   0.12534793  0.81606317  0.39847432
   0.51276000  0.56480000  0.19498000
   0.61286978  0.93237008  0.50289163
   0.37304000  0.94194000  0.09637000
   0.64864231  0.69020998  0.29732976
   0.45880405  0.81642507  0.39887181
   0.84642000  0.56519000  0.19522000
   0.94776550  0.93421088  0.50189663
   0.70637000  0.94194000  0.09637000
   0.98232835  0.69068004  0.29796653
   0.79109638  0.81521115  0.39795808
   0.59764076  0.20037685  0.50030313
   0.03971000  0.19194000  0.09637000
   0.31456647  0.44075781  0.29806190
   0.12729272  0.06220065  0.40024319
   0.18013000  0.31638000  0.19719000
   0.25885202  0.19455840  0.49955694
   0.37304000  0.19194000  0.09637000
   0.64764774  0.44016597  0.29729841
   0.46207757  0.06479984  0.40298502
   0.51314000  0.31594000  0.19696000
   0.70637000  0.19194000  0.09637000
   0.98109029  0.44051212  0.29773004
   0.79453286  0.06192066  0.39867505
   0.84665000  0.31624000  0.19703000
   0.92404596  0.19630699  0.49617732
   0.03971000  0.69194000  0.09637000
   0.32025430  0.94229532  0.29947671
   0.11517273  0.56542712  0.39858124
   0.18025000  0.81742000  0.19778000
   0.25856067  0.69771086  0.49450475
   0.37304000  0.69194000  0.09637000
   0.65244953  0.94001907  0.29685783
   0.44714528  0.56613337  0.39956537
   0.51318000  0.81586000  0.19571000
   0.58966505  0.69684396  0.49570807
   0.70637000  0.69194000  0.09637000
   0.98597304  0.94017082  0.29734165
   0.84718000  0.81593000  0.19584000
   0.91939143  0.69846530  0.49461865
   0.78204480  0.56531188  0.39771611
   0.17417000  0.33753000  0.11288000
   0.24935815  0.21146222  0.41340069
   0.03943001  0.33372568  0.51210368
   0.31386000  0.46170000  0.21427000
   0.11943359  0.08526591  0.31605482
   0.23858000  0.04636000  0.07986000
   0.04735000  0.17100000  0.18013000
   0.31340340  0.42118634  0.38249671
   0.14696254  0.04320700  0.48617798
   0.18433379  0.29387950  0.28043247
   0.50750000  0.33753000  0.11288000
   0.58258077  0.21213696  0.41989291
   0.38134285  0.34191686  0.51049308
   0.64712000  0.46121000  0.21367000
   0.45439418  0.08761133  0.31890649
   0.57191000  0.04636000  0.07986000
   0.38063000  0.17082000  0.17998000
   0.64714747  0.41996163  0.38116154
   0.48494822  0.04512809  0.48987907
   0.51735907  0.29338203  0.28023409
   0.84083000  0.33753000  0.11288000
   0.91363529  0.21017720  0.41578921
   0.71256397  0.33684454  0.51392306
   0.98063000  0.46160000  0.21400000
   0.78667593  0.08572321  0.31547463
   0.90524000  0.04636000  0.07986000
   0.71387000  0.17083000  0.18002000
   0.97974509  0.42078381  0.38204648
   0.81254585  0.04301411  0.48598088
   0.85083648  0.29374824  0.28028557
   0.17417000  0.83753000  0.11288000
   0.25799957  0.70835002  0.41048085
   0.07798955  0.82314468  0.51174967
   0.31682000  0.96236000  0.21534000
   0.11570126  0.58551156  0.31514584
   0.23858000  0.54636000  0.07986000
   0.04601000  0.67209000  0.18056000
   0.32485787  0.92169672  0.38387271
   0.11753139  0.55381183  0.48726273
   0.18285656  0.79655358  0.28147915
   0.50619000  0.83294000  0.10916000
   0.59106112  0.70864817  0.41151049
   0.41110483  0.82452767  0.51216559
   0.64926000  0.96050000  0.21277000
   0.44890101  0.58575139  0.31540125
   0.57191000  0.54636000  0.07986000
   0.37906000  0.67136000  0.18002000
   0.65735536  0.91945038  0.38081294
   0.44625397  0.55505683  0.48655175
   0.51536715  0.79497316  0.27953414
   0.83992000  0.83287000  0.10930000
   0.74723881  0.82506238  0.51109456
   0.98268000  0.96077000  0.21320000
   0.78223564  0.58526120  0.31402417
   0.90524000  0.54636000  0.07986000
   0.71230000  0.67144000  0.18017000
   0.99027021  0.91967025  0.38179506
   0.78245572  0.55589993  0.48406304
   0.84897441  0.79525556  0.27976389
   0.92548968  0.70855499  0.40989161
   0.78477000  0.69231000  0.65805000
   0.33198121  0.26309648  0.61920663
   0.96102633  0.64488551  0.61049289
   0.70409606  0.56108323  0.69418063
   0.78932125  0.52958502  0.74202138
   0.75321921  0.44515888  0.76767370
   0.91264299  0.54807449  0.73640076
   0.76526173  0.59260955  0.77786851
   0.56495783  0.50987652  0.69640262
