   0.17889077  0.06415575  0.19489666
   0.26314905  0.43330452  0.50334508
   0.03971000  0.44194000  0.09637000
   0.31487127  0.18862241  0.29902923
   0.11686979  0.31321898  0.40128072
   0.51246249  0.06425502  0.19507271
   0.59719696  0.43199280  0.50152893
   0.37304000  0.44194000  0.09637000
   0.64794084  0.18899267  0.29911734
   0.45115806  0.31271937  0.40178703
   0.84563164  0.06497117  0.19557262
   0.93179848  0.43283124  0.50257919
   0.70637000  0.44194000  0.09637000
   0.98124362  0.18891122  0.29986159
   0.78152365  0.31309216  0.40370879
   0.17973271  0.56403344  0.19531097
   0.26316354  0.93188313  0.50715283
   0.03971000  0.94194000  0.09637000
   0.31604274  0.68760734  0.29827107
   0.12129207  0.81322874  0.39767093
   0.51297035  0.56367805  0.19467418
   0.59362909  0.93442121  0.50918826
   0.37304000  0.94194000  0.09637000
   0.64937235  0.68809757  0.29820102
   0.45402049  0.81402541  0.39961007
   0.84636683  0.56404230  0.19490106
   0.92554729  0.93450697  0.50534026
   0.70637000  0.94194000  0.09637000
   0.98297619  0.68817874  0.29753064
   0.78713692  0.81338716  0.39996758
   0.93301727  0.68479933  0.49497218
   0.03971000  0.19194000  0.09637000
   0.31594113  0.43782218  0.29819854
   0.12006477  0.06014566  0.40190702
   0.17841343  0.31532968  0.19626300
   0.26244372  0.18954982  0.49702854
   0.37304000  0.19194000  0.09637000
   0.64873532  0.43835217  0.29779855
   0.45273066  0.06071014  0.40123953
   0.51207622  0.31519949  0.19686308
   0.59309448  0.18319635  0.50299728
   0.70637000  0.19194000  0.09637000
   0.98170308  0.43824792  0.29855382
   0.78478707  0.06033078  0.40071890
   0.84532257  0.31569320  0.19734694
   0.91887445  0.19027562  0.49748404
   0.03971000  0.69194000  0.09637000
   0.31673896  0.93982572  0.29829875
   0.12049148  0.55969600  0.40006816
   0.17958986  0.81578274  0.19721048
   0.26767296  0.68854670  0.49520396
   0.37304000  0.69194000  0.09637000
   0.64939127  0.93906596  0.29853119
   0.45519891  0.55973689  0.40024316
   0.51227477  0.81596995  0.19732602
   0.59518879  0.69151245  0.49705346
   0.70637000  0.69194000  0.09637000
   0.98236553  0.93984391  0.29897625
   0.84534305  0.81646729  0.19737365
   0.78804556  0.55964985  0.39907682
   0.17310000  0.33301000  0.10976000
   0.24959857  0.20603327  0.41466860
   0.06243593  0.32470863  0.51329631
   0.31381262  0.45989106  0.21383971
   0.11522114  0.08447960  0.31754490
   0.23858000  0.04636000  0.07986000
   0.04518173  0.17065901  0.17984226
   0.31647104  0.41678871  0.38243462
   0.13134198  0.04056937  0.48885526
   0.18086023  0.29258001  0.27996308
   0.50750000  0.33753000  0.11288000
   0.58118064  0.20569985  0.41785648
   0.39347307  0.32788153  0.51246448
   0.64754612  0.46043487  0.21387103
   0.44903715  0.08515587  0.31727517
   0.57191000  0.04636000  0.07986000
   0.37864945  0.17001250  0.17967513
   0.64851236  0.41711054  0.38142959
   0.45733879  0.03501038  0.48421678
   0.51377664  0.29280625  0.27983933
   0.84083000  0.33753000  0.11288000
   0.91753134  0.20594172  0.41432028
   0.73283407  0.32895897  0.50739736
   0.98096236  0.46060744  0.21438522
   0.78142846  0.08445107  0.31691597
   0.90524000  0.04636000  0.07986000
   0.71157140  0.17084798  0.17999194
   0.98238719  0.41745566  0.38264878
   0.79701731  0.03980215  0.48568994
   0.84768906  0.29296354  0.28052043
   0.17417000  0.83753000  0.11288000
   0.25326803  0.70672547  0.41319316
   0.05367944  0.82415765  0.52488137
   0.31351593  0.96108507  0.21466001
   0.11627486  0.58362074  0.31635316
   0.23858000  0.54636000  0.07986000
   0.04599933  0.67056609  0.18018085
   0.31844444  0.91637999  0.38144537
   0.13256063  0.54474913  0.48761784
   0.18281555  0.79268049  0.28034151
   0.50750000  0.83753000  0.11288000
   0.58782531  0.70726635  0.41429097
   0.39241234  0.82267625  0.51702326
   0.64676419  0.96133010  0.21495020
   0.45000733  0.58329848  0.31640309
   0.57191000  0.54636000  0.07986000
   0.37912331  0.67049537  0.18014041
   0.65305871  0.91568652  0.38191425
   0.46552674  0.54510750  0.48722447
   0.51551552  0.79235811  0.28054695
   0.84083000  0.83753000  0.11288000
   0.72749872  0.82470043  0.52153566
   0.97988657  0.96164621  0.21509017
   0.78363405  0.58411982  0.31581417
   0.90524000  0.54636000  0.07986000
   0.71259161  0.67073826  0.18019810
   0.98587054  0.91679330  0.38329311
   0.79992503  0.54354346  0.48476101
   0.84915267  0.79339783  0.28076023
   0.92205965  0.70744148  0.41381739
   0.78059196  0.61683744  0.64935092
   0.61415700  0.13645616  0.59538606
   0.92709379  0.75318161  0.60069014
   0.72440521  0.55030139  0.68710004
   0.80356408  0.53281839  0.74245246
   0.76484444  0.44670581  0.75708620
   0.93367659  0.55790093  0.73920016
   0.76282655  0.58600061  0.77486834
   0.60288549  0.50027217  0.68070118
