   0.60807514  0.43152753  0.49270577
   0.17907543  0.06411391  0.18493984
   0.27798102  0.43295667  0.49190737
   0.03971000  0.44194000  0.08602000
   0.31510194  0.18809180  0.28873249
   0.12252401  0.31352060  0.38967541
   0.51243445  0.06419664  0.18494928
   0.37304000  0.44194000  0.08602000
   0.64865794  0.18838332  0.28882934
   0.45580417  0.31361395  0.38954716
   0.84572925  0.06403344  0.18494890
   0.94783150  0.43207718  0.49331927
   0.70637000  0.44194000  0.08602000
   0.98188376  0.18806105  0.28870905
   0.78934441  0.31382039  0.39042030
   0.18065969  0.56357754  0.18475193
   0.25890757  0.93747774  0.49414003
   0.03971000  0.94194000  0.08602000
   0.31647673  0.68804545  0.28832932
   0.11442865  0.81432974  0.39063783
   0.51405764  0.56375718  0.18491646
   0.59152387  0.93612176  0.49316364
   0.37304000  0.94194000  0.08602000
   0.64981843  0.68850907  0.28866488
   0.44853470  0.81507937  0.39006257
   0.84734555  0.56359888  0.18474499
   0.92552679  0.93862531  0.49389496
   0.70637000  0.94194000  0.08602000
   0.98334883  0.68821582  0.28833848
   0.78142613  0.81508861  0.39171184
   0.03971000  0.19194000  0.08602000
   0.31754388  0.43851875  0.28829391
   0.11784061  0.06090345  0.38992156
   0.17923189  0.31535496  0.18702290
   0.26057105  0.19304584  0.48465685
   0.37304000  0.19194000  0.08602000
   0.65108248  0.43931921  0.28902556
   0.45042410  0.06091789  0.38957942
   0.51273551  0.31580432  0.18732153
   0.59507906  0.19088213  0.48409380
   0.70637000  0.19194000  0.08602000
   0.98396009  0.43865859  0.28850011
   0.78424632  0.06123533  0.38971069
   0.84593928  0.31547415  0.18709629
   0.92794801  0.19228836  0.48455167
   0.03971000  0.69194000  0.08602000
   0.31329973  0.93879167  0.28795891
   0.12463298  0.56058857  0.39035905
   0.17926071  0.81530181  0.18675490
   0.26237445  0.69300428  0.48561071
   0.37304000  0.69194000  0.08602000
   0.64700573  0.93889071  0.28804250
   0.45768499  0.56046687  0.39038133
   0.51258770  0.81535458  0.18680936
   0.59591689  0.69157759  0.48724624
   0.70637000  0.69194000  0.08602000
   0.98014054  0.93850178  0.28826592
   0.84599899  0.81533523  0.18682353
   0.92847580  0.69645732  0.48915856
   0.79052190  0.56127892  0.39132137
   0.17417000  0.33753000  0.10253000
   0.25625000  0.20544387  0.40116853
   0.07856096  0.32288599  0.49867014
   0.31501194  0.46034521  0.20461794
   0.11517060  0.08282951  0.30594995
   0.23858000  0.04636000  0.06951000
   0.04534240  0.17038265  0.16989277
   0.32137615  0.41766870  0.37237948
   0.12671577  0.04810571  0.47716586
   0.18168596  0.29278550  0.27059846
   0.50750000  0.33753000  0.10253000
   0.58844112  0.20544191  0.40085617
   0.40904378  0.32365902  0.50045518
   0.64850426  0.46077804  0.20522670
   0.44861243  0.08311615  0.30560049
   0.57191000  0.04636000  0.06951000
   0.37889557  0.17080755  0.17007128
   0.65571309  0.41956440  0.37387202
   0.45965483  0.04632326  0.47685234
   0.51527969  0.29364432  0.27119424
   0.84083000  0.33753000  0.10253000
   0.92254406  0.20539319  0.40111334
   0.74367005  0.32327535  0.49708978
   0.98160966  0.46044881  0.20474605
   0.78201475  0.08318635  0.30573122
   0.90524000  0.04636000  0.06951000
   0.71210287  0.17052543  0.16992738
   0.98755085  0.41837984  0.37287520
   0.79224704  0.04777919  0.47704555
   0.84847008  0.29308168  0.27071250
   0.17417000  0.83753000  0.10253000
   0.24878289  0.70849845  0.40359657
   0.05852661  0.83267858  0.50479760
   0.31320012  0.96065401  0.20430358
   0.11716702  0.58402520  0.30660450
   0.23858000  0.54636000  0.06951000
   0.04679953  0.66982222  0.16975236
   0.31277900  0.91809129  0.37216238
   0.14539995  0.54283694  0.47696449
   0.18220614  0.79209034  0.27008372
   0.50750000  0.83753000  0.10253000
   0.58163962  0.70818225  0.40454371
   0.39041308  0.82931852  0.50415199
   0.64654608  0.96062513  0.20435730
   0.45088803  0.58401126  0.30657379
   0.57191000  0.54636000  0.06951000
   0.38016185  0.66988829  0.16976598
   0.64685074  0.91832020  0.37221907
   0.47752722  0.54198749  0.47663282
   0.51553481  0.79227723  0.27018443
   0.84083000  0.83753000  0.10253000
   0.72604081  0.83037468  0.50121893
   0.97992401  0.96059583  0.20455211
   0.78444262  0.58471810  0.30756417
   0.90524000  0.54636000  0.06951000
   0.71357504  0.66985697  0.16977623
   0.98008692  0.91742245  0.37260397
   0.81205405  0.54496717  0.48677914
   0.84893790  0.79199261  0.27016161
   0.91436370  0.70673508  0.40645488
   0.62100044  0.61781352  0.60709986
   0.85100137  0.39630755  0.67071405
   0.81249937  0.49677219  0.58907498
   0.51292834  0.60390926  0.64289008
   0.44774142  0.49873630  0.67430115
   0.31868325  0.47753659  0.66719555
   0.50236033  0.43013030  0.66178477
   0.46258124  0.51425257  0.72090128
   0.45499846  0.67431183  0.65239844
