   0.18177000  0.06503000  0.19527000
   0.26130464  0.43818583  0.50255022
   0.03971000  0.44194000  0.09637000
   0.31634516  0.18979024  0.29916302
   0.11591163  0.31411707  0.40385062
   0.51472000  0.06471000  0.19485000
   0.59057263  0.43481888  0.50350898
   0.37304000  0.44194000  0.09637000
   0.64956381  0.18931186  0.29949416
   0.44855694  0.31480569  0.40275527
   0.84826000  0.06468000  0.19455000
   0.92441568  0.43663075  0.50105253
   0.70637000  0.44194000  0.09637000
   0.98265279  0.18934383  0.29900590
   0.78436953  0.31428427  0.40151448
   0.17955000  0.56532000  0.19533000
   0.27697099  0.93209869  0.50336601
   0.03971000  0.94194000  0.09637000
   0.31759573  0.68872805  0.29824511
   0.12428540  0.81237088  0.39627147
   0.51276000  0.56480000  0.19498000
   0.60788317  0.93332176  0.50551737
   0.37304000  0.94194000  0.09637000
   0.65014216  0.68846561  0.29749206
   0.45868922  0.81370863  0.39918168
   0.84642000  0.56519000  0.19522000
   0.93936936  0.93408149  0.50164818
   0.70637000  0.94194000  0.09637000
   0.98343835  0.68799488  0.29755294
   0.79078556  0.81286090  0.39806926
   0.59451734  0.19320208  0.49629354
   0.03971000  0.19194000  0.09637000
   0.31495175  0.43948301  0.29872689
   0.12571548  0.05913144  0.39799121
   0.18013000  0.31638000  0.19719000
   0.24785401  0.18539854  0.49974208
   0.37304000  0.19194000  0.09637000
   0.64835310  0.43879966  0.29802037
   0.45630057  0.06110081  0.40120041
   0.51314000  0.31594000  0.19696000
   0.70637000  0.19194000  0.09637000
   0.98226639  0.43896738  0.29818923
   0.78976934  0.06147669  0.40198186
   0.84665000  0.31624000  0.19703000
   0.94245517  0.18872497  0.50172085
   0.03971000  0.69194000  0.09637000
   0.31943588  0.93989495  0.29869961
   0.12061366  0.56112325  0.39970141
   0.18025000  0.81742000  0.19778000
   0.27064806  0.69201585  0.49483808
   0.37304000  0.69194000  0.09637000
   0.65215986  0.93979361  0.29780175
   0.45453430  0.56139674  0.40048561
   0.51318000  0.81586000  0.19571000
   0.60014196  0.69270884  0.49649596
   0.70637000  0.69194000  0.09637000
   0.98407971  0.93887242  0.29683273
   0.84718000  0.81593000  0.19584000
   0.93769337  0.68345976  0.49401167
   0.78608753  0.56065468  0.39916361
   0.17417000  0.33753000  0.11288000
   0.25059483  0.20586849  0.41535845
   0.06088694  0.33769693  0.50436700
   0.31386000  0.46170000  0.21427000
   0.11662929  0.08444697  0.31489941
   0.23858000  0.04636000  0.07986000
   0.04735000  0.17100000  0.18013000
   0.31475370  0.41920838  0.38292583
   0.14169607  0.03036717  0.47990649
   0.18210698  0.29374112  0.28041956
   0.50750000  0.33753000  0.11288000
   0.58394309  0.20774778  0.41396918
   0.39075662  0.32861018  0.50956917
   0.64712000  0.46121000  0.21367000
   0.45013411  0.08518127  0.31727802
   0.57191000  0.04636000  0.07986000
   0.38063000  0.17082000  0.17998000
   0.64867165  0.41802009  0.38220375
   0.47595710  0.04235470  0.48783824
   0.51557713  0.29313864  0.28016886
   0.84083000  0.33753000  0.11288000
   0.91445671  0.20712156  0.41754207
   0.72337320  0.32996304  0.51433563
   0.98063000  0.46160000  0.21400000
   0.78353978  0.08498719  0.31723385
   0.90524000  0.04636000  0.07986000
   0.71387000  0.17083000  0.18002000
   0.98196256  0.41860928  0.38205570
   0.80698658  0.04053066  0.48754877
   0.84859329  0.29323455  0.28026684
   0.17417000  0.83753000  0.11288000
   0.25774523  0.70700504  0.41209640
   0.07022180  0.82131380  0.51937566
   0.31682000  0.96236000  0.21534000
   0.11769497  0.58401391  0.31573001
   0.23858000  0.54636000  0.07986000
   0.04601000  0.67209000  0.18056000
   0.32384329  0.91685294  0.38230143
   0.12719400  0.55228525  0.48749423
   0.18381997  0.79368629  0.28097351
   0.50619000  0.83294000  0.10916000
   0.59183440  0.70690945  0.41356712
   0.40687645  0.82471355  0.51537703
   0.64926000  0.96050000  0.21277000
   0.45109484  0.58443798  0.31638413
   0.57191000  0.54636000  0.07986000
   0.37906000  0.67136000  0.18002000
   0.65682964  0.91705160  0.38195576
   0.46322404  0.54876390  0.48835234
   0.51722852  0.79371590  0.27960521
   0.83992000  0.83287000  0.10930000
   0.74024932  0.82483416  0.51832182
   0.98268000  0.96077000  0.21320000
   0.78365144  0.58393223  0.31548564
   0.90524000  0.54636000  0.07986000
   0.71230000  0.67144000  0.18017000
   0.98890783  0.91499836  0.37993600
   0.79291900  0.54580389  0.48624183
   0.85000936  0.79273421  0.27921346
   0.92481876  0.70653742  0.41225167
   0.78477000  0.69231000  0.65805000
   0.09201878  0.15355117  0.58501149
  -0.05389977  0.78355916  0.59769442
   0.72091923  0.63236907  0.69757745
   0.80234800  0.57532794  0.74060644
   0.74616645  0.48571416  0.74055649
   0.92953024  0.58799409  0.73259310
   0.78028929  0.60567352  0.78379881
   0.59006378  0.61930718  0.70173088
