   0.17766799  0.06417569  0.19538598
   0.28975031  0.42785625  0.50118311
   0.03971000  0.44194000  0.09637000
   0.31379968  0.18773796  0.29857218
   0.12948686  0.31060765  0.39868887
   0.51097164  0.06422666  0.19547221
   0.61795020  0.43173992  0.50173211
   0.37304000  0.44194000  0.09637000
   0.64747648  0.18766108  0.29856481
   0.46024904  0.31210720  0.39837525
   0.84419638  0.06414444  0.19541369
   0.95628500  0.43046265  0.50137839
   0.70637000  0.44194000  0.09637000
   0.98084817  0.18771947  0.29849553
   0.79833191  0.31202121  0.39762315
   0.18001127  0.56401488  0.19512610
   0.24579430  0.93929913  0.50321945
   0.03971000  0.94194000  0.09637000
   0.31513208  0.68877603  0.29901452
   0.10792796  0.81517115  0.40050639
   0.51336314  0.56395469  0.19515851
   0.58195413  0.94251462  0.50465028
   0.37304000  0.94194000  0.09637000
   0.64802479  0.68836947  0.29872527
   0.44016589  0.81692061  0.40340233
   0.84662342  0.56403002  0.19530531
   0.91050135  0.93767462  0.50537167
   0.70637000  0.94194000  0.09637000
   0.98140795  0.68853833  0.29883493
   0.77519161  0.81621676  0.39967726
   0.93095408  0.69095164  0.49875158
   0.03971000  0.19194000  0.09637000
   0.31908712  0.43773087  0.29780097
   0.11306469  0.06159683  0.40053228
   0.17910253  0.31495773  0.19621693
   0.26172034  0.19310702  0.49645484
   0.37304000  0.19194000  0.09637000
   0.65285418  0.43844153  0.29850336
   0.44270484  0.05933675  0.39947045
   0.51227350  0.31562580  0.19747650
   0.59093802  0.19186433  0.49485789
   0.70637000  0.19194000  0.09637000
   0.98646125  0.43832063  0.29817303
   0.78015779  0.06084634  0.40052370
   0.84528439  0.31554152  0.19736247
   0.92620331  0.18912040  0.49580193
   0.03971000  0.69194000  0.09637000
   0.30995537  0.93929468  0.29855618
   0.12815379  0.55971921  0.40024330
   0.17800516  0.81560849  0.19733939
   0.25710761  0.68920673  0.49871266
   0.37304000  0.69194000  0.09637000
   0.64254052  0.93916366  0.29873020
   0.46070294  0.55952267  0.40003989
   0.51130792  0.81554131  0.19731580
   0.59492718  0.69351086  0.49559733
   0.70637000  0.69194000  0.09637000
   0.97689526  0.93936342  0.29852589
   0.84453885  0.81560450  0.19735705
   0.79536614  0.56068260  0.40052060
   0.17310000  0.33301000  0.10976000
   0.26188592  0.20300863  0.41093659
   0.08523121  0.31768791  0.51116604
   0.31415112  0.45983600  0.21362416
   0.11380184  0.08318347  0.31570324
   0.23858000  0.04636000  0.07986000
   0.04402249  0.17067486  0.18009694
   0.32843526  0.41486302  0.38148714
   0.11444304  0.04934067  0.48813318
   0.18115846  0.29276949  0.27986154
   0.50750000  0.33753000  0.11288000
   0.59664098  0.20505269  0.39732598
   0.41405793  0.32680525  0.50904609
   0.64773070  0.46067448  0.21481351
   0.44745085  0.08323812  0.31564086
   0.57191000  0.04636000  0.07986000
   0.37751656  0.17089189  0.18027824
   0.66217137  0.41526719  0.38268733
   0.44034050  0.04400972  0.48369173
   0.51472266  0.29312724  0.28093174
   0.84083000  0.33753000  0.11288000
   0.92754756  0.20346026  0.41115925
   0.76510627  0.33121348  0.50766320
   0.98124498  0.46058719  0.21449862
   0.78036836  0.08304514  0.31575296
   0.90524000  0.04636000  0.07986000
   0.71073443  0.17076175  0.18016245
   0.99483113  0.41487328  0.38174938
   0.78521971  0.04741052  0.48671343
   0.84779056  0.29297977  0.28067357
   0.17417000  0.83753000  0.11288000
   0.24010397  0.70888330  0.41641029
   0.04459885  0.83357728  0.51796512
   0.31184439  0.96075678  0.21440515
   0.11633047  0.58448391  0.31688180
   0.23858000  0.54636000  0.07986000
   0.04585574  0.67016785  0.18001386
   0.30582184  0.91982313  0.38238882
   0.15519135  0.53649607  0.48605221
   0.18027511  0.79249455  0.28039147
   0.50750000  0.83753000  0.11288000
   0.57532333  0.70969185  0.41354880
   0.37770631  0.83100987  0.50898864
   0.64508742  0.96073641  0.21451294
   0.44895299  0.58373181  0.31628841
   0.57191000  0.54636000  0.07986000
   0.37919392  0.67001758  0.17995419
   0.63899742  0.91999798  0.38277512
   0.48821374  0.54072601  0.48600490
   0.51347767  0.79223194  0.28022364
   0.84083000  0.83753000  0.11288000
   0.70898161  0.83256910  0.51678093
   0.97848517  0.96077954  0.21438823
   0.78250602  0.58408660  0.31673481
   0.90524000  0.54636000  0.07986000
   0.71254363  0.67008835  0.18001387
   0.97433700  0.91975250  0.38245704
   0.82222121  0.53787090  0.48624506
   0.84682277  0.79240931  0.28032962
   0.90768292  0.71093289  0.41324695
   0.73396250  0.56630649  0.64760581
   0.60200973  0.19413963  0.58653187
   0.97663327  0.64340722  0.60626144
   0.68612315  0.53214978  0.69527879
   0.78971505  0.52945951  0.74621754
   0.75428915  0.44684540  0.76824959
   0.91219908  0.54780462  0.73507493
   0.76423285  0.59125088  0.77796715
   0.55665961  0.50335538  0.70051955
