   0.18177000  0.06503000  0.19527000
   0.24740679  0.43981309  0.50306708
   0.03971000  0.44194000  0.09637000
   0.31721722  0.18981830  0.29889499
   0.11020977  0.31731642  0.40102293
   0.51472000  0.06471000  0.19485000
   0.58235982  0.44004899  0.50149585
   0.37304000  0.44194000  0.09637000
   0.65057594  0.19000994  0.29887825
   0.44421451  0.31652285  0.40218473
   0.84826000  0.06468000  0.19455000
   0.91626901  0.44116520  0.50320203
   0.70637000  0.44194000  0.09637000
   0.98363175  0.18959349  0.29887652
   0.77466697  0.31781839  0.40396063
   0.17955000  0.56532000  0.19533000
   0.28130257  0.93281215  0.50536565
   0.03971000  0.94194000  0.09637000
   0.31511296  0.68931292  0.29796239
   0.12488380  0.81372280  0.39581007
   0.51276000  0.56480000  0.19498000
   0.61027424  0.93344132  0.50392263
   0.37304000  0.94194000  0.09637000
   0.64823848  0.68979366  0.29781362
   0.45773134  0.81449432  0.39826311
   0.84642000  0.56519000  0.19522000
   0.94282111  0.93728063  0.50349178
   0.70637000  0.94194000  0.09637000
   0.98117633  0.68919700  0.29753195
   0.79078053  0.81462734  0.39838363
   0.58476823  0.18871965  0.50230112
   0.03971000  0.19194000  0.09637000
   0.31320466  0.44018780  0.29832051
   0.12484674  0.06151207  0.40100460
   0.18013000  0.31638000  0.19719000
   0.26363591  0.19313601  0.49725605
   0.37304000  0.19194000  0.09637000
   0.64599064  0.44030539  0.29799784
   0.45847056  0.06158368  0.39979814
   0.51314000  0.31594000  0.19696000
   0.70637000  0.19194000  0.09637000
   0.97900299  0.44003618  0.29828554
   0.78929470  0.06183655  0.40002112
   0.84665000  0.31624000  0.19703000
   0.91905087  0.19629559  0.49636680
   0.03971000  0.69194000  0.09637000
   0.31932745  0.94074640  0.29823926
   0.11425077  0.56330512  0.39969496
   0.18025000  0.81742000  0.19778000
   0.26564629  0.69032924  0.49472022
   0.37304000  0.69194000  0.09637000
   0.65204602  0.93953786  0.29713609
   0.44910506  0.56367823  0.39980450
   0.51318000  0.81586000  0.19571000
   0.59114500  0.69713114  0.49569406
   0.70637000  0.69194000  0.09637000
   0.98474343  0.94037669  0.29786889
   0.84718000  0.81593000  0.19584000
   0.92419624  0.69327368  0.49430573
   0.78104417  0.56397760  0.39914418
   0.17417000  0.33753000  0.11288000
   0.24216057  0.21017031  0.41515138
   0.04643075  0.33346814  0.51429395
   0.31386000  0.46170000  0.21427000
   0.11767359  0.08514382  0.31692818
   0.23858000  0.04636000  0.07986000
   0.04735000  0.17100000  0.18013000
   0.30957848  0.42088200  0.38242078
   0.14659942  0.04015728  0.48779368
   0.18267941  0.29344512  0.28038581
   0.50750000  0.33753000  0.11288000
   0.57564353  0.20946652  0.41729530
   0.38028999  0.33650975  0.51079594
   0.64712000  0.46121000  0.21367000
   0.45174982  0.08607353  0.31632344
   0.57191000  0.04636000  0.07986000
   0.38063000  0.17082000  0.17998000
   0.64142584  0.42155000  0.38191685
   0.47447276  0.03411219  0.48186167
   0.51602034  0.29364849  0.28008245
   0.84083000  0.33753000  0.11288000
   0.91081384  0.21026216  0.41398552
   0.71870285  0.33741006  0.50563833
   0.98063000  0.46160000  0.21400000
   0.78443560  0.08468506  0.31601827
   0.90524000  0.04636000  0.07986000
   0.71387000  0.17083000  0.18002000
   0.97542901  0.42095676  0.38250785
   0.81074873  0.04276314  0.48602281
   0.84952915  0.29339166  0.28007685
   0.17417000  0.83753000  0.11288000
   0.25604016  0.70745788  0.41187987
   0.07197383  0.82445180  0.52281455
   0.31682000  0.96236000  0.21534000
   0.11473933  0.58478376  0.31554899
   0.23858000  0.54636000  0.07986000
   0.04601000  0.67209000  0.18056000
   0.32272055  0.91736915  0.38102870
   0.11821187  0.55158283  0.48764582
   0.18165837  0.79461173  0.28095538
   0.50619000  0.83294000  0.10916000
   0.59121728  0.70765945  0.41166022
   0.40932041  0.82043053  0.51481377
   0.64926000  0.96050000  0.21277000
   0.44845680  0.58512917  0.31564345
   0.57191000  0.54636000  0.07986000
   0.37906000  0.67136000  0.18002000
   0.65682114  0.91782060  0.38108759
   0.45057935  0.55383538  0.48763275
   0.51495077  0.79440035  0.27941944
   0.83992000  0.83287000  0.10930000
   0.74535111  0.82547636  0.51483932
   0.98268000  0.96077000  0.21320000
   0.78149275  0.58533670  0.31535656
   0.90524000  0.54636000  0.07986000
   0.71230000  0.67144000  0.18017000
   0.99038706  0.91835012  0.38236610
   0.78485654  0.55318683  0.48614515
   0.84891903  0.79502097  0.27983365
   0.92578498  0.70843363  0.41161396
   0.78477000  0.69231000  0.65805000
   0.54765422  0.15298894  0.59574320
  -0.03320765  0.76975168  0.60191026
   0.72009728  0.61657614  0.69052537
   0.79992845  0.56278409  0.73512276
   0.74743815  0.47267894  0.73624277
   0.92849784  0.58001991  0.72899143
   0.77307589  0.59687487  0.77710986
   0.59024293  0.58610218  0.68622652
