   0.17769782  0.06422279  0.19532837
   0.28792025  0.42908301  0.50132326
   0.03971000  0.44194000  0.09637000
   0.31397694  0.18784302  0.29853469
   0.12913259  0.31064206  0.39858508
   0.51098710  0.06426431  0.19541829
   0.62158866  0.43089881  0.50147955
   0.37304000  0.44194000  0.09637000
   0.64749901  0.18788354  0.29877592
   0.46239122  0.31073357  0.39853924
   0.84417068  0.06419433  0.19536781
   0.95511118  0.42807210  0.50138369
   0.70637000  0.44194000  0.09637000
   0.98075711  0.18786290  0.29848547
   0.79605922  0.31094951  0.39860688
   0.17996879  0.56401651  0.19509014
   0.24581814  0.93884503  0.50335687
   0.03971000  0.94194000  0.09637000
   0.31492768  0.68870868  0.29897584
   0.10901968  0.81540544  0.40042490
   0.51334964  0.56394609  0.19511796
   0.57984432  0.94087868  0.50422236
   0.37304000  0.94194000  0.09637000
   0.64787189  0.68833569  0.29862906
   0.43949955  0.81692298  0.40359758
   0.84663912  0.56398746  0.19523962
   0.91123056  0.93778990  0.50541766
   0.70637000  0.94194000  0.09637000
   0.98163962  0.68842379  0.29864424
   0.77464958  0.81658496  0.39953519
   0.92854248  0.69286815  0.49569800
   0.03971000  0.19194000  0.09637000
   0.31903525  0.43762447  0.29774215
   0.11304596  0.06192011  0.40032563
   0.17905601  0.31495329  0.19614369
   0.25919521  0.19272790  0.49587696
   0.37304000  0.19194000  0.09637000
   0.65275560  0.43824246  0.29858184
   0.44581774  0.06264856  0.40011525
   0.51226447  0.31562305  0.19743361
   0.59233576  0.19509138  0.49519365
   0.70637000  0.19194000  0.09637000
   0.98647113  0.43823036  0.29822069
   0.77934582  0.06198110  0.40023545
   0.84529365  0.31554344  0.19732357
   0.92751797  0.19094578  0.49525858
   0.03971000  0.69194000  0.09637000
   0.30993231  0.93941878  0.29843734
   0.12834517  0.55916331  0.40038232
   0.17795616  0.81559186  0.19724845
   0.27027445  0.69209089  0.48906127
   0.37304000  0.69194000  0.09637000
   0.64246616  0.93924407  0.29859490
   0.46057437  0.55920517  0.39988737
   0.51125558  0.81550374  0.19722579
   0.59375255  0.69363042  0.49510936
   0.70637000  0.69194000  0.09637000
   0.97682727  0.93945312  0.29835112
   0.84446831  0.81557292  0.19723656
   0.79480861  0.55973244  0.40031413
   0.17310000  0.33301000  0.10976000
   0.26184460  0.20282707  0.41114893
   0.08744045  0.31699793  0.51132372
   0.31412326  0.45983042  0.21367989
   0.11378677  0.08309831  0.31578362
   0.23858000  0.04636000  0.07986000
   0.04402042  0.17065999  0.18014206
   0.32856092  0.41488400  0.38164651
   0.11428021  0.04944707  0.48830034
   0.18116404  0.29274070  0.27989243
   0.50750000  0.33753000  0.11288000
   0.59568775  0.20327449  0.41069209
   0.42067472  0.31985229  0.51139038
   0.64774919  0.46071999  0.21486847
   0.44721063  0.08298542  0.31566511
   0.57191000  0.04636000  0.07986000
   0.37751830  0.17087032  0.18032153
   0.66202696  0.41589285  0.38252467
   0.44846061  0.05290891  0.48775084
   0.51463797  0.29313931  0.28088172
   0.84083000  0.33753000  0.11288000
   0.92829892  0.20282878  0.41112928
   0.75316692  0.32110883  0.51100222
   0.98121002  0.46059922  0.21452804
   0.78049224  0.08281489  0.31575356
   0.90524000  0.04636000  0.07986000
   0.71072871  0.17073985  0.18020125
   0.99496661  0.41478186  0.38161106
   0.78276561  0.04931208  0.48813306
   0.84787645  0.29293760  0.28061142
   0.17417000  0.83753000  0.11288000
   0.23996036  0.70895728  0.41727524
   0.04234586  0.83219454  0.51794474
   0.31179638  0.96071686  0.21446820
   0.11625528  0.58468082  0.31684679
   0.23858000  0.54636000  0.07986000
   0.04584847  0.67021741  0.18006943
   0.30566666  0.92005158  0.38252910
   0.15241923  0.53288812  0.48357881
   0.18015346  0.79250925  0.28048119
   0.50750000  0.83753000  0.11288000
   0.57576157  0.70973793  0.41370606
   0.38227237  0.83650508  0.50742577
   0.64507233  0.96068574  0.21457946
   0.44900952  0.58381927  0.31636958
   0.57191000  0.54636000  0.07986000
   0.37923948  0.67007591  0.18001860
   0.63920320  0.91986767  0.38290547
   0.48854660  0.53984988  0.48610076
   0.51350033  0.79221755  0.28031604
   0.84083000  0.83753000  0.11288000
   0.70945000  0.83186297  0.51712631
   0.97843337  0.96070692  0.21446793
   0.78274269  0.58442347  0.31693633
   0.90524000  0.54636000  0.07986000
   0.71254033  0.67014691  0.18007971
   0.97391261  0.91943562  0.38261081
   0.82270393  0.53998611  0.48686191
   0.84680068  0.79236515  0.28049686
   0.90784648  0.71052586  0.41436635
   0.73673142  0.56694739  0.64741717
   0.18981645  0.66293876  0.57234155
   0.97196637  0.64057988  0.60988026
   0.68673204  0.53230409  0.69530526
   0.78724408  0.52869080  0.74656663
   0.75467853  0.44760032  0.76819024
   0.91362230  0.54812888  0.73473178
   0.76436402  0.59094785  0.77765381
   0.55653278  0.50366569  0.70035584
