   0.18177000  0.06503000  0.19527000
   0.26774173  0.43083205  0.50181565
   0.03971000  0.44194000  0.09637000
   0.31600118  0.18956784  0.29782304
   0.11439954  0.31595210  0.39919300
   0.51472000  0.06471000  0.19485000
   0.59863421  0.43084900  0.50126640
   0.37304000  0.44194000  0.09637000
   0.64974105  0.18755943  0.29856384
   0.44998543  0.31504926  0.39899731
   0.84826000  0.06468000  0.19455000
   0.93295688  0.43515802  0.50063886
   0.70637000  0.44194000  0.09637000
   0.97951917  0.19045225  0.29700201
   0.78379104  0.31485746  0.39911079
   0.17955000  0.56532000  0.19533000
   0.27148207  0.92936389  0.50301741
   0.03971000  0.94194000  0.09637000
   0.31574909  0.68864070  0.29766513
   0.12154189  0.81473779  0.39673592
   0.51276000  0.56480000  0.19498000
   0.59544772  0.92904834  0.50216966
   0.37304000  0.94194000  0.09637000
   0.64872418  0.68837978  0.29741095
   0.45341613  0.81153073  0.39811199
   0.84642000  0.56519000  0.19522000
   0.92687644  0.93787293  0.50424251
   0.70637000  0.94194000  0.09637000
   0.98212256  0.68837243  0.29753698
   0.78476573  0.81347208  0.39711768
   0.59268413  0.19280103  0.49566758
   0.03971000  0.19194000  0.09637000
   0.31501435  0.43967483  0.29801138
   0.12203088  0.06230146  0.39088937
   0.18013000  0.31638000  0.19719000
   0.25735188  0.17833657  0.49315289
   0.37304000  0.19194000  0.09637000
   0.64687110  0.43860953  0.29732178
   0.44670960  0.06001348  0.40125091
   0.51314000  0.31594000  0.19696000
   0.70637000  0.19194000  0.09637000
   0.98198639  0.43929900  0.29706029
   0.78080924  0.06113140  0.39669561
   0.84665000  0.31624000  0.19703000
   0.92597716  0.18878292  0.49670323
   0.03971000  0.69194000  0.09637000
   0.31917840  0.93953765  0.29720660
   0.12090536  0.56067799  0.39920890
   0.18025000  0.81742000  0.19778000
   0.26503612  0.68722921  0.49450927
   0.37304000  0.69194000  0.09637000
   0.64871367  0.93785579  0.29619668
   0.45556263  0.55953606  0.39922468
   0.51318000  0.81586000  0.19571000
   0.59103899  0.68832497  0.49453811
   0.70637000  0.69194000  0.09637000
   0.98134439  0.93780500  0.29526875
   0.84718000  0.81593000  0.19584000
   0.92347981  0.68878545  0.49248009
   0.78922784  0.56043438  0.39832093
   0.17417000  0.33753000  0.11288000
   0.24933016  0.21100035  0.40909330
   0.06143269  0.33213722  0.51008515
   0.31386000  0.46170000  0.21427000
   0.11167427  0.08522622  0.30968616
   0.23858000  0.04636000  0.07986000
   0.04735000  0.17100000  0.18013000
   0.31601967  0.42024798  0.38199026
   0.15630271  0.02883447  0.47139543
   0.18215371  0.29506460  0.28042471
   0.50750000  0.33753000  0.11288000
   0.58112258  0.20619968  0.41236002
   0.39695987  0.32148750  0.51298038
   0.64712000  0.46121000  0.21367000
   0.44930573  0.08446759  0.31691540
   0.57191000  0.04636000  0.07986000
   0.38063000  0.17082000  0.17998000
   0.64924021  0.41891581  0.38163861
   0.46907120  0.04078226  0.48964524
   0.51759062  0.29167694  0.27989523
   0.84083000  0.33753000  0.11288000
   0.91401601  0.20794735  0.41142719
   0.73288639  0.32554925  0.51147864
   0.98063000  0.46160000  0.21400000
   0.78175579  0.08251964  0.31373305
   0.90524000  0.04636000  0.07986000
   0.71387000  0.17083000  0.18002000
   0.98283057  0.41987999  0.38044297
   0.79355541  0.04080470  0.48064058
   0.84691440  0.29392484  0.27986815
   0.17417000  0.83753000  0.11288000
   0.25175917  0.70695267  0.41233345
   0.05655473  0.82313295  0.52131393
   0.31682000  0.96236000  0.21534000
   0.11627987  0.58416541  0.31491864
   0.23858000  0.54636000  0.07986000
   0.04601000  0.67209000  0.18056000
   0.32211530  0.91443675  0.37993794
   0.13428026  0.54508111  0.48686180
   0.18184429  0.79350637  0.28045762
   0.50619000  0.83294000  0.10916000
   0.58485661  0.70578749  0.41205069
   0.39647967  0.81707046  0.51914930
   0.64926000  0.96050000  0.21277000
   0.44983639  0.58436159  0.31568211
   0.57191000  0.54636000  0.07986000
   0.37906000  0.67136000  0.18002000
   0.64960844  0.91453725  0.37907056
   0.46743478  0.54137687  0.48680130
   0.51509995  0.79248076  0.27876451
   0.83992000  0.83287000  0.10930000
   0.72489752  0.82490176  0.51183934
   0.98268000  0.96077000  0.21320000
   0.78229490  0.58319027  0.31476758
   0.90524000  0.54636000  0.07986000
   0.71230000  0.67144000  0.18017000
   0.98421133  0.91634938  0.37841910
   0.80042710  0.54261134  0.48528397
   0.84762734  0.79194438  0.27887145
   0.91985378  0.70887268  0.41104385
   0.78477000  0.69231000  0.65805000
   0.05728988  0.10769642  0.57530211
   0.03403656  0.71194261  0.59653119
   0.71729111  0.62984676  0.69595603
   0.79760348  0.57483987  0.74099606
   0.74013757  0.48518272  0.74377762
   0.92412227  0.58678818  0.73314898
   0.77718400  0.61108376  0.78301538
   0.58565430  0.61333940  0.69800868
