   0.18177000  0.06503000  0.19527000
   0.26602427  0.43261311  0.50237946
   0.03971000  0.44194000  0.09637000
   0.31534141  0.18824192  0.29820210
   0.11546442  0.31443101  0.40014250
   0.51472000  0.06471000  0.19485000
   0.59963821  0.43262193  0.50121912
   0.37304000  0.44194000  0.09637000
   0.64899590  0.18824687  0.29812179
   0.44853790  0.31342389  0.39884649
   0.84826000  0.06468000  0.19455000
   0.93449899  0.43522995  0.50710514
   0.70637000  0.44194000  0.09637000
   0.98225535  0.18857615  0.29839437
   0.78263232  0.31489016  0.39987953
   0.17955000  0.56532000  0.19533000
   0.26241225  0.93285495  0.50432937
   0.03971000  0.94194000  0.09637000
   0.31518829  0.68845956  0.29782059
   0.11979359  0.81302215  0.39635111
   0.51276000  0.56480000  0.19498000
   0.59425052  0.93290118  0.50237435
   0.37304000  0.94194000  0.09637000
   0.64814434  0.68849529  0.29721670
   0.45249165  0.81348070  0.39900338
   0.84642000  0.56519000  0.19522000
   0.92640391  0.93460834  0.50493663
   0.70637000  0.94194000  0.09637000
   0.98136693  0.68830224  0.29725736
   0.78548651  0.81416923  0.39852417
   0.58919019  0.19118806  0.49416787
   0.03971000  0.19194000  0.09637000
   0.31445543  0.43932748  0.29793664
   0.11895066  0.06026792  0.40017828
   0.18013000  0.31638000  0.19719000
   0.25524600  0.19190563  0.49572683
   0.37304000  0.19194000  0.09637000
   0.64727088  0.43867607  0.29713722
   0.45215743  0.06025564  0.39971497
   0.51314000  0.31594000  0.19696000
   0.70637000  0.19194000  0.09637000
   0.98112922  0.43881791  0.29753791
   0.78527813  0.06000390  0.39910157
   0.84665000  0.31624000  0.19703000
   0.92235101  0.19181027  0.49395939
   0.03971000  0.69194000  0.09637000
   0.31700849  0.93939788  0.29827631
   0.12095946  0.55942545  0.39879836
   0.18025000  0.81742000  0.19778000
   0.26126021  0.68785686  0.49458396
   0.37304000  0.69194000  0.09637000
   0.64939850  0.93849563  0.29688210
   0.45387560  0.56004574  0.39965491
   0.51318000  0.81586000  0.19571000
   0.59537280  0.69051112  0.49473957
   0.70637000  0.69194000  0.09637000
   0.98263945  0.93937609  0.29738179
   0.84718000  0.81593000  0.19584000
   0.92342193  0.68895736  0.49194112
   0.78732505  0.55982115  0.39754960
   0.17417000  0.33753000  0.11288000
   0.24866206  0.20629929  0.41290316
   0.06657907  0.32292958  0.50943225
   0.31386000  0.46170000  0.21427000
   0.11591294  0.08388920  0.31603337
   0.23858000  0.04636000  0.07986000
   0.04735000  0.17100000  0.18013000
   0.31485971  0.41787769  0.38184027
   0.12972356  0.04126931  0.48776138
   0.18187525  0.29292442  0.28024876
   0.50750000  0.33753000  0.11288000
   0.58189028  0.20644052  0.41152323
   0.39806685  0.32468186  0.51233260
   0.64712000  0.46121000  0.21367000
   0.44961973  0.08410935  0.31600400
   0.57191000  0.04636000  0.07986000
   0.38063000  0.17082000  0.17998000
   0.64701654  0.41767042  0.38073200
   0.46267504  0.04263437  0.48652305
   0.51467139  0.29247486  0.27996327
   0.84083000  0.33753000  0.11288000
   0.91503642  0.20621589  0.41118739
   0.73118994  0.32446053  0.50892751
   0.98063000  0.46160000  0.21400000
   0.78266135  0.08305799  0.31505802
   0.90524000  0.04636000  0.07986000
   0.71387000  0.17083000  0.18002000
   0.98126701  0.41772840  0.38102476
   0.79599563  0.04361006  0.48629191
   0.84818612  0.29262963  0.27999816
   0.17417000  0.83753000  0.11288000
   0.25220419  0.70695766  0.41193408
   0.05648297  0.82426994  0.52142489
   0.31682000  0.96236000  0.21534000
   0.11529453  0.58394181  0.31500082
   0.23858000  0.54636000  0.07986000
   0.04601000  0.67209000  0.18056000
   0.31792808  0.91735397  0.38192571
   0.13648820  0.54161004  0.48359141
   0.18143574  0.79368568  0.28087597
   0.50619000  0.83294000  0.10916000
   0.58578698  0.70645904  0.41216307
   0.39215495  0.82481141  0.51314934
   0.64926000  0.96050000  0.21277000
   0.44881860  0.58424257  0.31572010
   0.57191000  0.54636000  0.07986000
   0.37906000  0.67136000  0.18002000
   0.65057132  0.91708300  0.38094285
   0.46737242  0.54369232  0.48679987
   0.51450990  0.79315459  0.27927543
   0.83992000  0.83287000  0.10930000
   0.72773053  0.82693744  0.51135635
   0.98268000  0.96077000  0.21320000
   0.78174022  0.58372424  0.31419091
   0.90524000  0.54636000  0.07986000
   0.71230000  0.67144000  0.18017000
   0.98504882  0.91766619  0.38168310
   0.79817914  0.54267835  0.48237480
   0.84812767  0.79370562  0.27954808
   0.92038003  0.70806656  0.41028556
   0.78477000  0.69231000  0.65805000
   0.98468606  0.50760097  0.61620150
   0.03026009  0.69941369  0.59225941
   0.71753077  0.62934093  0.69551574
   0.79689285  0.57480253  0.74076915
   0.73880403  0.48597602  0.74379650
   0.92324131  0.58456543  0.73251650
   0.77867692  0.61172409  0.78278675
   0.58553908  0.61023418  0.69745263
