   0.17897516  0.06465840  0.19521573
   0.26747412  0.43281700  0.50247898
   0.03971000  0.44194000  0.09637000
   0.31471169  0.18919635  0.29912879
   0.11965108  0.31263054  0.40255662
   0.51245457  0.06453180  0.19549096
   0.60034350  0.43359921  0.50290231
   0.37304000  0.44194000  0.09637000
   0.64812814  0.18876974  0.29939769
   0.44956009  0.31275410  0.40377205
   0.84564776  0.06473187  0.19538523
   0.93242687  0.43189885  0.50219454
   0.70637000  0.44194000  0.09637000
   0.98169721  0.18902611  0.29952377
   0.78498977  0.31328990  0.40048484
   0.18000160  0.56413369  0.19522476
   0.26295682  0.93697769  0.51032191
   0.03971000  0.94194000  0.09637000
   0.31625467  0.68793789  0.29862153
   0.12025212  0.81383413  0.39709941
   0.51332181  0.56396293  0.19498459
   0.59288073  0.93365462  0.50574432
   0.37304000  0.94194000  0.09637000
   0.64941533  0.68796390  0.29807814
   0.45308619  0.81428436  0.39967221
   0.84668566  0.56392121  0.19520600
   0.92420699  0.93310968  0.50536374
   0.70637000  0.94194000  0.09637000
   0.98272368  0.68788893  0.29798224
   0.78639794  0.81359497  0.39843173
   0.93276276  0.68421524  0.49349275
   0.03971000  0.19194000  0.09637000
   0.31607923  0.43830246  0.29840483
   0.11901910  0.05989230  0.40105000
   0.17911048  0.31535695  0.19632187
   0.25869854  0.18204327  0.50394240
   0.37304000  0.19194000  0.09637000
   0.64855152  0.43810542  0.29817713
   0.45130078  0.06057077  0.40031819
   0.51233373  0.31541004  0.19713535
   0.58596004  0.19110936  0.49687328
   0.70637000  0.19194000  0.09637000
   0.98357155  0.43824713  0.29866747
   0.78473186  0.06086354  0.40130438
   0.84546568  0.31556441  0.19751429
   0.92671993  0.19135531  0.49645184
   0.03971000  0.69194000  0.09637000
   0.31561657  0.93929344  0.29785973
   0.12290795  0.55976107  0.40041383
   0.17906067  0.81565787  0.19722015
   0.26547799  0.69129511  0.49593067
   0.37304000  0.69194000  0.09637000
   0.64888582  0.93931352  0.29860780
   0.45630882  0.56008118  0.40063329
   0.51252900  0.81578899  0.19737938
   0.59587491  0.69290474  0.49673979
   0.70637000  0.69194000  0.09637000
   0.98234805  0.94003075  0.29798268
   0.84565729  0.81584526  0.19715070
   0.78834597  0.55921825  0.39890009
   0.17310000  0.33301000  0.10976000
   0.24952174  0.20493424  0.41868609
   0.06414216  0.32704284  0.51139989
   0.31412725  0.46020946  0.21398439
   0.11590589  0.08493331  0.31678694
   0.23858000  0.04636000  0.07986000
   0.04514288  0.17093677  0.18006161
   0.31744134  0.41718665  0.38267340
   0.12291715  0.03230924  0.48403336
   0.18106424  0.29328949  0.28003573
   0.50750000  0.33753000  0.11288000
   0.58560510  0.20549776  0.41344849
   0.40226713  0.32859567  0.50774681
   0.64745413  0.46054611  0.21431149
   0.44817735  0.08422899  0.31635971
   0.57191000  0.04636000  0.07986000
   0.37859211  0.17055138  0.18007321
   0.64964189  0.41677691  0.38216465
   0.46393567  0.04088666  0.48526695
   0.51420763  0.29264481  0.28020098
   0.84083000  0.33753000  0.11288000
   0.91738006  0.20611613  0.41371689
   0.73049560  0.32457901  0.51286808
   0.98125479  0.46059968  0.21459775
   0.78189645  0.08400749  0.31707713
   0.90524000  0.04636000  0.07986000
   0.71175580  0.17072526  0.18019460
   0.98526475  0.41721038  0.38271903
   0.79551109  0.04325102  0.48814741
   0.84767381  0.29296790  0.28082462
   0.17417000  0.83753000  0.11288000
   0.25271583  0.70777484  0.41380057
   0.05168064  0.82074246  0.52601091
   0.31304710  0.96083478  0.21441571
   0.11701676  0.58371760  0.31664512
   0.23858000  0.54636000  0.07986000
   0.04608362  0.67033780  0.18016955
   0.31840843  0.91662719  0.38121267
   0.13524968  0.54542711  0.48773021
   0.18247171  0.79241342  0.28039635
   0.50750000  0.83753000  0.11288000
   0.58718428  0.70806583  0.41429256
   0.39153628  0.82663380  0.51772453
   0.64665660  0.96102392  0.21484910
   0.45035259  0.58366437  0.31673551
   0.57191000  0.54636000  0.07986000
   0.37947153  0.67057320  0.18018710
   0.65169982  0.91712080  0.38257639
   0.46950521  0.54604253  0.48763150
   0.51575933  0.79273865  0.28059506
   0.84083000  0.83753000  0.11288000
   0.72516114  0.82653517  0.52052906
   0.97995190  0.96124063  0.21443596
   0.78306748  0.58347320  0.31576083
   0.90524000  0.54636000  0.07986000
   0.71277564  0.67042963  0.18006508
   0.98470755  0.91630807  0.38103755
   0.80244759  0.54144067  0.48493331
   0.84881216  0.79260382  0.28024926
   0.92101935  0.70741540  0.41267167
   0.77350268  0.61509920  0.64993021
   0.27411149  0.12583944  0.59592485
   0.93004931  0.74493670  0.60039193
   0.71941886  0.54987231  0.68886409
   0.80162538  0.53380787  0.74346271
   0.76328406  0.44816601  0.75890415
   0.93034131  0.55795249  0.73930468
   0.76350942  0.58785246  0.77606213
   0.59650072  0.49984973  0.68343588
