   0.18177000  0.06503000  0.19527000
   0.25245512  0.44041484  0.50201975
   0.03971000  0.44194000  0.09637000
   0.31699151  0.19183415  0.29896241
   0.11104931  0.31860050  0.40144934
   0.51472000  0.06471000  0.19485000
   0.58572066  0.44145447  0.50361094
   0.37304000  0.44194000  0.09637000
   0.64981814  0.19119125  0.29843514
   0.44139431  0.31949434  0.40409710
   0.84826000  0.06468000  0.19455000
   0.91762326  0.43912849  0.50323047
   0.70637000  0.44194000  0.09637000
   0.98330183  0.19085090  0.29832538
   0.77600714  0.31970866  0.40043765
   0.17955000  0.56532000  0.19533000
   0.27859626  0.93962450  0.50733139
   0.03971000  0.94194000  0.09637000
   0.31591660  0.69048399  0.29803509
   0.12515748  0.81616348  0.39642015
   0.51276000  0.56480000  0.19498000
   0.60792175  0.93643515  0.50316352
   0.37304000  0.94194000  0.09637000
   0.64888701  0.69043230  0.29765684
   0.45840495  0.81665859  0.39867406
   0.84642000  0.56519000  0.19522000
   0.93900815  0.93750583  0.50114693
   0.70637000  0.94194000  0.09637000
   0.98206962  0.69013593  0.29765551
   0.79164775  0.81588521  0.39788322
   0.58330492  0.19552708  0.49746664
   0.03971000  0.19194000  0.09637000
   0.31298567  0.44178188  0.29855094
   0.12442448  0.06350695  0.39898050
   0.18013000  0.31638000  0.19719000
   0.25953046  0.18716674  0.50157609
   0.37304000  0.19194000  0.09637000
   0.64543206  0.44182104  0.29834145
   0.45721662  0.06407702  0.39984802
   0.51314000  0.31594000  0.19696000
   0.70637000  0.19194000  0.09637000
   0.98009052  0.44134251  0.29816282
   0.78883944  0.06379563  0.39921996
   0.84665000  0.31624000  0.19703000
   0.92506537  0.19677897  0.49452883
   0.03971000  0.69194000  0.09637000
   0.31944535  0.94164180  0.29829569
   0.11690772  0.56493797  0.39977022
   0.18025000  0.81742000  0.19778000
   0.26720608  0.69437058  0.49465270
   0.37304000  0.69194000  0.09637000
   0.65195131  0.94048026  0.29703438
   0.45106850  0.56535317  0.40024178
   0.51318000  0.81586000  0.19571000
   0.59496964  0.69844121  0.49596743
   0.70637000  0.69194000  0.09637000
   0.98519543  0.94092390  0.29690408
   0.84718000  0.81593000  0.19584000
   0.93232150  0.68980331  0.49521725
   0.78314017  0.56515648  0.39989427
   0.17417000  0.33753000  0.11288000
   0.24143027  0.21143035  0.41710195
   0.04976886  0.33491718  0.51206952
   0.31386000  0.46170000  0.21427000
   0.11796536  0.08669095  0.31501718
   0.23858000  0.04636000  0.07986000
   0.04735000  0.17100000  0.18013000
   0.30850315  0.42374215  0.38280947
   0.13725774  0.03610943  0.48141093
   0.18198377  0.29547234  0.28059586
   0.50750000  0.33753000  0.11288000
   0.57771178  0.21292786  0.41461451
   0.38713294  0.33734766  0.50702971
   0.64712000  0.46121000  0.21367000
   0.45121906  0.08739984  0.31622018
   0.57191000  0.04636000  0.07986000
   0.38063000  0.17082000  0.17998000
   0.64128084  0.42374620  0.38280983
   0.47763535  0.04265555  0.48373295
   0.51556362  0.29533702  0.28031448
   0.84083000  0.33753000  0.11288000
   0.90914248  0.21249343  0.41246825
   0.71570794  0.33335585  0.51437299
   0.98063000  0.46160000  0.21400000
   0.78368422  0.08593338  0.31514316
   0.90524000  0.04636000  0.07986000
   0.71387000  0.17083000  0.18002000
   0.97612413  0.42325737  0.38245815
   0.80827242  0.04605844  0.48560323
   0.84884626  0.29495412  0.28033412
   0.17417000  0.83753000  0.11288000
   0.25708921  0.70973956  0.41189388
   0.06966476  0.82584766  0.52146783
   0.31682000  0.96236000  0.21534000
   0.11602905  0.58607054  0.31550347
   0.23858000  0.54636000  0.07986000
   0.04601000  0.67209000  0.18056000
   0.32396456  0.91965176  0.38130904
   0.12134229  0.55348410  0.48764279
   0.18212034  0.79544839  0.28099734
   0.50619000  0.83294000  0.10916000
   0.59206105  0.70979704  0.41249761
   0.40663577  0.82688587  0.51444206
   0.64926000  0.96050000  0.21277000
   0.44964922  0.58627939  0.31588950
   0.57191000  0.54636000  0.07986000
   0.37906000  0.67136000  0.18002000
   0.65728108  0.91941080  0.38104269
   0.45592356  0.55512762  0.48797644
   0.51552912  0.79508625  0.27953090
   0.83992000  0.83287000  0.10930000
   0.74089190  0.82925846  0.51615895
   0.98268000  0.96077000  0.21320000
   0.78263892  0.58632599  0.31587396
   0.90524000  0.54636000  0.07986000
   0.71230000  0.67144000  0.18017000
   0.98967274  0.91883881  0.38025353
   0.78941174  0.55090124  0.48710612
   0.84873649  0.79486907  0.27954940
   0.92589743  0.71005126  0.41295269
   0.78477000  0.69231000  0.65805000
   0.29943174  0.12631729  0.59152893
  -0.04370726  0.78491823  0.60092707
   0.71985844  0.61843388  0.69136439
   0.80034772  0.56285557  0.73544284
   0.75062592  0.47231012  0.73485805
   0.92930594  0.58106625  0.73009255
   0.76987309  0.59156771  0.77808682
   0.58859983  0.59140691  0.68894897
