   0.17779451  0.06426633  0.19536284
   0.28754572  0.42969404  0.50045158
   0.03971000  0.44194000  0.09637000
   0.31424724  0.18807975  0.29847842
   0.12873680  0.31073418  0.39800890
   0.51108160  0.06432134  0.19543358
   0.62107834  0.43179202  0.50222403
   0.37304000  0.44194000  0.09637000
   0.64740102  0.18786880  0.29857286
   0.46215616  0.31131946  0.39851088
   0.84430182  0.06419048  0.19535858
   0.95473661  0.42919294  0.50027413
   0.70637000  0.44194000  0.09637000
   0.98098641  0.18778859  0.29825604
   0.79571762  0.31127360  0.39823233
   0.17990143  0.56401225  0.19535243
   0.24720807  0.93916100  0.50173142
   0.03971000  0.94194000  0.09637000
   0.31510678  0.68894030  0.29877154
   0.11006455  0.81545537  0.39911767
   0.51342954  0.56400540  0.19516116
   0.58055499  0.94026589  0.50309998
   0.37304000  0.94194000  0.09637000
   0.64785809  0.68862076  0.29886332
   0.44117958  0.81732269  0.40274227
   0.84648999  0.56387490  0.19508457
   0.91228757  0.93903038  0.50449319
   0.70637000  0.94194000  0.09637000
   0.98125338  0.68813017  0.29776533
   0.77611346  0.81688004  0.40015827
   0.92994461  0.69411982  0.49540582
   0.03971000  0.19194000  0.09637000
   0.31931272  0.43763758  0.29753973
   0.11369241  0.06223944  0.40027051
   0.17915306  0.31487982  0.19607808
   0.26068146  0.19310487  0.49570559
   0.37304000  0.19194000  0.09637000
   0.65238881  0.43866198  0.29871468
   0.44635439  0.06320592  0.40007800
   0.51225963  0.31572110  0.19748520
   0.59314124  0.19566006  0.49552435
   0.70637000  0.19194000  0.09637000
   0.98484494  0.43681016  0.29682421
   0.78043853  0.06226776  0.40017128
   0.84459249  0.31489504  0.19685485
   0.92879588  0.19182650  0.49537476
   0.03971000  0.69194000  0.09637000
   0.31033675  0.94011388  0.29818626
   0.12875606  0.55817848  0.39730408
   0.17811135  0.81556426  0.19731332
   0.25547049  0.68773629  0.49719452
   0.37304000  0.69194000  0.09637000
   0.64370343  0.93941584  0.29847095
   0.46078537  0.55955804  0.39985997
   0.51125647  0.81551848  0.19734879
   0.59331934  0.69359380  0.49538185
   0.70637000  0.69194000  0.09637000
   0.97693758  0.93967600  0.29840306
   0.84466167  0.81563373  0.19725404
   0.79466905  0.56023016  0.40046734
   0.17310000  0.33301000  0.10976000
   0.26175863  0.20318609  0.41109600
   0.08683413  0.31905208  0.51134998
   0.31439767  0.45967373  0.21347699
   0.11414633  0.08322440  0.31572138
   0.23858000  0.04636000  0.07986000
   0.04412982  0.17059490  0.18008083
   0.32795615  0.41522713  0.38142223
   0.11546528  0.05059230  0.48819784
   0.18122081  0.29273316  0.27976342
   0.50750000  0.33753000  0.11288000
   0.59536310  0.20402985  0.41097508
   0.42052546  0.32026625  0.51147137
   0.64775832  0.46079580  0.21491201
   0.44775497  0.08354830  0.31548469
   0.57191000  0.04636000  0.07986000
   0.37757232  0.17092724  0.18030670
   0.66182700  0.41649014  0.38267688
   0.44980609  0.05266294  0.48786956
   0.51466539  0.29351293  0.28090392
   0.84083000  0.33753000  0.11288000
   0.92820174  0.20338288  0.41127068
   0.75307194  0.32259188  0.51167600
   0.98050485  0.45962842  0.21336377
   0.78110171  0.08296782  0.31557621
   0.90524000  0.04636000  0.07986000
   0.71050644  0.17038124  0.17997651
   0.99442850  0.41439598  0.38006578
   0.78316708  0.05015416  0.48806799
   0.84703316  0.29183630  0.27992911
   0.17417000  0.83753000  0.11288000
   0.24089296  0.70772294  0.41369608
   0.04484151  0.83344441  0.51531854
   0.31196497  0.96075598  0.21426012
   0.11569322  0.58308075  0.31367045
   0.23858000  0.54636000  0.07986000
   0.04581837  0.67021422  0.18002137
   0.30656489  0.92092068  0.38192736
   0.15177554  0.53374378  0.48102336
   0.18030021  0.79300788  0.28057940
   0.50750000  0.83753000  0.11288000
   0.57753543  0.70969079  0.41360597
   0.38175383  0.83450029  0.50292987
   0.64520300  0.96066544  0.21446275
   0.44900799  0.58390971  0.31631695
   0.57191000  0.54636000  0.07986000
   0.37926981  0.67009790  0.18001297
   0.64092380  0.92020946  0.38265703
   0.48821555  0.54014326  0.48581938
   0.51384231  0.79262969  0.28053569
   0.84083000  0.83753000  0.11288000
   0.71112295  0.83241821  0.51572599
   0.97860219  0.96074410  0.21449521
   0.78258534  0.58471188  0.31704947
   0.90524000  0.54636000  0.07986000
   0.71265304  0.67017602  0.18009940
   0.97500286  0.91974410  0.38264623
   0.82262376  0.54150397  0.48750538
   0.84669904  0.79273008  0.28049932
   0.90995536  0.71020802  0.41394615
   0.72049067  0.57000050  0.64758645
   0.23463566  0.66222988  0.60026179
   0.95922195  0.63485032  0.61138554
   0.68061242  0.53291699  0.69583549
   0.78621287  0.52961922  0.74570710
   0.75414221  0.44759473  0.76706492
   0.91279874  0.54941238  0.73360755
   0.76426343  0.59094141  0.77786300
   0.55215993  0.49932187  0.70325515
