   0.18177000  0.06503000  0.19527000
   0.24909799  0.44051021  0.50446931
   0.03971000  0.44194000  0.09637000
   0.31843703  0.18957866  0.29844347
   0.11397750  0.31853007  0.39924604
   0.51472000  0.06471000  0.19485000
   0.58410424  0.44203808  0.50513326
   0.37304000  0.44194000  0.09637000
   0.65166235  0.18949603  0.29867244
   0.44731100  0.31799232  0.39971094
   0.84826000  0.06468000  0.19455000
   0.91493359  0.44122520  0.50458677
   0.70637000  0.44194000  0.09637000
   0.98513069  0.18946041  0.29809365
   0.78038624  0.31862097  0.40068893
   0.17955000  0.56532000  0.19533000
   0.28020627  0.93477765  0.50329954
   0.03971000  0.94194000  0.09637000
   0.31574443  0.69041551  0.29823674
   0.12348477  0.81421624  0.39809028
   0.51276000  0.56480000  0.19498000
   0.61264771  0.93592293  0.50250479
   0.37304000  0.94194000  0.09637000
   0.64870201  0.69017441  0.29757239
   0.45702075  0.81479149  0.39927358
   0.84642000  0.56519000  0.19522000
   0.94411801  0.93568146  0.50311619
   0.70637000  0.94194000  0.09637000
   0.98177245  0.69013795  0.29787686
   0.78960061  0.81548290  0.39906386
   0.59190253  0.19504025  0.49431909
   0.03971000  0.19194000  0.09637000
   0.31452009  0.44146782  0.29813579
   0.12576307  0.06178266  0.40000941
   0.18013000  0.31638000  0.19719000
   0.25884122  0.19515186  0.49508428
   0.37304000  0.19194000  0.09637000
   0.64767594  0.44072932  0.29759031
   0.45895247  0.06168759  0.40034793
   0.51314000  0.31594000  0.19696000
   0.70637000  0.19194000  0.09637000
   0.98067664  0.44096281  0.29813173
   0.79324679  0.06212432  0.39951217
   0.84665000  0.31624000  0.19703000
   0.92665781  0.19750370  0.49473666
   0.03971000  0.69194000  0.09637000
   0.31867091  0.94031979  0.29870885
   0.11359367  0.56534645  0.40007017
   0.18025000  0.81742000  0.19778000
   0.25856681  0.69649215  0.49556021
   0.37304000  0.69194000  0.09637000
   0.65202814  0.93970923  0.29728954
   0.44860316  0.56488178  0.39998361
   0.51318000  0.81586000  0.19571000
   0.59036258  0.69652000  0.49575771
   0.70637000  0.69194000  0.09637000
   0.98536152  0.94006174  0.29752016
   0.84718000  0.81593000  0.19584000
   0.91921539  0.69632350  0.49304900
   0.78063701  0.56429561  0.39880983
   0.17417000  0.33753000  0.11288000
   0.24709593  0.21087456  0.41293153
   0.04896674  0.33511376  0.51329135
   0.31386000  0.46170000  0.21427000
   0.11919644  0.08486565  0.31600013
   0.23858000  0.04636000  0.07986000
   0.04735000  0.17100000  0.18013000
   0.31220202  0.42186604  0.38221513
   0.14611668  0.04256479  0.48729899
   0.18404829  0.29412421  0.28074428
   0.50750000  0.33753000  0.11288000
   0.58045213  0.21031494  0.41264987
   0.38098952  0.33371548  0.51256695
   0.64712000  0.46121000  0.21367000
   0.45264578  0.08509537  0.31672747
   0.57191000  0.04636000  0.07986000
   0.38063000  0.17082000  0.17998000
   0.64483446  0.42074059  0.38142874
   0.47889081  0.04411181  0.48735533
   0.51757560  0.29350570  0.28040268
   0.84083000  0.33753000  0.11288000
   0.91430135  0.21142457  0.41301360
   0.71772117  0.33214267  0.50796097
   0.98063000  0.46160000  0.21400000
   0.78622056  0.08473411  0.31567465
   0.90524000  0.04636000  0.07986000
   0.71387000  0.17083000  0.18002000
   0.97885411  0.42201450  0.38243536
   0.81259812  0.04555148  0.48650716
   0.85083428  0.29374852  0.28059987
   0.17417000  0.83753000  0.11288000
   0.25628808  0.70734607  0.41185537
   0.07424593  0.82181528  0.51525368
   0.31682000  0.96236000  0.21534000
   0.11564951  0.58571515  0.31554418
   0.23858000  0.54636000  0.07986000
   0.04601000  0.67209000  0.18056000
   0.32249996  0.91913148  0.38273310
   0.11900335  0.55307039  0.48978222
   0.18172412  0.79526039  0.28112461
   0.50619000  0.83294000  0.10916000
   0.59003055  0.70765281  0.41176634
   0.41154062  0.82580911  0.51141963
   0.64926000  0.96050000  0.21277000
   0.44914313  0.58608063  0.31556140
   0.57191000  0.54636000  0.07986000
   0.37906000  0.67136000  0.18002000
   0.65580764  0.91949725  0.38155978
   0.45068729  0.55305359  0.48745413
   0.51514729  0.79495787  0.27963519
   0.83992000  0.83287000  0.10930000
   0.74473016  0.82690847  0.50921129
   0.98268000  0.96077000  0.21320000
   0.78219548  0.58547600  0.31481640
   0.90524000  0.54636000  0.07986000
   0.71230000  0.67144000  0.18017000
   0.98998448  0.91936534  0.38204880
   0.78373130  0.55231297  0.48430363
   0.84870328  0.79531193  0.27976857
   0.92375350  0.70822205  0.40990599
   0.78477000  0.69231000  0.65805000
   0.73475277  0.46585061  0.62346600
   0.97128806  0.66115167  0.59955693
   0.72558005  0.60742302  0.68663328
   0.79762809  0.55839989  0.73718938
   0.73593341  0.47096639  0.74276161
   0.92524745  0.56006572  0.73334014
   0.78005927  0.60390360  0.77601347
   0.59236549  0.58777172  0.68956673
