   0.17769990  0.06422811  0.19532303
   0.28787347  0.42914072  0.50136016
   0.03971000  0.44194000  0.09637000
   0.31397896  0.18784768  0.29853320
   0.12913915  0.31063210  0.39859153
   0.51098931  0.06426849  0.19541313
   0.62156753  0.43085901  0.50148773
   0.37304000  0.44194000  0.09637000
   0.64749878  0.18788712  0.29877329
   0.46238401  0.31072316  0.39854307
   0.84417049  0.06419867  0.19536275
   0.95521443  0.42809624  0.50140645
   0.70637000  0.44194000  0.09637000
   0.98075939  0.18786749  0.29848285
   0.79605762  0.31094030  0.39861065
   0.17997053  0.56401786  0.19508298
   0.24604566  0.93887145  0.50336230
   0.03971000  0.94194000  0.09637000
   0.31494395  0.68870812  0.29895400
   0.10900602  0.81545645  0.40040379
   0.51334970  0.56394806  0.19511261
   0.57978981  0.94084218  0.50423388
   0.37304000  0.94194000  0.09637000
   0.64786778  0.68833869  0.29862359
   0.43956820  0.81697521  0.40362506
   0.84663917  0.56398874  0.19523307
   0.91106070  0.93786421  0.50542207
   0.70637000  0.94194000  0.09637000
   0.98163125  0.68842803  0.29863285
   0.77460642  0.81659766  0.39952707
   0.92848202  0.69287293  0.49567504
   0.03971000  0.19194000  0.09637000
   0.31903244  0.43761354  0.29773603
   0.11306383  0.06194909  0.40032323
   0.17905275  0.31495097  0.19613552
   0.25920743  0.19276094  0.49589824
   0.37304000  0.19194000  0.09637000
   0.65274971  0.43823177  0.29857472
   0.44582275  0.06266728  0.40012452
   0.51226148  0.31562071  0.19742532
   0.59231080  0.19510192  0.49519969
   0.70637000  0.19194000  0.09637000
   0.98646086  0.43821193  0.29821477
   0.77934337  0.06199793  0.40023325
   0.84529095  0.31554073  0.19731523
   0.92755332  0.19099406  0.49526856
   0.03971000  0.69194000  0.09637000
   0.30993434  0.93942963  0.29842631
   0.12830387  0.55910501  0.40041457
   0.17795299  0.81559098  0.19723544
   0.25939045  0.68805606  0.50068990
   0.37304000  0.69194000  0.09637000
   0.64246417  0.93924999  0.29858600
   0.46058346  0.55918471  0.39989068
   0.51125235  0.81550204  0.19721514
   0.59369934  0.69363806  0.49510734
   0.70637000  0.69194000  0.09637000
   0.97682456  0.93945974  0.29833629
   0.84446337  0.81557123  0.19722517
   0.79478561  0.55970545  0.40030047
   0.17310000  0.33301000  0.10976000
   0.26184547  0.20282152  0.41113645
   0.08742758  0.31691117  0.51131329
   0.31412161  0.45983119  0.21368630
   0.11377975  0.08308900  0.31578738
   0.23858000  0.04636000  0.07986000
   0.04402000  0.17065941  0.18014713
   0.32856153  0.41489639  0.38164560
   0.11422025  0.04937911  0.48829936
   0.18116163  0.29274088  0.27989633
   0.50750000  0.33753000  0.11288000
   0.59569766  0.20327231  0.41068695
   0.42068501  0.31984662  0.51137617
   0.64775068  0.46072099  0.21487599
   0.44720902  0.08297915  0.31566722
   0.57191000  0.04636000  0.07986000
   0.37751904  0.17086978  0.18032684
   0.66204877  0.41590992  0.38252732
   0.44843453  0.05298220  0.48773910
   0.51464028  0.29314090  0.28088647
   0.84083000  0.33753000  0.11288000
   0.92829385  0.20281997  0.41112725
   0.75315959  0.32110494  0.51098648
   0.98121130  0.46060138  0.21453613
   0.78049115  0.08280967  0.31575716
   0.90524000  0.04636000  0.07986000
   0.71072947  0.17073971  0.18020674
   0.99498281  0.41480048  0.38160734
   0.78278079  0.04927667  0.48812801
   0.84787964  0.29294071  0.28061646
   0.17417000  0.83753000  0.11288000
   0.23974982  0.70890672  0.41748498
   0.04257482  0.83160722  0.51803722
   0.31179207  0.96071148  0.21447580
   0.11627865  0.58469953  0.31686574
   0.23858000  0.54636000  0.07986000
   0.04584978  0.67021938  0.18007688
   0.30563382  0.92001573  0.38252680
   0.15265953  0.53395411  0.48405517
   0.18015139  0.79250043  0.28049622
   0.50750000  0.83753000  0.11288000
   0.57575934  0.70974891  0.41370488
   0.38163303  0.83600232  0.50744452
   0.64507109  0.96068153  0.21458625
   0.44900004  0.58382981  0.31637512
   0.57191000  0.54636000  0.07986000
   0.37923934  0.67007831  0.18002609
   0.63919678  0.91984802  0.38290554
   0.48859811  0.53987898  0.48609215
   0.51349118  0.79221166  0.28032563
   0.84083000  0.83753000  0.11288000
   0.70958137  0.83186125  0.51713185
   0.97843150  0.96070173  0.21447628
   0.78275264  0.58443069  0.31694658
   0.90524000  0.54636000  0.07986000
   0.71254084  0.67014886  0.18008671
   0.97390847  0.91940502  0.38262658
   0.82277240  0.54008922  0.48688635
   0.84680332  0.79236151  0.28050641
   0.90787563  0.71051457  0.41438487
   0.73650918  0.56677852  0.64748943
   0.25926600  0.65549410  0.60273689
   0.97332581  0.64083752  0.60969664
   0.68686947  0.53237019  0.69523435
   0.78694162  0.52858580  0.74662901
   0.75472856  0.44769028  0.76817037
   0.91380762  0.54816242  0.73470344
   0.76438368  0.59091527  0.77762734
   0.55647129  0.50367264  0.70036147
