   0.18177000  0.06503000  0.19527000
   0.26622265  0.43265355  0.50240433
   0.03971000  0.44194000  0.09637000
   0.31534802  0.18826727  0.29820866
   0.11552131  0.31439214  0.40013080
   0.51472000  0.06471000  0.19485000
   0.59946843  0.43271083  0.50122648
   0.37304000  0.44194000  0.09637000
   0.64898710  0.18826478  0.29812384
   0.44859580  0.31342826  0.39885701
   0.84826000  0.06468000  0.19455000
   0.93459317  0.43525774  0.50713101
   0.70637000  0.44194000  0.09637000
   0.98223946  0.18858124  0.29838955
   0.78265932  0.31486378  0.39987044
   0.17955000  0.56532000  0.19533000
   0.26228870  0.93289471  0.50434068
   0.03971000  0.94194000  0.09637000
   0.31519829  0.68846990  0.29781724
   0.11978280  0.81304094  0.39636089
   0.51276000  0.56480000  0.19498000
   0.59418802  0.93290049  0.50238324
   0.37304000  0.94194000  0.09637000
   0.64816706  0.68851230  0.29722375
   0.45252372  0.81348777  0.39900113
   0.84642000  0.56519000  0.19522000
   0.92646613  0.93464619  0.50494234
   0.70637000  0.94194000  0.09637000
   0.98138473  0.68830237  0.29725645
   0.78550787  0.81418182  0.39853159
   0.58923159  0.19124420  0.49419758
   0.03971000  0.19194000  0.09637000
   0.31446949  0.43931228  0.29794567
   0.11896999  0.06028303  0.40017880
   0.18013000  0.31638000  0.19719000
   0.25521051  0.19190267  0.49572012
   0.37304000  0.19194000  0.09637000
   0.64729593  0.43867881  0.29714067
   0.45214631  0.06029032  0.39972934
   0.51314000  0.31594000  0.19696000
   0.70637000  0.19194000  0.09637000
   0.98115548  0.43882772  0.29754160
   0.78526747  0.06001717  0.39909491
   0.84665000  0.31624000  0.19703000
   0.92232664  0.19184584  0.49394638
   0.03971000  0.69194000  0.09637000
   0.31700602  0.93941248  0.29829089
   0.12096898  0.55943324  0.39879292
   0.18025000  0.81742000  0.19778000
   0.26123480  0.68781890  0.49459657
   0.37304000  0.69194000  0.09637000
   0.64941249  0.93848647  0.29688143
   0.45389885  0.56003270  0.39967840
   0.51318000  0.81586000  0.19571000
   0.59536755  0.69051165  0.49475099
   0.70637000  0.69194000  0.09637000
   0.98264469  0.93936241  0.29738401
   0.84718000  0.81593000  0.19584000
   0.92338848  0.68895734  0.49199431
   0.78735330  0.55983483  0.39757563
   0.17417000  0.33753000  0.11288000
   0.24871885  0.20631442  0.41289240
   0.06654634  0.32290172  0.50943924
   0.31386000  0.46170000  0.21427000
   0.11592486  0.08386603  0.31601781
   0.23858000  0.04636000  0.07986000
   0.04735000  0.17100000  0.18013000
   0.31492427  0.41789967  0.38184341
   0.12964381  0.04129692  0.48777986
   0.18187165  0.29292307  0.28026052
   0.50750000  0.33753000  0.11288000
   0.58196521  0.20645194  0.41157174
   0.39817264  0.32462431  0.51231483
   0.64712000  0.46121000  0.21367000
   0.44959124  0.08406317  0.31601088
   0.57191000  0.04636000  0.07986000
   0.38063000  0.17082000  0.17998000
   0.64708106  0.41767578  0.38076384
   0.46263366  0.04275519  0.48653899
   0.51469481  0.29245467  0.27995857
   0.84083000  0.33753000  0.11288000
   0.91508583  0.20620576  0.41122006
   0.73125655  0.32441899  0.50900088
   0.98063000  0.46160000  0.21400000
   0.78264569  0.08305182  0.31504637
   0.90524000  0.04636000  0.07986000
   0.71387000  0.17083000  0.18002000
   0.98130388  0.41774330  0.38104059
   0.79598485  0.04371055  0.48627408
   0.84820553  0.29261783  0.27998667
   0.17417000  0.83753000  0.11288000
   0.25221230  0.70697049  0.41195230
   0.05644630  0.82441998  0.52144501
   0.31682000  0.96236000  0.21534000
   0.11536054  0.58394755  0.31503930
   0.23858000  0.54636000  0.07986000
   0.04601000  0.67209000  0.18056000
   0.31798433  0.91735643  0.38192506
   0.13642439  0.54157698  0.48356461
   0.18150742  0.79374026  0.28088872
   0.50619000  0.83294000  0.10916000
   0.58580741  0.70646221  0.41217122
   0.39214708  0.82482689  0.51315088
   0.64926000  0.96050000  0.21277000
   0.44883930  0.58423595  0.31574205
   0.57191000  0.54636000  0.07986000
   0.37906000  0.67136000  0.18002000
   0.65051931  0.91711581  0.38095736
   0.46746830  0.54360808  0.48677016
   0.51452724  0.79318891  0.27928173
   0.83992000  0.83287000  0.10930000
   0.72771868  0.82692577  0.51133882
   0.98268000  0.96077000  0.21320000
   0.78178235  0.58376374  0.31421178
   0.90524000  0.54636000  0.07986000
   0.71230000  0.67144000  0.18017000
   0.98499679  0.91764935  0.38167646
   0.79834813  0.54261788  0.48246322
   0.84816177  0.79373428  0.27953600
   0.92030791  0.70801581  0.41033825
   0.78477000  0.69231000  0.65805000
   0.98530079  0.50777830  0.61625121
   0.03060012  0.69949490  0.59227964
   0.71754928  0.62936795  0.69560995
   0.79690866  0.57480222  0.74087804
   0.73888685  0.48588530  0.74376199
   0.92359729  0.58455796  0.73245076
   0.77843160  0.61183230  0.78286364
   0.58533060  0.61027372  0.69740713
