   0.60619267  0.43159359  0.49238597
   0.17905311  0.06412642  0.18504165
   0.27680271  0.43288744  0.49225576
   0.03971000  0.44194000  0.08602000
   0.31510862  0.18819077  0.28880460
   0.12270611  0.31387656  0.38986545
   0.51240061  0.06417255  0.18500082
   0.37304000  0.44194000  0.08602000
   0.64860200  0.18827022  0.28880295
   0.45586447  0.31374347  0.38946565
   0.84571580  0.06402838  0.18501087
   0.94646220  0.43275761  0.49327589
   0.70637000  0.44194000  0.08602000
   0.98190234  0.18814970  0.28877638
   0.78946573  0.31378368  0.39020116
   0.18040184  0.56363913  0.18489946
   0.26111841  0.93710943  0.49398134
   0.03971000  0.94194000  0.08602000
   0.31696321  0.68819077  0.28857239
   0.11617669  0.81453157  0.39038709
   0.51380904  0.56383990  0.18501893
   0.59404284  0.93604431  0.49323297
   0.37304000  0.94194000  0.08602000
   0.65025000  0.68854134  0.28892055
   0.45044224  0.81491422  0.39059097
   0.84707347  0.56369098  0.18485888
   0.92752667  0.93807577  0.49395261
   0.70637000  0.94194000  0.08602000
   0.98360522  0.68810821  0.28856234
   0.78264636  0.81483174  0.39212349
   0.03971000  0.19194000  0.08602000
   0.31754323  0.43897699  0.28854801
   0.11901106  0.06099033  0.39002469
   0.17914351  0.31546592  0.18714108
   0.26222237  0.19253903  0.48484897
   0.37304000  0.19194000  0.08602000
   0.65086100  0.43935308  0.28911312
   0.45181432  0.06098023  0.38975260
   0.51249754  0.31586653  0.18739107
   0.59577668  0.19134990  0.48437975
   0.70637000  0.19194000  0.08602000
   0.98379198  0.43868685  0.28855545
   0.78544735  0.06093567  0.38971659
   0.84570652  0.31550190  0.18715477
   0.92958373  0.19190609  0.48429996
   0.03971000  0.69194000  0.08602000
   0.31410625  0.93873591  0.28808553
   0.12535818  0.56057001  0.39029424
   0.17923139  0.81528044  0.18684337
   0.26313809  0.69316576  0.48547229
   0.37304000  0.69194000  0.08602000
   0.64757350  0.93866612  0.28815328
   0.45826050  0.56091457  0.39092830
   0.51265287  0.81530210  0.18686823
   0.59477449  0.69108557  0.48927053
   0.70637000  0.69194000  0.08602000
   0.98061258  0.93847116  0.28837762
   0.84601305  0.81528840  0.18690027
   0.92974194  0.69630647  0.48831294
   0.79039415  0.56131266  0.39145232
   0.17417000  0.33753000  0.10253000
   0.25653246  0.20590802  0.40149984
   0.07728254  0.32375679  0.49855949
   0.31483285  0.46049318  0.20483886
   0.11537116  0.08303491  0.30601894
   0.23858000  0.04636000  0.06951000
   0.04532904  0.17042795  0.16993046
   0.32149920  0.41795522  0.37257366
   0.12882776  0.04759831  0.47733677
   0.18167812  0.29301509  0.27075133
   0.50750000  0.33753000  0.10253000
   0.58874706  0.20586430  0.40123092
   0.40812073  0.32356561  0.50179572
   0.64819785  0.46084631  0.20529716
   0.44881010  0.08330437  0.30577648
   0.57191000  0.04636000  0.06951000
   0.37883429  0.17079232  0.17010051
   0.65553871  0.41929497  0.37390390
   0.46186533  0.04638496  0.47703410
   0.51518237  0.29359904  0.27126355
   0.84083000  0.33753000  0.10253000
   0.92274299  0.20556984  0.40106689
   0.74261007  0.32434594  0.49798859
   0.98122082  0.46046794  0.20483157
   0.78211726  0.08314493  0.30575921
   0.90524000  0.04636000  0.06951000
   0.71203917  0.17050338  0.16994659
   0.98754993  0.41845769  0.37288433
   0.79470466  0.04747045  0.47699786
   0.84825040  0.29304205  0.27079833
   0.17417000  0.83753000  0.10253000
   0.25028389  0.70838867  0.40334608
   0.06081032  0.83181457  0.50441855
   0.31323619  0.96064265  0.20439872
   0.11773559  0.58382208  0.30655004
   0.23858000  0.54636000  0.06951000
   0.04664086  0.66984283  0.16976872
   0.31470708  0.91813373  0.37230187
   0.14429949  0.54323038  0.47697788
   0.18251391  0.79213681  0.27020587
   0.50750000  0.83753000  0.10253000
   0.58337721  0.70807061  0.40599827
   0.39265765  0.82901515  0.50380745
   0.64654729  0.96061488  0.20441977
   0.45152751  0.58435593  0.30705833
   0.57191000  0.54636000  0.06951000
   0.37996808  0.66991522  0.16979042
   0.64827963  0.91801282  0.37236670
   0.47543565  0.54134484  0.47645985
   0.51596123  0.79225245  0.27026174
   0.84083000  0.83753000  0.10253000
   0.72802539  0.83021579  0.50203499
   0.97994515  0.96058752  0.20458945
   0.78457630  0.58449662  0.30766458
   0.90524000  0.54636000  0.06951000
   0.71337338  0.66990976  0.16979603
   0.98127926  0.91768096  0.37274794
   0.81022505  0.54546500  0.48511594
   0.84931737  0.79197812  0.27026279
   0.91632989  0.70674711  0.40568073
   0.58102087  0.61099137  0.59485066
   0.88000928  0.41252437  0.66901725
   0.80229863  0.49885110  0.58837828
   0.49999302  0.60474130  0.63898147
   0.44978401  0.50227448  0.67406680
   0.32074097  0.47284328  0.66821014
   0.51147138  0.43695958  0.66133940
   0.46686381  0.52147061  0.72013978
   0.45856484  0.67980443  0.65349839
