   0.18177000  0.06503000  0.19527000
   0.24593382  0.44171472  0.50376290
   0.03971000  0.44194000  0.09637000
   0.31906745  0.19038529  0.29892885
   0.11401614  0.31768953  0.40011197
   0.51472000  0.06471000  0.19485000
   0.57961482  0.44193402  0.50312650
   0.37304000  0.44194000  0.09637000
   0.65200416  0.19024530  0.29860133
   0.44820110  0.31774505  0.40271587
   0.84826000  0.06468000  0.19455000
   0.91408420  0.44217484  0.50475115
   0.70637000  0.44194000  0.09637000
   0.98502169  0.18956869  0.29865445
   0.77865775  0.31754945  0.40348089
   0.17955000  0.56532000  0.19533000
   0.28141106  0.93296692  0.50391950
   0.03971000  0.94194000  0.09637000
   0.31569164  0.69028140  0.29823527
   0.12529482  0.81493638  0.39674788
   0.51276000  0.56480000  0.19498000
   0.61378618  0.93629212  0.50342971
   0.37304000  0.94194000  0.09637000
   0.64851600  0.69022033  0.29758145
   0.45772388  0.81552966  0.39870231
   0.84642000  0.56519000  0.19522000
   0.94511658  0.93591474  0.50375885
   0.70637000  0.94194000  0.09637000
   0.98181689  0.69000699  0.29777517
   0.79048459  0.81560786  0.39829743
   0.58919742  0.19067824  0.50580148
   0.03971000  0.19194000  0.09637000
   0.31470717  0.44080004  0.29822192
   0.12723607  0.06196435  0.40097139
   0.18013000  0.31638000  0.19719000
   0.26444557  0.19372602  0.49726436
   0.37304000  0.19194000  0.09637000
   0.64751228  0.44043056  0.29795019
   0.46167183  0.06405203  0.40091726
   0.51314000  0.31594000  0.19696000
   0.70637000  0.19194000  0.09637000
   0.98038071  0.44047391  0.29827543
   0.79279810  0.06214711  0.39989511
   0.84665000  0.31624000  0.19703000
   0.92325908  0.19651945  0.49574780
   0.03971000  0.69194000  0.09637000
   0.32021389  0.94194550  0.29872774
   0.11316702  0.56510665  0.39988372
   0.18025000  0.81742000  0.19778000
   0.25702962  0.69603167  0.49547191
   0.37304000  0.69194000  0.09637000
   0.65232411  0.93988695  0.29738601
   0.44872367  0.56449710  0.39982365
   0.51318000  0.81586000  0.19571000
   0.58683878  0.69865891  0.49537212
   0.70637000  0.69194000  0.09637000
   0.98581223  0.94063767  0.29778650
   0.84718000  0.81593000  0.19584000
   0.91762519  0.69780525  0.49087545
   0.78032218  0.56415101  0.39875122
   0.17417000  0.33753000  0.11288000
   0.24647922  0.21059588  0.41477658
   0.04625133  0.33581959  0.51398347
   0.31386000  0.46170000  0.21427000
   0.11960246  0.08534616  0.31654160
   0.23858000  0.04636000  0.07986000
   0.04735000  0.17100000  0.18013000
   0.31278651  0.42144561  0.38225772
   0.14810951  0.04077318  0.48786117
   0.18368356  0.29405132  0.28055892
   0.50750000  0.33753000  0.11288000
   0.58055975  0.21196564  0.41951075
   0.37841285  0.33689090  0.51222051
   0.64712000  0.46121000  0.21367000
   0.45403987  0.08697307  0.31719686
   0.57191000  0.04636000  0.07986000
   0.38063000  0.17082000  0.17998000
   0.64569396  0.42154621  0.38226641
   0.47654096  0.03652289  0.48302341
   0.51767770  0.29430062  0.28022374
   0.84083000  0.33753000  0.11288000
   0.91475978  0.21105398  0.41387795
   0.71498049  0.34009085  0.51234253
   0.98063000  0.46160000  0.21400000
   0.78586944  0.08506140  0.31593658
   0.90524000  0.04636000  0.07986000
   0.71387000  0.17083000  0.18002000
   0.97884026  0.42178834  0.38284651
   0.81540282  0.04356677  0.48545615
   0.85119238  0.29377890  0.28025185
   0.17417000  0.83753000  0.11288000
   0.25604167  0.70770162  0.41168449
   0.07256754  0.82047396  0.51861346
   0.31682000  0.96236000  0.21534000
   0.11545936  0.58528598  0.31556262
   0.23858000  0.54636000  0.07986000
   0.04601000  0.67209000  0.18056000
   0.32320789  0.91925924  0.38196493
   0.11532878  0.55443395  0.49106255
   0.18208595  0.79553777  0.28116665
   0.50619000  0.83294000  0.10916000
   0.59067376  0.70780008  0.41111074
   0.41301168  0.82217047  0.51282318
   0.64926000  0.96050000  0.21277000
   0.44908064  0.58572134  0.31554654
   0.57191000  0.54636000  0.07986000
   0.37906000  0.67136000  0.18002000
   0.65666291  0.91875903  0.38147519
   0.44834343  0.55409044  0.48764695
   0.51523488  0.79493396  0.27954225
   0.83992000  0.83287000  0.10930000
   0.74549717  0.82625163  0.51137226
   0.98268000  0.96077000  0.21320000
   0.78190954  0.58530433  0.31486004
   0.90524000  0.54636000  0.07986000
   0.71230000  0.67144000  0.18017000
   0.99113120  0.91910562  0.38239767
   0.78190596  0.55481495  0.48709170
   0.84893966  0.79543252  0.27984548
   0.92465006  0.70767824  0.40914645
   0.78477000  0.69231000  0.65805000
   0.54626455  0.14737952  0.59789177
   0.97968517  0.66855673  0.59206771
   0.72661249  0.60933898  0.68761243
   0.80164090  0.56026328  0.73707250
   0.73720781  0.47372355  0.74095586
   0.92961283  0.56458091  0.73621446
   0.78084333  0.60247795  0.77699189
   0.60402195  0.56169501  0.67766952
