   0.18177000  0.06503000  0.19527000
   0.26581344  0.43780938  0.50197359
   0.03971000  0.44194000  0.09637000
   0.31636935  0.19049669  0.29899034
   0.11877075  0.31592776  0.40328125
   0.51472000  0.06471000  0.19485000
   0.59577810  0.43733483  0.50254352
   0.37304000  0.44194000  0.09637000
   0.64931280  0.18960761  0.29865028
   0.44947549  0.31601015  0.40267805
   0.84826000  0.06468000  0.19455000
   0.92998383  0.43782382  0.50010737
   0.70637000  0.44194000  0.09637000
   0.98300081  0.19030616  0.29871486
   0.78518418  0.31593955  0.40021879
   0.17955000  0.56532000  0.19533000
   0.26926695  0.93720101  0.50500011
   0.03971000  0.94194000  0.09637000
   0.31740452  0.68929485  0.29775848
   0.12177666  0.81544864  0.39595365
   0.51276000  0.56480000  0.19498000
   0.59951169  0.93746975  0.50494100
   0.37304000  0.94194000  0.09637000
   0.64987181  0.68901224  0.29717048
   0.45568625  0.81657862  0.39828024
   0.84642000  0.56519000  0.19522000
   0.93060197  0.93740226  0.50260946
   0.70637000  0.94194000  0.09637000
   0.98349829  0.68922317  0.29704329
   0.78854724  0.81546937  0.39775908
   0.58900129  0.19671553  0.49606396
   0.03971000  0.19194000  0.09637000
   0.31555624  0.44010114  0.29848833
   0.12349229  0.06198274  0.39856595
   0.18013000  0.31638000  0.19719000
   0.24799535  0.18615156  0.50228041
   0.37304000  0.19194000  0.09637000
   0.64903505  0.43950202  0.29783466
   0.45317376  0.06394092  0.40090767
   0.51314000  0.31594000  0.19696000
   0.70637000  0.19194000  0.09637000
   0.98266190  0.43973989  0.29796658
   0.78768530  0.06323913  0.40045833
   0.84665000  0.31624000  0.19703000
   0.93498991  0.19279771  0.49795682
   0.03971000  0.69194000  0.09637000
   0.31822635  0.94118251  0.29858156
   0.12263108  0.56269060  0.39909157
   0.18025000  0.81742000  0.19778000
   0.26692919  0.69505504  0.49413654
   0.37304000  0.69194000  0.09637000
   0.65107939  0.94012197  0.29732162
   0.45561188  0.56298797  0.39998920
   0.51318000  0.81586000  0.19571000
   0.59680837  0.69701981  0.49545756
   0.70637000  0.69194000  0.09637000
   0.98322678  0.94022307  0.29682727
   0.84718000  0.81593000  0.19584000
   0.93321404  0.68815596  0.49423417
   0.78817365  0.56237184  0.39869767
   0.17417000  0.33753000  0.11288000
   0.25139475  0.20733982  0.41693000
   0.06347316  0.33576942  0.50584843
   0.31386000  0.46170000  0.21427000
   0.11706956  0.08556813  0.31479712
   0.23858000  0.04636000  0.07986000
   0.04735000  0.17100000  0.18013000
   0.31638917  0.42035632  0.38252869
   0.13082155  0.03300547  0.48042290
   0.18238778  0.29466045  0.28054225
   0.50750000  0.33753000  0.11288000
   0.58563089  0.20908080  0.41298089
   0.39776102  0.33040204  0.50902924
   0.64712000  0.46121000  0.21367000
   0.45025804  0.08599262  0.31685634
   0.57191000  0.04636000  0.07986000
   0.38063000  0.17082000  0.17998000
   0.64969263  0.41970471  0.38173894
   0.46743896  0.04644195  0.48748571
   0.51544546  0.29395860  0.28023431
   0.84083000  0.33753000  0.11288000
   0.91704431  0.20864330  0.41426080
   0.72867375  0.33123843  0.51216915
   0.98063000  0.46160000  0.21400000
   0.78358766  0.08510354  0.31578489
   0.90524000  0.04636000  0.07986000
   0.71387000  0.17083000  0.18002000
   0.98406412  0.42021781  0.38190878
   0.80082293  0.04644534  0.48684877
   0.84842969  0.29415672  0.28035665
   0.17417000  0.83753000  0.11288000
   0.25516921  0.70997665  0.41167744
   0.06216372  0.82544062  0.52124925
   0.31682000  0.96236000  0.21534000
   0.11760726  0.58505020  0.31510257
   0.23858000  0.54636000  0.07986000
   0.04601000  0.67209000  0.18056000
   0.32084966  0.91974721  0.38207000
   0.13233936  0.55144739  0.48646553
   0.18355112  0.79458953  0.28090739
   0.50619000  0.83294000  0.10916000
   0.58903187  0.70997660  0.41251843
   0.39859286  0.82869836  0.51571055
   0.64926000  0.96050000  0.21277000
   0.45112222  0.58494478  0.31578643
   0.57191000  0.54636000  0.07986000
   0.37906000  0.67136000  0.18002000
   0.65435497  0.91938313  0.38128257
   0.46681523  0.55018119  0.48731620
   0.51666395  0.79396264  0.27941176
   0.83992000  0.83287000  0.10930000
   0.73168945  0.83023623  0.51717174
   0.98268000  0.96077000  0.21320000
   0.78457287  0.58520316  0.31513046
   0.90524000  0.54636000  0.07986000
   0.71230000  0.67144000  0.18017000
   0.98604905  0.91805883  0.37990009
   0.79783877  0.54754173  0.48537910
   0.84931448  0.79370121  0.27918294
   0.92333105  0.70988853  0.41290227
   0.78477000  0.69231000  0.65805000
   0.15157053  0.14845441  0.59283041
  -0.04082169  0.77647325  0.60084010
   0.72095947  0.63221081  0.69745894
   0.80081179  0.57500318  0.74081071
   0.74328633  0.48533666  0.74113324
   0.92824120  0.58628261  0.73295140
   0.77926271  0.60614432  0.78378971
   0.59003001  0.61946487  0.70133769
