   0.28973384  0.43194464  0.49219099
   0.17892653  0.06420251  0.18489565
   0.03971000  0.44194000  0.08602000
   0.31572652  0.18811649  0.28860217
   0.12943277  0.31208775  0.38951419
   0.51223166  0.06421469  0.18482066
   0.62083232  0.43071257  0.49153127
   0.37304000  0.44194000  0.08602000
   0.64916772  0.18806596  0.28841760
   0.46273747  0.31209377  0.38865569
   0.84556460  0.06414531  0.18487240
   0.95933202  0.42961229  0.49248739
   0.70637000  0.44194000  0.08602000
   0.98249060  0.18807644  0.28855921
   0.79612339  0.31206924  0.38897258
   0.18117704  0.56354766  0.18473587
   0.25183647  0.93952426  0.49361959
   0.03971000  0.94194000  0.08602000
   0.31652331  0.68833216  0.28814305
   0.11056371  0.81667789  0.39014917
   0.51455482  0.56362370  0.18481369
   0.58417134  0.93827569  0.49341554
   0.37304000  0.94194000  0.08602000
   0.64979731  0.68853774  0.28833013
   0.44388902  0.81688509  0.38993561
   0.84789588  0.56360529  0.18472941
   0.91778816  0.93944196  0.49353455
   0.70637000  0.94194000  0.08602000
   0.98340960  0.68851631  0.28816988
   0.77721214  0.81671135  0.39028996
   0.03971000  0.19194000  0.08602000
   0.32010485  0.43808705  0.28811407
   0.11591413  0.06235015  0.38951178
   0.17964432  0.31537066  0.18700061
   0.26204569  0.19433540  0.48454309
   0.37304000  0.19194000  0.08602000
   0.65370348  0.43861702  0.28849367
   0.44850977  0.06260754  0.38954633
   0.51304176  0.31563616  0.18717591
   0.59651482  0.19277908  0.48432028
   0.70637000  0.19194000  0.08602000
   0.98677746  0.43821882  0.28819186
   0.78149190  0.06183915  0.38915470
   0.84633819  0.31548316  0.18705723
   0.93045671  0.19096898  0.48353057
   0.03971000  0.69194000  0.08602000
   0.31164734  0.93957068  0.28783080
   0.12948371  0.55975818  0.38966068
   0.17905158  0.81540508  0.18675600
   0.26380820  0.69251672  0.48509960
   0.37304000  0.69194000  0.08602000
   0.64481124  0.93925804  0.28762971
   0.46198226  0.55972027  0.38991758
   0.51229303  0.81525909  0.18668831
   0.59714601  0.69328857  0.48531813
   0.70637000  0.69194000  0.08602000
   0.97830625  0.93936549  0.28788705
   0.84571845  0.81534524  0.18676795
   0.93168348  0.69536491  0.48659541
   0.79530712  0.56061642  0.39032585
   0.17417000  0.33753000  0.10253000
   0.26322044  0.20342977  0.39982654
   0.09089566  0.31843934  0.49483383
   0.31571700  0.46029909  0.20439888
   0.11562208  0.08271564  0.30510701
   0.23858000  0.04636000  0.06951000
   0.04528230  0.17050072  0.16977581
   0.32861520  0.41633854  0.37197529
   0.12007502  0.05086043  0.47722608
   0.18264584  0.29295777  0.27036631
   0.50750000  0.33753000  0.10253000
   0.59545262  0.20402888  0.40020554
   0.42157929  0.32134435  0.49970166
   0.64912930  0.46051269  0.20472209
   0.44913711  0.08297508  0.30512398
   0.57191000  0.04636000  0.06951000
   0.37873728  0.17078122  0.16987750
   0.66250827  0.41762021  0.37283604
   0.45378295  0.04988139  0.47721844
   0.51620642  0.29341649  0.27077205
   0.84083000  0.33753000  0.10253000
   0.92786851  0.20293348  0.39951713
   0.75462304  0.32142269  0.49841940
   0.98227243  0.46038355  0.20446492
   0.78213320  0.08264340  0.30481532
   0.90524000  0.04636000  0.06951000
   0.71199661  0.17064157  0.16982776
   0.99463210  0.41656377  0.37209265
   0.78594528  0.04935472  0.47694642
   0.84929702  0.29308865  0.27050220
   0.17417000  0.83753000  0.10253000
   0.24434681  0.71039171  0.40344114
   0.05123284  0.83412714  0.50367690
   0.31305015  0.96067172  0.20401314
   0.11776454  0.58433852  0.30619033
   0.23858000  0.54636000  0.06951000
   0.04721095  0.66978412  0.16964614
   0.30867022  0.92030061  0.37210568
   0.15636859  0.54028541  0.47508668
   0.18194491  0.79247343  0.26997346
   0.50750000  0.83753000  0.10253000
   0.57752192  0.70992508  0.40349447
   0.38320030  0.83197748  0.50323245
   0.64622853  0.96052896  0.20385673
   0.45119619  0.58419170  0.30628417
   0.57191000  0.54636000  0.06951000
   0.38049136  0.66967795  0.16960948
   0.64214939  0.91978244  0.37186332
   0.48933946  0.54105374  0.47644193
   0.51505702  0.79222579  0.26986460
   0.84083000  0.83753000  0.10253000
   0.71747348  0.83234854  0.50290123
   0.97967615  0.96057202  0.20405762
   0.78474905  0.58473019  0.30676522
   0.90524000  0.54636000  0.06951000
   0.71389164  0.66974578  0.16965634
   0.97555983  0.91988158  0.37222924
   0.82219549  0.54234983  0.48008303
   0.84854344  0.79232913  0.27000324
   0.91063787  0.70966161  0.40467969
   0.69822102  0.62692778  0.63206559
   0.05966866  0.45339671  0.63439411
   0.86743227  0.53029192  0.58805292
   0.65417512  0.62210093  0.68243639
   0.67587007  0.53837389  0.72608716
   0.56059180  0.50284709  0.74610042
   0.72974653  0.47254269  0.70819717
   0.75130661  0.58151823  0.76101844
   0.59073504  0.68682705  0.69718288
