   0.18177000  0.06503000  0.19527000
   0.25174720  0.44603086  0.50085484
   0.03971000  0.44194000  0.09637000
   0.31859931  0.19046214  0.29997566
   0.11377102  0.31710207  0.40249791
   0.51472000  0.06471000  0.19485000
   0.58764548  0.44956189  0.50243841
   0.37304000  0.44194000  0.09637000
   0.65194007  0.18976603  0.29869733
   0.44398797  0.31874381  0.40617173
   0.84826000  0.06468000  0.19455000
   0.91604766  0.44251903  0.50385204
   0.70637000  0.44194000  0.09637000
   0.98561610  0.18976251  0.29931755
   0.77921146  0.31844791  0.40035350
   0.17955000  0.56532000  0.19533000
   0.28129792  0.93757137  0.50689263
   0.03971000  0.94194000  0.09637000
   0.31528654  0.69010151  0.29806310
   0.12605405  0.81564701  0.39575020
   0.51276000  0.56480000  0.19498000
   0.61280155  0.93851086  0.50174242
   0.37304000  0.94194000  0.09637000
   0.64880337  0.69049361  0.29758866
   0.45752736  0.81561904  0.39893046
   0.84642000  0.56519000  0.19522000
   0.94446895  0.93566977  0.50630710
   0.70637000  0.94194000  0.09637000
   0.98129804  0.68985382  0.29784814
   0.79084239  0.81659801  0.39719035
   0.58887990  0.19829185  0.49924272
   0.03971000  0.19194000  0.09637000
   0.31355344  0.44063459  0.29812705
   0.12443115  0.06138175  0.40435949
   0.18013000  0.31638000  0.19719000
   0.26239139  0.19807304  0.50262313
   0.37304000  0.19194000  0.09637000
   0.64536688  0.43968143  0.29786791
   0.45882882  0.06445596  0.40155195
   0.51314000  0.31594000  0.19696000
   0.70637000  0.19194000  0.09637000
   0.98145556  0.44065173  0.29817489
   0.79233761  0.06289002  0.39965166
   0.84665000  0.31624000  0.19703000
   0.92930846  0.19577155  0.49546791
   0.03971000  0.69194000  0.09637000
   0.31946169  0.94198708  0.29902958
   0.11500462  0.56455327  0.40045938
   0.18025000  0.81742000  0.19778000
   0.26153270  0.69779305  0.49642558
   0.37304000  0.69194000  0.09637000
   0.65178692  0.94032718  0.29709783
   0.44883218  0.56534436  0.39944762
   0.51318000  0.81586000  0.19571000
   0.58960653  0.70300263  0.49487453
   0.70637000  0.69194000  0.09637000
   0.98665166  0.94182345  0.29848532
   0.84718000  0.81593000  0.19584000
   0.91764904  0.69942797  0.48826505
   0.78058243  0.56295232  0.39789786
   0.17417000  0.33753000  0.11288000
   0.24183499  0.20818694  0.42066390
   0.05006154  0.33747068  0.51114060
   0.31386000  0.46170000  0.21427000
   0.12005860  0.08644161  0.31895303
   0.23858000  0.04636000  0.07986000
   0.04735000  0.17100000  0.18013000
   0.31005618  0.42179360  0.38195728
   0.14180704  0.03692662  0.49001972
   0.18402256  0.29346106  0.28032029
   0.50750000  0.33753000  0.11288000
   0.58127155  0.21160070  0.41579094
   0.38964140  0.34765366  0.49761387
   0.64712000  0.46121000  0.21367000
   0.45316001  0.08658213  0.31771049
   0.57191000  0.04636000  0.07986000
   0.38063000  0.17082000  0.17998000
   0.64361664  0.42075600  0.38215820
   0.48041617  0.04564319  0.48708876
   0.51715938  0.29305079  0.27996448
   0.84083000  0.33753000  0.11288000
   0.91221126  0.21159251  0.41320852
   0.71460027  0.33928117  0.51567874
   0.98063000  0.46160000  0.21400000
   0.78625484  0.08460059  0.31579251
   0.90524000  0.04636000  0.07986000
   0.71387000  0.17083000  0.18002000
   0.97943011  0.42250792  0.38286580
   0.81452857  0.04627538  0.48606607
   0.85137116  0.29363497  0.28043836
   0.17417000  0.83753000  0.11288000
   0.25527337  0.70783768  0.41236629
   0.07251580  0.81690243  0.52333111
   0.31682000  0.96236000  0.21534000
   0.11547821  0.58561207  0.31584533
   0.23858000  0.54636000  0.07986000
   0.04601000  0.67209000  0.18056000
   0.32464533  0.92014316  0.38296495
   0.11701818  0.55637269  0.49181101
   0.18217736  0.79587849  0.28127774
   0.50619000  0.83294000  0.10916000
   0.59231624  0.70891203  0.41097133
   0.41152899  0.82792837  0.51240346
   0.64926000  0.96050000  0.21277000
   0.44922873  0.58570364  0.31539263
   0.57191000  0.54636000  0.07986000
   0.37906000  0.67136000  0.18002000
   0.65574493  0.91981707  0.38154243
   0.45170763  0.56184213  0.48740258
   0.51528656  0.79509460  0.27956692
   0.83992000  0.83287000  0.10930000
   0.74477378  0.82971041  0.51227921
   0.98268000  0.96077000  0.21320000
   0.78058446  0.58457751  0.31445867
   0.90524000  0.54636000  0.07986000
   0.71230000  0.67144000  0.18017000
   0.99076007  0.92005801  0.38321092
   0.78754558  0.55457404  0.48580359
   0.84923572  0.79614668  0.28002471
   0.92465224  0.70788269  0.40643268
   0.78477000  0.69231000  0.65805000
   0.29660914  0.19023761  0.59744235
   0.99553440  0.69125261  0.59107564
   0.72320757  0.61054487  0.68702079
   0.79918983  0.56063737  0.73588129
   0.74096271  0.47333547  0.73947854
   0.92573120  0.57617348  0.72871744
   0.77225862  0.60500896  0.77446157
   0.59740331  0.56888845  0.67867482
