   0.17837134  0.06473296  0.19466433
   0.28047333  0.43469071  0.50007790
   0.03971000  0.44194000  0.09637000
   0.31499206  0.18986252  0.29845091
   0.12634053  0.31202459  0.40427318
   0.51145371  0.06492697  0.19536302
   0.61246042  0.43478929  0.50187325
   0.37304000  0.44194000  0.09637000
   0.64831158  0.18928291  0.29974083
   0.45483413  0.31125478  0.40558186
   0.84468289  0.06470638  0.19491791
   0.94498889  0.43522414  0.50009081
   0.70637000  0.44194000  0.09637000
   0.98319438  0.18967116  0.30003139
   0.79137181  0.31273906  0.39946332
   0.17982187  0.56344022  0.19505382
   0.25769698  0.93751504  0.51163132
   0.03971000  0.94194000  0.09637000
   0.31503698  0.68774755  0.29790349
   0.11441180  0.81639229  0.39417983
   0.51329753  0.56342945  0.19487948
   0.58826747  0.93909835  0.50491007
   0.37304000  0.94194000  0.09637000
   0.64852152  0.68845324  0.29767689
   0.44660932  0.81671595  0.39814873
   0.84639928  0.56298760  0.19517455
   0.91765587  0.93286077  0.50933374
   0.70637000  0.94194000  0.09637000
   0.98099574  0.68711104  0.29725263
   0.77898842  0.81791612  0.39693862
   0.92267869  0.69368030  0.48754700
   0.03971000  0.19194000  0.09637000
   0.31787921  0.43722865  0.29901305
   0.11520350  0.06038295  0.40269265
   0.17923762  0.31562817  0.19610519
   0.25857847  0.18394503  0.50500253
   0.37304000  0.19194000  0.09637000
   0.64870697  0.43695354  0.29898264
   0.44665468  0.06234482  0.39983195
   0.51288912  0.31580088  0.19727791
   0.59198374  0.19329522  0.49527554
   0.70637000  0.19194000  0.09637000
   0.98673651  0.43724937  0.29907646
   0.78172152  0.06240581  0.40003234
   0.84508080  0.31562339  0.19763756
   0.92940087  0.19273509  0.49494872
   0.03971000  0.69194000  0.09637000
   0.31209473  0.94095950  0.29741920
   0.12676528  0.56140644  0.40055814
   0.17803297  0.81531456  0.19707853
   0.26488805  0.69686488  0.49584339
   0.37304000  0.69194000  0.09637000
   0.64544779  0.94054758  0.29773972
   0.46026449  0.56031938  0.39989880
   0.51096037  0.81584993  0.19732086
   0.59337539  0.69569670  0.49480241
   0.70637000  0.69194000  0.09637000
   0.98117418  0.94263738  0.29766197
   0.84534671  0.81563899  0.19708858
   0.78983175  0.55915379  0.39776173
   0.17310000  0.33301000  0.10976000
   0.25343194  0.20136914  0.41995990
   0.07621670  0.32807811  0.50582603
   0.31439724  0.46003123  0.21396748
   0.11713125  0.08626330  0.31803692
   0.23858000  0.04636000  0.07986000
   0.04432183  0.17115158  0.18000507
   0.32408093  0.41599049  0.38364273
   0.11453666  0.02986063  0.48658586
   0.18129920  0.29405314  0.27961171
   0.50750000  0.33753000  0.11288000
   0.59231252  0.20360227  0.41129981
   0.41480329  0.32850022  0.50618276
   0.64754564  0.46025533  0.21487965
   0.44772057  0.08478433  0.31541682
   0.57191000  0.04636000  0.07986000
   0.37778005  0.17126375  0.18023993
   0.65502146  0.41599162  0.38330011
   0.45717175  0.04613405  0.48572483
   0.51464754  0.29315151  0.28026426
   0.84083000  0.33753000  0.11288000
   0.92308120  0.20422217  0.41142134
   0.74467764  0.32498149  0.50981394
   0.98139181  0.46001947  0.21493673
   0.78256841  0.08386460  0.31546745
   0.90524000  0.04636000  0.07986000
   0.71085048  0.17104516  0.17990467
   0.99220892  0.41736357  0.38324339
   0.79170244  0.04732589  0.48789362
   0.84839429  0.29309599  0.28104460
   0.17417000  0.83753000  0.11288000
   0.24628280  0.71177809  0.41359882
   0.04580069  0.81307183  0.53000906
   0.31220413  0.96084096  0.21392739
   0.11624334  0.58376741  0.31669086
   0.23858000  0.54636000  0.07986000
   0.04574538  0.66976461  0.18003004
   0.31213524  0.91930328  0.38066821
   0.14751404  0.54720333  0.48744763
   0.18077695  0.79242486  0.28030425
   0.50750000  0.83753000  0.11288000
   0.58180641  0.71130137  0.41257029
   0.38907456  0.83158545  0.51864871
   0.64543302  0.96109627  0.21406730
   0.44913390  0.58356004  0.31650467
   0.57191000  0.54636000  0.07986000
   0.37926845  0.67020834  0.18010190
   0.64378847  0.92099194  0.38157019
   0.48011050  0.54608967  0.48621793
   0.51448998  0.79282248  0.28051583
   0.84083000  0.83753000  0.11288000
   0.71827923  0.83094186  0.51695462
   0.97976922  0.96166579  0.21402258
   0.78058138  0.58276669  0.31503806
   0.90524000  0.54636000  0.07986000
   0.71297067  0.66972069  0.17990720
   0.97721641  0.91906243  0.38061299
   0.81152215  0.54376060  0.48386736
   0.84849588  0.79332380  0.28000716
   0.91393153  0.71060330  0.40730705
   0.75699437  0.57502343  0.64559383
   0.25446782  0.13859710  0.59744715
   0.95837529  0.68510324  0.59365840
   0.70178432  0.53698047  0.69216471
   0.79218392  0.53002684  0.74594224
   0.75522473  0.44690273  0.76521970
   0.92136136  0.54986739  0.73791397
   0.76286001  0.58875415  0.77749162
   0.57049709  0.50513374  0.69528891
