   0.60823219  0.43127696  0.49288743
   0.17913815  0.06416720  0.18500078
   0.27780623  0.43284530  0.49162769
   0.03971000  0.44194000  0.08602000
   0.31516094  0.18812613  0.28877334
   0.12252634  0.31355662  0.38964745
   0.51250459  0.06424221  0.18501176
   0.37304000  0.44194000  0.08602000
   0.64874836  0.18840525  0.28885852
   0.45597969  0.31365006  0.38959071
   0.84577499  0.06406635  0.18497321
   0.94788782  0.43252364  0.49450173
   0.70637000  0.44194000  0.08602000
   0.98193236  0.18806119  0.28870856
   0.78960984  0.31400545  0.39046871
   0.18081919  0.56365305  0.18478557
   0.25842076  0.93747212  0.49418134
   0.03971000  0.94194000  0.08602000
   0.31652149  0.68812689  0.28836190
   0.11382760  0.81429184  0.39068033
   0.51420156  0.56384549  0.18493120
   0.59083630  0.93582350  0.49310386
   0.37304000  0.94194000  0.08602000
   0.64984525  0.68867544  0.28868625
   0.44810749  0.81520462  0.38998595
   0.84749233  0.56365654  0.18474962
   0.92476798  0.93839813  0.49390853
   0.70637000  0.94194000  0.08602000
   0.98349196  0.68830426  0.28829555
   0.78111747  0.81500978  0.39171231
   0.03971000  0.19194000  0.08602000
   0.31755776  0.43847998  0.28821934
   0.11759407  0.06083352  0.38992276
   0.17929038  0.31537480  0.18701278
   0.26010402  0.19283159  0.48453367
   0.37304000  0.19194000  0.08602000
   0.65111657  0.43930738  0.28891008
   0.45017313  0.06100121  0.38955906
   0.51274533  0.31580636  0.18731575
   0.59485312  0.19058172  0.48393082
   0.70637000  0.19194000  0.08602000
   0.98408850  0.43868311  0.28844493
   0.78423286  0.06127742  0.38972857
   0.84600675  0.31546481  0.18708910
   0.92717091  0.19245561  0.48447152
   0.03971000  0.69194000  0.08602000
   0.31323839  0.93889901  0.28799594
   0.12448068  0.56056505  0.39035472
   0.17937159  0.81536871  0.18677517
   0.26207240  0.69312794  0.48560327
   0.37304000  0.69194000  0.08602000
   0.64694418  0.93898187  0.28812160
   0.45755923  0.56018850  0.39023472
   0.51264946  0.81543642  0.18686063
   0.59614455  0.69144793  0.48666290
   0.70637000  0.69194000  0.08602000
   0.98002480  0.93855704  0.28828579
   0.84609815  0.81536989  0.18684233
   0.92864274  0.69648691  0.48949781
   0.79013041  0.56135106  0.39110653
   0.17417000  0.33753000  0.10253000
   0.25623729  0.20536362  0.40105580
   0.07823247  0.32309745  0.49850244
   0.31516208  0.46036383  0.20459718
   0.11519870  0.08276212  0.30593793
   0.23858000  0.04636000  0.06951000
   0.04538391  0.17040596  0.16988930
   0.32147865  0.41750086  0.37230448
   0.12612166  0.04791729  0.47714328
   0.18173646  0.29278010  0.27058165
   0.50750000  0.33753000  0.10253000
   0.58850816  0.20546325  0.40072925
   0.40895109  0.32348841  0.50014129
   0.64857833  0.46078540  0.20516549
   0.44870025  0.08315378  0.30560021
   0.57191000  0.04636000  0.06951000
   0.37893089  0.17080656  0.17007873
   0.65584632  0.41971812  0.37375733
   0.45915364  0.04615264  0.47677066
   0.51536542  0.29364124  0.27118332
   0.84083000  0.33753000  0.10253000
   0.92269741  0.20540734  0.40102023
   0.74395974  0.32298223  0.49654702
   0.98174932  0.46043779  0.20470401
   0.78210663  0.08317900  0.30574576
   0.90524000  0.04636000  0.06951000
   0.71214065  0.17052183  0.16992283
   0.98770933  0.41841548  0.37272998
   0.79176292  0.04763539  0.47700863
   0.84852678  0.29307590  0.27070089
   0.17417000  0.83753000  0.10253000
   0.24829771  0.70864006  0.40359931
   0.05822492  0.83280138  0.50488853
   0.31328790  0.96068131  0.20434748
   0.11728615  0.58409795  0.30656877
   0.23858000  0.54636000  0.06951000
   0.04698149  0.66988588  0.16977714
   0.31233131  0.91824043  0.37220829
   0.14517771  0.54293483  0.47700909
   0.18229418  0.79221602  0.27013182
   0.50750000  0.83753000  0.10253000
   0.58117136  0.70801184  0.40407449
   0.38983404  0.82930207  0.50419644
   0.64661509  0.96066991  0.20443525
   0.45086293  0.58395285  0.30646713
   0.57191000  0.54636000  0.06951000
   0.38032895  0.66997231  0.16980606
   0.64664545  0.91840859  0.37233374
   0.47792956  0.54181208  0.47672290
   0.51552812  0.79241721  0.27029226
   0.84083000  0.83753000  0.10253000
   0.72513274  0.83004422  0.50129356
   0.97997349  0.96062618  0.20455569
   0.78446942  0.58478529  0.30730630
   0.90524000  0.54636000  0.06951000
   0.71373072  0.66992912  0.16979506
   0.97966577  0.91738011  0.37266866
   0.81176455  0.54546170  0.48778379
   0.84904784  0.79211876  0.27022626
   0.91370201  0.70646026  0.40672882
   0.63091064  0.61824292  0.61038798
   0.84353818  0.39514230  0.67034985
   0.81325060  0.49825188  0.58869240
   0.51634203  0.60237027  0.64335530
   0.44613112  0.49755692  0.67419461
   0.31680719  0.47714097  0.66755208
   0.50008793  0.42782704  0.66235116
   0.46219683  0.51258870  0.72095739
   0.45897386  0.67460640  0.65012114
