   0.18177503  0.06500855  0.19521601
   0.24168961  0.44255342  0.50358498
   0.03971000  0.44194000  0.09637000
   0.31897540  0.19024971  0.29927620
   0.11308421  0.31809422  0.40107893
   0.51480001  0.06474318  0.19489528
   0.57377453  0.44850702  0.50050891
   0.37304000  0.44194000  0.09637000
   0.65208355  0.18989996  0.29845474
   0.44838971  0.31833876  0.40124411
   0.84823359  0.06470606  0.19467666
   0.91350350  0.44796598  0.50047792
   0.70637000  0.44194000  0.09637000
   0.98547465  0.18983364  0.29813811
   0.78011656  0.31721397  0.40108325
   0.17947760  0.56530279  0.19530866
   0.28474761  0.93463142  0.50304657
   0.03971000  0.94194000  0.09637000
   0.31552181  0.69066896  0.29822959
   0.12616479  0.81589760  0.39825561
   0.51274813  0.56485811  0.19513221
   0.61817232  0.93368695  0.50305870
   0.37304000  0.94194000  0.09637000
   0.64855652  0.69011837  0.29765730
   0.45925227  0.81602932  0.39839411
   0.84627787  0.56518263  0.19527324
   0.95119072  0.93415748  0.50166976
   0.70637000  0.94194000  0.09637000
   0.98216066  0.69052019  0.29825341
   0.79201761  0.81536211  0.39768496
   0.60359996  0.19319442  0.50227497
   0.03971000  0.19194000  0.09637000
   0.31401873  0.44060903  0.29809711
   0.12793845  0.06229861  0.40029627
   0.18000427  0.31627037  0.19715023
   0.26121953  0.19718470  0.49541276
   0.37304000  0.19194000  0.09637000
   0.64732120  0.44046954  0.29785614
   0.46322027  0.06413004  0.40274763
   0.51324278  0.31608701  0.19709710
   0.70637000  0.19194000  0.09637000
   0.98049838  0.44081078  0.29797044
   0.79614167  0.06187922  0.39951252
   0.84658185  0.31628318  0.19707392
   0.91657873  0.19347974  0.49947769
   0.03971000  0.69194000  0.09637000
   0.32050870  0.94217586  0.29939891
   0.11417235  0.56578826  0.39912650
   0.18008056  0.81730522  0.19773198
   0.25539915  0.69812977  0.49472817
   0.37304000  0.69194000  0.09637000
   0.65282690  0.94020134  0.29722046
   0.44556797  0.56627983  0.39923967
   0.51329249  0.81589192  0.19582209
   0.58673731  0.69921739  0.49487300
   0.70637000  0.69194000  0.09637000
   0.98625283  0.94031417  0.29763113
   0.84712783  0.81597303  0.19593597
   0.92026120  0.70109459  0.49434404
   0.78036021  0.56634166  0.39864507
   0.17417000  0.33753000  0.11288000
   0.24788752  0.21153787  0.41359726
   0.03990329  0.33831658  0.51298526
   0.31368161  0.46158190  0.21414906
   0.11982250  0.08548097  0.31617397
   0.23858000  0.04636000  0.07986000
   0.04731425  0.17091779  0.18010208
   0.31248115  0.42118956  0.38220831
   0.15193231  0.04448258  0.48713291
   0.18433464  0.29365330  0.28028037
   0.50750000  0.33753000  0.11288000
   0.58083796  0.21290297  0.41939098
   0.37599722  0.33800529  0.51464671
   0.64710947  0.46135851  0.21392653
   0.45431147  0.08731341  0.31833361
   0.57191000  0.04636000  0.07986000
   0.38068713  0.17087356  0.18002757
   0.64611458  0.42101884  0.38192900
   0.48476266  0.04225824  0.48829258
   0.51751865  0.29363767  0.28027142
   0.84083000  0.33753000  0.11288000
   0.91434989  0.21117332  0.41594756
   0.70865802  0.34729761  0.51100123
   0.98053890  0.46161746  0.21399933
   0.78672350  0.08567506  0.31555342
   0.90524000  0.04636000  0.07986000
   0.71389899  0.17086727  0.18005099
   0.97836158  0.42120451  0.38206840
   0.81729868  0.03893704  0.48376612
   0.85083304  0.29382899  0.28017658
   0.17417000  0.83753000  0.11288000
   0.25900464  0.70834202  0.41024709
   0.08340462  0.82472604  0.51166444
   0.31674630  0.96223971  0.21514374
   0.11545506  0.58547421  0.31493758
   0.23858000  0.54636000  0.07986000
   0.04586684  0.67201448  0.18051725
   0.32548992  0.92140590  0.38341489
   0.11462882  0.55505558  0.48625339
   0.18263468  0.79646500  0.28127119
   0.50619000  0.83294000  0.10916000
   0.59183419  0.70814118  0.41023446
   0.41611539  0.82302143  0.51221737
   0.64933805  0.96053087  0.21289570
   0.44851167  0.58542647  0.31494045
   0.57191000  0.54636000  0.07986000
   0.37902747  0.67140317  0.18006694
   0.65794204  0.91953027  0.38094648
   0.44292664  0.55650896  0.48666257
   0.51550264  0.79507450  0.27954436
   0.83992000  0.83287000  0.10930000
   0.75027409  0.82239619  0.51201809
   0.98270590  0.96080862  0.21329854
   0.78193180  0.58519199  0.31445979
   0.90524000  0.54636000  0.07986000
   0.71226714  0.67149561  0.18021658
   0.99152409  0.92002214  0.38178814
   0.77951221  0.55841083  0.48542913
   0.84889486  0.79529863  0.27975592
   0.92615611  0.70847897  0.40947444
   0.76636395  0.54589448  0.65417376
   0.74048602  0.17011901  0.59224398
   0.74101991  0.37820802  0.60818018
   0.76337198  0.57755242  0.70442454
   0.73337347  0.50312650  0.75546721
   0.64416613  0.52737424  0.78359839
   0.69653306  0.41505875  0.74255053
   0.84269966  0.51522924  0.78117851
   0.78640459  0.66876962  0.71266657
