   0.18177000  0.06503000  0.19527000
   0.24130928  0.44418768  0.50297414
   0.03971000  0.44194000  0.09637000
   0.31882898  0.19030600  0.29933935
   0.11452275  0.31826606  0.40025291
   0.51472000  0.06471000  0.19485000
   0.58171579  0.44137524  0.50453340
   0.37304000  0.44194000  0.09637000
   0.65193525  0.19031954  0.29902024
   0.45035680  0.31751915  0.40176281
   0.84826000  0.06468000  0.19455000
   0.91469859  0.44341214  0.50440019
   0.70637000  0.44194000  0.09637000
   0.98548711  0.18993860  0.29791640
   0.77943028  0.31784518  0.40308775
   0.17955000  0.56532000  0.19533000
   0.28286843  0.93661846  0.50499492
   0.03971000  0.94194000  0.09637000
   0.31580786  0.69096463  0.29824561
   0.12501786  0.81562208  0.39818307
   0.51276000  0.56480000  0.19498000
   0.61536063  0.93603652  0.50489337
   0.37304000  0.94194000  0.09637000
   0.64864203  0.69028693  0.29738541
   0.45876914  0.81669795  0.39912639
   0.84642000  0.56519000  0.19522000
   0.94572819  0.93619080  0.50293585
   0.70637000  0.94194000  0.09637000
   0.98247155  0.69080651  0.29800649
   0.79128945  0.81509250  0.39834205
   0.57682959  0.19070787  0.51024590
   0.03971000  0.19194000  0.09637000
   0.31463393  0.44071776  0.29834072
   0.12794936  0.06227952  0.39998537
   0.18013000  0.31638000  0.19719000
   0.26913520  0.19463612  0.49713385
   0.37304000  0.19194000  0.09637000
   0.64759362  0.44019627  0.29735464
   0.46397921  0.06572907  0.40027596
   0.51314000  0.31594000  0.19696000
   0.70637000  0.19194000  0.09637000
   0.98086912  0.44018962  0.29815276
   0.79184698  0.06225797  0.40019984
   0.84665000  0.31624000  0.19703000
   0.92857624  0.19587634  0.49455074
   0.03971000  0.69194000  0.09637000
   0.32012493  0.94212570  0.29942840
   0.11429016  0.56453885  0.39922545
   0.18025000  0.81742000  0.19778000
   0.25283122  0.69477353  0.49393180
   0.37304000  0.69194000  0.09637000
   0.65240737  0.94025486  0.29698230
   0.44777158  0.56522477  0.39968438
   0.51318000  0.81586000  0.19571000
   0.58467204  0.69801915  0.49503612
   0.70637000  0.69194000  0.09637000
   0.98584336  0.94026790  0.29756144
   0.84718000  0.81593000  0.19584000
   0.91677158  0.69700984  0.49466631
   0.78196070  0.56552642  0.39815425
   0.17417000  0.33753000  0.11288000
   0.24832971  0.21103845  0.41556953
   0.04203632  0.33663247  0.51397969
   0.31386000  0.46170000  0.21427000
   0.11971469  0.08541511  0.31617119
   0.23858000  0.04636000  0.07986000
   0.04735000  0.17100000  0.18013000
   0.31333430  0.42134722  0.38234355
   0.14797461  0.04323762  0.48705525
   0.18444280  0.29374093  0.28035232
   0.50750000  0.33753000  0.11288000
   0.58165455  0.21209742  0.42036584
   0.37791402  0.33711095  0.51184778
   0.64712000  0.46121000  0.21367000
   0.45383713  0.08704261  0.31810795
   0.57191000  0.04636000  0.07986000
   0.38063000  0.17082000  0.17998000
   0.64642239  0.42174266  0.38129540
   0.47832811  0.03702942  0.48312102
   0.51704071  0.29359148  0.27994798
   0.84083000  0.33753000  0.11288000
   0.91456088  0.21073563  0.41167115
   0.71146308  0.33421436  0.51301013
   0.98063000  0.46160000  0.21400000
   0.78655069  0.08527600  0.31533454
   0.90524000  0.04636000  0.07986000
   0.71387000  0.17083000  0.18002000
   0.97929575  0.42113991  0.38240981
   0.81286553  0.04386959  0.48860949
   0.85072225  0.29357670  0.28003847
   0.17417000  0.83753000  0.11288000
   0.25749321  0.70748537  0.41070646
   0.08047153  0.82365902  0.51352843
   0.31682000  0.96236000  0.21534000
   0.11559751  0.58571523  0.31454464
   0.23858000  0.54636000  0.07986000
   0.04601000  0.67209000  0.18056000
   0.32386985  0.92083566  0.38289235
   0.11548316  0.55229484  0.49029506
   0.18258338  0.79640402  0.28115777
   0.50619000  0.83294000  0.10916000
   0.59052784  0.70827679  0.41151968
   0.41447985  0.82503406  0.51184862
   0.64926000  0.96050000  0.21277000
   0.44896417  0.58596423  0.31517256
   0.57191000  0.54636000  0.07986000
   0.37906000  0.67136000  0.18002000
   0.65823935  0.91933457  0.38079999
   0.45067907  0.55312647  0.48755308
   0.51553791  0.79508638  0.27936707
   0.83992000  0.83287000  0.10930000
   0.74719632  0.82518678  0.51004459
   0.98268000  0.96077000  0.21320000
   0.78231873  0.58545193  0.31384274
   0.90524000  0.54636000  0.07986000
   0.71230000  0.67144000  0.18017000
   0.99056164  0.92009274  0.38191293
   0.78065744  0.55372042  0.48655551
   0.84895685  0.79540051  0.27957026
   0.92504377  0.70799053  0.41013234
   0.78477000  0.69231000  0.65805000
   0.54700346  0.14492518  0.59830679
   0.95412756  0.65370376  0.60510482
   0.72606138  0.61062708  0.68760688
   0.79869273  0.54415367  0.74078851
   0.74661173  0.45487039  0.75664380
   0.92244669  0.54992864  0.73904916
   0.77312449  0.59447908  0.77897572
   0.60889155  0.54878263  0.68194318
