   0.18177000  0.06503000  0.19527000
   0.26166160  0.43711893  0.50232302
   0.03971000  0.44194000  0.09637000
   0.31569332  0.18883604  0.29955189
   0.11587260  0.31263195  0.40385624
   0.51472000  0.06471000  0.19485000
   0.59170596  0.43464976  0.50292196
   0.37304000  0.44194000  0.09637000
   0.64935429  0.18927221  0.29940219
   0.44842002  0.31380768  0.40196726
   0.84826000  0.06468000  0.19455000
   0.92502321  0.43593424  0.50155132
   0.70637000  0.44194000  0.09637000
   0.98246751  0.18927608  0.29997074
   0.78479530  0.31417336  0.40207656
   0.17955000  0.56532000  0.19533000
   0.27581625  0.93291921  0.50493164
   0.03971000  0.94194000  0.09637000
   0.31736694  0.68871797  0.29844010
   0.12311148  0.81259626  0.39643003
   0.51276000  0.56480000  0.19498000
   0.60576540  0.93281535  0.50571171
   0.37304000  0.94194000  0.09637000
   0.64992128  0.68833353  0.29764258
   0.45685415  0.81365471  0.39903523
   0.84642000  0.56519000  0.19522000
   0.93715352  0.93345012  0.50303769
   0.70637000  0.94194000  0.09637000
   0.98356479  0.68821739  0.29733974
   0.78967298  0.81234635  0.39838178
   0.59283105  0.19317181  0.49624292
   0.03971000  0.19194000  0.09637000
   0.31473607  0.43901985  0.29862009
   0.12340741  0.05783427  0.39878477
   0.18013000  0.31638000  0.19719000
   0.24900422  0.18521334  0.49924340
   0.37304000  0.19194000  0.09637000
   0.64835234  0.43891840  0.29789061
   0.45509742  0.06105744  0.40115110
   0.51314000  0.31594000  0.19696000
   0.70637000  0.19194000  0.09637000
   0.98241962  0.43881684  0.29813020
   0.78843377  0.06061281  0.40233253
   0.84665000  0.31624000  0.19703000
   0.94259872  0.18778821  0.50239967
   0.03971000  0.69194000  0.09637000
   0.31946802  0.93970973  0.29851490
   0.11960105  0.56092634  0.39963585
   0.18025000  0.81742000  0.19778000
   0.26734030  0.69206056  0.49499409
   0.37304000  0.69194000  0.09637000
   0.65182381  0.93953081  0.29788902
   0.45330458  0.56099301  0.40048809
   0.51318000  0.81586000  0.19571000
   0.59825388  0.69280063  0.49630124
   0.70637000  0.69194000  0.09637000
   0.98295983  0.93877657  0.29720257
   0.84718000  0.81593000  0.19584000
   0.93682341  0.68390275  0.49492084
   0.78730339  0.56059631  0.39914055
   0.17417000  0.33753000  0.11288000
   0.25095415  0.20427003  0.41503517
   0.06122289  0.33633324  0.50521228
   0.31386000  0.46170000  0.21427000
   0.11568043  0.08374035  0.31602952
   0.23858000  0.04636000  0.07986000
   0.04735000  0.17100000  0.18013000
   0.31420027  0.41782463  0.38270030
   0.13889655  0.03003274  0.48066815
   0.18220244  0.29309519  0.28060165
   0.50750000  0.33753000  0.11288000
   0.58399851  0.20729415  0.41387937
   0.39313320  0.32856382  0.50855042
   0.64712000  0.46121000  0.21367000
   0.45030500  0.08479059  0.31717797
   0.57191000  0.04636000  0.07986000
   0.38063000  0.17082000  0.17998000
   0.64913008  0.41797852  0.38196486
   0.47365397  0.04226994  0.48807228
   0.51509110  0.29306821  0.28042834
   0.84083000  0.33753000  0.11288000
   0.91418913  0.20616790  0.41797518
   0.72377008  0.32913465  0.51408884
   0.98063000  0.46160000  0.21400000
   0.78275916  0.08480384  0.31753538
   0.90524000  0.04636000  0.07986000
   0.71387000  0.17083000  0.18002000
   0.98255784  0.41789102  0.38201335
   0.80516276  0.04039973  0.48849333
   0.84864384  0.29319877  0.28039336
   0.17417000  0.83753000  0.11288000
   0.25616036  0.70697751  0.41223930
   0.06867152  0.82148085  0.52093285
   0.31682000  0.96236000  0.21534000
   0.11765474  0.58400303  0.31566414
   0.23858000  0.54636000  0.07986000
   0.04601000  0.67209000  0.18056000
   0.32219158  0.91719135  0.38201656
   0.12708555  0.55072536  0.48743505
   0.18387614  0.79350165  0.28093769
   0.50619000  0.83294000  0.10916000
   0.59033242  0.70707692  0.41343724
   0.40482319  0.82403469  0.51549113
   0.64926000  0.96050000  0.21277000
   0.45067383  0.58414699  0.31647449
   0.57191000  0.54636000  0.07986000
   0.37906000  0.67136000  0.18002000
   0.65542395  0.91656641  0.38209700
   0.46320010  0.54801247  0.48768106
   0.51671963  0.79329752  0.27951355
   0.83992000  0.83287000  0.10930000
   0.73830785  0.82405264  0.51904985
   0.98268000  0.96077000  0.21320000
   0.78424133  0.58432663  0.31542486
   0.90524000  0.54636000  0.07986000
   0.71230000  0.67144000  0.18017000
   0.98685629  0.91446706  0.38040169
   0.79421294  0.54549160  0.48622409
   0.84966494  0.79279045  0.27916690
   0.92497060  0.70653811  0.41309410
   0.78477000  0.69231000  0.65805000
   0.10575728  0.15594905  0.58502459
  -0.05196644  0.78592849  0.59928805
   0.72087014  0.63300524  0.69770516
   0.80132181  0.57526415  0.74073543
   0.74356187  0.48631811  0.74067733
   0.92828826  0.58681736  0.73305644
   0.77968378  0.60574916  0.78440706
   0.58994489  0.61968282  0.70174294
