   0.17782733  0.06421700  0.19544086
   0.28637131  0.42949191  0.50182200
   0.03971000  0.44194000  0.09637000
   0.31406364  0.18785152  0.29870320
   0.12862320  0.31095493  0.39862179
   0.51109472  0.06432079  0.19552005
   0.61971730  0.43148449  0.50213709
   0.37304000  0.44194000  0.09637000
   0.64753347  0.18786052  0.29890747
   0.46187281  0.31111162  0.39873139
   0.84430513  0.06422770  0.19544431
   0.95340883  0.42838921  0.50149533
   0.70637000  0.44194000  0.09637000
   0.98087354  0.18786775  0.29857687
   0.79547426  0.31114762  0.39858709
   0.18005442  0.56399885  0.19518046
   0.24733917  0.93872864  0.50338907
   0.03971000  0.94194000  0.09637000
   0.31527031  0.68876508  0.29909612
   0.10983980  0.81533561  0.40071218
   0.51345254  0.56396025  0.19516725
   0.58118164  0.94049453  0.50407164
   0.37304000  0.94194000  0.09637000
   0.64818867  0.68846552  0.29880806
   0.44058133  0.81676039  0.40395206
   0.84671798  0.56401117  0.19533125
   0.91259117  0.93788769  0.50511715
   0.70637000  0.94194000  0.09637000
   0.98190782  0.68847610  0.29881046
   0.77529400  0.81654343  0.40020543
   0.92844202  0.69338889  0.49593886
   0.03971000  0.19194000  0.09637000
   0.31898175  0.43778804  0.29780505
   0.11368020  0.06174622  0.40031778
   0.17914784  0.31491257  0.19621056
   0.25952555  0.19261892  0.49565524
   0.37304000  0.19194000  0.09637000
   0.65253209  0.43834139  0.29863302
   0.44661595  0.06245198  0.40025790
   0.51226980  0.31558587  0.19749014
   0.59252033  0.19518553  0.49527127
   0.70637000  0.19194000  0.09637000
   0.98627114  0.43828414  0.29825514
   0.77993894  0.06188888  0.40025574
   0.84528288  0.31551785  0.19737168
   0.92817162  0.19091895  0.49519834
   0.03971000  0.69194000  0.09637000
   0.31045902  0.93929362  0.29856988
   0.12791250  0.55925021  0.40047011
   0.17813472  0.81555678  0.19730799
   0.25824017  0.68813719  0.50081010
   0.37304000  0.69194000  0.09637000
   0.64293793  0.93915327  0.29866935
   0.46011394  0.55935463  0.40010775
   0.51136620  0.81551917  0.19726057
   0.59305680  0.69297217  0.49576358
   0.70637000  0.69194000  0.09637000
   0.97722266  0.93930322  0.29846040
   0.84467906  0.81555752  0.19727987
   0.79418609  0.55987316  0.40046798
   0.17310000  0.33301000  0.10976000
   0.26125282  0.20308391  0.41106095
   0.08587729  0.31755712  0.51164250
   0.31425548  0.45981827  0.21369446
   0.11386676  0.08305604  0.31582049
   0.23858000  0.04636000  0.07986000
   0.04414806  0.17061576  0.18010980
   0.32785792  0.41509067  0.38163032
   0.11538137  0.04936166  0.48823986
   0.18125738  0.29273932  0.27992238
   0.50750000  0.33753000  0.11288000
   0.59526192  0.20363836  0.41080875
   0.41940174  0.31997328  0.51127171
   0.64779615  0.46069365  0.21486900
   0.44731242  0.08297114  0.31577362
   0.57191000  0.04636000  0.07986000
   0.37753529  0.17085114  0.18030320
   0.66149093  0.41614188  0.38256770
   0.44978706  0.05263088  0.48784369
   0.51467525  0.29309657  0.28091333
   0.84083000  0.33753000  0.11288000
   0.92783720  0.20313120  0.41118404
   0.75128580  0.32189544  0.51192904
   0.98125352  0.46057192  0.21453400
   0.78065406  0.08280806  0.31580140
   0.90524000  0.04636000  0.07986000
   0.71080792  0.17072997  0.18016421
   0.99431513  0.41501690  0.38163257
   0.78402279  0.04929979  0.48806866
   0.84788423  0.29289775  0.28065607
   0.17417000  0.83753000  0.11288000
   0.24063654  0.70866761  0.41756862
   0.04408284  0.83194452  0.51748409
   0.31196759  0.96069348  0.21451906
   0.11650998  0.58465207  0.31682885
   0.23858000  0.54636000  0.07986000
   0.04594785  0.67017415  0.18004152
   0.30655850  0.91989040  0.38265755
   0.15089275  0.53426483  0.48419236
   0.18049172  0.79250319  0.28053529
   0.50750000  0.83753000  0.11288000
   0.57651567  0.70938432  0.41412895
   0.38280970  0.83554600  0.50751780
   0.64520564  0.96073223  0.21460044
   0.44928862  0.58394737  0.31647524
   0.57191000  0.54636000  0.07986000
   0.37928855  0.67003799  0.17997860
   0.63992098  0.91974606  0.38295714
   0.48660358  0.53983449  0.48611552
   0.51381109  0.79225391  0.28032527
   0.84083000  0.83753000  0.11288000
   0.71149047  0.83179098  0.51564491
   0.97859139  0.96073453  0.21450834
   0.78295726  0.58442220  0.31694956
   0.90524000  0.54636000  0.07986000
   0.71265139  0.67010880  0.18004380
   0.97471960  0.91925702  0.38271902
   0.82112155  0.54068634  0.48741939
   0.84717175  0.79234641  0.28049649
   0.90878396  0.71018140  0.41441044
   0.73709676  0.57196048  0.64601172
   0.25278823  0.65566366  0.60274816
   0.97728591  0.63554897  0.61136787
   0.68952700  0.53550805  0.69370475
   0.78918041  0.53043079  0.74516567
   0.75389731  0.44828843  0.76605470
   0.91582381  0.54940767  0.73520572
   0.76431669  0.59097569  0.77721095
   0.55964802  0.50430114  0.69899293
