   0.17881285  0.06458929  0.19524424
   0.26803527  0.43277331  0.50219627
   0.03971000  0.44194000  0.09637000
   0.31477816  0.18932337  0.29866185
   0.12011598  0.31224045  0.40287550
   0.51242535  0.06455731  0.19525667
   0.60099031  0.43303814  0.50229807
   0.37304000  0.44194000  0.09637000
   0.64814477  0.18891423  0.29922533
   0.44996604  0.31261593  0.40333085
   0.84543106  0.06489254  0.19531295
   0.93333513  0.43158842  0.50176645
   0.70637000  0.44194000  0.09637000
   0.98203336  0.18946631  0.29956568
   0.78571375  0.31317519  0.39989968
   0.17984358  0.56407172  0.19516447
   0.26239890  0.93698103  0.51062073
   0.03971000  0.94194000  0.09637000
   0.31613358  0.68835431  0.29843553
   0.11900394  0.81444254  0.39733809
   0.51322346  0.56334887  0.19449395
   0.59265976  0.93455405  0.50607966
   0.37304000  0.94194000  0.09637000
   0.64926223  0.68809676  0.29781712
   0.45234737  0.81448518  0.39956339
   0.84674231  0.56409303  0.19496892
   0.92387147  0.93281513  0.50596034
   0.70637000  0.94194000  0.09637000
   0.98279398  0.68837250  0.29737706
   0.78556074  0.81420345  0.39920658
   0.93141721  0.68405520  0.49378641
   0.03971000  0.19194000  0.09637000
   0.31597029  0.43838689  0.29843865
   0.11956118  0.05998799  0.40130925
   0.17886223  0.31539010  0.19616322
   0.25772669  0.18204182  0.50417712
   0.37304000  0.19194000  0.09637000
   0.64926112  0.43799911  0.29736922
   0.45177549  0.06058786  0.40064188
   0.51216881  0.31488424  0.19689434
   0.58569691  0.19185210  0.49673966
   0.70637000  0.19194000  0.09637000
   0.98386859  0.43834988  0.29862150
   0.78524295  0.06085811  0.40127445
   0.84480557  0.31575818  0.19741758
   0.92760386  0.19127711  0.49654145
   0.03971000  0.69194000  0.09637000
   0.31548706  0.93997705  0.29815609
   0.12270211  0.56046662  0.40029189
   0.17936324  0.81596264  0.19720136
   0.26584712  0.69158379  0.49574550
   0.37304000  0.69194000  0.09637000
   0.64895012  0.93952926  0.29868682
   0.45645307  0.56005117  0.40037910
   0.51219727  0.81590072  0.19746429
   0.59479651  0.69252145  0.49661944
   0.70637000  0.69194000  0.09637000
   0.98224260  0.94053677  0.29820137
   0.84545070  0.81619319  0.19715770
   0.78895190  0.55945111  0.39808881
   0.17310000  0.33301000  0.10976000
   0.25033944  0.20499264  0.41923529
   0.06523415  0.32678293  0.51160978
   0.31406857  0.46008334  0.21390893
   0.11642452  0.08542996  0.31724141
   0.23858000  0.04636000  0.07986000
   0.04499594  0.17085341  0.17989414
   0.31765111  0.41672871  0.38275279
   0.12259909  0.03201143  0.48407208
   0.18110788  0.29365674  0.27988555
   0.50750000  0.33753000  0.11288000
   0.58583181  0.20569568  0.41303312
   0.40249663  0.32835304  0.50858486
   0.64790155  0.45993065  0.21367823
   0.44819137  0.08467738  0.31664101
   0.57191000  0.04636000  0.07986000
   0.37800025  0.17036021  0.17976646
   0.65030886  0.41660076  0.38110692
   0.46332124  0.04164130  0.48578060
   0.51426444  0.29251474  0.27982881
   0.84083000  0.33753000  0.11288000
   0.91794867  0.20600264  0.41360344
   0.73194779  0.32433694  0.51218057
   0.98102168  0.46067915  0.21454967
   0.78196566  0.08433036  0.31703455
   0.90524000  0.04636000  0.07986000
   0.71148959  0.17072885  0.17986420
   0.98662019  0.41728960  0.38252497
   0.79581027  0.04323226  0.48830890
   0.84766611  0.29309080  0.28064242
   0.17417000  0.83753000  0.11288000
   0.25169422  0.70847273  0.41389113
   0.05053376  0.81980242  0.52617276
   0.31348924  0.96108954  0.21458707
   0.11670053  0.58431111  0.31639861
   0.23858000  0.54636000  0.07986000
   0.04615940  0.67065791  0.18015001
   0.31766558  0.91698245  0.38156904
   0.13599018  0.54514960  0.48744462
   0.18265101  0.79303906  0.28040738
   0.50750000  0.83753000  0.11288000
   0.58662166  0.70846997  0.41420103
   0.39171036  0.82708771  0.51792524
   0.64667080  0.96125371  0.21488777
   0.44996407  0.58369131  0.31643492
   0.57191000  0.54636000  0.07986000
   0.37948634  0.67035799  0.18012200
   0.65083197  0.91760979  0.38260629
   0.47000433  0.54553527  0.48710782
   0.51586475  0.79305694  0.28064938
   0.84083000  0.83753000  0.11288000
   0.72382019  0.82637530  0.51986678
   0.97997546  0.96154392  0.21454584
   0.78353959  0.58361508  0.31482771
   0.90524000  0.54636000  0.07986000
   0.71257264  0.67055435  0.18009526
   0.98318545  0.91672844  0.38128705
   0.80351142  0.54118754  0.48429871
   0.84860895  0.79302973  0.28014648
   0.92028094  0.70805583  0.41336070
   0.77660900  0.60688353  0.64819860
   0.26964852  0.12557105  0.59594342
   0.93164346  0.74338817  0.60124093
   0.71890224  0.54726379  0.68876423
   0.80056684  0.53312869  0.74370060
   0.76076749  0.44774530  0.75997843
   0.93004534  0.55587144  0.73959218
   0.76282628  0.58817717  0.77574982
   0.59387564  0.50176590  0.68477864
