   0.18177000  0.06503000  0.19527000
   0.24607293  0.43861596  0.50336132
   0.03971000  0.44194000  0.09637000
   0.31759664  0.18962580  0.29879578
   0.11050664  0.31705454  0.40165451
   0.51472000  0.06471000  0.19485000
   0.58181811  0.44165453  0.50073413
   0.37304000  0.44194000  0.09637000
   0.65101539  0.19005921  0.29879356
   0.44407666  0.31603289  0.40244415
   0.84826000  0.06468000  0.19455000
   0.91529493  0.44234338  0.50244803
   0.70637000  0.44194000  0.09637000
   0.98433333  0.19006409  0.29896092
   0.77456377  0.31760714  0.40407260
   0.17955000  0.56532000  0.19533000
   0.28059743  0.93204084  0.50509655
   0.03971000  0.94194000  0.09637000
   0.31467822  0.68922263  0.29824614
   0.12488948  0.81374975  0.39529788
   0.51276000  0.56480000  0.19498000
   0.61050313  0.93294784  0.50402690
   0.37304000  0.94194000  0.09637000
   0.64748450  0.68894460  0.29684240
   0.45747742  0.81470610  0.39816877
   0.84642000  0.56519000  0.19522000
   0.94246032  0.93736169  0.50443065
   0.70637000  0.94194000  0.09637000
   0.98095802  0.68897843  0.29729451
   0.79018985  0.81425092  0.39646187
   0.58428512  0.18971750  0.50282334
   0.03971000  0.19194000  0.09637000
   0.31283348  0.44022442  0.29866557
   0.12437220  0.06125558  0.40153725
   0.18013000  0.31638000  0.19719000
   0.26419357  0.19230655  0.49837597
   0.37304000  0.19194000  0.09637000
   0.64505715  0.43920940  0.29747655
   0.45893751  0.06139076  0.39985053
   0.51314000  0.31594000  0.19696000
   0.70637000  0.19194000  0.09637000
   0.97936826  0.44023559  0.29849125
   0.78955791  0.06178582  0.40000568
   0.84665000  0.31624000  0.19703000
   0.91846061  0.19690407  0.49637105
   0.03971000  0.69194000  0.09637000
   0.31980204  0.94078833  0.29819315
   0.11450620  0.56356245  0.40033818
   0.18025000  0.81742000  0.19778000
   0.26611034  0.68978660  0.49520998
   0.37304000  0.69194000  0.09637000
   0.65155760  0.93994657  0.29703990
   0.44818457  0.56359709  0.40013324
   0.51318000  0.81586000  0.19571000
   0.58976304  0.69739851  0.49560079
   0.70637000  0.69194000  0.09637000
   0.98546266  0.94078935  0.29757813
   0.84718000  0.81593000  0.19584000
   0.91614906  0.69698759  0.49275400
   0.78082870  0.56332593  0.39724844
   0.17417000  0.33753000  0.11288000
   0.24172440  0.20922614  0.41596745
   0.04418277  0.33409963  0.51493291
   0.31386000  0.46170000  0.21427000
   0.11818269  0.08551112  0.31704609
   0.23858000  0.04636000  0.07986000
   0.04735000  0.17100000  0.18013000
   0.30964964  0.42028556  0.38292782
   0.14598088  0.03953827  0.48908523
   0.18308272  0.29369593  0.28050013
   0.50750000  0.33753000  0.11288000
   0.57553990  0.20934580  0.41719976
   0.38088661  0.33634178  0.51057593
   0.64712000  0.46121000  0.21367000
   0.45257420  0.08564272  0.31620240
   0.57191000  0.04636000  0.07986000
   0.38063000  0.17082000  0.17998000
   0.64140146  0.42084743  0.38119105
   0.47397449  0.03335972  0.48183359
   0.51597013  0.29303552  0.27985808
   0.84083000  0.33753000  0.11288000
   0.91111960  0.21009153  0.41451670
   0.71770108  0.33902461  0.50519106
   0.98063000  0.46160000  0.21400000
   0.78528321  0.08504792  0.31581475
   0.90524000  0.04636000  0.07986000
   0.71387000  0.17083000  0.18002000
   0.97572264  0.42092250  0.38310725
   0.81010497  0.04272523  0.48633755
   0.84998554  0.29383022  0.28016685
   0.17417000  0.83753000  0.11288000
   0.25631973  0.70787999  0.41223355
   0.07279327  0.82457681  0.52193148
   0.31682000  0.96236000  0.21534000
   0.11461011  0.58462524  0.31608209
   0.23858000  0.54636000  0.07986000
   0.04601000  0.67209000  0.18056000
   0.32230916  0.91759383  0.38106994
   0.11889389  0.55100761  0.48776886
   0.18168852  0.79459574  0.28088324
   0.50619000  0.83294000  0.10916000
   0.59028688  0.70775153  0.41152201
   0.40963296  0.82005722  0.51582241
   0.64926000  0.96050000  0.21277000
   0.44787423  0.58503150  0.31596191
   0.57191000  0.54636000  0.07986000
   0.37906000  0.67136000  0.18002000
   0.65644827  0.91823886  0.38088431
   0.44883376  0.55412872  0.48802902
   0.51458141  0.79436141  0.27936637
   0.83992000  0.83287000  0.10930000
   0.74704702  0.82443649  0.51382738
   0.98268000  0.96077000  0.21320000
   0.78096876  0.58401463  0.31348670
   0.90524000  0.54636000  0.07986000
   0.71230000  0.67144000  0.18017000
   0.99058916  0.91872820  0.38185049
   0.78247706  0.55406271  0.48419364
   0.84839834  0.79514439  0.27963992
   0.92535613  0.70804603  0.40950596
   0.78477000  0.69231000  0.65805000
   0.54843004  0.15340736  0.59575534
  -0.00641208  0.76340362  0.60431202
   0.71500264  0.61493001  0.68879701
   0.79669284  0.56323624  0.73330585
   0.75266211  0.47347480  0.73832197
   0.92468535  0.58474658  0.72553636
   0.77169971  0.60265888  0.77422287
   0.58381763  0.58735992  0.68247059
