   0.18177000  0.06503000  0.19527000
   0.26739481  0.43861230  0.50191437
   0.03971000  0.44194000  0.09637000
   0.31605769  0.19013456  0.29928249
   0.11881916  0.31571065  0.40305637
   0.51472000  0.06471000  0.19485000
   0.59631188  0.43765926  0.50235055
   0.37304000  0.44194000  0.09637000
   0.64924278  0.18920430  0.29848710
   0.44961198  0.31573621  0.40260504
   0.84826000  0.06468000  0.19455000
   0.92983219  0.43818864  0.49959193
   0.70637000  0.44194000  0.09637000
   0.98269741  0.19026818  0.29925547
   0.78483964  0.31556219  0.39997964
   0.17955000  0.56532000  0.19533000
   0.26777824  0.93710348  0.50544269
   0.03971000  0.94194000  0.09637000
   0.31726798  0.68919362  0.29775882
   0.12171321  0.81544693  0.39594652
   0.51276000  0.56480000  0.19498000
   0.59808221  0.93817007  0.50482197
   0.37304000  0.94194000  0.09637000
   0.64979904  0.68896083  0.29710326
   0.45524839  0.81665349  0.39797766
   0.84642000  0.56519000  0.19522000
   0.93021014  0.93747568  0.50318094
   0.70637000  0.94194000  0.09637000
   0.98340359  0.68928759  0.29708137
   0.78810954  0.81504807  0.39768483
   0.58953033  0.19700027  0.49606305
   0.03971000  0.19194000  0.09637000
   0.31582174  0.43970715  0.29851450
   0.12294177  0.06198035  0.39903922
   0.18013000  0.31638000  0.19719000
   0.24934929  0.18640756  0.50256631
   0.37304000  0.19194000  0.09637000
   0.64874546  0.43939847  0.29774777
   0.45241271  0.06403346  0.40104491
   0.51314000  0.31594000  0.19696000
   0.70637000  0.19194000  0.09637000
   0.98287342  0.43969767  0.29789211
   0.78738631  0.06330632  0.40015163
   0.84665000  0.31624000  0.19703000
   0.93396121  0.19350701  0.49733202
   0.03971000  0.69194000  0.09637000
   0.31801559  0.94107800  0.29845113
   0.12241555  0.56281754  0.39897673
   0.18025000  0.81742000  0.19778000
   0.26591414  0.69562496  0.49414677
   0.37304000  0.69194000  0.09637000
   0.65062713  0.93964301  0.29717983
   0.45579905  0.56246500  0.39984389
   0.51318000  0.81586000  0.19571000
   0.59609220  0.69694778  0.49506777
   0.70637000  0.69194000  0.09637000
   0.98296382  0.94014520  0.29691467
   0.84718000  0.81593000  0.19584000
   0.93265860  0.68844373  0.49451062
   0.78852770  0.56214335  0.39855043
   0.17417000  0.33753000  0.11288000
   0.25190777  0.20749846  0.41724044
   0.06393744  0.33545540  0.50522408
   0.31386000  0.46170000  0.21427000
   0.11628639  0.08535983  0.31508532
   0.23858000  0.04636000  0.07986000
   0.04735000  0.17100000  0.18013000
   0.31613520  0.42039121  0.38257612
   0.13025497  0.03315093  0.48112794
   0.18212934  0.29412145  0.28061611
   0.50750000  0.33753000  0.11288000
   0.58532042  0.20888640  0.41303441
   0.39780743  0.33052221  0.50915643
   0.64712000  0.46121000  0.21367000
   0.45018499  0.08571546  0.31664840
   0.57191000  0.04636000  0.07986000
   0.38063000  0.17082000  0.17998000
   0.65000423  0.41942711  0.38158345
   0.46651274  0.04650637  0.48760570
   0.51529697  0.29350316  0.28019848
   0.84083000  0.33753000  0.11288000
   0.91727557  0.20862775  0.41393952
   0.72892452  0.33080700  0.51179059
   0.98063000  0.46160000  0.21400000
   0.78355832  0.08461998  0.31558079
   0.90524000  0.04636000  0.07986000
   0.71387000  0.17083000  0.18002000
   0.98392491  0.42012167  0.38173730
   0.79998069  0.04608227  0.48691903
   0.84864237  0.29362489  0.28037091
   0.17417000  0.83753000  0.11288000
   0.25499222  0.71012712  0.41149405
   0.06287036  0.82540191  0.52242446
   0.31682000  0.96236000  0.21534000
   0.11747014  0.58517654  0.31500981
   0.23858000  0.54636000  0.07986000
   0.04601000  0.67209000  0.18056000
   0.32012345  0.91984108  0.38210919
   0.13323440  0.55149303  0.48619951
   0.18346221  0.79455847  0.28081185
   0.50619000  0.83294000  0.10916000
   0.58846657  0.70981022  0.41218197
   0.39778340  0.82900040  0.51613848
   0.64926000  0.96050000  0.21277000
   0.45113456  0.58478204  0.31577554
   0.57191000  0.54636000  0.07986000
   0.37906000  0.67136000  0.18002000
   0.65376177  0.91890691  0.38132609
   0.46763843  0.55054707  0.48685338
   0.51646100  0.79359044  0.27929449
   0.83992000  0.83287000  0.10930000
   0.73070742  0.83071503  0.51731558
   0.98268000  0.96077000  0.21320000
   0.78433324  0.58501016  0.31485582
   0.90524000  0.54636000  0.07986000
   0.71230000  0.67144000  0.18017000
   0.98566550  0.91766402  0.38013204
   0.79726132  0.54713065  0.48515405
   0.84912364  0.79383678  0.27915693
   0.92318359  0.70956733  0.41274449
   0.78477000  0.69231000  0.65805000
   0.15377595  0.14953610  0.59335583
  -0.03724302  0.77389642  0.60198434
   0.72089771  0.63210701  0.69754445
   0.80014852  0.57444410  0.74084388
   0.74293902  0.48582257  0.74133638
   0.92758889  0.58606831  0.73304648
   0.77869292  0.60641266  0.78375921
   0.58966704  0.61968344  0.70117208
