   0.17769961  0.06422870  0.19532176
   0.28790598  0.42909487  0.50134523
   0.03971000  0.44194000  0.09637000
   0.31398171  0.18784772  0.29853177
   0.12914676  0.31062974  0.39859101
   0.51098957  0.06426916  0.19541207
   0.62153391  0.43089660  0.50147200
   0.37304000  0.44194000  0.09637000
   0.64749593  0.18788724  0.29877367
   0.46239022  0.31071424  0.39854339
   0.84417013  0.06419879  0.19536173
   0.95522552  0.42814419  0.50140992
   0.70637000  0.44194000  0.09637000
   0.98075918  0.18786699  0.29848059
   0.79604725  0.31093116  0.39859688
   0.17997043  0.56401909  0.19508145
   0.24600842  0.93887972  0.50335622
   0.03971000  0.94194000  0.09637000
   0.31494317  0.68871046  0.29895134
   0.10897523  0.81545240  0.40040145
   0.51335031  0.56394911  0.19511146
   0.57985770  0.94088703  0.50423439
   0.37304000  0.94194000  0.09637000
   0.64787367  0.68833957  0.29862204
   0.43957173  0.81697686  0.40361275
   0.84663907  0.56398983  0.19523206
   0.91105119  0.93787571  0.50541741
   0.70637000  0.94194000  0.09637000
   0.98162491  0.68843101  0.29863402
   0.77462470  0.81659122  0.39952227
   0.92851902  0.69280312  0.49573738
   0.03971000  0.19194000  0.09637000
   0.31903147  0.43761140  0.29773276
   0.11305899  0.06194597  0.40032039
   0.17905141  0.31495038  0.19613289
   0.25922494  0.19276690  0.49589966
   0.37304000  0.19194000  0.09637000
   0.65275160  0.43823229  0.29857047
   0.44583141  0.06267311  0.40011943
   0.51226082  0.31562045  0.19742327
   0.59190501  0.19479194  0.49267179
   0.70637000  0.19194000  0.09637000
   0.98645897  0.43821104  0.29821040
   0.77933804  0.06199221  0.40023682
   0.84529026  0.31554018  0.19731268
   0.92754471  0.19095873  0.49526831
   0.03971000  0.69194000  0.09637000
   0.30993340  0.93943096  0.29842214
   0.12829655  0.55910908  0.40040623
   0.17795144  0.81559069  0.19723308
   0.25932991  0.68807072  0.50062800
   0.37304000  0.69194000  0.09637000
   0.64246222  0.93925038  0.29858334
   0.46057988  0.55918302  0.39988135
   0.51125157  0.81550125  0.19721294
   0.59373438  0.69364040  0.49508933
   0.70637000  0.69194000  0.09637000
   0.97682109  0.93945881  0.29833427
   0.84446182  0.81557090  0.19722368
   0.79479960  0.55971457  0.40030330
   0.17310000  0.33301000  0.10976000
   0.26183735  0.20281876  0.41114062
   0.08740117  0.31691376  0.51131081
   0.31412047  0.45983071  0.21368793
   0.11377998  0.08309093  0.31578860
   0.23858000  0.04636000  0.07986000
   0.04402007  0.17066008  0.18014835
   0.32856359  0.41490254  0.38164703
   0.11424365  0.04937207  0.48830072
   0.18115969  0.29274081  0.27989842
   0.50750000  0.33753000  0.11288000
   0.59571264  0.20328939  0.41068920
   0.42052033  0.32004385  0.51133686
   0.64774985  0.46072009  0.21487772
   0.44720526  0.08297739  0.31566686
   0.57191000  0.04636000  0.07986000
   0.37751939  0.17086994  0.18032805
   0.66205572  0.41590860  0.38253370
   0.44820096  0.05275059  0.48768643
   0.51463954  0.29314140  0.28088738
   0.84083000  0.33753000  0.11288000
   0.92829811  0.20283093  0.41113547
   0.75363698  0.32151299  0.51091520
   0.98121107  0.46060042  0.21453830
   0.78049235  0.08281105  0.31575797
   0.90524000  0.04636000  0.07986000
   0.71073011  0.17074024  0.18020811
   0.99499045  0.41480279  0.38161235
   0.78283217  0.04922124  0.48810664
   0.84788142  0.29294148  0.28061894
   0.17417000  0.83753000  0.11288000
   0.23976244  0.70891355  0.41747086
   0.04263628  0.83167947  0.51803839
   0.31179047  0.96071042  0.21447768
   0.11628176  0.58469720  0.31686991
   0.23858000  0.54636000  0.07986000
   0.04585016  0.67021925  0.18007821
   0.30563434  0.92000632  0.38253084
   0.15276744  0.53402812  0.48409950
   0.18015238  0.79249993  0.28049752
   0.50750000  0.83753000  0.11288000
   0.57574001  0.70974998  0.41370802
   0.38154630  0.83590362  0.50748188
   0.64507024  0.96068073  0.21458771
   0.44899936  0.58382925  0.31637831
   0.57191000  0.54636000  0.07986000
   0.37923945  0.67007896  0.18002796
   0.63918415  0.91984110  0.38290904
   0.48860154  0.53989895  0.48611122
   0.51348937  0.79221045  0.28032762
   0.84083000  0.83753000  0.11288000
   0.70953166  0.83186007  0.51714438
   0.97843123  0.96070151  0.21447742
   0.78274575  0.58442517  0.31694536
   0.90524000  0.54636000  0.07986000
   0.71253991  0.67014900  0.18008793
   0.97391004  0.91940721  0.38262751
   0.82274263  0.54001927  0.48686927
   0.84680051  0.79236135  0.28050615
   0.90786498  0.71053330  0.41436257
   0.73643083  0.56669991  0.64756951
   0.60022752  0.19993510  0.56274130
   0.97315597  0.64089202  0.60963005
   0.68694438  0.53239591  0.69519781
   0.78673179  0.52851279  0.74667082
   0.75476429  0.44774423  0.76815941
   0.91391627  0.54818249  0.73468471
   0.76439908  0.59089613  0.77761255
   0.55644108  0.50366801  0.70037112
