   0.18175822  0.06518641  0.19552085
   0.25348968  0.43589887  0.50258580
   0.03971000  0.44194000  0.09637000
   0.31855613  0.19061051  0.30019710
   0.11767883  0.31487762  0.40145794
   0.51452510  0.06447148  0.19464426
   0.58528259  0.44450293  0.50100601
   0.37304000  0.44194000  0.09637000
   0.65106455  0.18920442  0.29792630
   0.45399695  0.31658614  0.40282228
   0.84818785  0.06471492  0.19453714
   0.92723136  0.44069168  0.50085957
   0.70637000  0.44194000  0.09637000
   0.98485443  0.18949734  0.29784837
   0.78543271  0.31325537  0.40007471
   0.18002840  0.56535322  0.19544236
   0.26923994  0.93617912  0.50371722
   0.03971000  0.94194000  0.09637000
   0.31686876  0.69067385  0.29845907
   0.12257673  0.81679084  0.39841482
   0.51315159  0.56429580  0.19472649
   0.60260129  0.93444411  0.50455488
   0.37304000  0.94194000  0.09637000
   0.64928288  0.68908729  0.29701575
   0.45518537  0.81735740  0.39905169
   0.84701646  0.56503479  0.19506114
   0.93397926  0.93186954  0.50107946
   0.70637000  0.94194000  0.09637000
   0.98359257  0.69021619  0.29792708
   0.78740447  0.81516588  0.39669943
   0.60541597  0.19313639  0.50888521
   0.03971000  0.19194000  0.09637000
   0.31623179  0.43997349  0.29847229
   0.12188002  0.06187643  0.39995269
   0.18021904  0.31655123  0.19739816
   0.25849452  0.19348042  0.49504949
   0.37304000  0.19194000  0.09637000
   0.64958215  0.43869134  0.29711354
   0.45991868  0.06777399  0.40574573
   0.51303952  0.31559281  0.19684014
   0.70637000  0.19194000  0.09637000
   0.98326846  0.43996690  0.29773376
   0.79035419  0.06056457  0.39757869
   0.84668502  0.31623594  0.19701260
   0.91327948  0.18480609  0.49928675
   0.03971000  0.69194000  0.09637000
   0.31992848  0.94386182  0.30077436
   0.12028158  0.56292605  0.39889012
   0.18084544  0.81781610  0.19814315
   0.25770925  0.69554519  0.49469188
   0.37304000  0.69194000  0.09637000
   0.65062572  0.93931747  0.29606217
   0.45120174  0.56401651  0.39922139
   0.51298932  0.81535125  0.19537412
   0.58957191  0.69700107  0.49490374
   0.70637000  0.69194000  0.09637000
   0.98482548  0.93974213  0.29704335
   0.84725760  0.81562798  0.19558754
   0.92517531  0.69668935  0.49232008
   0.78661323  0.56237012  0.39719116
   0.17417000  0.33753000  0.11288000
   0.25338852  0.20820589  0.41254761
   0.05152408  0.32948881  0.51020913
   0.31427069  0.46171741  0.21457619
   0.11884802  0.08483052  0.31542454
   0.23858000  0.04636000  0.07986000
   0.04738293  0.17126778  0.18020002
   0.31789017  0.41914106  0.38239750
   0.13590181  0.04533792  0.48681694
   0.18401472  0.29393474  0.28059299
   0.50750000  0.33753000  0.11288000
   0.58839557  0.21466619  0.42441354
   0.38850988  0.33234335  0.51292242
   0.64779113  0.46065665  0.21339335
   0.45432678  0.08898540  0.32056367
   0.57191000  0.04636000  0.07986000
   0.38052112  0.17052311  0.17985217
   0.65252259  0.41782512  0.38120703
   0.47082552  0.04628969  0.49116133
   0.51714659  0.29315394  0.27987943
   0.84083000  0.33753000  0.11288000
   0.91817642  0.20727060  0.41478475
   0.71997910  0.34881995  0.52375192
   0.98129391  0.46154356  0.21395594
   0.78526760  0.08474001  0.31363770
   0.90524000  0.04636000  0.07986000
   0.71370346  0.17084498  0.17999425
   0.98376301  0.41874773  0.38154524
   0.80153793  0.03470078  0.47984662
   0.85030868  0.29388630  0.28009963
   0.17417000  0.83753000  0.11288000
   0.25522994  0.70907215  0.41127677
   0.06822583  0.82537812  0.51062967
   0.31704673  0.96283827  0.21615630
   0.11732295  0.58526752  0.31512735
   0.23858000  0.54636000  0.07986000
   0.04661370  0.67238637  0.18073120
   0.32195786  0.92343523  0.38483788
   0.12700098  0.54809194  0.48562399
   0.18395204  0.79680338  0.28187634
   0.50619000  0.83294000  0.10916000
   0.58802501  0.70910477  0.41152395
   0.39949614  0.82575856  0.51371794
   0.64876212  0.95996402  0.21202396
   0.44990899  0.58512358  0.31555088
   0.57191000  0.54636000  0.07986000
   0.37925425  0.67090289  0.17982682
   0.65266853  0.91803913  0.37910293
   0.45448357  0.55055844  0.48575650
   0.51601239  0.79348553  0.27874452
   0.83992000  0.83287000  0.10930000
   0.73298703  0.82412842  0.51442764
   0.98259792  0.96054138  0.21283212
   0.78307836  0.58407569  0.31350381
   0.90524000  0.54636000  0.07986000
   0.71255789  0.67103625  0.18003794
   0.98659812  0.91904354  0.38076051
   0.79332725  0.55007226  0.48342404
   0.84914738  0.79399539  0.27918723
   0.92200661  0.70798009  0.40887166
   0.77922867  0.59050600  0.65867032
   0.75459655  0.15089436  0.58770708
   0.75505045  0.44288258  0.60253229
   0.76171655  0.60388342  0.71043296
   0.73504489  0.51396707  0.75387226
   0.65199674  0.52746484  0.78753929
   0.69377754  0.43127430  0.73316333
   0.84862534  0.51449326  0.77549979
   0.76850845  0.69057666  0.72592630
