   0.17771896  0.06438416  0.19558852
   0.28522387  0.43346839  0.49814252
   0.03971000  0.44194000  0.09637000
   0.31515638  0.18924662  0.29789808
   0.12843887  0.31096340  0.40352972
   0.51128080  0.06456378  0.19559415
   0.61729623  0.43475690  0.50113895
   0.37304000  0.44194000  0.09637000
   0.64738441  0.18858640  0.29982036
   0.45680695  0.31087793  0.40484761
   0.84407213  0.06410881  0.19491495
   0.94842934  0.43170916  0.50084942
   0.70637000  0.44194000  0.09637000
   0.98190841  0.18811267  0.29826087
   0.79426394  0.31212472  0.39971171
   0.17987532  0.56375739  0.19502671
   0.25277538  0.93860099  0.50672666
   0.03971000  0.94194000  0.09637000
   0.31475357  0.68826586  0.29851632
   0.11142447  0.81625606  0.39615241
   0.51311317  0.56339268  0.19496945
   0.58545236  0.94021563  0.50474741
   0.37304000  0.94194000  0.09637000
   0.64846001  0.68822359  0.29768120
   0.44367621  0.81647968  0.39881240
   0.84642244  0.56338888  0.19527498
   0.91428311  0.93620378  0.50604273
   0.70637000  0.94194000  0.09637000
   0.98100828  0.68753638  0.29756379
   0.77775963  0.81892735  0.39829780
   0.92672829  0.69416607  0.49151373
   0.03971000  0.19194000  0.09637000
   0.31844927  0.43800431  0.29796206
   0.11585813  0.06114607  0.40174121
   0.17928726  0.31473549  0.19659675
   0.25615113  0.18456498  0.50292930
   0.37304000  0.19194000  0.09637000
   0.65167686  0.43788985  0.29888889
   0.44633613  0.06270446  0.39991065
   0.51222388  0.31554006  0.19757113
   0.59098461  0.19413395  0.49453572
   0.70637000  0.19194000  0.09637000
   0.98570947  0.43728602  0.29860570
   0.78027028  0.06207667  0.40035559
   0.84507362  0.31565919  0.19737851
   0.93223772  0.19214124  0.49443287
   0.03971000  0.69194000  0.09637000
   0.31057245  0.94008238  0.29770038
   0.12743667  0.55941111  0.40004680
   0.17785058  0.81535058  0.19698964
   0.26351658  0.69636294  0.49600926
   0.37304000  0.69194000  0.09637000
   0.64427448  0.94039683  0.29832527
   0.45997590  0.56000207  0.39975068
   0.51113137  0.81589987  0.19726077
   0.59727357  0.69565969  0.49561704
   0.70637000  0.69194000  0.09637000
   0.97869885  0.94127961  0.29704904
   0.84398653  0.81469905  0.19659706
   0.79247997  0.55981523  0.39937302
   0.17310000  0.33301000  0.10976000
   0.25501685  0.20038195  0.41876067
   0.08197545  0.32631724  0.50521987
   0.31419164  0.45972583  0.21349725
   0.11707250  0.08457435  0.31583267
   0.23858000  0.04636000  0.07986000
   0.04415615  0.17063632  0.18040465
   0.32557635  0.41546224  0.38186436
   0.11087703  0.03564070  0.48647080
   0.18137793  0.29376867  0.27992700
   0.50750000  0.33753000  0.11288000
   0.59530683  0.20285312  0.41024305
   0.41911568  0.32738259  0.50055593
   0.64771355  0.46040140  0.21497837
   0.44685482  0.08378357  0.31584546
   0.57191000  0.04636000  0.07986000
   0.37747427  0.17070083  0.18043482
   0.65796344  0.41602412  0.38283356
   0.45499132  0.04817080  0.48583736
   0.51517174  0.29371731  0.28069479
   0.84083000  0.33753000  0.11288000
   0.92532857  0.20264772  0.41104467
   0.74705754  0.32311906  0.50971186
   0.98140099  0.46058509  0.21476878
   0.78113398  0.08373334  0.31590783
   0.90524000  0.04636000  0.07986000
   0.71077550  0.17076517  0.18024343
   0.99462029  0.41502323  0.38272459
   0.78948869  0.04955796  0.48760479
   0.84712758  0.29301959  0.28066132
   0.17417000  0.83753000  0.11288000
   0.24401524  0.71010977  0.41406263
   0.04493797  0.82365633  0.52362125
   0.31196873  0.96063362  0.21416691
   0.11635756  0.58369762  0.31689432
   0.23858000  0.54636000  0.07986000
   0.04578108  0.66986039  0.18005001
   0.30900792  0.91978716  0.38163666
   0.14873234  0.54572971  0.48814856
   0.18039880  0.79209348  0.28014800
   0.50750000  0.83753000  0.11288000
   0.57725711  0.71069009  0.41416651
   0.38321646  0.83336351  0.51681150
   0.64523798  0.96106655  0.21460173
   0.44933367  0.58419256  0.31634280
   0.57191000  0.54636000  0.07986000
   0.37934072  0.67019454  0.18023949
   0.64173623  0.92051794  0.38251395
   0.48449929  0.54529744  0.48651612
   0.51314489  0.79330332  0.28057403
   0.84083000  0.83753000  0.11288000
   0.71654001  0.83266462  0.51658750
   0.97842877  0.96033531  0.21321035
   0.78254854  0.58350611  0.31666518
   0.90524000  0.54636000  0.07986000
   0.71206445  0.66906370  0.17976617
   0.97815012  0.92135458  0.38056775
   0.81827014  0.54298303  0.48635222
   0.84762075  0.79259150  0.27925694
   0.91019370  0.71160967  0.41041595
   0.74425138  0.57012263  0.64695294
   0.25582259  0.15576076  0.59760290
   0.96840618  0.66088217  0.59535967
   0.69278524  0.53445091  0.69377808
   0.79037900  0.52932509  0.74615681
   0.75395657  0.44671204  0.76687246
   0.91694845  0.54890787  0.73634795
   0.76324749  0.58998401  0.77822486
   0.56351672  0.50351473  0.69874775
