   0.18177000  0.06503000  0.19527000
   0.26204287  0.43517401  0.50301708
   0.03971000  0.44194000  0.09637000
   0.31578173  0.18857319  0.29861150
   0.11332304  0.31146454  0.40495457
   0.51472000  0.06471000  0.19485000
   0.59089806  0.43134568  0.50221551
   0.37304000  0.44194000  0.09637000
   0.65108130  0.18886805  0.29971152
   0.44662574  0.31243196  0.40179540
   0.84826000  0.06468000  0.19455000
   0.92644796  0.43642121  0.50068046
   0.70637000  0.44194000  0.09637000
   0.98156833  0.18923467  0.29950257
   0.78478958  0.31438555  0.40206191
   0.17955000  0.56532000  0.19533000
   0.27292248  0.93080660  0.50395095
   0.03971000  0.94194000  0.09637000
   0.31782486  0.68811117  0.29874221
   0.12412539  0.81090252  0.39572352
   0.51276000  0.56480000  0.19498000
   0.60427263  0.93089715  0.50374660
   0.37304000  0.94194000  0.09637000
   0.64979266  0.68717048  0.29760353
   0.45669464  0.81387236  0.39920293
   0.84642000  0.56519000  0.19522000
   0.93739529  0.93091051  0.50407338
   0.70637000  0.94194000  0.09637000
   0.98357719  0.68678145  0.29768340
   0.78980651  0.81147773  0.39715285
   0.59193483  0.19228513  0.49477508
   0.03971000  0.19194000  0.09637000
   0.31356376  0.43847914  0.29882040
   0.12326943  0.05773536  0.39897644
   0.18013000  0.31638000  0.19719000
   0.24440394  0.18427146  0.50113144
   0.37304000  0.19194000  0.09637000
   0.64569201  0.43772513  0.29797134
   0.45370571  0.06064862  0.40013920
   0.51314000  0.31594000  0.19696000
   0.70637000  0.19194000  0.09637000
   0.98203345  0.43892216  0.29812796
   0.78677332  0.06057904  0.40215548
   0.84665000  0.31624000  0.19703000
   0.93612429  0.18699708  0.50300467
   0.03971000  0.69194000  0.09637000
   0.31962769  0.93910478  0.29828818
   0.12117372  0.55996816  0.40028385
   0.18025000  0.81742000  0.19778000
   0.26929777  0.69165336  0.49439482
   0.37304000  0.69194000  0.09637000
   0.65150097  0.93895642  0.29746526
   0.45376175  0.55862633  0.39971463
   0.51318000  0.81586000  0.19571000
   0.60047772  0.68897667  0.49473975
   0.70637000  0.69194000  0.09637000
   0.98419516  0.93772692  0.29675347
   0.84718000  0.81593000  0.19584000
   0.93390991  0.68308192  0.49435165
   0.78742829  0.55954658  0.39851978
   0.17417000  0.33753000  0.11288000
   0.24936415  0.20385890  0.41680756
   0.06036557  0.33601374  0.50425464
   0.31386000  0.46170000  0.21427000
   0.11510332  0.08505011  0.31616014
   0.23858000  0.04636000  0.07986000
   0.04735000  0.17100000  0.18013000
   0.31262651  0.41628374  0.38297052
   0.13744403  0.02781705  0.48107853
   0.18177803  0.29284747  0.28056477
   0.50750000  0.33753000  0.11288000
   0.58353046  0.20720187  0.41206789
   0.38986439  0.32505473  0.51257145
   0.64712000  0.46121000  0.21367000
   0.45056888  0.08422746  0.31597163
   0.57191000  0.04636000  0.07986000
   0.38063000  0.17082000  0.17998000
   0.64746944  0.41710606  0.38202817
   0.47223212  0.04084567  0.48617432
   0.51615060  0.29127788  0.27986534
   0.84083000  0.33753000  0.11288000
   0.91037920  0.20569396  0.41897454
   0.72542547  0.32793799  0.51201408
   0.98063000  0.46160000  0.21400000
   0.78342418  0.08431606  0.31727936
   0.90524000  0.04636000  0.07986000
   0.71387000  0.17083000  0.18002000
   0.98281265  0.41727627  0.38149139
   0.80487815  0.03687880  0.48746102
   0.84915256  0.29316647  0.28023758
   0.17417000  0.83753000  0.11288000
   0.25683245  0.70641891  0.41183592
   0.06934819  0.81905307  0.52251379
   0.31682000  0.96236000  0.21534000
   0.11795904  0.58316011  0.31590867
   0.23858000  0.54636000  0.07986000
   0.04601000  0.67209000  0.18056000
   0.32195382  0.91675847  0.38142178
   0.12856051  0.55130086  0.48726875
   0.18406587  0.79290402  0.28078899
   0.50619000  0.83294000  0.10916000
   0.58881579  0.70587355  0.41234870
   0.40307038  0.82561498  0.51562918
   0.64926000  0.96050000  0.21277000
   0.45008873  0.58256762  0.31605917
   0.57191000  0.54636000  0.07986000
   0.37906000  0.67136000  0.18002000
   0.65581598  0.91572998  0.38104265
   0.46364197  0.54484145  0.48670100
   0.51751338  0.79285266  0.27928192
   0.83992000  0.83287000  0.10930000
   0.73778283  0.82083303  0.51601898
   0.98268000  0.96077000  0.21320000
   0.78308169  0.58184863  0.31495390
   0.90524000  0.54636000  0.07986000
   0.71230000  0.67144000  0.18017000
   0.98836987  0.91306366  0.37987235
   0.79249067  0.54393891  0.48501305
   0.85085228  0.79200844  0.27927958
   0.92374588  0.70615106  0.41234037
   0.78477000  0.69231000  0.65805000
   0.07026238  0.14787285  0.58618919
  -0.03401456  0.77132435  0.60206101
   0.72049399  0.63219616  0.69739826
   0.79979546  0.57466462  0.74077173
   0.74253316  0.48572523  0.74171927
   0.92742077  0.58618181  0.73311076
   0.77837920  0.60728138  0.78386815
   0.58964816  0.61970261  0.70102690
