   0.18177000  0.06503000  0.19527000
   0.26122246  0.43823426  0.50260627
   0.03971000  0.44194000  0.09637000
   0.31640129  0.18981095  0.29912331
   0.11588932  0.31425609  0.40387323
   0.51472000  0.06471000  0.19485000
   0.59041490  0.43479554  0.50355638
   0.37304000  0.44194000  0.09637000
   0.64961157  0.18934197  0.29946469
   0.44851016  0.31488787  0.40277554
   0.84826000  0.06468000  0.19455000
   0.92432111  0.43668939  0.50100952
   0.70637000  0.44194000  0.09637000
   0.98272178  0.18940213  0.29898860
   0.78431679  0.31435026  0.40146005
   0.17955000  0.56532000  0.19533000
   0.27715786  0.93208271  0.50331953
   0.03971000  0.94194000  0.09637000
   0.31764132  0.68877609  0.29824133
   0.12450340  0.81242051  0.39618119
   0.51276000  0.56480000  0.19498000
   0.60808681  0.93336757  0.50542353
   0.37304000  0.94194000  0.09637000
   0.65015136  0.68846090  0.29745836
   0.45888586  0.81375079  0.39912928
   0.84642000  0.56519000  0.19522000
   0.93953123  0.93409423  0.50153891
   0.70637000  0.94194000  0.09637000
   0.98346014  0.68800536  0.29754204
   0.79099213  0.81293119  0.39798457
   0.59451504  0.19325116  0.49628046
   0.03971000  0.19194000  0.09637000
   0.31496446  0.43955880  0.29874128
   0.12585811  0.05919818  0.39796700
   0.18013000  0.31638000  0.19719000
   0.24772672  0.18545852  0.49977978
   0.37304000  0.19194000  0.09637000
   0.64830901  0.43880394  0.29801009
   0.45644319  0.06116744  0.40119074
   0.51314000  0.31594000  0.19696000
   0.70637000  0.19194000  0.09637000
   0.98227867  0.43902347  0.29818334
   0.78991372  0.06153732  0.40188058
   0.84665000  0.31624000  0.19703000
   0.94231879  0.18875061  0.50161019
   0.03971000  0.69194000  0.09637000
   0.31953322  0.93992125  0.29869063
   0.12067165  0.56119543  0.39969125
   0.18025000  0.81742000  0.19778000
   0.27086265  0.69205779  0.49483122
   0.37304000  0.69194000  0.09637000
   0.65222223  0.93981948  0.29776162
   0.45454229  0.56144854  0.40050025
   0.51318000  0.81586000  0.19571000
   0.60033925  0.69275743  0.49646570
   0.70637000  0.69194000  0.09637000
   0.98423329  0.93893862  0.29679454
   0.84718000  0.81593000  0.19584000
   0.93789723  0.68340659  0.49386587
   0.78604660  0.56064961  0.39910022
   0.17417000  0.33753000  0.11288000
   0.25046595  0.20594986  0.41539288
   0.06080180  0.33774272  0.50433210
   0.31386000  0.46170000  0.21427000
   0.11675741  0.08449386  0.31483084
   0.23858000  0.04636000  0.07986000
   0.04735000  0.17100000  0.18013000
   0.31479402  0.41932365  0.38294500
   0.14182363  0.03028607  0.47986390
   0.18218206  0.29380199  0.28041350
   0.50750000  0.33753000  0.11288000
   0.58388094  0.20782876  0.41395365
   0.39059534  0.32861943  0.50975417
   0.64712000  0.46121000  0.21367000
   0.45023066  0.08519394  0.31724602
   0.57191000  0.04636000  0.07986000
   0.38063000  0.17082000  0.17998000
   0.64854768  0.41810804  0.38219982
   0.47613690  0.04236281  0.48781158
   0.51561787  0.29315878  0.28013387
   0.84083000  0.33753000  0.11288000
   0.91440411  0.20718460  0.41747120
   0.72323459  0.32999405  0.51436768
   0.98063000  0.46160000  0.21400000
   0.78362414  0.08498059  0.31714335
   0.90524000  0.04636000  0.07986000
   0.71387000  0.17083000  0.18002000
   0.98193361  0.41871129  0.38205189
   0.80706905  0.04046708  0.48740251
   0.84861970  0.29328536  0.28027204
   0.17417000  0.83753000  0.11288000
   0.25792517  0.70706769  0.41208305
   0.07045017  0.82134257  0.51924644
   0.31682000  0.96236000  0.21534000
   0.11777820  0.58403468  0.31569874
   0.23858000  0.54636000  0.07986000
   0.04601000  0.67209000  0.18056000
   0.32403299  0.91689640  0.38227985
   0.12723801  0.55243121  0.48747362
   0.18383861  0.79373951  0.28096710
   0.50619000  0.83294000  0.10916000
   0.59191326  0.70694863  0.41352959
   0.40718155  0.82480511  0.51535314
   0.64926000  0.96050000  0.21277000
   0.45115123  0.58448389  0.31640472
   0.57191000  0.54636000  0.07986000
   0.37906000  0.67136000  0.18002000
   0.65700949  0.91711225  0.38190526
   0.46321533  0.54881663  0.48839783
   0.51726345  0.79376583  0.27959363
   0.83992000  0.83287000  0.10930000
   0.74060499  0.82496992  0.51822910
   0.98268000  0.96077000  0.21320000
   0.78369869  0.58389955  0.31543192
   0.90524000  0.54636000  0.07986000
   0.71230000  0.67144000  0.18017000
   0.98912466  0.91508918  0.37987133
   0.79279152  0.54582818  0.48613779
   0.84999834  0.79276134  0.27920402
   0.92495396  0.70653667  0.41211632
   0.78477000  0.69231000  0.65805000
   0.09101920  0.15334360  0.58490196
  -0.05352371  0.78304608  0.59762172
   0.72095122  0.63234607  0.69752722
   0.80255829  0.57536639  0.74056232
   0.74653204  0.48563667  0.74053973
   0.92971284  0.58813144  0.73254265
   0.78040739  0.60568307  0.78378660
   0.59014081  0.61916234  0.70170664
