   0.18177000  0.06503000  0.19527000
   0.25240408  0.44084370  0.50436599
   0.03971000  0.44194000  0.09637000
   0.31813829  0.18936181  0.29821261
   0.11343165  0.31799127  0.40004247
   0.51472000  0.06471000  0.19485000
   0.58599000  0.44028038  0.50736052
   0.37304000  0.44194000  0.09637000
   0.65180213  0.18961733  0.29849535
   0.44667903  0.31769622  0.39973967
   0.84826000  0.06468000  0.19455000
   0.91792332  0.44251707  0.50554031
   0.70637000  0.44194000  0.09637000
   0.98471124  0.18963238  0.29815199
   0.77992601  0.31896172  0.40079574
   0.17955000  0.56532000  0.19533000
   0.27676725  0.93426556  0.50334818
   0.03971000  0.94194000  0.09637000
   0.31502699  0.68968134  0.29823357
   0.12409508  0.81515265  0.39698973
   0.51276000  0.56480000  0.19498000
   0.61120914  0.93618997  0.50134219
   0.37304000  0.94194000  0.09637000
   0.64841275  0.69018449  0.29770887
   0.45667293  0.81489834  0.39919579
   0.84642000  0.56519000  0.19522000
   0.94422498  0.93541107  0.50356005
   0.70637000  0.94194000  0.09637000
   0.98117898  0.68951507  0.29803379
   0.78955291  0.81589281  0.39860003
   0.59249300  0.19498448  0.49425518
   0.03971000  0.19194000  0.09637000
   0.31386804  0.44109809  0.29803880
   0.12528852  0.06129419  0.39986223
   0.18013000  0.31638000  0.19719000
   0.25949559  0.19555523  0.49490898
   0.37304000  0.19194000  0.09637000
   0.64664217  0.44005872  0.29737450
   0.45891106  0.06145275  0.39972403
   0.51314000  0.31594000  0.19696000
   0.70637000  0.19194000  0.09637000
   0.98066493  0.44113377  0.29796670
   0.79234109  0.06253257  0.39957460
   0.84665000  0.31624000  0.19703000
   0.92410110  0.19700861  0.49542258
   0.03971000  0.69194000  0.09637000
   0.31909067  0.94026980  0.29857906
   0.11475372  0.56397336  0.40085777
   0.18025000  0.81742000  0.19778000
   0.25936981  0.69497035  0.49614489
   0.37304000  0.69194000  0.09637000
   0.65166366  0.93995776  0.29707164
   0.44896945  0.56398846  0.40047665
   0.51318000  0.81586000  0.19571000
   0.59105089  0.69531180  0.49556926
   0.70637000  0.69194000  0.09637000
   0.98472287  0.93984202  0.29756109
   0.84718000  0.81593000  0.19584000
   0.92028286  0.69505583  0.49172413
   0.78077084  0.56398251  0.39805339
   0.17417000  0.33753000  0.11288000
   0.24574511  0.20968727  0.41323553
   0.04971228  0.33372711  0.51344085
   0.31386000  0.46170000  0.21427000
   0.11883635  0.08470526  0.31595203
   0.23858000  0.04636000  0.07986000
   0.04735000  0.17100000  0.18013000
   0.31223404  0.42123150  0.38211547
   0.14444386  0.04182316  0.48712549
   0.18419906  0.29366729  0.28035948
   0.50750000  0.33753000  0.11288000
   0.57883714  0.20961754  0.41163563
   0.38339697  0.33276810  0.51280071
   0.64712000  0.46121000  0.21367000
   0.45225492  0.08497852  0.31611165
   0.57191000  0.04636000  0.07986000
   0.38063000  0.17082000  0.17998000
   0.64422551  0.42105131  0.38099555
   0.47657893  0.04382478  0.48625983
   0.51674577  0.29300276  0.27997220
   0.84083000  0.33753000  0.11288000
   0.91454997  0.21102872  0.41228248
   0.71831322  0.33129547  0.50706214
   0.98063000  0.46160000  0.21400000
   0.78598006  0.08432897  0.31556965
   0.90524000  0.04636000  0.07986000
   0.71387000  0.17083000  0.18002000
   0.97932590  0.42256990  0.38223528
   0.81259964  0.04565865  0.48624629
   0.85065108  0.29387864  0.28021605
   0.17417000  0.83753000  0.11288000
   0.25481131  0.70756691  0.41237987
   0.07247320  0.82125438  0.51874196
   0.31682000  0.96236000  0.21534000
   0.11535535  0.58540559  0.31607703
   0.23858000  0.54636000  0.07986000
   0.04601000  0.67209000  0.18056000
   0.32290802  0.91890398  0.38272326
   0.11986213  0.55187698  0.48946121
   0.18184542  0.79511143  0.28104897
   0.50619000  0.83294000  0.10916000
   0.58913815  0.70823397  0.41209051
   0.40923718  0.82671152  0.51163501
   0.64926000  0.96050000  0.21277000
   0.44916513  0.58563090  0.31584509
   0.57191000  0.54636000  0.07986000
   0.37906000  0.67136000  0.18002000
   0.65484075  0.91965827  0.38163807
   0.45196076  0.55137555  0.48815548
   0.51499965  0.79496097  0.27959497
   0.83992000  0.83287000  0.10930000
   0.74307078  0.82766017  0.50972681
   0.98268000  0.96077000  0.21320000
   0.78108367  0.58514341  0.31452255
   0.90524000  0.54636000  0.07986000
   0.71230000  0.67144000  0.18017000
   0.98918590  0.91926912  0.38224928
   0.78547594  0.55143840  0.48282273
   0.84837424  0.79499096  0.27970149
   0.92420874  0.70891104  0.40912437
   0.78477000  0.69231000  0.65805000
   0.74937432  0.46782540  0.61353221
   0.96965391  0.66350034  0.59771045
   0.71984711  0.61533437  0.69055880
   0.79768877  0.56306975  0.73773281
   0.73336375  0.47586992  0.74233951
   0.92361685  0.56887696  0.72895150
   0.78422549  0.60820903  0.77687971
   0.58454974  0.58682883  0.68995278
