   0.18177000  0.06503000  0.19527000
   0.26743955  0.43260896  0.50255490
   0.03971000  0.44194000  0.09637000
   0.31553411  0.18845629  0.29839285
   0.11660790  0.31423062  0.39991547
   0.51472000  0.06471000  0.19485000
   0.60060965  0.43280282  0.50170362
   0.37304000  0.44194000  0.09637000
   0.64902728  0.18828836  0.29814005
   0.44990677  0.31357335  0.39915039
   0.84826000  0.06468000  0.19455000
   0.93611762  0.43526348  0.50762179
   0.70637000  0.44194000  0.09637000
   0.98228942  0.18847239  0.29830353
   0.78376498  0.31466369  0.39976699
   0.17955000  0.56532000  0.19533000
   0.26146083  0.93351980  0.50460272
   0.03971000  0.94194000  0.09637000
   0.31571581  0.68865525  0.29788021
   0.11963635  0.81305435  0.39672996
   0.51276000  0.56480000  0.19498000
   0.59313239  0.93343979  0.50246205
   0.37304000  0.94194000  0.09637000
   0.64864752  0.68863634  0.29739742
   0.45254820  0.81358718  0.39912663
   0.84642000  0.56519000  0.19522000
   0.92522525  0.93544130  0.50513830
   0.70637000  0.94194000  0.09637000
   0.98189535  0.68845318  0.29731929
   0.78540582  0.81436538  0.39887125
   0.58946589  0.19220674  0.49495447
   0.03971000  0.19194000  0.09637000
   0.31502854  0.43939443  0.29800954
   0.11892987  0.06037039  0.40005886
   0.18013000  0.31638000  0.19719000
   0.25491851  0.19225569  0.49568092
   0.37304000  0.19194000  0.09637000
   0.64801331  0.43891217  0.29735783
   0.45209582  0.06085683  0.40012278
   0.51314000  0.31594000  0.19696000
   0.70637000  0.19194000  0.09637000
   0.98171456  0.43893829  0.29759001
   0.78507775  0.06035638  0.39906160
   0.84665000  0.31624000  0.19703000
   0.92199881  0.19255960  0.49400576
   0.03971000  0.69194000  0.09637000
   0.31706309  0.93969111  0.29845339
   0.12139332  0.55950127  0.39890670
   0.18025000  0.81742000  0.19778000
   0.26098003  0.68771636  0.49487201
   0.37304000  0.69194000  0.09637000
   0.64953461  0.93849815  0.29690492
   0.45446775  0.55998016  0.39979469
   0.51318000  0.81586000  0.19571000
   0.59532006  0.69065692  0.49488916
   0.70637000  0.69194000  0.09637000
   0.98282486  0.93927220  0.29738389
   0.84718000  0.81593000  0.19584000
   0.92326512  0.68959646  0.49309022
   0.78821392  0.55996639  0.39836111
   0.17417000  0.33753000  0.11288000
   0.24993868  0.20622903  0.41264606
   0.06782424  0.32285056  0.50971117
   0.31386000  0.46170000  0.21427000
   0.11603487  0.08382343  0.31590218
   0.23858000  0.04636000  0.07986000
   0.04735000  0.17100000  0.18013000
   0.31600916  0.41788046  0.38184100
   0.14505254  0.03587095  0.48031868
   0.18199455  0.29306731  0.28035119
   0.50750000  0.33753000  0.11288000
   0.58350271  0.20672346  0.41210927
   0.39935657  0.32431428  0.51200152
   0.64712000  0.46121000  0.21367000
   0.44968878  0.08433512  0.31632602
   0.57191000  0.04636000  0.07986000
   0.38063000  0.17082000  0.17998000
   0.64848241  0.41794786  0.38117768
   0.46155689  0.04367883  0.48701104
   0.51497333  0.29262350  0.28004845
   0.84083000  0.33753000  0.11288000
   0.91628934  0.20616519  0.41118523
   0.73238510  0.32481989  0.51052303
   0.98063000  0.46160000  0.21400000
   0.78258143  0.08312287  0.31497709
   0.90524000  0.04636000  0.07986000
   0.71387000  0.17083000  0.18002000
   0.98210884  0.41763536  0.38105642
   0.79516281  0.04430600  0.48620478
   0.84846233  0.29271616  0.27997410
   0.17417000  0.83753000  0.11288000
   0.25220561  0.70714754  0.41223099
   0.05587202  0.82591505  0.52204330
   0.31682000  0.96236000  0.21534000
   0.11591280  0.58422031  0.31521677
   0.23858000  0.54636000  0.07986000
   0.04601000  0.67209000  0.18056000
   0.31808455  0.91752613  0.38214092
   0.13745256  0.54124098  0.48351569
   0.18191729  0.79397209  0.28097877
   0.50619000  0.83294000  0.10916000
   0.58569098  0.70653122  0.41235650
   0.39129943  0.82521152  0.51322292
   0.64926000  0.96050000  0.21277000
   0.44933948  0.58435255  0.31588521
   0.57191000  0.54636000  0.07986000
   0.37906000  0.67136000  0.18002000
   0.65038520  0.91727689  0.38100787
   0.46885251  0.54338954  0.48671707
   0.51490586  0.79317173  0.27927176
   0.83992000  0.83287000  0.10930000
   0.72711919  0.82742057  0.51101815
   0.98268000  0.96077000  0.21320000
   0.78236065  0.58405611  0.31476092
   0.90524000  0.54636000  0.07986000
   0.71230000  0.67144000  0.18017000
   0.98494584  0.91758003  0.38172124
   0.80015212  0.54254676  0.48372373
   0.84849413  0.79370422  0.27949675
   0.92003806  0.70809552  0.41138820
   0.78477000  0.69231000  0.65805000
   0.06376211  0.06618805  0.51751372
   0.03856972  0.70192158  0.59263293
   0.71734862  0.62991312  0.69576499
   0.79716344  0.57557635  0.74115242
   0.74038930  0.48619729  0.74354274
   0.92406779  0.58601604  0.73277424
   0.77673447  0.61183633  0.78325190
   0.58513812  0.61107749  0.69751588
