   0.18177000  0.06503000  0.19527000
   0.26794503  0.43293393  0.50246512
   0.03971000  0.44194000  0.09637000
   0.31554091  0.18845694  0.29839230
   0.11668816  0.31422006  0.39984287
   0.51472000  0.06471000  0.19485000
   0.60051343  0.43280360  0.50167091
   0.37304000  0.44194000  0.09637000
   0.64901282  0.18828928  0.29813750
   0.44992132  0.31358314  0.39916127
   0.84826000  0.06468000  0.19455000
   0.93589532  0.43541220  0.50747197
   0.70637000  0.44194000  0.09637000
   0.98229746  0.18847102  0.29829544
   0.78371298  0.31467458  0.39974853
   0.17955000  0.56532000  0.19533000
   0.26128522  0.93355694  0.50460680
   0.03971000  0.94194000  0.09637000
   0.31571229  0.68866190  0.29788810
   0.11958729  0.81302259  0.39674491
   0.51276000  0.56480000  0.19498000
   0.59310703  0.93340658  0.50246410
   0.37304000  0.94194000  0.09637000
   0.64865929  0.68863791  0.29740190
   0.45252015  0.81357094  0.39913097
   0.84642000  0.56519000  0.19522000
   0.92570351  0.93561533  0.50511205
   0.70637000  0.94194000  0.09637000
   0.98188601  0.68845959  0.29733230
   0.78544776  0.81433129  0.39887802
   0.58937584  0.19213645  0.49494410
   0.03971000  0.19194000  0.09637000
   0.31503274  0.43940320  0.29800298
   0.11892025  0.06032845  0.40011161
   0.18013000  0.31638000  0.19719000
   0.25478847  0.19192490  0.49573399
   0.37304000  0.19194000  0.09637000
   0.64802433  0.43892452  0.29735678
   0.45208451  0.06082913  0.40012718
   0.51314000  0.31594000  0.19696000
   0.70637000  0.19194000  0.09637000
   0.98172394  0.43895093  0.29757646
   0.78503868  0.06030110  0.39905631
   0.84665000  0.31624000  0.19703000
   0.92169380  0.19216038  0.49401452
   0.03971000  0.69194000  0.09637000
   0.31706224  0.93968186  0.29846043
   0.12141037  0.55956802  0.39888589
   0.18025000  0.81742000  0.19778000
   0.26093272  0.68776320  0.49494984
   0.37304000  0.69194000  0.09637000
   0.64952779  0.93848791  0.29690932
   0.45448829  0.56001365  0.39979165
   0.51318000  0.81586000  0.19571000
   0.59534401  0.69069050  0.49489801
   0.70637000  0.69194000  0.09637000
   0.98281937  0.93926024  0.29739329
   0.84718000  0.81593000  0.19584000
   0.92335189  0.68959886  0.49321468
   0.78825782  0.56003034  0.39836276
   0.17417000  0.33753000  0.11288000
   0.24993968  0.20624719  0.41265688
   0.06718973  0.32330197  0.50941867
   0.31386000  0.46170000  0.21427000
   0.11603482  0.08382379  0.31591774
   0.23858000  0.04636000  0.07986000
   0.04735000  0.17100000  0.18013000
   0.31597045  0.41786682  0.38185337
   0.12856042  0.04194819  0.48777239
   0.18198927  0.29306647  0.28035329
   0.50750000  0.33753000  0.11288000
   0.58354427  0.20672933  0.41211782
   0.40021025  0.32462548  0.51173305
   0.64712000  0.46121000  0.21367000
   0.44969247  0.08434420  0.31632656
   0.57191000  0.04636000  0.07986000
   0.38063000  0.17082000  0.17998000
   0.64850340  0.41793606  0.38117758
   0.46162495  0.04371909  0.48700675
   0.51497416  0.29262946  0.28005101
   0.84083000  0.33753000  0.11288000
   0.91636903  0.20622412  0.41122161
   0.73263762  0.32487942  0.51056435
   0.98063000  0.46160000  0.21400000
   0.78259605  0.08313619  0.31498440
   0.90524000  0.04636000  0.07986000
   0.71387000  0.17083000  0.18002000
   0.98213645  0.41761258  0.38109004
   0.79523513  0.04443478  0.48620209
   0.84846476  0.29271325  0.27998081
   0.17417000  0.83753000  0.11288000
   0.25221590  0.70712949  0.41217947
   0.05590425  0.82610230  0.52195719
   0.31682000  0.96236000  0.21534000
   0.11590308  0.58419349  0.31521456
   0.23858000  0.54636000  0.07986000
   0.04601000  0.67209000  0.18056000
   0.31810405  0.91755113  0.38213530
   0.13730568  0.54101440  0.48359305
   0.18192172  0.79397325  0.28096926
   0.50619000  0.83294000  0.10916000
   0.58568101  0.70651760  0.41234743
   0.39130133  0.82525542  0.51322355
   0.64926000  0.96050000  0.21277000
   0.44933785  0.58433909  0.31588279
   0.57191000  0.54636000  0.07986000
   0.37906000  0.67136000  0.18002000
   0.65039741  0.91730608  0.38100688
   0.46881616  0.54332891  0.48672560
   0.51491073  0.79317372  0.27926837
   0.83992000  0.83287000  0.10930000
   0.72708003  0.82748732  0.51102759
   0.98268000  0.96077000  0.21320000
   0.78235156  0.58403780  0.31475528
   0.90524000  0.54636000  0.07986000
   0.71230000  0.67144000  0.18017000
   0.98494929  0.91761624  0.38170566
   0.80020191  0.54242827  0.48376864
   0.84849111  0.79370560  0.27948961
   0.92002013  0.70811324  0.41129116
   0.78477000  0.69231000  0.65805000
   0.17965041  0.27936979  0.58066322
   0.03856003  0.70192006  0.59269398
   0.71733924  0.62989545  0.69578339
   0.79709301  0.57554606  0.74113990
   0.74039911  0.48621237  0.74354801
   0.92408520  0.58603953  0.73278225
   0.77676126  0.61182139  0.78324260
   0.58515935  0.61109574  0.69751940
