   0.17876397  0.06450250  0.19540528
   0.26858517  0.43257358  0.50199955
   0.03971000  0.44194000  0.09637000
   0.31468627  0.18919464  0.29853546
   0.12045353  0.31223251  0.40307775
   0.51239322  0.06447450  0.19515485
   0.60097050  0.43281141  0.50201036
   0.37304000  0.44194000  0.09637000
   0.64790338  0.18884014  0.29924217
   0.45039365  0.31255288  0.40312070
   0.84539004  0.06488663  0.19533961
   0.93409955  0.43162431  0.50155111
   0.70637000  0.44194000  0.09637000
   0.98202457  0.18944702  0.29960067
   0.78548875  0.31299871  0.39959007
   0.17990901  0.56407206  0.19513787
   0.26243714  0.93670214  0.51057831
   0.03971000  0.94194000  0.09637000
   0.31604035  0.68849931  0.29835701
   0.11866861  0.81468500  0.39736828
   0.51312936  0.56312838  0.19440122
   0.59281406  0.93496485  0.50631310
   0.37304000  0.94194000  0.09637000
   0.64935683  0.68808351  0.29751281
   0.45221963  0.81454507  0.39948316
   0.84667457  0.56408274  0.19496027
   0.92342690  0.93300888  0.50609376
   0.70637000  0.94194000  0.09637000
   0.98299980  0.68862265  0.29713523
   0.78515883  0.81443877  0.39937275
   0.93072901  0.68368787  0.49389336
   0.03971000  0.19194000  0.09637000
   0.31594568  0.43834143  0.29850604
   0.11979298  0.05976888  0.40160310
   0.17890429  0.31530396  0.19621824
   0.25786350  0.18215002  0.50421393
   0.37304000  0.19194000  0.09637000
   0.64946535  0.43765528  0.29726722
   0.45210843  0.06057029  0.40077921
   0.51191329  0.31488992  0.19663421
   0.58567364  0.19207904  0.49672353
   0.70637000  0.19194000  0.09637000
   0.98369772  0.43837865  0.29862261
   0.78539839  0.06082219  0.40124056
   0.84492340  0.31595239  0.19731230
   0.92769031  0.19119243  0.49649418
   0.03971000  0.69194000  0.09637000
   0.31540288  0.94024109  0.29817119
   0.12297214  0.56063220  0.40023317
   0.17943088  0.81601046  0.19712080
   0.26563141  0.69197620  0.49587030
   0.37304000  0.69194000  0.09637000
   0.64874785  0.93978870  0.29865776
   0.45632022  0.56010940  0.40032312
   0.51222024  0.81590831  0.19743987
   0.59466929  0.69263553  0.49651664
   0.70637000  0.69194000  0.09637000
   0.98221817  0.94087404  0.29819304
   0.84523323  0.81625381  0.19721597
   0.78957207  0.55954470  0.39783765
   0.17310000  0.33301000  0.10976000
   0.25057719  0.20463355  0.41942927
   0.06588715  0.32681052  0.51164975
   0.31402128  0.45998437  0.21383004
   0.11650387  0.08561141  0.31730112
   0.23858000  0.04636000  0.07986000
   0.04471870  0.17086601  0.18011770
   0.31804231  0.41692582  0.38294604
   0.12228371  0.03143562  0.48432091
   0.18100752  0.29356237  0.27987037
   0.50750000  0.33753000  0.11288000
   0.58595679  0.20586048  0.41312328
   0.40301584  0.32826595  0.50892454
   0.64794484  0.45970729  0.21343716
   0.44830320  0.08482299  0.31669658
   0.57191000  0.04636000  0.07986000
   0.37774675  0.17012159  0.17978599
   0.65094388  0.41686729  0.38105846
   0.46351369  0.04194648  0.48600285
   0.51400292  0.29240999  0.27947355
   0.84083000  0.33753000  0.11288000
   0.91792411  0.20614080  0.41368296
   0.73226689  0.32443964  0.51185289
   0.98101623  0.46090922  0.21464031
   0.78221934  0.08450552  0.31705853
   0.90524000  0.04636000  0.07986000
   0.71131479  0.17080731  0.17982827
   0.98663870  0.41701873  0.38256917
   0.79577435  0.04362919  0.48812869
   0.84742652  0.29302027  0.28051102
   0.17417000  0.83753000  0.11288000
   0.25140559  0.70892428  0.41385191
   0.05029462  0.82007498  0.52674379
   0.31377477  0.96103859  0.21448599
   0.11658745  0.58438341  0.31640995
   0.23858000  0.54636000  0.07986000
   0.04614367  0.67064844  0.18011373
   0.31752920  0.91736682  0.38158229
   0.13651994  0.54556420  0.48720771
   0.18264135  0.79335650  0.28030938
   0.50750000  0.83753000  0.11288000
   0.58595833  0.70806119  0.41412024
   0.39176929  0.82726484  0.51790802
   0.64670175  0.96131443  0.21491015
   0.44973578  0.58384725  0.31641565
   0.57191000  0.54636000  0.07986000
   0.37958313  0.67033467  0.18015013
   0.65068297  0.91754327  0.38250685
   0.47001889  0.54510273  0.48701089
   0.51577352  0.79303167  0.28064060
   0.84083000  0.83753000  0.11288000
   0.72361433  0.82664505  0.51961874
   0.98003333  0.96160393  0.21454656
   0.78375825  0.58365603  0.31441491
   0.90524000  0.54636000  0.07986000
   0.71244641  0.67044503  0.18013251
   0.98282193  0.91698974  0.38125522
   0.80299371  0.54039587  0.48382838
   0.84880574  0.79350231  0.28022297
   0.91952237  0.70827402  0.41305293
   0.77746138  0.60412503  0.64749354
   0.26834575  0.12561578  0.59586706
   0.93253273  0.74255641  0.60159693
   0.71837147  0.54625830  0.68902941
   0.80043798  0.53276925  0.74334299
   0.76014385  0.44747377  0.76034668
   0.92939910  0.55523959  0.73968510
   0.76256993  0.58864613  0.77595613
   0.59270956  0.50241139  0.68541192
