   0.17894641  0.06416725  0.19493687
   0.26264148  0.43342786  0.50343617
   0.03971000  0.44194000  0.09637000
   0.31483914  0.18861690  0.29905737
   0.11670406  0.31332223  0.40128295
   0.51244160  0.06426402  0.19506245
   0.59690081  0.43199380  0.50162172
   0.37304000  0.44194000  0.09637000
   0.64791486  0.18899311  0.29917726
   0.45097064  0.31270664  0.40176905
   0.84566398  0.06494160  0.19559475
   0.93160217  0.43279624  0.50273787
   0.70637000  0.44194000  0.09637000
   0.98126260  0.18886668  0.29979801
   0.78142385  0.31312401  0.40372329
   0.17973398  0.56402115  0.19529614
   0.26344303  0.93191470  0.50704194
   0.03971000  0.94194000  0.09637000
   0.31607734  0.68754888  0.29829405
   0.12142119  0.81303819  0.39768868
   0.51299274  0.56377459  0.19472665
   0.59375192  0.93431979  0.50911651
   0.37304000  0.94194000  0.09637000
   0.64944420  0.68810606  0.29831061
   0.45424549  0.81393604  0.39962264
   0.84633990  0.56406453  0.19491333
   0.92579243  0.93458130  0.50526013
   0.70637000  0.94194000  0.09637000
   0.98290702  0.68809810  0.29759716
   0.78738588  0.81334725  0.39997740
   0.93334622  0.68476085  0.49502345
   0.03971000  0.19194000  0.09637000
   0.31588254  0.43785037  0.29818737
   0.11999451  0.06024810  0.40185988
   0.17850108  0.31528580  0.19629062
   0.26213591  0.18978050  0.49702782
   0.37304000  0.19194000  0.09637000
   0.64876050  0.43849224  0.29785285
   0.45269398  0.06066649  0.40115820
   0.51207611  0.31522462  0.19693447
   0.59300102  0.18311752  0.50284874
   0.70637000  0.19194000  0.09637000
   0.98157430  0.43823877  0.29854361
   0.78480918  0.06029656  0.40068925
   0.84530364  0.31566533  0.19733182
   0.91873366  0.19023757  0.49751560
   0.03971000  0.69194000  0.09637000
   0.31673940  0.93975160  0.29825944
   0.12032040  0.55960592  0.40009412
   0.17960483  0.81577142  0.19718458
   0.26764320  0.68825362  0.49513998
   0.37304000  0.69194000  0.09637000
   0.64947334  0.93892626  0.29853542
   0.45517074  0.55981209  0.40027379
   0.51228726  0.81590442  0.19734653
   0.59531849  0.69140798  0.49713777
   0.70637000  0.69194000  0.09637000
   0.98240159  0.93974326  0.29900995
   0.84535055  0.81644539  0.19739495
   0.78788864  0.55963568  0.39920064
   0.17310000  0.33301000  0.10976000
   0.24955512  0.20616252  0.41462234
   0.06216292  0.32454811  0.51334924
   0.31379753  0.45990253  0.21381859
   0.11519186  0.08441114  0.31759449
   0.23858000  0.04636000  0.07986000
   0.04518357  0.17062636  0.17989518
   0.31633714  0.41688050  0.38240048
   0.13133215  0.04055253  0.48885935
   0.18080040  0.29252029  0.27998587
   0.50750000  0.33753000  0.11288000
   0.58112300  0.20562685  0.41783375
   0.39323458  0.32782880  0.51261435
   0.64756772  0.46052078  0.21397489
   0.44893124  0.08506612  0.31718414
   0.57191000  0.04636000  0.07986000
   0.37865590  0.17004208  0.17972022
   0.64843971  0.41711935  0.38150738
   0.45759095  0.03513014  0.48419289
   0.51384111  0.29277946  0.27992331
   0.84083000  0.33753000  0.11288000
   0.91742916  0.20595182  0.41434473
   0.73256765  0.32898281  0.50726329
   0.98089477  0.46060415  0.21437607
   0.78145899  0.08439921  0.31692494
   0.90524000  0.04636000  0.07986000
   0.71162795  0.17075279  0.18001744
   0.98218327  0.41735407  0.38266826
   0.79709133  0.03959288  0.48571396
   0.84764488  0.29282819  0.28051211
   0.17417000  0.83753000  0.11288000
   0.25344276  0.70658260  0.41313331
   0.05351846  0.82395222  0.52469395
   0.31357412  0.96108310  0.21468321
   0.11624919  0.58357131  0.31633722
   0.23858000  0.54636000  0.07986000
   0.04603578  0.67052010  0.18017877
   0.31869144  0.91614559  0.38142135
   0.13236074  0.54467709  0.48765068
   0.18279667  0.79260480  0.28034860
   0.50750000  0.83753000  0.11288000
   0.58807345  0.70718073  0.41440007
   0.39278732  0.82275114  0.51697430
   0.64676551  0.96131856  0.21492197
   0.45005222  0.58325448  0.31640949
   0.57191000  0.54636000  0.07986000
   0.37911738  0.67046852  0.18015732
   0.65307230  0.91562169  0.38191893
   0.46527251  0.54509658  0.48737550
   0.51552160  0.79231098  0.28055317
   0.84083000  0.83753000  0.11288000
   0.72778415  0.82474947  0.52168340
   0.97991037  0.96162834  0.21513554
   0.78369511  0.58415575  0.31596489
   0.90524000  0.54636000  0.07986000
   0.71261009  0.67078473  0.18021027
   0.98613172  0.91667575  0.38335633
   0.79991259  0.54379223  0.48501256
   0.84919320  0.79336098  0.28075128
   0.92225976  0.70739199  0.41384348
   0.78061133  0.61851123  0.64958561
   0.61509626  0.13644141  0.59537174
   0.92635333  0.75422887  0.60055684
   0.72435820  0.55037200  0.68722577
   0.80387714  0.53313031  0.74221614
   0.76515170  0.44657784  0.75686610
   0.93408977  0.55826892  0.73918741
   0.76281190  0.58601329  0.77492657
   0.60383099  0.50004447  0.68030285
