   0.18177000  0.06503000  0.19527000
   0.24672591  0.43811732  0.50360816
   0.03971000  0.44194000  0.09637000
   0.31757163  0.18957140  0.29905160
   0.11092431  0.31709380  0.40192420
   0.51472000  0.06471000  0.19485000
   0.58100459  0.44171852  0.50048728
   0.37304000  0.44194000  0.09637000
   0.65192926  0.19055543  0.29884878
   0.44403264  0.31572422  0.40270860
   0.84826000  0.06468000  0.19455000
   0.91456238  0.44352661  0.50233823
   0.70637000  0.44194000  0.09637000
   0.98441467  0.19024699  0.29885869
   0.77493331  0.31770973  0.40425738
   0.17955000  0.56532000  0.19533000
   0.28202456  0.93223911  0.50514975
   0.03971000  0.94194000  0.09637000
   0.31450508  0.68939474  0.29818639
   0.12456606  0.81326802  0.39498645
   0.51276000  0.56480000  0.19498000
   0.61043841  0.93330206  0.50367434
   0.37304000  0.94194000  0.09637000
   0.64697115  0.68880919  0.29663880
   0.45723524  0.81519324  0.39837746
   0.84642000  0.56519000  0.19522000
   0.94273743  0.93920248  0.50509280
   0.70637000  0.94194000  0.09637000
   0.98134597  0.68890082  0.29740759
   0.79002166  0.81419094  0.39569706
   0.58302459  0.18987798  0.50165708
   0.03971000  0.19194000  0.09637000
   0.31285672  0.44025840  0.29870626
   0.12448893  0.06081233  0.40143801
   0.18013000  0.31638000  0.19719000
   0.26446797  0.19164993  0.49821388
   0.37304000  0.19194000  0.09637000
   0.64437854  0.43867914  0.29710634
   0.45900187  0.06145821  0.39986422
   0.51314000  0.31594000  0.19696000
   0.70637000  0.19194000  0.09637000
   0.97957448  0.43989868  0.29892491
   0.79047309  0.06221128  0.39994294
   0.84665000  0.31624000  0.19703000
   0.91867511  0.19631611  0.49693541
   0.03971000  0.69194000  0.09637000
   0.31969418  0.94039012  0.29800533
   0.11434725  0.56356516  0.40054347
   0.18025000  0.81742000  0.19778000
   0.26574125  0.68913779  0.49512197
   0.37304000  0.69194000  0.09637000
   0.65151149  0.94025005  0.29701778
   0.44793161  0.56373008  0.40042113
   0.51318000  0.81586000  0.19571000
   0.58877252  0.69725385  0.49555109
   0.70637000  0.69194000  0.09637000
   0.98561093  0.94086519  0.29743166
   0.84718000  0.81593000  0.19584000
   0.91409895  0.69883323  0.49212062
   0.78123184  0.56382303  0.39667688
   0.17417000  0.33753000  0.11288000
   0.24203019  0.20899248  0.41688858
   0.04339961  0.33382726  0.51513093
   0.31386000  0.46170000  0.21427000
   0.11903200  0.08606557  0.31707170
   0.23858000  0.04636000  0.07986000
   0.04735000  0.17100000  0.18013000
   0.30993614  0.42038743  0.38314692
   0.14580561  0.04093164  0.48973022
   0.18366622  0.29380402  0.28047894
   0.50750000  0.33753000  0.11288000
   0.57628634  0.20892065  0.41773006
   0.38021223  0.33508316  0.51040418
   0.64712000  0.46121000  0.21367000
   0.45343336  0.08630701  0.31614571
   0.57191000  0.04636000  0.07986000
   0.38063000  0.17082000  0.17998000
   0.64076640  0.42012067  0.38089923
   0.47469736  0.03427386  0.48231370
   0.51510456  0.29248823  0.27960885
   0.84083000  0.33753000  0.11288000
   0.91106801  0.21007322  0.41375537
   0.71694186  0.33972929  0.50575289
   0.98063000  0.46160000  0.21400000
   0.78524330  0.08519620  0.31579423
   0.90524000  0.04636000  0.07986000
   0.71387000  0.17083000  0.18002000
   0.97628555  0.42088426  0.38341422
   0.81042002  0.04315929  0.48637402
   0.85018631  0.29397006  0.28016748
   0.17417000  0.83753000  0.11288000
   0.25642966  0.70801651  0.41259953
   0.07067756  0.82311232  0.52054856
   0.31682000  0.96236000  0.21534000
   0.11484408  0.58501072  0.31632657
   0.23858000  0.54636000  0.07986000
   0.04601000  0.67209000  0.18056000
   0.32301024  0.91788158  0.38063695
   0.11898846  0.55142390  0.48817870
   0.18131364  0.79447804  0.28104756
   0.50619000  0.83294000  0.10916000
   0.59040999  0.70802891  0.41138592
   0.41075169  0.82007146  0.51606415
   0.64926000  0.96050000  0.21277000
   0.44760056  0.58492818  0.31601656
   0.57191000  0.54636000  0.07986000
   0.37906000  0.67136000  0.18002000
   0.65615145  0.91867865  0.38078371
   0.44839054  0.55410912  0.48855257
   0.51448353  0.79412585  0.27936777
   0.83992000  0.83287000  0.10930000
   0.74723572  0.82326151  0.51344704
   0.98268000  0.96077000  0.21320000
   0.78072422  0.58380236  0.31262497
   0.90524000  0.54636000  0.07986000
   0.71230000  0.67144000  0.18017000
   0.99046656  0.91848281  0.38133861
   0.78333008  0.55510899  0.48335517
   0.84820629  0.79454563  0.27994263
   0.92506208  0.70799888  0.40813043
   0.78477000  0.69231000  0.65805000
   0.54860594  0.15305393  0.59628073
   0.00292511  0.75582780  0.60451366
   0.71487623  0.61364936  0.68733225
   0.79404806  0.56236571  0.73281894
   0.75511264  0.47258419  0.73947938
   0.92204722  0.58623696  0.72473591
   0.77279325  0.60531690  0.77332322
   0.58449241  0.58831228  0.68101141
