   0.28936175  0.43202333  0.49227825
   0.17894459  0.06421259  0.18491641
   0.03971000  0.44194000  0.08602000
   0.31577528  0.18814819  0.28860570
   0.12934591  0.31218250  0.38955602
   0.51224667  0.06422419  0.18483154
   0.62060211  0.43080129  0.49164954
   0.37304000  0.44194000  0.08602000
   0.64920072  0.18808300  0.28841615
   0.46263489  0.31217297  0.38872639
   0.84558014  0.06415134  0.18488400
   0.95889025  0.42986745  0.49264963
   0.70637000  0.44194000  0.08602000
   0.98252111  0.18809174  0.28855507
   0.79604433  0.31213465  0.38898063
   0.18116236  0.56357197  0.18475679
   0.25225838  0.93952128  0.49357880
   0.03971000  0.94194000  0.08602000
   0.31658617  0.68834489  0.28818449
   0.11075552  0.81664918  0.39014648
   0.51454302  0.56364378  0.18483069
   0.58472374  0.93835186  0.49335321
   0.37304000  0.94194000  0.08602000
   0.64985962  0.68853892  0.28837965
   0.44411472  0.81688518  0.38998107
   0.84787566  0.56362167  0.18474298
   0.91841516  0.93946448  0.49350141
   0.70637000  0.94194000  0.08602000
   0.98345150  0.68849943  0.28819219
   0.77746339  0.81667168  0.39036203
   0.03971000  0.19194000  0.08602000
   0.32005877  0.43812183  0.28812409
   0.11611662  0.06232111  0.38949275
   0.17964718  0.31537893  0.18699310
   0.26219494  0.19430448  0.48454086
   0.37304000  0.19194000  0.08602000
   0.65364950  0.43863387  0.28849658
   0.44875546  0.06260152  0.38954249
   0.51303560  0.31563451  0.18716880
   0.59665936  0.19286311  0.48435176
   0.70637000  0.19194000  0.08602000
   0.98671785  0.43821239  0.28817844
   0.78175500  0.06180996  0.38914594
   0.84632434  0.31547102  0.18704230
   0.93056306  0.19110591  0.48353062
   0.03971000  0.69194000  0.08602000
   0.31173275  0.93956379  0.28782809
   0.12938015  0.55976126  0.38966357
   0.17906640  0.81539457  0.18674947
   0.26387684  0.69252735  0.48508094
   0.37304000  0.69194000  0.08602000
   0.64490828  0.93922963  0.28762324
   0.46192232  0.55972537  0.38996307
   0.51231421  0.81525075  0.18668191
   0.59718792  0.69325316  0.48537494
   0.70637000  0.69194000  0.08602000
   0.97838414  0.93932397  0.28787362
   0.84573268  0.81532559  0.18675859
   0.93176940  0.69527771  0.48661374
   0.79529241  0.56057904  0.39038312
   0.17417000  0.33753000  0.10253000
   0.26307495  0.20354167  0.39988281
   0.09043102  0.31873849  0.49494446
   0.31569169  0.46032243  0.20446586
   0.11567503  0.08272616  0.30516515
   0.23858000  0.04636000  0.06951000
   0.04530141  0.17049738  0.16979573
   0.32848398  0.41642374  0.37205533
   0.12056741  0.05065889  0.47722571
   0.18267809  0.29295607  0.27041637
   0.50750000  0.33753000  0.10253000
   0.59539903  0.20413187  0.40028910
   0.42123195  0.32144976  0.49978368
   0.64910258  0.46051858  0.20476522
   0.44918904  0.08298288  0.30518961
   0.57191000  0.04636000  0.06951000
   0.37873311  0.17077398  0.16989486
   0.66241525  0.41764165  0.37289859
   0.45423557  0.04974259  0.47723704
   0.51623025  0.29341491  0.27081625
   0.84083000  0.33753000  0.10253000
   0.92782506  0.20301294  0.39957454
   0.75426914  0.32154618  0.49864197
   0.98225249  0.46039053  0.20450591
   0.78216855  0.08263541  0.30487014
   0.90524000  0.04636000  0.06951000
   0.71201073  0.17062510  0.16983738
   0.99452782  0.41658896  0.37214199
   0.78645585  0.04928520  0.47695584
   0.84933364  0.29307527  0.27053421
   0.17417000  0.83753000  0.10253000
   0.24457415  0.71034468  0.40346851
   0.05169847  0.83400788  0.50368722
   0.31306441  0.96066881  0.20406389
   0.11783927  0.58429931  0.30622615
   0.23858000  0.54636000  0.06951000
   0.04719862  0.66979404  0.16966545
   0.30890373  0.92031005  0.37218558
   0.15597919  0.54052015  0.47515403
   0.18200212  0.79245008  0.27003684
   0.50750000  0.83753000  0.10253000
   0.57775278  0.70985042  0.40362548
   0.38383118  0.83191806  0.50316262
   0.64623813  0.96051399  0.20391306
   0.45124919  0.58419732  0.30637865
   0.57191000  0.54636000  0.06951000
   0.38048136  0.66968476  0.16962314
   0.64238984  0.91970238  0.37192698
   0.48905529  0.54127462  0.47657734
   0.51513527  0.79222296  0.26992490
   0.84083000  0.83753000  0.10253000
   0.71805472  0.83226841  0.50282188
   0.97969088  0.96055122  0.20411056
   0.78484025  0.58472204  0.30685119
   0.90524000  0.54636000  0.06951000
   0.71388095  0.66974868  0.16966579
   0.97577408  0.91980193  0.37228009
   0.82191631  0.54245733  0.48016637
   0.84858834  0.79228719  0.27006183
   0.91091038  0.70958501  0.40472165
   0.69474905  0.62625801  0.63159745
   0.06223131  0.45421311  0.63401744
   0.86751796  0.53111309  0.58937787
   0.65241404  0.62215002  0.68207650
   0.67603092  0.53862398  0.72573231
   0.56095170  0.50240157  0.74576475
   0.73053425  0.47312549  0.70769379
   0.75122058  0.58192054  0.76080865
   0.59028170  0.68733027  0.69757337
