   0.18177000  0.06503000  0.19527000
   0.25241018  0.44043504  0.50201868
   0.03971000  0.44194000  0.09637000
   0.31700192  0.19183538  0.29896464
   0.11106226  0.31860601  0.40144900
   0.51472000  0.06471000  0.19485000
   0.58572836  0.44146274  0.50361009
   0.37304000  0.44194000  0.09637000
   0.64982110  0.19118883  0.29843614
   0.44142045  0.31952009  0.40408741
   0.84826000  0.06468000  0.19455000
   0.91766052  0.43913695  0.50323269
   0.70637000  0.44194000  0.09637000
   0.98331829  0.19084538  0.29832730
   0.77599682  0.31971383  0.40043638
   0.17955000  0.56532000  0.19533000
   0.27861461  0.93960031  0.50733984
   0.03971000  0.94194000  0.09637000
   0.31589601  0.69047348  0.29803395
   0.12513581  0.81615394  0.39642584
   0.51276000  0.56480000  0.19498000
   0.60796460  0.93641026  0.50317048
   0.37304000  0.94194000  0.09637000
   0.64889104  0.69042738  0.29765791
   0.45841882  0.81664085  0.39867409
   0.84642000  0.56519000  0.19522000
   0.93898940  0.93748479  0.50115667
   0.70637000  0.94194000  0.09637000
   0.98207491  0.69014590  0.29765582
   0.79164377  0.81586120  0.39788791
   0.58335156  0.19556055  0.49746941
   0.03971000  0.19194000  0.09637000
   0.31298864  0.44178318  0.29854052
   0.12442275  0.06350654  0.39897406
   0.18013000  0.31638000  0.19719000
   0.25950122  0.18716874  0.50156760
   0.37304000  0.19194000  0.09637000
   0.64543671  0.44183980  0.29835208
   0.45722658  0.06408627  0.39984640
   0.51314000  0.31594000  0.19696000
   0.70637000  0.19194000  0.09637000
   0.98011031  0.44135283  0.29815837
   0.78885041  0.06380835  0.39921319
   0.84665000  0.31624000  0.19703000
   0.92509262  0.19680943  0.49454170
   0.03971000  0.69194000  0.09637000
   0.31944731  0.94164327  0.29828398
   0.11690611  0.56494385  0.39977383
   0.18025000  0.81742000  0.19778000
   0.26717653  0.69435556  0.49464265
   0.37304000  0.69194000  0.09637000
   0.65197139  0.94050495  0.29703284
   0.45108727  0.56537058  0.40025089
   0.51318000  0.81586000  0.19571000
   0.59492733  0.69840731  0.49596510
   0.70637000  0.69194000  0.09637000
   0.98520399  0.94094419  0.29688605
   0.84718000  0.81593000  0.19584000
   0.93228209  0.68979428  0.49523362
   0.78311487  0.56514661  0.39990972
   0.17417000  0.33753000  0.11288000
   0.24143374  0.21142187  0.41710425
   0.04969299  0.33489872  0.51206256
   0.31386000  0.46170000  0.21427000
   0.11798488  0.08670379  0.31501452
   0.23858000  0.04636000  0.07986000
   0.04735000  0.17100000  0.18013000
   0.30845272  0.42368963  0.38281470
   0.13730166  0.03616066  0.48139938
   0.18197748  0.29546501  0.28060583
   0.50750000  0.33753000  0.11288000
   0.57768670  0.21292361  0.41461931
   0.38715289  0.33729973  0.50704038
   0.64712000  0.46121000  0.21367000
   0.45122983  0.08740800  0.31621756
   0.57191000  0.04636000  0.07986000
   0.38063000  0.17082000  0.17998000
   0.64125991  0.42374454  0.38281664
   0.47765531  0.04267757  0.48372168
   0.51554812  0.29532050  0.28032268
   0.84083000  0.33753000  0.11288000
   0.90914581  0.21250794  0.41246591
   0.71561453  0.33328881  0.51436971
   0.98063000  0.46160000  0.21400000
   0.78368296  0.08593918  0.31514270
   0.90524000  0.04636000  0.07986000
   0.71387000  0.17083000  0.18002000
   0.97612562  0.42327243  0.38245159
   0.80826686  0.04606302  0.48559539
   0.84885398  0.29494853  0.28033627
   0.17417000  0.83753000  0.11288000
   0.25708575  0.70975199  0.41188782
   0.06964090  0.82584935  0.52150019
   0.31682000  0.96236000  0.21534000
   0.11602918  0.58608573  0.31549964
   0.23858000  0.54636000  0.07986000
   0.04601000  0.67209000  0.18056000
   0.32395853  0.91966793  0.38131173
   0.12135145  0.55349490  0.48764052
   0.18210339  0.79544326  0.28099690
   0.50619000  0.83294000  0.10916000
   0.59205967  0.70980960  0.41249839
   0.40663567  0.82688610  0.51444115
   0.64926000  0.96050000  0.21277000
   0.44965618  0.58629683  0.31588017
   0.57191000  0.54636000  0.07986000
   0.37906000  0.67136000  0.18002000
   0.65726817  0.91941226  0.38104466
   0.45592405  0.55515216  0.48796571
   0.51552633  0.79509451  0.27953737
   0.83992000  0.83287000  0.10930000
   0.74091625  0.82927187  0.51615599
   0.98268000  0.96077000  0.21320000
   0.78268132  0.58636098  0.31587533
   0.90524000  0.54636000  0.07986000
   0.71230000  0.67144000  0.18017000
   0.98970481  0.91885574  0.38026425
   0.78942451  0.55098266  0.48710711
   0.84870693  0.79484359  0.27955805
   0.92589704  0.71006802  0.41296226
   0.78477000  0.69231000  0.65805000
   0.29935450  0.12625964  0.59153463
  -0.04366981  0.78497129  0.60091302
   0.71974809  0.61841731  0.69140222
   0.80039875  0.56271814  0.73531984
   0.75059933  0.47236483  0.73488444
   0.92942205  0.58105119  0.73009469
   0.76973444  0.59163234  0.77820211
   0.58850780  0.59136404  0.68892830
