   0.18177000  0.06503000  0.19527000
   0.26742970  0.43898506  0.50181363
   0.03971000  0.44194000  0.09637000
   0.31590138  0.18993473  0.29939696
   0.11907697  0.31560967  0.40287042
   0.51472000  0.06471000  0.19485000
   0.59660190  0.43761234  0.50230227
   0.37304000  0.44194000  0.09637000
   0.64918637  0.18901813  0.29845216
   0.44961823  0.31559489  0.40266988
   0.84826000  0.06468000  0.19455000
   0.93009390  0.43836174  0.49937237
   0.70637000  0.44194000  0.09637000
   0.98265385  0.19008543  0.29953086
   0.78478070  0.31549330  0.39979098
   0.17955000  0.56532000  0.19533000
   0.26697856  0.93681157  0.50569773
   0.03971000  0.94194000  0.09637000
   0.31715297  0.68916056  0.29775229
   0.12153214  0.81543510  0.39596252
   0.51276000  0.56480000  0.19498000
   0.59762462  0.93864404  0.50472632
   0.37304000  0.94194000  0.09637000
   0.64993695  0.68890861  0.29708706
   0.45511812  0.81648838  0.39791303
   0.84642000  0.56519000  0.19522000
   0.92958338  0.93743323  0.50366336
   0.70637000  0.94194000  0.09637000
   0.98321883  0.68926639  0.29712445
   0.78782576  0.81496045  0.39768499
   0.58956688  0.19702685  0.49594802
   0.03971000  0.19194000  0.09637000
   0.31593239  0.43943742  0.29850337
   0.12235489  0.06185980  0.39927597
   0.18013000  0.31638000  0.19719000
   0.24996591  0.18684165  0.50263560
   0.37304000  0.19194000  0.09637000
   0.64849207  0.43935085  0.29765571
   0.45199167  0.06391697  0.40107475
   0.51314000  0.31594000  0.19696000
   0.70637000  0.19194000  0.09637000
   0.98305229  0.43965941  0.29789278
   0.78699055  0.06311142  0.39999097
   0.84665000  0.31624000  0.19703000
   0.93335480  0.19370282  0.49700644
   0.03971000  0.69194000  0.09637000
   0.31788579  0.94103084  0.29842370
   0.12223636  0.56286720  0.39894514
   0.18025000  0.81742000  0.19778000
   0.26561919  0.69582827  0.49413879
   0.37304000  0.69194000  0.09637000
   0.65050614  0.93948881  0.29709179
   0.45599561  0.56225199  0.39965326
   0.51318000  0.81586000  0.19571000
   0.59606328  0.69724335  0.49482142
   0.70637000  0.69194000  0.09637000
   0.98296256  0.94027659  0.29697960
   0.84718000  0.81593000  0.19584000
   0.93187903  0.68841081  0.49460797
   0.78859751  0.56202484  0.39844866
   0.17417000  0.33753000  0.11288000
   0.25183450  0.20734645  0.41732062
   0.06400705  0.33549243  0.50480502
   0.31386000  0.46170000  0.21427000
   0.11616809  0.08534482  0.31545042
   0.23858000  0.04636000  0.07986000
   0.04735000  0.17100000  0.18013000
   0.31619356  0.42032499  0.38269067
   0.13011670  0.03350134  0.48141519
   0.18204330  0.29395432  0.28059758
   0.50750000  0.33753000  0.11288000
   0.58521648  0.20866962  0.41312732
   0.39855396  0.33105367  0.50927016
   0.64712000  0.46121000  0.21367000
   0.45010606  0.08558072  0.31655058
   0.57191000  0.04636000  0.07986000
   0.38063000  0.17082000  0.17998000
   0.65016614  0.41941507  0.38156852
   0.46628653  0.04674414  0.48763939
   0.51531710  0.29330834  0.28007859
   0.84083000  0.33753000  0.11288000
   0.91693991  0.20830908  0.41368363
   0.72914597  0.33069898  0.51162816
   0.98063000  0.46160000  0.21400000
   0.78342250  0.08435139  0.31550797
   0.90524000  0.04636000  0.07986000
   0.71387000  0.17083000  0.18002000
   0.98379920  0.42006040  0.38166625
   0.79954803  0.04603769  0.48699464
   0.84878580  0.29350245  0.28033020
   0.17417000  0.83753000  0.11288000
   0.25505952  0.71021416  0.41142022
   0.06319325  0.82495262  0.52300693
   0.31682000  0.96236000  0.21534000
   0.11747311  0.58526035  0.31502046
   0.23858000  0.54636000  0.07986000
   0.04601000  0.67209000  0.18056000
   0.31973899  0.91997184  0.38206405
   0.13380543  0.55164052  0.48606407
   0.18340283  0.79452958  0.28085015
   0.50619000  0.83294000  0.10916000
   0.58820326  0.70948308  0.41209118
   0.39708700  0.82929873  0.51630261
   0.64926000  0.96050000  0.21277000
   0.45110384  0.58474383  0.31583303
   0.57191000  0.54636000  0.07986000
   0.37906000  0.67136000  0.18002000
   0.65358856  0.91889395  0.38131259
   0.46808621  0.55062401  0.48667239
   0.51626597  0.79345622  0.27925849
   0.83992000  0.83287000  0.10930000
   0.73016709  0.83060292  0.51728843
   0.98268000  0.96077000  0.21320000
   0.78408695  0.58481803  0.31475968
   0.90524000  0.54636000  0.07986000
   0.71230000  0.67144000  0.18017000
   0.98557027  0.91745141  0.38020772
   0.79740948  0.54697295  0.48504486
   0.84916150  0.79385807  0.27922735
   0.92306097  0.70926933  0.41245382
   0.78477000  0.69231000  0.65805000
   0.15484612  0.15055671  0.59352232
  -0.03474853  0.77228225  0.60247508
   0.72009140  0.63191904  0.69749525
   0.80074881  0.57539181  0.74085146
   0.74214553  0.48499829  0.74145105
   0.92722185  0.58593621  0.73309250
   0.77840514  0.60652771  0.78369263
   0.58999985  0.61979922  0.70108717
