   0.18177000  0.06503000  0.19527000
   0.24707265  0.44111798  0.50417111
   0.03971000  0.44194000  0.09637000
   0.31853028  0.19029576  0.29912474
   0.11390090  0.31784912  0.40059098
   0.51472000  0.06471000  0.19485000
   0.57977286  0.44189409  0.50274703
   0.37304000  0.44194000  0.09637000
   0.65206385  0.19023814  0.29872755
   0.44794678  0.31705103  0.40302807
   0.84826000  0.06468000  0.19455000
   0.91363196  0.44264483  0.50449550
   0.70637000  0.44194000  0.09637000
   0.98517781  0.18977474  0.29872380
   0.77770913  0.31779900  0.40350143
   0.17955000  0.56532000  0.19533000
   0.28211399  0.93241473  0.50441075
   0.03971000  0.94194000  0.09637000
   0.31542362  0.68995849  0.29821114
   0.12558857  0.81471434  0.39566966
   0.51276000  0.56480000  0.19498000
   0.61278241  0.93580758  0.50280726
   0.37304000  0.94194000  0.09637000
   0.64854518  0.69014420  0.29777978
   0.45745953  0.81496487  0.39855960
   0.84642000  0.56519000  0.19522000
   0.94413117  0.93554111  0.50437490
   0.70637000  0.94194000  0.09637000
   0.98161378  0.68969955  0.29777462
   0.78987261  0.81558524  0.39789459
   0.58953160  0.19020644  0.50426072
   0.03971000  0.19194000  0.09637000
   0.31447069  0.44067328  0.29834331
   0.12662703  0.06133893  0.40105596
   0.18013000  0.31638000  0.19719000
   0.26384947  0.19343753  0.49704004
   0.37304000  0.19194000  0.09637000
   0.64710269  0.44033921  0.29801459
   0.46157210  0.06402901  0.40083839
   0.51314000  0.31594000  0.19696000
   0.70637000  0.19194000  0.09637000
   0.98050427  0.44043616  0.29845417
   0.79298941  0.06252953  0.39979562
   0.84665000  0.31624000  0.19703000
   0.92163006  0.19621539  0.49672775
   0.03971000  0.69194000  0.09637000
   0.31993361  0.94131567  0.29870921
   0.11345300  0.56471961  0.40032969
   0.18025000  0.81742000  0.19778000
   0.26032306  0.69511044  0.49589511
   0.37304000  0.69194000  0.09637000
   0.65207991  0.94000740  0.29734980
   0.44837151  0.56459662  0.39997436
   0.51318000  0.81586000  0.19571000
   0.58770002  0.69887127  0.49561655
   0.70637000  0.69194000  0.09637000
   0.98567863  0.94035191  0.29779809
   0.84718000  0.81593000  0.19584000
   0.91564876  0.69953809  0.48916075
   0.77984394  0.56381963  0.39856358
   0.17417000  0.33753000  0.11288000
   0.24561873  0.21009635  0.41531637
   0.04525261  0.33477291  0.51413687
   0.31386000  0.46170000  0.21427000
   0.11952959  0.08534975  0.31678617
   0.23858000  0.04636000  0.07986000
   0.04735000  0.17100000  0.18013000
   0.31189690  0.42087423  0.38242867
   0.14695699  0.03957312  0.48787150
   0.18387774  0.29383329  0.28056001
   0.50750000  0.33753000  0.11288000
   0.58087969  0.21135603  0.41958691
   0.37795744  0.33748364  0.51194780
   0.64712000  0.46121000  0.21367000
   0.45365750  0.08712949  0.31708802
   0.57191000  0.04636000  0.07986000
   0.38063000  0.17082000  0.17998000
   0.64439446  0.42078548  0.38238525
   0.47713893  0.03688615  0.48282173
   0.51705964  0.29385159  0.28014400
   0.84083000  0.33753000  0.11288000
   0.91423574  0.21151406  0.41379807
   0.71763126  0.34144008  0.51139773
   0.98063000  0.46160000  0.21400000
   0.78600428  0.08500664  0.31590662
   0.90524000  0.04636000  0.07986000
   0.71387000  0.17083000  0.18002000
   0.97839947  0.42203476  0.38301567
   0.81419228  0.04323325  0.48505424
   0.85094635  0.29356831  0.28029698
   0.17417000  0.83753000  0.11288000
   0.25483676  0.70746098  0.41225815
   0.07116975  0.81836058  0.52158834
   0.31682000  0.96236000  0.21534000
   0.11530239  0.58546569  0.31589587
   0.23858000  0.54636000  0.07986000
   0.04601000  0.67209000  0.18056000
   0.32373661  0.91916670  0.38162087
   0.11538791  0.55390574  0.49130899
   0.18219367  0.79545583  0.28111259
   0.50619000  0.83294000  0.10916000
   0.59118143  0.70787285  0.41131420
   0.41141347  0.82149338  0.51330531
   0.64926000  0.96050000  0.21277000
   0.44908046  0.58562430  0.31554278
   0.57191000  0.54636000  0.07986000
   0.37906000  0.67136000  0.18002000
   0.65682926  0.91914819  0.38116797
   0.44812404  0.55482211  0.48753097
   0.51512876  0.79472885  0.27953328
   0.83992000  0.83287000  0.10930000
   0.74492853  0.82628870  0.51183590
   0.98268000  0.96077000  0.21320000
   0.78135571  0.58503822  0.31492562
   0.90524000  0.54636000  0.07986000
   0.71230000  0.67144000  0.18017000
   0.99063548  0.91907835  0.38231463
   0.78179864  0.55472571  0.48616461
   0.84884705  0.79523158  0.27982311
   0.92506066  0.70773004  0.40714213
   0.78477000  0.69231000  0.65805000
   0.54660901  0.14855232  0.59740627
   0.98991340  0.68190747  0.59058310
   0.72467268  0.61119472  0.68757127
   0.79851789  0.56202886  0.73541304
   0.73773103  0.47357804  0.73954786
   0.92782753  0.57165199  0.73183630
   0.77802573  0.60568455  0.77513531
   0.60234755  0.56453856  0.67906709
