   0.18177000  0.06503000  0.19527000
   0.24405677  0.44461683  0.50387962
   0.03971000  0.44194000  0.09637000
   0.31865999  0.19020067  0.29966911
   0.11644408  0.31743918  0.40086744
   0.51472000  0.06471000  0.19485000
   0.58510935  0.44399526  0.50491795
   0.37304000  0.44194000  0.09637000
   0.65199064  0.18987355  0.29843643
   0.44614175  0.31850178  0.40227638
   0.84826000  0.06468000  0.19455000
   0.91286561  0.44124836  0.50381042
   0.70637000  0.44194000  0.09637000
   0.98558287  0.18967975  0.29799446
   0.78150355  0.31886838  0.40138587
   0.17955000  0.56532000  0.19533000
   0.28317861  0.93773638  0.50438541
   0.03971000  0.94194000  0.09637000
   0.31569476  0.69052980  0.29821280
   0.12503175  0.81598594  0.39795462
   0.51276000  0.56480000  0.19498000
   0.61541285  0.93644576  0.50333654
   0.37304000  0.94194000  0.09637000
   0.64848448  0.68997827  0.29734609
   0.45851644  0.81612201  0.39875597
   0.84642000  0.56519000  0.19522000
   0.94562947  0.93663316  0.50301599
   0.70637000  0.94194000  0.09637000
   0.98232083  0.69053628  0.29794061
   0.79140648  0.81542669  0.39809833
   0.57914302  0.19552478  0.49808891
   0.03971000  0.19194000  0.09637000
   0.31459235  0.44094694  0.29843396
   0.12944483  0.06391076  0.40062898
   0.18013000  0.31638000  0.19719000
   0.26310486  0.19896902  0.50695323
   0.37304000  0.19194000  0.09637000
   0.64771284  0.44012021  0.29757638
   0.46092685  0.06334337  0.40297247
   0.51314000  0.31594000  0.19696000
   0.70637000  0.19194000  0.09637000
   0.98110280  0.44044686  0.29812886
   0.79271667  0.06190009  0.40053205
   0.84665000  0.31624000  0.19703000
   0.93011441  0.19383142  0.49431480
   0.03971000  0.69194000  0.09637000
   0.32050076  0.94257575  0.29967392
   0.11437543  0.56490434  0.39969078
   0.18025000  0.81742000  0.19778000
   0.25771017  0.69549224  0.49448516
   0.37304000  0.69194000  0.09637000
   0.65283658  0.94048768  0.29718051
   0.44746241  0.56543441  0.39985342
   0.51318000  0.81586000  0.19571000
   0.58888388  0.69733655  0.49489246
   0.70637000  0.69194000  0.09637000
   0.98611124  0.94044499  0.29776271
   0.84718000  0.81593000  0.19584000
   0.92048074  0.69655797  0.49430392
   0.78163979  0.56519621  0.39835543
   0.17417000  0.33753000  0.11288000
   0.24762444  0.20974872  0.41726463
   0.04692802  0.33917102  0.51246945
   0.31386000  0.46170000  0.21427000
   0.11970720  0.08521898  0.31596675
   0.23858000  0.04636000  0.07986000
   0.04735000  0.17100000  0.18013000
   0.31237595  0.42244678  0.38165950
   0.14691758  0.04132709  0.48692557
   0.18430369  0.29396363  0.28025427
   0.50750000  0.33753000  0.11288000
   0.58184254  0.21237979  0.41359118
   0.38430059  0.34092559  0.50173687
   0.64712000  0.46121000  0.21367000
   0.45382347  0.08689083  0.31845549
   0.57191000  0.04636000  0.07986000
   0.38063000  0.17082000  0.17998000
   0.64771843  0.42142198  0.38160768
   0.48079164  0.04456521  0.49021862
   0.51733179  0.29357262  0.28002598
   0.84083000  0.33753000  0.11288000
   0.91323575  0.21098408  0.41072874
   0.71670868  0.33750791  0.51588147
   0.98063000  0.46160000  0.21400000
   0.78630724  0.08507264  0.31514891
   0.90524000  0.04636000  0.07986000
   0.71387000  0.17083000  0.18002000
   0.98008127  0.42182007  0.38236709
   0.81371560  0.04502254  0.48925415
   0.85097812  0.29387701  0.28002516
   0.17417000  0.83753000  0.11288000
   0.25716654  0.70802577  0.41041291
   0.07890891  0.82230645  0.51424682
   0.31682000  0.96236000  0.21534000
   0.11547154  0.58565407  0.31464105
   0.23858000  0.54636000  0.07986000
   0.04601000  0.67209000  0.18056000
   0.32495997  0.92137374  0.38389718
   0.11294892  0.55379191  0.49044502
   0.18279141  0.79660775  0.28141557
   0.50619000  0.83294000  0.10916000
   0.59078316  0.70866228  0.41115143
   0.41206215  0.82638894  0.51187119
   0.64926000  0.96050000  0.21277000
   0.44919185  0.58597786  0.31529331
   0.57191000  0.54636000  0.07986000
   0.37906000  0.67136000  0.18002000
   0.65760188  0.92013283  0.38134445
   0.44910172  0.55560311  0.48739713
   0.51552002  0.79533504  0.27957662
   0.83992000  0.83287000  0.10930000
   0.74646805  0.82404592  0.51033225
   0.98268000  0.96077000  0.21320000
   0.78215344  0.58529947  0.31408274
   0.90524000  0.54636000  0.07986000
   0.71230000  0.67144000  0.18017000
   0.99058588  0.92026587  0.38186627
   0.78049668  0.55254147  0.48748908
   0.84874251  0.79539874  0.27965395
   0.92476989  0.70792239  0.40955312
   0.78477000  0.69231000  0.65805000
   0.32473898  0.24864456  0.61481331
   0.95931122  0.65209935  0.60200973
   0.72821006  0.61049907  0.68781089
   0.80059185  0.54763099  0.73865037
   0.74414112  0.45836260  0.75333441
   0.92621439  0.55153264  0.73947265
   0.77161668  0.59524176  0.77926239
   0.61551641  0.55741896  0.67945233
