   0.18177000  0.06503000  0.19527000
   0.26324888  0.43263234  0.50222942
   0.03971000  0.44194000  0.09637000
   0.31533983  0.18804219  0.29755400
   0.11358174  0.31543685  0.40083770
   0.51472000  0.06471000  0.19485000
   0.59534097  0.43278353  0.49773395
   0.37304000  0.44194000  0.09637000
   0.64942621  0.18807768  0.29824236
   0.44547555  0.31286486  0.39732599
   0.84826000  0.06468000  0.19455000
   0.93087906  0.43571256  0.50639011
   0.70637000  0.44194000  0.09637000
   0.98282508  0.18957796  0.29892136
   0.78048942  0.31552900  0.40035831
   0.17955000  0.56532000  0.19533000
   0.26360049  0.93044090  0.50490472
   0.03971000  0.94194000  0.09637000
   0.31508110  0.68921802  0.29782701
   0.12002485  0.81308908  0.39539716
   0.51276000  0.56480000  0.19498000
   0.59633762  0.93223280  0.50288018
   0.37304000  0.94194000  0.09637000
   0.64829247  0.68935826  0.29647429
   0.45312240  0.81368008  0.39899827
   0.84642000  0.56519000  0.19522000
   0.92815308  0.93194477  0.50508551
   0.70637000  0.94194000  0.09637000
   0.98124108  0.68887049  0.29668651
   0.78609990  0.81504337  0.39790410
   0.58728434  0.18947147  0.49193162
   0.03971000  0.19194000  0.09637000
   0.31358221  0.44038349  0.29781070
   0.11892652  0.06092053  0.40129861
   0.18013000  0.31638000  0.19719000
   0.25663722  0.19106080  0.49679893
   0.37304000  0.19194000  0.09637000
   0.64613655  0.43809926  0.29604882
   0.45129949  0.05864914  0.39912758
   0.51314000  0.31594000  0.19696000
   0.70637000  0.19194000  0.09637000
   0.98092023  0.43897964  0.29727119
   0.78589519  0.06042701  0.39949718
   0.84665000  0.31624000  0.19703000
   0.92384446  0.19083562  0.49416886
   0.03971000  0.69194000  0.09637000
   0.31720962  0.93911031  0.29796200
   0.12011129  0.55957601  0.39842466
   0.18025000  0.81742000  0.19778000
   0.26173186  0.68759157  0.49449500
   0.37304000  0.69194000  0.09637000
   0.64980233  0.93936637  0.29695524
   0.45265838  0.56138413  0.39927644
   0.51318000  0.81586000  0.19571000
   0.59530266  0.69049571  0.49465144
   0.70637000  0.69194000  0.09637000
   0.98299998  0.94091644  0.29770198
   0.84718000  0.81593000  0.19584000
   0.92526562  0.68589718  0.48875455
   0.78631114  0.55953060  0.39451437
   0.17417000  0.33753000  0.11288000
   0.24586352  0.20742433  0.41467459
   0.06317082  0.32366867  0.51041707
   0.31386000  0.46170000  0.21427000
   0.11662014  0.08527792  0.31689482
   0.23858000  0.04636000  0.07986000
   0.04735000  0.17100000  0.18013000
   0.31312564  0.41880485  0.38158839
   0.13176451  0.03924667  0.48919292
   0.18255895  0.29341664  0.28024862
   0.50750000  0.33753000  0.11288000
   0.57805474  0.20523782  0.40967701
   0.39589727  0.32539666  0.51268017
   0.64712000  0.46121000  0.21367000
   0.44942515  0.08342316  0.31531005
   0.57191000  0.04636000  0.07986000
   0.38063000  0.17082000  0.17998000
   0.64436721  0.41708453  0.37887254
   0.46396876  0.04062675  0.48621165
   0.51437326  0.29140806  0.27953286
   0.84083000  0.33753000  0.11288000
   0.91371171  0.20693021  0.41173353
   0.72892315  0.32458515  0.50190067
   0.98063000  0.46160000  0.21400000
   0.78387770  0.08340259  0.31542824
   0.90524000  0.04636000  0.07986000
   0.71387000  0.17083000  0.18002000
   0.97971414  0.41840332  0.38073893
   0.79857140  0.04272245  0.48663640
   0.84826320  0.29259213  0.27995329
   0.17417000  0.83753000  0.11288000
   0.25250622  0.70670908  0.41172222
   0.05680649  0.82015451  0.52001452
   0.31682000  0.96236000  0.21534000
   0.11539548  0.58402884  0.31458470
   0.23858000  0.54636000  0.07986000
   0.04601000  0.67209000  0.18056000
   0.31806967  0.91643911  0.38151599
   0.13393707  0.54259197  0.48353773
   0.18164667  0.79405839  0.28076296
   0.50619000  0.83294000  0.10916000
   0.58666456  0.70738200  0.41210945
   0.39414610  0.82323267  0.51419422
   0.64926000  0.96050000  0.21277000
   0.44891182  0.58521154  0.31545476
   0.57191000  0.54636000  0.07986000
   0.37906000  0.67136000  0.18002000
   0.65057517  0.91791958  0.38122410
   0.46370603  0.54450656  0.48592379
   0.51447816  0.79428482  0.27931948
   0.83992000  0.83287000  0.10930000
   0.72847118  0.82569007  0.51242698
   0.98268000  0.96077000  0.21320000
   0.78132800  0.58356126  0.31167897
   0.90524000  0.54636000  0.07986000
   0.71230000  0.67144000  0.18017000
   0.98576060  0.91866642  0.38207339
   0.79530641  0.54236265  0.47877108
   0.84842353  0.79511864  0.27972234
   0.92026578  0.70758592  0.40729898
   0.78477000  0.69231000  0.65805000
   0.96458476  0.49948670  0.61311540
   0.01137195  0.69256894  0.59196837
   0.71939961  0.62780587  0.69557049
   0.79787674  0.57287758  0.74079056
   0.73549029  0.48500583  0.74482319
   0.92440508  0.57917110  0.73414359
   0.77881784  0.61138305  0.78260197
   0.58790680  0.60750807  0.69820429
