   0.18177000  0.06503000  0.19527000
   0.25688083  0.43614645  0.50497385
   0.03971000  0.44194000  0.09637000
   0.31737556  0.18901392  0.29796423
   0.11318438  0.31733009  0.40000557
   0.51472000  0.06471000  0.19485000
   0.59029046  0.43565025  0.49813964
   0.37304000  0.44194000  0.09637000
   0.65103574  0.18921926  0.29887599
   0.44500458  0.31556080  0.39870705
   0.84826000  0.06468000  0.19455000
   0.92270281  0.43869062  0.50426527
   0.70637000  0.44194000  0.09637000
   0.98436773  0.18957725  0.29837903
   0.77932444  0.31801871  0.40138787
   0.17955000  0.56532000  0.19533000
   0.27107088  0.93068741  0.50544467
   0.03971000  0.94194000  0.09637000
   0.31515227  0.68965105  0.29857748
   0.12216242  0.81447899  0.39589168
   0.51276000  0.56480000  0.19498000
   0.60437355  0.93503485  0.50254974
   0.37304000  0.94194000  0.09637000
   0.64788108  0.68962123  0.29685915
   0.45511589  0.81413738  0.39925533
   0.84642000  0.56519000  0.19522000
   0.93604844  0.93376722  0.50539490
   0.70637000  0.94194000  0.09637000
   0.98130789  0.68981249  0.29696511
   0.78764189  0.81617923  0.39820253
   0.58817006  0.19105722  0.49161369
   0.03971000  0.19194000  0.09637000
   0.31414008  0.44154524  0.29864227
   0.12207638  0.06125240  0.40077547
   0.18013000  0.31638000  0.19719000
   0.25741502  0.19227668  0.49664180
   0.37304000  0.19194000  0.09637000
   0.64664849  0.43955282  0.29675963
   0.45291364  0.05941484  0.39886884
   0.51314000  0.31594000  0.19696000
   0.70637000  0.19194000  0.09637000
   0.98082429  0.44044799  0.29806614
   0.79043974  0.06157935  0.39935544
   0.84665000  0.31624000  0.19703000
   0.92486933  0.19548319  0.49467123
   0.03971000  0.69194000  0.09637000
   0.31782655  0.93951166  0.29788416
   0.11733847  0.56296970  0.39995033
   0.18025000  0.81742000  0.19778000
   0.26080379  0.69229213  0.49515564
   0.37304000  0.69194000  0.09637000
   0.65098103  0.93941103  0.29704349
   0.45169402  0.56336622  0.40062960
   0.51318000  0.81586000  0.19571000
   0.59616310  0.69315971  0.49570251
   0.70637000  0.69194000  0.09637000
   0.98442610  0.94076018  0.29730335
   0.84718000  0.81593000  0.19584000
   0.92173800  0.69072896  0.48859442
   0.78327649  0.56293036  0.39516071
   0.17417000  0.33753000  0.11288000
   0.24548809  0.20882348  0.41464144
   0.05671212  0.32989184  0.51284712
   0.31386000  0.46170000  0.21427000
   0.11851385  0.08539662  0.31637609
   0.23858000  0.04636000  0.07986000
   0.04735000  0.17100000  0.18013000
   0.31184549  0.42100487  0.38319596
   0.13878043  0.03936481  0.48872457
   0.18387230  0.29446129  0.28093051
   0.50750000  0.33753000  0.11288000
   0.57684855  0.20696466  0.40971683
   0.38920916  0.32860108  0.51438902
   0.64712000  0.46121000  0.21367000
   0.45125261  0.08380402  0.31499290
   0.57191000  0.04636000  0.07986000
   0.38063000  0.17082000  0.17998000
   0.64267274  0.41973033  0.38005088
   0.46894114  0.04107165  0.48597471
   0.51613176  0.29297687  0.28006480
   0.84083000  0.33753000  0.11288000
   0.91386355  0.20962608  0.41209855
   0.72205638  0.32756024  0.50098422
   0.98063000  0.46160000  0.21400000
   0.78552121  0.08385139  0.31534665
   0.90524000  0.04636000  0.07986000
   0.71387000  0.17083000  0.18002000
   0.97840001  0.42098939  0.38224755
   0.80529629  0.04487911  0.48671290
   0.85011439  0.29367746  0.28030598
   0.17417000  0.83753000  0.11288000
   0.25422158  0.70804177  0.41198400
   0.06362576  0.81712992  0.52074778
   0.31682000  0.96236000  0.21534000
   0.11504005  0.58536249  0.31545096
   0.23858000  0.54636000  0.07986000
   0.04601000  0.67209000  0.18056000
   0.32010253  0.91715584  0.38145058
   0.12859801  0.54786488  0.48698717
   0.18114481  0.79440290  0.28073922
   0.50619000  0.83294000  0.10916000
   0.58906010  0.70800610  0.41260588
   0.40353546  0.82427432  0.51312853
   0.64926000  0.96050000  0.21277000
   0.44931537  0.58582011  0.31635501
   0.57191000  0.54636000  0.07986000
   0.37906000  0.67136000  0.18002000
   0.65333908  0.91918132  0.38134824
   0.45940637  0.54856433  0.48784002
   0.51434099  0.79415310  0.27949313
   0.83992000  0.83287000  0.10930000
   0.73742287  0.82812998  0.51054487
   0.98268000  0.96077000  0.21320000
   0.78175078  0.58463449  0.31232128
   0.90524000  0.54636000  0.07986000
   0.71230000  0.67144000  0.18017000
   0.98760523  0.92003941  0.38152974
   0.78899451  0.54665502  0.47826878
   0.84775505  0.79532570  0.27948927
   0.92308468  0.70981629  0.40654927
   0.78477000  0.69231000  0.65805000
   0.83381301  0.48268570  0.61248459
   0.98165376  0.67479191  0.59178794
   0.71699182  0.62240652  0.69239512
   0.79590741  0.56864617  0.73799731
   0.73938389  0.48068275  0.74457089
   0.92222968  0.57519511  0.73018956
   0.78737838  0.61324671  0.77867625
   0.58547983  0.60304725  0.69144449
