   0.18177000  0.06503000  0.19527000
   0.24581423  0.44059493  0.50379648
   0.03971000  0.44194000  0.09637000
   0.31883116  0.19039149  0.29920386
   0.11474304  0.31782926  0.40086892
   0.51472000  0.06471000  0.19485000
   0.57645792  0.44658266  0.50290304
   0.37304000  0.44194000  0.09637000
   0.65196035  0.18990084  0.29812562
   0.44903140  0.31874794  0.40151545
   0.84826000  0.06468000  0.19455000
   0.91291131  0.44394407  0.50233823
   0.70637000  0.44194000  0.09637000
   0.98565245  0.18978359  0.29772415
   0.78102654  0.31748711  0.40085585
   0.17955000  0.56532000  0.19533000
   0.28130826  0.93524065  0.50359658
   0.03971000  0.94194000  0.09637000
   0.31587520  0.69078403  0.29818373
   0.12513559  0.81600919  0.39848865
   0.51276000  0.56480000  0.19498000
   0.61326210  0.93232779  0.50283613
   0.37304000  0.94194000  0.09637000
   0.64867412  0.69011232  0.29727619
   0.45877883  0.81634912  0.39883333
   0.84642000  0.56519000  0.19522000
   0.94693135  0.93397496  0.50198559
   0.70637000  0.94194000  0.09637000
   0.98222631  0.69060130  0.29794473
   0.79121283  0.81517827  0.39802963
   0.59276395  0.19461733  0.49760061
   0.03971000  0.19194000  0.09637000
   0.31457337  0.44083738  0.29802047
   0.12727970  0.06204946  0.40007927
   0.18013000  0.31638000  0.19719000
   0.25991260  0.19632544  0.49520795
   0.37304000  0.19194000  0.09637000
   0.64765932  0.44023346  0.29726778
   0.46205528  0.06459928  0.40291784
   0.51314000  0.31594000  0.19696000
   0.70637000  0.19194000  0.09637000
   0.98105855  0.44056830  0.29768179
   0.79425243  0.06181361  0.39892591
   0.84665000  0.31624000  0.19703000
   0.92548776  0.19539770  0.49474244
   0.03971000  0.69194000  0.09637000
   0.32028123  0.94225127  0.29941388
   0.11502687  0.56550883  0.39865029
   0.18025000  0.81742000  0.19778000
   0.25811033  0.69755517  0.49457913
   0.37304000  0.69194000  0.09637000
   0.65248754  0.94001201  0.29682585
   0.44704574  0.56622726  0.39950091
   0.51318000  0.81586000  0.19571000
   0.59002502  0.69698027  0.49589745
   0.70637000  0.69194000  0.09637000
   0.98598563  0.94014129  0.29731946
   0.84718000  0.81593000  0.19584000
   0.91977017  0.69783351  0.49535949
   0.78228671  0.56557654  0.39788136
   0.17417000  0.33753000  0.11288000
   0.24866483  0.21094549  0.41317040
   0.04052008  0.33395118  0.51288036
   0.31386000  0.46170000  0.21427000
   0.11951217  0.08534205  0.31612489
   0.23858000  0.04636000  0.07986000
   0.04735000  0.17100000  0.18013000
   0.31316223  0.42130286  0.38240765
   0.14782129  0.04410523  0.48705605
   0.18433939  0.29392338  0.28054048
   0.50750000  0.33753000  0.11288000
   0.58235564  0.21225686  0.41835640
   0.37542174  0.33600489  0.51224679
   0.64712000  0.46121000  0.21367000
   0.45436989  0.08765710  0.31897165
   0.57191000  0.04636000  0.07986000
   0.38063000  0.17082000  0.17998000
   0.64706922  0.41971548  0.38132440
   0.48415889  0.04530701  0.49078663
   0.51736662  0.29340952  0.28030723
   0.84083000  0.33753000  0.11288000
   0.91345987  0.21056661  0.41497997
   0.71626130  0.32850385  0.50720588
   0.98063000  0.46160000  0.21400000
   0.78673208  0.08579486  0.31547970
   0.90524000  0.04636000  0.07986000
   0.71387000  0.17083000  0.18002000
   0.97987462  0.42072673  0.38222763
   0.81267980  0.04440555  0.48712824
   0.85091976  0.29379862  0.28040098
   0.17417000  0.83753000  0.11288000
   0.25799037  0.70833032  0.41049957
   0.07906041  0.82374472  0.51154547
   0.31682000  0.96236000  0.21534000
   0.11565296  0.58545523  0.31514215
   0.23858000  0.54636000  0.07986000
   0.04601000  0.67209000  0.18056000
   0.32493269  0.92181633  0.38396059
   0.11769945  0.55320382  0.48759093
   0.18287134  0.79657441  0.28156697
   0.50619000  0.83294000  0.10916000
   0.59091710  0.70870735  0.41160817
   0.41090176  0.82488564  0.51202810
   0.64926000  0.96050000  0.21277000
   0.44893911  0.58572514  0.31546908
   0.57191000  0.54636000  0.07986000
   0.37906000  0.67136000  0.18002000
   0.65732230  0.91963095  0.38092256
   0.44508040  0.55580311  0.48612076
   0.51536460  0.79504901  0.27964095
   0.83992000  0.83287000  0.10930000
   0.74676506  0.82538713  0.51058296
   0.98268000  0.96077000  0.21320000
   0.78215856  0.58518186  0.31404965
   0.90524000  0.54636000  0.07986000
   0.71230000  0.67144000  0.18017000
   0.99032204  0.91998828  0.38186693
   0.78226024  0.55445475  0.48304085
   0.84895333  0.79532905  0.27983445
   0.92566530  0.70894900  0.40997977
   0.78477000  0.69231000  0.65805000
   0.68177614  0.42440069  0.62226764
   0.95565192  0.64577200  0.61040122
   0.70043147  0.55538630  0.68565410
   0.78000469  0.52855443  0.74269306
   0.75442957  0.44789326  0.76541588
   0.92059819  0.54867611  0.73607354
   0.76620491  0.59077069  0.77503904
   0.57169591  0.51926672  0.69564060
