   0.18177000  0.06503000  0.19527000
   0.24613818  0.43827597  0.50338877
   0.03971000  0.44194000  0.09637000
   0.31763307  0.18958701  0.29882704
   0.11049484  0.31693189  0.40171959
   0.51472000  0.06471000  0.19485000
   0.58153737  0.44162978  0.50052692
   0.37304000  0.44194000  0.09637000
   0.65125497  0.19023244  0.29879177
   0.44399695  0.31591026  0.40249850
   0.84826000  0.06468000  0.19455000
   0.91512923  0.44278441  0.50227585
   0.70637000  0.44194000  0.09637000
   0.98436903  0.19016000  0.29894307
   0.77457246  0.31758071  0.40412159
   0.17955000  0.56532000  0.19533000
   0.28106578  0.93209019  0.50494340
   0.03971000  0.94194000  0.09637000
   0.31466583  0.68926904  0.29826518
   0.12469045  0.81355669  0.39530828
   0.51276000  0.56480000  0.19498000
   0.61057673  0.93287988  0.50400149
   0.37304000  0.94194000  0.09637000
   0.64727839  0.68879510  0.29667819
   0.45747997  0.81486730  0.39821877
   0.84642000  0.56519000  0.19522000
   0.94246206  0.93812382  0.50456848
   0.70637000  0.94194000  0.09637000
   0.98106745  0.68898846  0.29726970
   0.79004124  0.81411063  0.39618927
   0.58392496  0.18981489  0.50246064
   0.03971000  0.19194000  0.09637000
   0.31279652  0.44031264  0.29868780
   0.12438493  0.06117372  0.40148698
   0.18013000  0.31638000  0.19719000
   0.26435952  0.19219230  0.49837951
   0.37304000  0.19194000  0.09637000
   0.64483601  0.43904498  0.29733926
   0.45875199  0.06132976  0.39983709
   0.51314000  0.31594000  0.19696000
   0.70637000  0.19194000  0.09637000
   0.97942753  0.44011643  0.29867213
   0.78985894  0.06185623  0.39996454
   0.84665000  0.31624000  0.19703000
   0.91850778  0.19671514  0.49664548
   0.03971000  0.69194000  0.09637000
   0.31976187  0.94064063  0.29808475
   0.11442669  0.56356615  0.40037569
   0.18025000  0.81742000  0.19778000
   0.26615413  0.68965998  0.49516017
   0.37304000  0.69194000  0.09637000
   0.65145803  0.94003399  0.29704626
   0.44814609  0.56363553  0.40022915
   0.51318000  0.81586000  0.19571000
   0.58949790  0.69733650  0.49556396
   0.70637000  0.69194000  0.09637000
   0.98556786  0.94080201  0.29751497
   0.84718000  0.81593000  0.19584000
   0.91542158  0.69740427  0.49274762
   0.78109406  0.56354448  0.39702762
   0.17417000  0.33753000  0.11288000
   0.24167570  0.20916858  0.41628410
   0.04381578  0.33404790  0.51501481
   0.31386000  0.46170000  0.21427000
   0.11847005  0.08573631  0.31708895
   0.23858000  0.04636000  0.07986000
   0.04735000  0.17100000  0.18013000
   0.30966817  0.42031080  0.38304571
   0.14584794  0.04020040  0.48942074
   0.18326380  0.29377003  0.28050071
   0.50750000  0.33753000  0.11288000
   0.57559075  0.20908920  0.41732592
   0.38095632  0.33586498  0.51051257
   0.64712000  0.46121000  0.21367000
   0.45286964  0.08577081  0.31613477
   0.57191000  0.04636000  0.07986000
   0.38063000  0.17082000  0.17998000
   0.64130100  0.42068954  0.38104647
   0.47445410  0.03365600  0.48204428
   0.51557098  0.29279741  0.27972236
   0.84083000  0.33753000  0.11288000
   0.91103695  0.21007495  0.41427480
   0.71730842  0.33928499  0.50523732
   0.98063000  0.46160000  0.21400000
   0.78530327  0.08509762  0.31585852
   0.90524000  0.04636000  0.07986000
   0.71387000  0.17083000  0.18002000
   0.97581659  0.42082676  0.38323503
   0.80982068  0.04299838  0.48632623
   0.85000682  0.29387674  0.28015202
   0.17417000  0.83753000  0.11288000
   0.25636252  0.70796197  0.41230008
   0.07194556  0.82385944  0.52138649
   0.31682000  0.96236000  0.21534000
   0.11462056  0.58472887  0.31617758
   0.23858000  0.54636000  0.07986000
   0.04601000  0.67209000  0.18056000
   0.32233629  0.91763359  0.38090396
   0.11892327  0.55099729  0.48781128
   0.18149483  0.79455089  0.28090029
   0.50619000  0.83294000  0.10916000
   0.59026408  0.70776916  0.41145467
   0.40999591  0.81993304  0.51603371
   0.64926000  0.96050000  0.21277000
   0.44773617  0.58497670  0.31598510
   0.57191000  0.54636000  0.07986000
   0.37906000  0.67136000  0.18002000
   0.65640851  0.91834174  0.38086516
   0.44863290  0.55409730  0.48823627
   0.51446972  0.79428014  0.27933338
   0.83992000  0.83287000  0.10930000
   0.74730098  0.82405981  0.51373369
   0.98268000  0.96077000  0.21320000
   0.78103277  0.58395094  0.31310178
   0.90524000  0.54636000  0.07986000
   0.71230000  0.67144000  0.18017000
   0.99055089  0.91854590  0.38163733
   0.78293478  0.55453461  0.48398176
   0.84834272  0.79499097  0.27977013
   0.92524314  0.70802458  0.40915053
   0.78477000  0.69231000  0.65805000
   0.54846326  0.15334743  0.59593815
  -0.00318941  0.76272526  0.60485641
   0.71499682  0.61487078  0.68814939
   0.79634726  0.56296342  0.73388420
   0.75358646  0.47289358  0.73856378
   0.92293594  0.58554061  0.72519923
   0.77243123  0.60335069  0.77343173
   0.58363416  0.58823900  0.68203349
