   0.18177000  0.06503000  0.19527000
   0.26144009  0.43807711  0.50245128
   0.03971000  0.44194000  0.09637000
   0.31610288  0.18957720  0.29934964
   0.11596535  0.31387173  0.40373018
   0.51472000  0.06471000  0.19485000
   0.59075858  0.43471542  0.50331932
   0.37304000  0.44194000  0.09637000
   0.64948575  0.18926624  0.29952157
   0.44884636  0.31483159  0.40250852
   0.84826000  0.06468000  0.19455000
   0.92471825  0.43645565  0.50117811
   0.70637000  0.44194000  0.09637000
   0.98245819  0.18924006  0.29925016
   0.78444570  0.31412260  0.40162218
   0.17955000  0.56532000  0.19533000
   0.27649628  0.93217081  0.50366907
   0.03971000  0.94194000  0.09637000
   0.31756472  0.68865069  0.29823327
   0.12386313  0.81234596  0.39649918
   0.51276000  0.56480000  0.19498000
   0.60724671  0.93314873  0.50566694
   0.37304000  0.94194000  0.09637000
   0.65011808  0.68845031  0.29759385
   0.45832046  0.81363331  0.39927471
   0.84642000  0.56519000  0.19522000
   0.93911509  0.93425271  0.50190179
   0.70637000  0.94194000  0.09637000
   0.98342414  0.68803527  0.29753334
   0.79030642  0.81256938  0.39831251
   0.59447994  0.19314444  0.49636813
   0.03971000  0.19194000  0.09637000
   0.31484665  0.43924903  0.29868668
   0.12540774  0.05879780  0.39822420
   0.18013000  0.31638000  0.19719000
   0.24862526  0.18566263  0.49961803
   0.37304000  0.19194000  0.09637000
   0.64848097  0.43882518  0.29803450
   0.45606945  0.06106751  0.40128570
   0.51314000  0.31594000  0.19696000
   0.70637000  0.19194000  0.09637000
   0.98219069  0.43878478  0.29818609
   0.78941848  0.06141201  0.40217401
   0.84665000  0.31624000  0.19703000
   0.94264434  0.18865576  0.50188719
   0.03971000  0.69194000  0.09637000
   0.31935930  0.93988111  0.29868398
   0.12026822  0.56086326  0.39971576
   0.18025000  0.81742000  0.19778000
   0.26975188  0.69170912  0.49483422
   0.37304000  0.69194000  0.09637000
   0.65202824  0.93974235  0.29782042
   0.45425145  0.56110924  0.40044062
   0.51318000  0.81586000  0.19571000
   0.59959232  0.69250215  0.49655371
   0.70637000  0.69194000  0.09637000
   0.98386598  0.93893486  0.29691426
   0.84718000  0.81593000  0.19584000
   0.93750244  0.68356480  0.49435389
   0.78618639  0.56052971  0.39928792
   0.17417000  0.33753000  0.11288000
   0.25070867  0.20559925  0.41512175
   0.06116344  0.33747318  0.50460506
   0.31386000  0.46170000  0.21427000
   0.11612259  0.08422838  0.31509648
   0.23858000  0.04636000  0.07986000
   0.04735000  0.17100000  0.18013000
   0.31470708  0.41906826  0.38284005
   0.14143796  0.03041053  0.48013628
   0.18199059  0.29345417  0.28040006
   0.50750000  0.33753000  0.11288000
   0.58392390  0.20756617  0.41396361
   0.39120068  0.32861435  0.50920474
   0.64712000  0.46121000  0.21367000
   0.45014321  0.08509331  0.31729083
   0.57191000  0.04636000  0.07986000
   0.38063000  0.17082000  0.17998000
   0.64907600  0.41808575  0.38223069
   0.47568078  0.04215844  0.48795236
   0.51548262  0.29316577  0.28018449
   0.84083000  0.33753000  0.11288000
   0.91442806  0.20688199  0.41778638
   0.72331047  0.32980308  0.51428886
   0.98063000  0.46160000  0.21400000
   0.78334992  0.08477802  0.31738112
   0.90524000  0.04636000  0.07986000
   0.71387000  0.17083000  0.18002000
   0.98195407  0.41830081  0.38204612
   0.80667571  0.04033358  0.48788549
   0.84858980  0.29303619  0.28027194
   0.17417000  0.83753000  0.11288000
   0.25735518  0.70692220  0.41214250
   0.07019412  0.82182936  0.51959709
   0.31682000  0.96236000  0.21534000
   0.11748778  0.58394462  0.31572976
   0.23858000  0.54636000  0.07986000
   0.04601000  0.67209000  0.18056000
   0.32342712  0.91670063  0.38230125
   0.12711042  0.55215676  0.48752834
   0.18382842  0.79367700  0.28093934
   0.50619000  0.83294000  0.10916000
   0.59136437  0.70676464  0.41363921
   0.40620072  0.82467284  0.51537751
   0.64926000  0.96050000  0.21277000
   0.45100597  0.58428760  0.31641856
   0.57191000  0.54636000  0.07986000
   0.37906000  0.67136000  0.18002000
   0.65657424  0.91687599  0.38206676
   0.46323597  0.54856599  0.48815556
   0.51732407  0.79368661  0.27959690
   0.83992000  0.83287000  0.10930000
   0.73988885  0.82490614  0.51864146
   0.98268000  0.96077000  0.21320000
   0.78370087  0.58401077  0.31554477
   0.90524000  0.54636000  0.07986000
   0.71230000  0.67144000  0.18017000
   0.98815742  0.91482047  0.38013146
   0.79329039  0.54575612  0.48639624
   0.84996877  0.79280609  0.27923072
   0.92463745  0.70636063  0.41261417
   0.78477000  0.69231000  0.65805000
   0.09447179  0.15408337  0.58512255
  -0.05494511  0.78468712  0.59787562
   0.72091584  0.63257505  0.69764595
   0.80215503  0.57537450  0.74073134
   0.74535045  0.48590715  0.74055687
   0.92913252  0.58767238  0.73273514
   0.78019259  0.60559459  0.78394969
   0.58996833  0.61944662  0.70177726
