   0.18177000  0.06503000  0.19527000
   0.26138287  0.43744722  0.50241106
   0.03971000  0.44194000  0.09637000
   0.31583328  0.18897997  0.29961410
   0.11571520  0.31278738  0.40374296
   0.51472000  0.06471000  0.19485000
   0.59174312  0.43476623  0.50299265
   0.37304000  0.44194000  0.09637000
   0.64915083  0.18917603  0.29942229
   0.44837050  0.31410382  0.40196426
   0.84826000  0.06468000  0.19455000
   0.92441302  0.43592557  0.50161859
   0.70637000  0.44194000  0.09637000
   0.98253080  0.18913650  0.29992314
   0.78458460  0.31410642  0.40196498
   0.17955000  0.56532000  0.19533000
   0.27657695  0.93312278  0.50472060
   0.03971000  0.94194000  0.09637000
   0.31733709  0.68863876  0.29833868
   0.12341629  0.81255051  0.39655026
   0.51276000  0.56480000  0.19498000
   0.60685658  0.93279554  0.50574573
   0.37304000  0.94194000  0.09637000
   0.65011793  0.68838623  0.29762948
   0.45697117  0.81350541  0.39909577
   0.84642000  0.56519000  0.19522000
   0.93787472  0.93429225  0.50265411
   0.70637000  0.94194000  0.09637000
   0.98375886  0.68831580  0.29732584
   0.78995509  0.81226252  0.39854418
   0.59358714  0.19314781  0.49623738
   0.03971000  0.19194000  0.09637000
   0.31471290  0.43912375  0.29859921
   0.12407820  0.05823619  0.39860280
   0.18013000  0.31638000  0.19719000
   0.24922314  0.18582871  0.49900194
   0.37304000  0.19194000  0.09637000
   0.64844204  0.43895032  0.29799115
   0.45557442  0.06113764  0.40123923
   0.51314000  0.31594000  0.19696000
   0.70637000  0.19194000  0.09637000
   0.98229580  0.43882696  0.29814979
   0.78891461  0.06089104  0.40230152
   0.84665000  0.31624000  0.19703000
   0.94353129  0.18798194  0.50245008
   0.03971000  0.69194000  0.09637000
   0.31959859  0.93964428  0.29858505
   0.11924338  0.56075611  0.39962403
   0.18025000  0.81742000  0.19778000
   0.26758279  0.69165307  0.49491865
   0.37304000  0.69194000  0.09637000
   0.65194180  0.93936891  0.29795175
   0.45329028  0.56107830  0.40050351
   0.51318000  0.81586000  0.19571000
   0.59848005  0.69232888  0.49646322
   0.70637000  0.69194000  0.09637000
   0.98285697  0.93878542  0.29721647
   0.84718000  0.81593000  0.19584000
   0.93726363  0.68342842  0.49488075
   0.78735774  0.56047383  0.39930685
   0.17417000  0.33753000  0.11288000
   0.25107025  0.20458716  0.41481221
   0.06088596  0.33672563  0.50508531
   0.31386000  0.46170000  0.21427000
   0.11580959  0.08368198  0.31606682
   0.23858000  0.04636000  0.07986000
   0.04735000  0.17100000  0.18013000
   0.31422902  0.41805961  0.38256190
   0.14050242  0.03092488  0.48064142
   0.18203059  0.29302515  0.28056508
   0.50750000  0.33753000  0.11288000
   0.58357346  0.20729854  0.41398981
   0.39259204  0.32881114  0.50871790
   0.64712000  0.46121000  0.21367000
   0.45024616  0.08473549  0.31738394
   0.57191000  0.04636000  0.07986000
   0.38063000  0.17082000  0.17998000
   0.64921196  0.41801049  0.38199090
   0.47458284  0.04206245  0.48811140
   0.51503835  0.29301336  0.28037821
   0.84083000  0.33753000  0.11288000
   0.91418470  0.20615003  0.41805792
   0.72360777  0.32909624  0.51420275
   0.98063000  0.46160000  0.21400000
   0.78270220  0.08468970  0.31756835
   0.90524000  0.04636000  0.07986000
   0.71387000  0.17083000  0.18002000
   0.98240904  0.41782302  0.38192534
   0.80529801  0.04058808  0.48826368
   0.84858590  0.29303145  0.28036975
   0.17417000  0.83753000  0.11288000
   0.25633061  0.70694996  0.41224133
   0.06871604  0.82214906  0.52036540
   0.31682000  0.96236000  0.21534000
   0.11762622  0.58409298  0.31562666
   0.23858000  0.54636000  0.07986000
   0.04601000  0.67209000  0.18056000
   0.32240016  0.91692401  0.38226861
   0.12704577  0.55116650  0.48746223
   0.18398344  0.79354313  0.28094603
   0.50619000  0.83294000  0.10916000
   0.59093420  0.70723369  0.41363165
   0.40592662  0.82418409  0.51537778
   0.64926000  0.96050000  0.21277000
   0.45093174  0.58442740  0.31641947
   0.57191000  0.54636000  0.07986000
   0.37906000  0.67136000  0.18002000
   0.65566334  0.91633117  0.38222975
   0.46352778  0.54820658  0.48774648
   0.51667504  0.79337316  0.27957092
   0.83992000  0.83287000  0.10930000
   0.73907975  0.82427662  0.51924352
   0.98268000  0.96077000  0.21320000
   0.78458313  0.58449299  0.31565778
   0.90524000  0.54636000  0.07986000
   0.71230000  0.67144000  0.18017000
   0.98721352  0.91439435  0.38056003
   0.79401523  0.54586301  0.48637702
   0.84956538  0.79283733  0.27921491
   0.92530722  0.70664439  0.41318502
   0.78477000  0.69231000  0.65805000
   0.10106007  0.15537236  0.58481872
  -0.05448915  0.78643547  0.59840965
   0.72057098  0.63274873  0.69789029
   0.80193955  0.57524111  0.74081151
   0.74405085  0.48646200  0.74054262
   0.92829808  0.58698868  0.73299036
   0.77998766  0.60554167  0.78432784
   0.59002225  0.61953036  0.70177893
