   0.18177000  0.06503000  0.19527000
   0.24742480  0.43990285  0.50308640
   0.03971000  0.44194000  0.09637000
   0.31725268  0.18981565  0.29888571
   0.11025365  0.31730697  0.40105275
   0.51472000  0.06471000  0.19485000
   0.58226225  0.44000784  0.50151688
   0.37304000  0.44194000  0.09637000
   0.65057573  0.18997964  0.29886802
   0.44422129  0.31652013  0.40219246
   0.84826000  0.06468000  0.19455000
   0.91620995  0.44116555  0.50321069
   0.70637000  0.44194000  0.09637000
   0.98367178  0.18960117  0.29887848
   0.77463238  0.31785598  0.40394241
   0.17955000  0.56532000  0.19533000
   0.28128468  0.93274021  0.50540470
   0.03971000  0.94194000  0.09637000
   0.31517380  0.68925687  0.29798316
   0.12488835  0.81371918  0.39578458
   0.51276000  0.56480000  0.19498000
   0.61026983  0.93339571  0.50391556
   0.37304000  0.94194000  0.09637000
   0.64823168  0.68975139  0.29782119
   0.45774211  0.81441124  0.39824639
   0.84642000  0.56519000  0.19522000
   0.94285913  0.93711633  0.50351372
   0.70637000  0.94194000  0.09637000
   0.98110376  0.68918514  0.29751040
   0.79068663  0.81459428  0.39837322
   0.58477381  0.18865740  0.50226984
   0.03971000  0.19194000  0.09637000
   0.31322523  0.44019272  0.29830979
   0.12484206  0.06155048  0.40102967
   0.18013000  0.31638000  0.19719000
   0.26365090  0.19317695  0.49726586
   0.37304000  0.19194000  0.09637000
   0.64607272  0.44030967  0.29801402
   0.45853648  0.06162861  0.39977276
   0.51314000  0.31594000  0.19696000
   0.70637000  0.19194000  0.09637000
   0.97900054  0.44008455  0.29828805
   0.78917432  0.06176376  0.40002015
   0.84665000  0.31624000  0.19703000
   0.91907760  0.19645010  0.49646659
   0.03971000  0.69194000  0.09637000
   0.31931111  0.94075534  0.29827080
   0.11427196  0.56331901  0.39968313
   0.18025000  0.81742000  0.19778000
   0.26561501  0.69032983  0.49475003
   0.37304000  0.69194000  0.09637000
   0.65206812  0.93950811  0.29712071
   0.44911644  0.56374642  0.39979023
   0.51318000  0.81586000  0.19571000
   0.59097855  0.69712179  0.49566457
   0.70637000  0.69194000  0.09637000
   0.98468314  0.94036293  0.29788333
   0.84718000  0.81593000  0.19584000
   0.92379614  0.69354967  0.49426290
   0.78096229  0.56391898  0.39911509
   0.17417000  0.33753000  0.11288000
   0.24214285  0.21015195  0.41517787
   0.04627634  0.33335709  0.51430984
   0.31386000  0.46170000  0.21427000
   0.11765904  0.08510748  0.31696037
   0.23858000  0.04636000  0.07986000
   0.04735000  0.17100000  0.18013000
   0.30952354  0.42082570  0.38239680
   0.14663906  0.04003131  0.48773005
   0.18267557  0.29340650  0.28038934
   0.50750000  0.33753000  0.11288000
   0.57566393  0.20944370  0.41733794
   0.38016725  0.33656867  0.51081420
   0.64712000  0.46121000  0.21367000
   0.45172487  0.08603902  0.31635874
   0.57191000  0.04636000  0.07986000
   0.38063000  0.17082000  0.17998000
   0.64139320  0.42148322  0.38190308
   0.47446513  0.03416987  0.48184796
   0.51603997  0.29354980  0.28009667
   0.84083000  0.33753000  0.11288000
   0.91080084  0.21028045  0.41397497
   0.71876727  0.33749484  0.50558992
   0.98063000  0.46160000  0.21400000
   0.78447538  0.08464104  0.31603994
   0.90524000  0.04636000  0.07986000
   0.71387000  0.17083000  0.18002000
   0.97542302  0.42095954  0.38248447
   0.81078754  0.04258570  0.48604875
   0.84952266  0.29337001  0.28008522
   0.17417000  0.83753000  0.11288000
   0.25594269  0.70746139  0.41189970
   0.07208110  0.82437591  0.52292386
   0.31682000  0.96236000  0.21534000
   0.11471862  0.58479596  0.31555498
   0.23858000  0.54636000  0.07986000
   0.04601000  0.67209000  0.18056000
   0.32274114  0.91739706  0.38105993
   0.11811827  0.55162061  0.48765086
   0.18167533  0.79462706  0.28097128
   0.50619000  0.83294000  0.10916000
   0.59121119  0.70768157  0.41164706
   0.40924136  0.82037363  0.51484309
   0.64926000  0.96050000  0.21277000
   0.44840924  0.58512431  0.31564139
   0.57191000  0.54636000  0.07986000
   0.37906000  0.67136000  0.18002000
   0.65684146  0.91789007  0.38105687
   0.45047384  0.55395973  0.48758190
   0.51494665  0.79443671  0.27942364
   0.83992000  0.83287000  0.10930000
   0.74536844  0.82549991  0.51481259
   0.98268000  0.96077000  0.21320000
   0.78147089  0.58537255  0.31534516
   0.90524000  0.54636000  0.07986000
   0.71230000  0.67144000  0.18017000
   0.99034303  0.91838504  0.38240811
   0.78480064  0.55331154  0.48608461
   0.84898914  0.79505962  0.27982319
   0.92583664  0.70844292  0.41151960
   0.78477000  0.69231000  0.65805000
   0.54768895  0.15304001  0.59573014
  -0.03259071  0.76911928  0.60209063
   0.72001627  0.61652029  0.69055652
   0.79982384  0.56290364  0.73516739
   0.74722841  0.47290764  0.73624756
   0.92834473  0.58019758  0.72877991
   0.77289585  0.59708479  0.77693155
   0.59003207  0.58579424  0.68607299
