   0.18177734  0.06500727  0.19521361
   0.24170502  0.44257395  0.50357965
   0.03971000  0.44194000  0.09637000
   0.31897827  0.19024773  0.29927030
   0.11306774  0.31810891  0.40109404
   0.51480268  0.06474802  0.19489714
   0.57380470  0.44848662  0.50051627
   0.37304000  0.44194000  0.09637000
   0.65208484  0.18990051  0.29846057
   0.44837086  0.31834934  0.40124703
   0.84823867  0.06470567  0.19467159
   0.91348992  0.44798669  0.50048485
   0.70637000  0.44194000  0.09637000
   0.98547884  0.18983528  0.29813848
   0.78009426  0.31722535  0.40109242
   0.17946603  0.56529643  0.19530592
   0.28476431  0.93464101  0.50304307
   0.03971000  0.94194000  0.09637000
   0.31551316  0.69067030  0.29822826
   0.12616828  0.81590210  0.39826190
   0.51274166  0.56485957  0.19512846
   0.61818358  0.93367914  0.50304473
   0.37304000  0.94194000  0.09637000
   0.64854922  0.69012925  0.29765478
   0.45926476  0.81603630  0.39839051
   0.84626954  0.56518284  0.19527808
   0.95121052  0.93418836  0.50166492
   0.70637000  0.94194000  0.09637000
   0.98215113  0.69052467  0.29825300
   0.79202582  0.81537281  0.39768308
   0.60358027  0.19317038  0.50227376
   0.03971000  0.19194000  0.09637000
   0.31400317  0.44061561  0.29809793
   0.12794550  0.06230724  0.40029691
   0.18000945  0.31626803  0.19714845
   0.26121510  0.19719630  0.49540992
   0.37304000  0.19194000  0.09637000
   0.64731498  0.44047560  0.29785900
   0.46320703  0.06413411  0.40273849
   0.51323727  0.31609051  0.19709974
   0.70637000  0.19194000  0.09637000
   0.98049341  0.44080426  0.29797518
   0.79614368  0.06189078  0.39951996
   0.84657997  0.31628272  0.19707571
   0.91656348  0.19350919  0.49948537
   0.03971000  0.69194000  0.09637000
   0.32050332  0.94216406  0.29939274
   0.11417008  0.56579170  0.39912527
   0.18007831  0.81729775  0.19772765
   0.25540116  0.69813781  0.49471998
   0.37304000  0.69194000  0.09637000
   0.65283162  0.94020752  0.29721957
   0.44556818  0.56628889  0.39923928
   0.51328326  0.81589735  0.19582046
   0.58675449  0.69920438  0.49487109
   0.70637000  0.69194000  0.09637000
   0.98626311  0.94031875  0.29763298
   0.84712576  0.81597429  0.19593560
   0.92020851  0.70114872  0.49434697
   0.78035464  0.56635534  0.39864657
   0.17417000  0.33753000  0.11288000
   0.24786758  0.21154811  0.41359633
   0.03989586  0.33834009  0.51298838
   0.31368159  0.46158217  0.21414642
   0.11982869  0.08548428  0.31617256
   0.23858000  0.04636000  0.07986000
   0.04731980  0.17091852  0.18010398
   0.31245482  0.42120833  0.38221510
   0.15195720  0.04450050  0.48713672
   0.18432865  0.29365589  0.28028150
   0.50750000  0.33753000  0.11288000
   0.58080733  0.21290833  0.41939096
   0.37599577  0.33800978  0.51462916
   0.64710101  0.46136096  0.21392867
   0.45430380  0.08729591  0.31832118
   0.57191000  0.04636000  0.07986000
   0.38069351  0.17087916  0.18002948
   0.64609838  0.42103458  0.38193282
   0.48477670  0.04224392  0.48827343
   0.51751972  0.29363974  0.28027614
   0.84083000  0.33753000  0.11288000
   0.91433177  0.21118616  0.41596249
   0.70868733  0.34727398  0.51100684
   0.98052335  0.46161685  0.21400646
   0.78673984  0.08568184  0.31556625
   0.90524000  0.04636000  0.07986000
   0.71390452  0.17086664  0.18005066
   0.97833593  0.42121563  0.38207494
   0.81730394  0.03896054  0.48377548
   0.85082512  0.29382336  0.28018204
   0.17417000  0.83753000  0.11288000
   0.25902404  0.70833978  0.41024293
   0.08339570  0.82476567  0.51164168
   0.31674723  0.96223195  0.21513554
   0.11544516  0.58546932  0.31493717
   0.23858000  0.54636000  0.07986000
   0.04586232  0.67201082  0.18051653
   0.32549156  0.92141067  0.38340955
   0.11462593  0.55507648  0.48625019
   0.18261943  0.79645815  0.28126483
   0.50619000  0.83294000  0.10916000
   0.59184162  0.70814264  0.41023276
   0.41612819  0.82303033  0.51221433
   0.64934168  0.96053497  0.21289427
   0.44850402  0.58542708  0.31493637
   0.57191000  0.54636000  0.07986000
   0.37901379  0.67140625  0.18006441
   0.65794811  0.91954199  0.38094691
   0.44295185  0.55650605  0.48666547
   0.51549144  0.79508424  0.27954100
   0.83992000  0.83287000  0.10930000
   0.75031070  0.82238634  0.51200453
   0.98270899  0.96080738  0.21329661
   0.78191830  0.58520531  0.31445799
   0.90524000  0.54636000  0.07986000
   0.71226613  0.67149671  0.18021752
   0.99153461  0.92003698  0.38179451
   0.77950369  0.55842160  0.48544122
   0.84889046  0.79531555  0.27975747
   0.92616448  0.70848569  0.40946992
   0.76641162  0.54564303  0.65408707
   0.74030214  0.17000231  0.59226611
   0.74111579  0.37802167  0.60822014
   0.76337472  0.57742573  0.70448586
   0.73321206  0.50291560  0.75539185
   0.64413674  0.52737575  0.78357608
   0.69660249  0.41512027  0.74260877
   0.84277834  0.51525640  0.78119914
   0.78638502  0.66867046  0.71258423
