   0.17771957  0.06438730  0.19563539
   0.28558988  0.43337409  0.49824563
   0.03971000  0.44194000  0.09637000
   0.31512771  0.18920354  0.29801842
   0.12871078  0.31081378  0.40318692
   0.51124963  0.06453285  0.19561786
   0.61751327  0.43463376  0.50105879
   0.37304000  0.44194000  0.09637000
   0.64732780  0.18852658  0.29975773
   0.45704296  0.31098054  0.40454365
   0.84408026  0.06410949  0.19496536
   0.94859800  0.43164684  0.50084427
   0.70637000  0.44194000  0.09637000
   0.98180434  0.18803469  0.29819836
   0.79430856  0.31212548  0.39974811
   0.17987660  0.56377006  0.19504707
   0.25242604  0.93862675  0.50642410
   0.03971000  0.94194000  0.09637000
   0.31480523  0.68831570  0.29856023
   0.11116531  0.81625400  0.39642604
   0.51315998  0.56345413  0.19499342
   0.58491132  0.94002564  0.50467155
   0.37304000  0.94194000  0.09637000
   0.64839063  0.68824274  0.29772623
   0.44351203  0.81654800  0.39897862
   0.84646347  0.56346152  0.19529237
   0.91426239  0.93642018  0.50575351
   0.70637000  0.94194000  0.09637000
   0.98111944  0.68767442  0.29767743
   0.77747913  0.81870500  0.39838348
   0.92735128  0.69401648  0.49193638
   0.03971000  0.19194000  0.09637000
   0.31845290  0.43800349  0.29792975
   0.11611942  0.06152742  0.40143039
   0.17929024  0.31473543  0.19662061
   0.25661034  0.18474271  0.50303697
   0.37304000  0.19194000  0.09637000
   0.65182563  0.43790232  0.29885226
   0.44641886  0.06267857  0.39987773
   0.51219107  0.31552501  0.19760905
   0.59075096  0.19423404  0.49459459
   0.70637000  0.19194000  0.09637000
   0.98570721  0.43737888  0.29857683
   0.78020236  0.06208780  0.40040648
   0.84511979  0.31565638  0.19738636
   0.93228197  0.19213265  0.49446415
   0.03971000  0.69194000  0.09637000
   0.31053743  0.93996072  0.29774593
   0.12738556  0.55931405  0.40002948
   0.17785575  0.81536416  0.19701065
   0.26309556  0.69609879  0.49603910
   0.37304000  0.69194000  0.09637000
   0.64413701  0.94031218  0.29836912
   0.45992607  0.55994001  0.39973591
   0.51116117  0.81587246  0.19726876
   0.59731621  0.69548369  0.49565413
   0.70637000  0.69194000  0.09637000
   0.97839468  0.94102937  0.29702403
   0.84395921  0.81470186  0.19661221
   0.79269624  0.55983852  0.39942432
   0.17310000  0.33301000  0.10976000
   0.25523560  0.20038014  0.41851578
   0.08228067  0.32615582  0.50522985
   0.31418284  0.45972363  0.21347917
   0.11667265  0.08425703  0.31555114
   0.23858000  0.04636000  0.07986000
   0.04413779  0.17064050  0.18034548
   0.32566476  0.41563278  0.38171818
   0.11098977  0.03620202  0.48621768
   0.18137811  0.29370214  0.27994596
   0.50750000  0.33753000  0.11288000
   0.59549710  0.20279515  0.41029714
   0.41957648  0.32739468  0.50008493
   0.64770788  0.46039327  0.21495815
   0.44685959  0.08362970  0.31580695
   0.57191000  0.04636000  0.07986000
   0.37749208  0.17070408  0.18038741
   0.65844201  0.41614048  0.38273179
   0.45476501  0.04814976  0.48582802
   0.51513640  0.29368198  0.28072345
   0.84083000  0.33753000  0.11288000
   0.92548615  0.20259633  0.41107871
   0.74718697  0.32307475  0.50973000
   0.98138576  0.46057476  0.21474808
   0.78102722  0.08364534  0.31593067
   0.90524000  0.04636000  0.07986000
   0.71078092  0.17075805  0.18023302
   0.99459669  0.41506594  0.38265032
   0.78938789  0.04952276  0.48768644
   0.84713703  0.29306858  0.28066091
   0.17417000  0.83753000  0.11288000
   0.24377479  0.70991265  0.41399209
   0.04485354  0.82452419  0.52321419
   0.31196204  0.96061739  0.21419697
   0.11632206  0.58373571  0.31688568
   0.23858000  0.54636000  0.07986000
   0.04581125  0.66989648  0.18003874
   0.30870639  0.91970424  0.38169878
   0.14913449  0.54556500  0.48821626
   0.18035133  0.79209536  0.28015800
   0.50750000  0.83753000  0.11288000
   0.57710789  0.71070259  0.41421349
   0.38244483  0.83335959  0.51659030
   0.64523321  0.96104628  0.21460775
   0.44942251  0.58423950  0.31633379
   0.57191000  0.54636000  0.07986000
   0.37933221  0.67019336  0.18021314
   0.64168990  0.92046003  0.38257235
   0.48477135  0.54513240  0.48652831
   0.51317405  0.79326937  0.28054800
   0.84083000  0.83753000  0.11288000
   0.71640841  0.83300428  0.51664513
   0.97834387  0.96027242  0.21323676
   0.78266363  0.58364596  0.31667414
   0.90524000  0.54636000  0.07986000
   0.71207388  0.66915574  0.17977169
   0.97763959  0.92103040  0.38052881
   0.81848928  0.54279488  0.48642891
   0.84741531  0.79241537  0.27927063
   0.91002874  0.71160197  0.41085941
   0.74355832  0.56993053  0.64687950
   0.25604155  0.15723863  0.59768831
   0.96910396  0.65971127  0.59561480
   0.69260034  0.53428427  0.69402266
   0.78992027  0.52933002  0.74620217
   0.75393975  0.44671118  0.76695691
   0.91680855  0.54886041  0.73623055
   0.76333453  0.59002526  0.77821826
   0.56270916  0.50333532  0.69897166
