   0.18177000  0.06503000  0.19527000
   0.24505922  0.44130024  0.50362026
   0.03971000  0.44194000  0.09637000
   0.31884813  0.19037742  0.29935586
   0.11428939  0.31760662  0.40111198
   0.51472000  0.06471000  0.19485000
   0.57747829  0.44598182  0.50086619
   0.37304000  0.44194000  0.09637000
   0.65189512  0.18985582  0.29832422
   0.44943551  0.31828919  0.40139371
   0.84826000  0.06468000  0.19455000
   0.91437361  0.44468428  0.50077292
   0.70637000  0.44194000  0.09637000
   0.98549752  0.18980417  0.29794951
   0.78094136  0.31679423  0.40101911
   0.17955000  0.56532000  0.19533000
   0.28079199  0.93508034  0.50341261
   0.03971000  0.94194000  0.09637000
   0.31577927  0.69081014  0.29834312
   0.12527332  0.81600742  0.39863266
   0.51276000  0.56480000  0.19498000
   0.61361205  0.93362024  0.50297728
   0.37304000  0.94194000  0.09637000
   0.64864470  0.69017502  0.29741680
   0.45876461  0.81638944  0.39888588
   0.84642000  0.56519000  0.19522000
   0.94766243  0.93423029  0.50154145
   0.70637000  0.94194000  0.09637000
   0.98244031  0.69065685  0.29804267
   0.79107081  0.81515834  0.39796423
   0.60185887  0.19588740  0.50260627
   0.03971000  0.19194000  0.09637000
   0.31458153  0.44077880  0.29818482
   0.12693836  0.06212397  0.40015959
   0.18013000  0.31638000  0.19719000
   0.25951831  0.19592699  0.49664889
   0.37304000  0.19194000  0.09637000
   0.64768298  0.44014923  0.29736416
   0.46218177  0.06494328  0.40315732
   0.51314000  0.31594000  0.19696000
   0.70637000  0.19194000  0.09637000
   0.98117089  0.44055282  0.29783797
   0.79484123  0.06180764  0.39891316
   0.84665000  0.31624000  0.19703000
   0.91818509  0.19367669  0.49849121
   0.03971000  0.69194000  0.09637000
   0.32029894  0.94236565  0.29961453
   0.11528398  0.56528007  0.39891111
   0.18025000  0.81742000  0.19778000
   0.25758297  0.69742348  0.49454117
   0.37304000  0.69194000  0.09637000
   0.65247295  0.94004149  0.29694712
   0.44709920  0.56621707  0.39959094
   0.51318000  0.81586000  0.19571000
   0.59094081  0.69699680  0.49587964
   0.70637000  0.69194000  0.09637000
   0.98597841  0.94016466  0.29746760
   0.84718000  0.81593000  0.19584000
   0.91878124  0.69826716  0.49466016
   0.78209498  0.56538750  0.39770751
   0.17417000  0.33753000  0.11288000
   0.24901197  0.21107279  0.41328194
   0.04159925  0.33528825  0.51232783
   0.31386000  0.46170000  0.21427000
   0.11953540  0.08531388  0.31600027
   0.23858000  0.04636000  0.07986000
   0.04735000  0.17100000  0.18013000
   0.31359928  0.42108966  0.38237799
   0.14789058  0.04414700  0.48673552
   0.18433855  0.29384834  0.28037412
   0.50750000  0.33753000  0.11288000
   0.58226510  0.21292528  0.42023207
   0.37939228  0.33829468  0.51300547
   0.64712000  0.46121000  0.21367000
   0.45427597  0.08760747  0.31877650
   0.57191000  0.04636000  0.07986000
   0.38063000  0.17082000  0.17998000
   0.64727586  0.42006432  0.38116355
   0.48250356  0.04374167  0.48910893
   0.51742323  0.29343581  0.28010682
   0.84083000  0.33753000  0.11288000
   0.91457007  0.21034983  0.41589754
   0.71170618  0.34356993  0.51379370
   0.98063000  0.46160000  0.21400000
   0.78655909  0.08563549  0.31537536
   0.90524000  0.04636000  0.07986000
   0.71387000  0.17083000  0.18002000
   0.97959244  0.42066499  0.38193227
   0.81328431  0.04005927  0.48389603
   0.85078140  0.29375844  0.28017733
   0.17417000  0.83753000  0.11288000
   0.25826477  0.70841315  0.41047626
   0.07851517  0.82448774  0.51144740
   0.31682000  0.96236000  0.21534000
   0.11566281  0.58549912  0.31503780
   0.23858000  0.54636000  0.07986000
   0.04601000  0.67209000  0.18056000
   0.32482705  0.92174279  0.38377248
   0.11771564  0.55370875  0.48639344
   0.18286858  0.79655870  0.28138694
   0.50619000  0.83294000  0.10916000
   0.59094693  0.70860101  0.41145107
   0.41162872  0.82439115  0.51239672
   0.64926000  0.96050000  0.21277000
   0.44893776  0.58574143  0.31531556
   0.57191000  0.54636000  0.07986000
   0.37906000  0.67136000  0.18002000
   0.65725414  0.91932499  0.38064377
   0.44618306  0.55496307  0.48664444
   0.51544827  0.79497325  0.27941037
   0.83992000  0.83287000  0.10930000
   0.74671190  0.82495704  0.51144313
   0.98268000  0.96077000  0.21320000
   0.78213809  0.58521255  0.31393360
   0.90524000  0.54636000  0.07986000
   0.71230000  0.67144000  0.18017000
   0.99041863  0.91974221  0.38167812
   0.78245509  0.55487662  0.48351334
   0.84893388  0.79524257  0.27965580
   0.92544973  0.70835707  0.40985991
   0.78477000  0.69231000  0.65805000
   0.33295415  0.26562627  0.61976674
   0.96929232  0.64207673  0.60999549
   0.69375439  0.54110584  0.69531218
   0.78792761  0.52913533  0.74442034
   0.75418984  0.44643227  0.76825459
   0.91248613  0.54797100  0.73526838
   0.76450539  0.59171565  0.77786471
   0.55804512  0.50516414  0.69921896
