   0.60823197  0.43126738  0.49289360
   0.17913914  0.06416982  0.18500251
   0.27779424  0.43283651  0.49161905
   0.03971000  0.44194000  0.08602000
   0.31516203  0.18812859  0.28877431
   0.12252909  0.31355844  0.38964741
   0.51250650  0.06424476  0.18501336
   0.37304000  0.44194000  0.08602000
   0.64875001  0.18840664  0.28885891
   0.45598070  0.31365183  0.38959249
   0.84577619  0.06406871  0.18497372
   0.94788599  0.43253789  0.49454242
   0.70637000  0.44194000  0.08602000
   0.98193330  0.18806237  0.28870804
   0.78961856  0.31400917  0.39046896
   0.18082259  0.56365569  0.18478651
   0.25841312  0.93747436  0.49418270
   0.03971000  0.94194000  0.08602000
   0.31652321  0.68813000  0.28836268
   0.11381483  0.81429202  0.39068066
   0.51420487  0.56384863  0.18493153
   0.59081013  0.93580810  0.49310246
   0.37304000  0.94194000  0.08602000
   0.64984558  0.68868173  0.28868684
   0.44809724  0.81520959  0.38998386
   0.84749552  0.56365923  0.18474949
   0.92474279  0.93838947  0.49390913
   0.70637000  0.94194000  0.08602000
   0.98349615  0.68830762  0.28829432
   0.78111001  0.81500876  0.39171228
   0.03971000  0.19194000  0.08602000
   0.31755685  0.43847813  0.28821660
   0.11759015  0.06083488  0.38992258
   0.17929162  0.31537479  0.18701254
   0.26009488  0.19283150  0.48453086
   0.37304000  0.19194000  0.08602000
   0.65111643  0.43930602  0.28890608
   0.45016717  0.06100613  0.38955870
   0.51274526  0.31580626  0.18731579
   0.59484362  0.19057276  0.48392544
   0.70637000  0.19194000  0.08602000
   0.98409084  0.43868258  0.28844267
   0.78423455  0.06128098  0.38972838
   0.84600847  0.31546440  0.18708849
   0.92716056  0.19246973  0.48446988
   0.03971000  0.69194000  0.08602000
   0.31323731  0.93890251  0.28799490
   0.12447910  0.56056137  0.39035498
   0.17937489  0.81537092  0.18677502
   0.26205544  0.69312144  0.48560142
   0.37304000  0.69194000  0.08602000
   0.64694262  0.93898501  0.28812115
   0.45755268  0.56017798  0.39023001
   0.51265127  0.81543875  0.18686135
   0.59614058  0.69143364  0.48664630
   0.70637000  0.69194000  0.08602000
   0.98002116  0.93855863  0.28828414
   0.84610091  0.81537089  0.18684224
   0.92865336  0.69648938  0.48950775
   0.79011466  0.56134915  0.39110075
   0.17417000  0.33753000  0.10253000
   0.25623854  0.20536172  0.40105095
   0.07821220  0.32309899  0.49849510
   0.31516780  0.46036573  0.20459744
   0.11519890  0.08275898  0.30593768
   0.23858000  0.04636000  0.06951000
   0.04538494  0.17040630  0.16988895
   0.32148326  0.41749512  0.37230200
   0.12609790  0.04790171  0.47714291
   0.18173848  0.29277993  0.27058184
   0.50750000  0.33753000  0.10253000
   0.58851128  0.20546413  0.40072539
   0.40895302  0.32348355  0.50013352
   0.64858029  0.46078660  0.20516473
   0.44870369  0.08315433  0.30560068
   0.57191000  0.04636000  0.06951000
   0.37893228  0.17080566  0.17007914
   0.65585399  0.41972543  0.37375402
   0.45914020  0.04614184  0.47676951
   0.51536877  0.29364086  0.27118374
   0.84083000  0.33753000  0.10253000
   0.92270030  0.20540806  0.40101760
   0.74397345  0.32297284  0.49653089
   0.98175454  0.46043767  0.20470354
   0.78210962  0.08317828  0.30574644
   0.90524000  0.04636000  0.06951000
   0.71214152  0.17052086  0.16992273
   0.98771188  0.41841725  0.37272591
   0.79174924  0.04762334  0.47700812
   0.84852849  0.29307579  0.27070188
   0.17417000  0.83753000  0.10253000
   0.24828394  0.70864775  0.40359945
   0.05820503  0.83279866  0.50488988
   0.31329080  0.96068170  0.20435029
   0.11729033  0.58410057  0.30656768
   0.23858000  0.54636000  0.06951000
   0.04698663  0.66988739  0.16977821
   0.31232027  0.91824278  0.37221126
   0.14517175  0.54294517  0.47700838
   0.18229606  0.79221878  0.27013423
   0.50750000  0.83753000  0.10253000
   0.58115854  0.70800753  0.40406064
   0.38983287  0.82931360  0.50419799
   0.64661731  0.96067075  0.20443935
   0.45086463  0.58395236  0.30646482
   0.57191000  0.54636000  0.06951000
   0.38033389  0.66997384  0.16980758
   0.64663969  0.91840960  0.37233920
   0.47795535  0.54181680  0.47672740
   0.51552707  0.79241949  0.27029652
   0.84083000  0.83753000  0.10253000
   0.72511621  0.83004610  0.50129695
   0.97997536  0.96062584  0.20455644
   0.78447021  0.58478655  0.30729778
   0.90524000  0.54636000  0.06951000
   0.71373519  0.66993066  0.16979560
   0.97965006  0.91737710  0.37267282
   0.81175869  0.54548709  0.48780951
   0.84905314  0.79212189  0.27022930
   0.91368249  0.70644899  0.40673811
   0.63114777  0.61829862  0.61047807
   0.84334440  0.39511214  0.67034278
   0.81326352  0.49829816  0.58867514
   0.51644926  0.60228728  0.64336200
   0.44605404  0.49752868  0.67419646
   0.31669082  0.47712070  0.66756105
   0.50007633  0.42772995  0.66236045
   0.46219682  0.51254930  0.72097720
   0.45913720  0.67464330  0.65004365
