   0.17769280  0.06429467  0.19554033
   0.28843865  0.42877123  0.50113513
   0.03971000  0.44194000  0.09637000
   0.31343148  0.18786835  0.29913971
   0.12955127  0.31114785  0.39776013
   0.51094426  0.06434287  0.19559147
   0.62401471  0.43450446  0.50093198
   0.37304000  0.44194000  0.09637000
   0.64710308  0.18780167  0.29887841
   0.46262669  0.31172915  0.39780223
   0.84430016  0.06423049  0.19549587
   0.95149847  0.43053168  0.50094619
   0.70637000  0.44194000  0.09637000
   0.98131908  0.18776361  0.29858314
   0.79549576  0.31107439  0.39894861
   0.18003149  0.56395235  0.19517191
   0.24717413  0.93961418  0.50405712
   0.03971000  0.94194000  0.09637000
   0.31520183  0.68874067  0.29898474
   0.10786769  0.81545493  0.40036316
   0.51335726  0.56388933  0.19520490
   0.57974553  0.93975526  0.50411625
   0.37304000  0.94194000  0.09637000
   0.64801814  0.68827686  0.29870408
   0.44068973  0.81701090  0.40287786
   0.84659115  0.56399396  0.19539003
   0.90977600  0.93694044  0.50503212
   0.70637000  0.94194000  0.09637000
   0.98140963  0.68861977  0.29899025
   0.77491897  0.81617103  0.39947214
   0.93188304  0.69001423  0.49902829
   0.03971000  0.19194000  0.09637000
   0.31889958  0.43732830  0.29798350
   0.11248686  0.06123837  0.39827851
   0.17909999  0.31495132  0.19642415
   0.26227856  0.19084654  0.49411283
   0.37304000  0.19194000  0.09637000
   0.65272363  0.43813795  0.29861178
   0.44736609  0.06223551  0.39973816
   0.51229357  0.31559450  0.19764718
   0.59050800  0.19403590  0.49575632
   0.70637000  0.19194000  0.09637000
   0.98632376  0.43812264  0.29817606
   0.77986255  0.06221313  0.40026581
   0.84531118  0.31552562  0.19746871
   0.93101259  0.19174011  0.49564282
   0.03971000  0.69194000  0.09637000
   0.31024723  0.93963108  0.29852037
   0.12735875  0.55924268  0.40005383
   0.17800909  0.81561125  0.19735553
   0.25619604  0.68958950  0.49724616
   0.37304000  0.69194000  0.09637000
   0.64263614  0.93936627  0.29862989
   0.46020961  0.55886979  0.39984829
   0.51129356  0.81553628  0.19731394
   0.59520765  0.69246131  0.49538695
   0.70637000  0.69194000  0.09637000
   0.97693740  0.93954440  0.29810237
   0.84458045  0.81563155  0.19732713
   0.79471495  0.56044553  0.40014907
   0.17310000  0.33301000  0.10976000
   0.26068463  0.20162522  0.40491245
   0.08035057  0.32444796  0.50785294
   0.31426196  0.45998453  0.21352353
   0.11112949  0.08100902  0.31460740
   0.23858000  0.04636000  0.07986000
   0.04394988  0.17060203  0.17996029
   0.32860581  0.41743580  0.38163768
   0.11024299  0.04301617  0.48212166
   0.18069674  0.29312678  0.27936335
   0.50750000  0.33753000  0.11288000
   0.59577832  0.20313198  0.41119942
   0.42936349  0.32923688  0.50446728
   0.64780669  0.46076475  0.21469417
   0.44784150  0.08226594  0.31550310
   0.57191000  0.04636000  0.07986000
   0.37754525  0.17082132  0.18013712
   0.66406243  0.41721736  0.38230333
   0.45067317  0.04799834  0.48597149
   0.51521121  0.29332942  0.28064628
   0.84083000  0.33753000  0.11288000
   0.92729623  0.20258321  0.41160569
   0.75088737  0.32145440  0.51067710
   0.98124506  0.46067199  0.21445724
   0.78034175  0.08264699  0.31581896
   0.90524000  0.04636000  0.07986000
   0.71076646  0.17073036  0.18005217
   0.99453086  0.41657584  0.38184048
   0.78358373  0.04942111  0.48811017
   0.84791670  0.29299052  0.28060025
   0.17417000  0.83753000  0.11288000
   0.24018560  0.70883531  0.41546589
   0.04415069  0.83153298  0.51828748
   0.31184076  0.96063182  0.21439072
   0.11643187  0.58471251  0.31679589
   0.23858000  0.54636000  0.07986000
   0.04588622  0.67018258  0.17994709
   0.30580398  0.91889711  0.38273387
   0.15501940  0.53910759  0.48724362
   0.18023965  0.79232331  0.28041973
   0.50750000  0.83753000  0.11288000
   0.57563574  0.70998819  0.41410157
   0.37791984  0.83199046  0.51045155
   0.64509583  0.96067498  0.21451297
   0.44916973  0.58405226  0.31626714
   0.57191000  0.54636000  0.07986000
   0.37922379  0.67006636  0.17989750
   0.63928319  0.91956152  0.38305461
   0.48827329  0.54236102  0.48623015
   0.51357248  0.79217351  0.28029096
   0.84083000  0.83753000  0.11288000
   0.70950644  0.83384652  0.51685552
   0.97839256  0.96063841  0.21430987
   0.78276175  0.58431593  0.31672858
   0.90524000  0.54636000  0.07986000
   0.71257806  0.67012683  0.17992865
   0.97169601  0.91732492  0.38195066
   0.82384198  0.54032579  0.48663408
   0.84663253  0.79225255  0.28028055
   0.90827755  0.71069361  0.41402674
   0.73457495  0.56652042  0.64754050
   0.26550783  0.18822543  0.59396795
   0.97699554  0.64541835  0.60327477
   0.68580924  0.53243386  0.69486352
   0.78768230  0.52920754  0.74657146
   0.75449571  0.44697703  0.76811480
   0.91416497  0.54804156  0.73510489
   0.76443835  0.59106169  0.77805002
   0.55637181  0.50282082  0.70092358
