   0.18177000  0.06503000  0.19527000
   0.26145134  0.43673978  0.50369586
   0.03971000  0.44194000  0.09637000
   0.31643301  0.18893827  0.29868639
   0.11257474  0.31324528  0.40420334
   0.51472000  0.06471000  0.19485000
   0.58924660  0.43201206  0.50325914
   0.37304000  0.44194000  0.09637000
   0.65108068  0.18784045  0.29923735
   0.44623448  0.31341402  0.40142068
   0.84826000  0.06468000  0.19455000
   0.92397120  0.43580447  0.50077925
   0.70637000  0.44194000  0.09637000
   0.98210390  0.18926060  0.29906301
   0.78303568  0.31422464  0.40186428
   0.17955000  0.56532000  0.19533000
   0.27524168  0.93164186  0.50376781
   0.03971000  0.94194000  0.09637000
   0.31793244  0.68746684  0.29787069
   0.12624948  0.81153113  0.39608431
   0.51276000  0.56480000  0.19498000
   0.60734669  0.93150785  0.50450988
   0.37304000  0.94194000  0.09637000
   0.65068937  0.68743096  0.29746230
   0.45869877  0.81296155  0.39899618
   0.84642000  0.56519000  0.19522000
   0.93921956  0.93308111  0.50257381
   0.70637000  0.94194000  0.09637000
   0.98408996  0.68725570  0.29765702
   0.79171783  0.81216855  0.39745651
   0.59354936  0.19175438  0.49552851
   0.03971000  0.19194000  0.09637000
   0.31412419  0.43885178  0.29879865
   0.12412854  0.05935354  0.39862378
   0.18013000  0.31638000  0.19719000
   0.24655363  0.18544138  0.50128790
   0.37304000  0.19194000  0.09637000
   0.64672943  0.43791368  0.29787576
   0.45484263  0.06055233  0.40061421
   0.51314000  0.31594000  0.19696000
   0.70637000  0.19194000  0.09637000
   0.98151700  0.43859446  0.29777224
   0.78820219  0.06040433  0.40164667
   0.84665000  0.31624000  0.19703000
   0.93937517  0.18722068  0.50212114
   0.03971000  0.69194000  0.09637000
   0.31965535  0.93935355  0.29840488
   0.12077845  0.56032964  0.39983483
   0.18025000  0.81742000  0.19778000
   0.27284587  0.69168739  0.49434690
   0.37304000  0.69194000  0.09637000
   0.65250085  0.93841334  0.29717869
   0.45497591  0.55908459  0.40022334
   0.51318000  0.81586000  0.19571000
   0.60252113  0.68999334  0.49578323
   0.70637000  0.69194000  0.09637000
   0.98527565  0.93846030  0.29667663
   0.84718000  0.81593000  0.19584000
   0.93882661  0.68218034  0.49349140
   0.78642647  0.55996387  0.39883065
   0.17417000  0.33753000  0.11288000
   0.24875243  0.20647547  0.41682332
   0.05996555  0.33700599  0.50361418
   0.31386000  0.46170000  0.21427000
   0.11592656  0.08544446  0.31579991
   0.23858000  0.04636000  0.07986000
   0.04735000  0.17100000  0.18013000
   0.31266193  0.41791624  0.38311404
   0.14150966  0.03039348  0.48045973
   0.18240329  0.29337305  0.28052370
   0.50750000  0.33753000  0.11288000
   0.58196371  0.20779527  0.41313196
   0.38837927  0.32754096  0.51517027
   0.64712000  0.46121000  0.21367000
   0.45098782  0.08442146  0.31674810
   0.57191000  0.04636000  0.07986000
   0.38063000  0.17082000  0.17998000
   0.64646089  0.41767566  0.38218118
   0.47442609  0.04109384  0.48695459
   0.51721386  0.29103085  0.27984669
   0.84083000  0.33753000  0.11288000
   0.91103411  0.20613957  0.41811204
   0.72368403  0.32821712  0.51305457
   0.98063000  0.46160000  0.21400000
   0.78429881  0.08361192  0.31677319
   0.90524000  0.04636000  0.07986000
   0.71387000  0.17083000  0.18002000
   0.98098588  0.41793694  0.38134618
   0.80579691  0.03858346  0.48722229
   0.84861103  0.29260560  0.27998018
   0.17417000  0.83753000  0.11288000
   0.25870747  0.70634862  0.41185349
   0.06997532  0.82043390  0.52015571
   0.31682000  0.96236000  0.21534000
   0.11817649  0.58292776  0.31547163
   0.23858000  0.54636000  0.07986000
   0.04601000  0.67209000  0.18056000
   0.32412347  0.91622571  0.38187793
   0.12726565  0.55252900  0.48734027
   0.18463267  0.79296230  0.28078964
   0.50619000  0.83294000  0.10916000
   0.59139474  0.70589503  0.41318708
   0.40527692  0.82507485  0.51634270
   0.64926000  0.96050000  0.21277000
   0.45155329  0.58304632  0.31631442
   0.57191000  0.54636000  0.07986000
   0.37906000  0.67136000  0.18002000
   0.65719750  0.91541692  0.38097052
   0.46274941  0.54611373  0.48808218
   0.51779645  0.79242532  0.27918208
   0.83992000  0.83287000  0.10930000
   0.74000541  0.82343312  0.51650436
   0.98268000  0.96077000  0.21320000
   0.78391898  0.58234145  0.31508649
   0.90524000  0.54636000  0.07986000
   0.71230000  0.67144000  0.18017000
   0.99043037  0.91433613  0.37989089
   0.79200871  0.54427538  0.48561453
   0.85073046  0.79223883  0.27918947
   0.92483173  0.70640396  0.41187711
   0.78477000  0.69231000  0.65805000
   0.07398031  0.14910645  0.58581512
  -0.04495741  0.77499384  0.59850924
   0.72113807  0.63194897  0.69752039
   0.80230509  0.57513869  0.74059800
   0.74569149  0.48564921  0.74101427
   0.92952373  0.58743429  0.73264392
   0.78053779  0.60642054  0.78370354
   0.59037919  0.61885455  0.70145744
