   0.28971206  0.43194686  0.49219603
   0.17892674  0.06420286  0.18489737
   0.03971000  0.44194000  0.08602000
   0.31572782  0.18811801  0.28860319
   0.12942674  0.31209210  0.38951721
   0.51223171  0.06421485  0.18482181
   0.62081932  0.43071581  0.49153818
   0.37304000  0.44194000  0.08602000
   0.64916888  0.18806666  0.28841826
   0.46273215  0.31209740  0.38866019
   0.84556503  0.06414541  0.18487347
   0.95930749  0.42962465  0.49249622
   0.70637000  0.44194000  0.08602000
   0.98249188  0.18807727  0.28855969
   0.79611734  0.31207097  0.38897364
   0.18117566  0.56354839  0.18473748
   0.25186000  0.93952237  0.49361801
   0.03971000  0.94194000  0.08602000
   0.31652641  0.68833359  0.28814613
   0.11057308  0.81667698  0.39014957
   0.51455368  0.56362453  0.18481502
   0.58419936  0.93827715  0.49341215
   0.37304000  0.94194000  0.08602000
   0.64980068  0.68853900  0.28833376
   0.44390079  0.81688725  0.38993929
   0.84789508  0.56360612  0.18473059
   0.91781715  0.93944201  0.49353308
   0.70637000  0.94194000  0.08602000
   0.98341183  0.68851593  0.28817174
   0.77722415  0.81671103  0.39029502
   0.03971000  0.19194000  0.08602000
   0.32010181  0.43808925  0.28811554
   0.11592688  0.06234921  0.38951198
   0.17964450  0.31537129  0.18700126
   0.26205572  0.19433432  0.48454348
   0.37304000  0.19194000  0.08602000
   0.65370023  0.43861769  0.28849445
   0.44852386  0.06260684  0.38954706
   0.51304139  0.31563623  0.18717638
   0.59652250  0.19278307  0.48432250
   0.70637000  0.19194000  0.08602000
   0.98677356  0.43821834  0.28819186
   0.78150706  0.06183793  0.38915527
   0.84633729  0.31548231  0.18705741
   0.93046314  0.19097635  0.48353107
   0.03971000  0.69194000  0.08602000
   0.31165214  0.93957025  0.28783135
   0.12947750  0.55975732  0.38966178
   0.17905238  0.81540484  0.18675663
   0.26381078  0.69251524  0.48509901
   0.37304000  0.69194000  0.08602000
   0.64481693  0.93925641  0.28763047
   0.46197747  0.55971996  0.38992151
   0.51229459  0.81525878  0.18668886
   0.59714669  0.69328589  0.48532314
   0.70637000  0.69194000  0.08602000
   0.97831089  0.93936328  0.28788752
   0.84571990  0.81534462  0.18676813
   0.93168704  0.69535957  0.48659706
   0.79530637  0.56061369  0.39032974
   0.17417000  0.33753000  0.10253000
   0.26321411  0.20343486  0.39983009
   0.09087574  0.31845607  0.49483884
   0.31571521  0.46029999  0.20440100
   0.11562383  0.08271544  0.30510732
   0.23858000  0.04636000  0.06951000
   0.04528296  0.17050065  0.16977651
   0.32861008  0.41634170  0.37197762
   0.12009901  0.05085678  0.47722471
   0.18264722  0.29295726  0.27036690
   0.50750000  0.33753000  0.10253000
   0.59544998  0.20403345  0.40020866
   0.42156056  0.32134949  0.49970504
   0.64912699  0.46051223  0.20472393
   0.44914003  0.08297607  0.30512544
   0.57191000  0.04636000  0.06951000
   0.37873756  0.17078050  0.16987806
   0.66250003  0.41762223  0.37283803
   0.45380409  0.04988051  0.47721803
   0.51620798  0.29341630  0.27077278
   0.84083000  0.33753000  0.10253000
   0.92786704  0.20293753  0.39951882
   0.75460678  0.32143179  0.49843020
   0.98227057  0.46038326  0.20446549
   0.78213513  0.08264368  0.30481641
   0.90524000  0.04636000  0.06951000
   0.71199668  0.17064046  0.16982797
   0.99462556  0.41656591  0.37209440
   0.78597522  0.04935455  0.47694643
   0.84929689  0.29308708  0.27050232
   0.17417000  0.83753000  0.10253000
   0.24435888  0.71038926  0.40343971
   0.05125726  0.83411780  0.50367639
   0.31305131  0.96067049  0.20401485
   0.11776806  0.58433566  0.30619057
   0.23858000  0.54636000  0.06951000
   0.04721011  0.66978445  0.16964672
   0.30867937  0.92029980  0.37210800
   0.15634698  0.54029324  0.47508958
   0.18194807  0.79247277  0.26997469
   0.50750000  0.83753000  0.10253000
   0.57753313  0.70992202  0.40349808
   0.38322682  0.83197491  0.50322903
   0.64622828  0.96052885  0.20385806
   0.45119958  0.58419238  0.30628757
   0.57191000  0.54636000  0.06951000
   0.38049044  0.66967801  0.16960993
   0.64216489  0.91977922  0.37186507
   0.48932099  0.54105515  0.47644815
   0.51505967  0.79222517  0.26986534
   0.84083000  0.83753000  0.10253000
   0.71750583  0.83234627  0.50289582
   0.97967637  0.96057082  0.20405904
   0.78475149  0.58472761  0.30676786
   0.90524000  0.54636000  0.06951000
   0.71389065  0.66974546  0.16965645
   0.97557257  0.91987857  0.37223061
   0.82218225  0.54235242  0.48008758
   0.84854501  0.79232692  0.27000402
   0.91065212  0.70965717  0.40468045
   0.69803054  0.62692021  0.63202993
   0.05979602  0.45343450  0.63437636
   0.86745181  0.53032849  0.58811767
   0.65412710  0.62207449  0.68244429
   0.67586021  0.53840099  0.72608464
   0.56060928  0.50282908  0.74608260
   0.72978886  0.47256793  0.70816808
   0.75129043  0.58153622  0.76100084
   0.59071536  0.68685258  0.69719564
