   0.18177000  0.06503000  0.19527000
   0.26164814  0.43627206  0.50361622
   0.03971000  0.44194000  0.09637000
   0.31634835  0.18871216  0.29869880
   0.11270251  0.31286991  0.40445377
   0.51472000  0.06471000  0.19485000
   0.58938376  0.43153842  0.50298922
   0.37304000  0.44194000  0.09637000
   0.65089872  0.18788595  0.29940057
   0.44608561  0.31309965  0.40155988
   0.84826000  0.06468000  0.19455000
   0.92386229  0.43559960  0.50070259
   0.70637000  0.44194000  0.09637000
   0.98190281  0.18920387  0.29934213
   0.78315085  0.31393209  0.40165158
   0.17955000  0.56532000  0.19533000
   0.27533848  0.93167857  0.50386071
   0.03971000  0.94194000  0.09637000
   0.31776439  0.68734309  0.29783587
   0.12557978  0.81149663  0.39607653
   0.51276000  0.56480000  0.19498000
   0.60684411  0.93137866  0.50443312
   0.37304000  0.94194000  0.09637000
   0.65054961  0.68743081  0.29747851
   0.45828361  0.81287671  0.39884267
   0.84642000  0.56519000  0.19522000
   0.93887355  0.93313173  0.50290046
   0.70637000  0.94194000  0.09637000
   0.98392886  0.68725680  0.29757996
   0.79128989  0.81211127  0.39755390
   0.59257583  0.19156014  0.49548086
   0.03971000  0.19194000  0.09637000
   0.31399250  0.43857893  0.29877575
   0.12390792  0.05906708  0.39877427
   0.18013000  0.31638000  0.19719000
   0.24620724  0.18512118  0.50144081
   0.37304000  0.19194000  0.09637000
   0.64688101  0.43787248  0.29783985
   0.45415020  0.06053518  0.40070030
   0.51314000  0.31594000  0.19696000
   0.70637000  0.19194000  0.09637000
   0.98191983  0.43831148  0.29780682
   0.78797290  0.06020817  0.40175072
   0.84665000  0.31624000  0.19703000
   0.93912981  0.18744773  0.50231209
   0.03971000  0.69194000  0.09637000
   0.31961121  0.93920244  0.29847314
   0.12062783  0.56026419  0.39992018
   0.18025000  0.81742000  0.19778000
   0.27214678  0.69202383  0.49434284
   0.37304000  0.69194000  0.09637000
   0.65221220  0.93845732  0.29723637
   0.45517949  0.55883110  0.40009550
   0.51318000  0.81586000  0.19571000
   0.60192951  0.68982851  0.49558595
   0.70637000  0.69194000  0.09637000
   0.98497041  0.93834293  0.29665860
   0.84718000  0.81593000  0.19584000
   0.93835574  0.68238286  0.49381288
   0.78668778  0.56002059  0.39893780
   0.17417000  0.33753000  0.11288000
   0.24879381  0.20603729  0.41688279
   0.06014437  0.33693355  0.50377921
   0.31386000  0.46170000  0.21427000
   0.11591871  0.08531802  0.31594077
   0.23858000  0.04636000  0.07986000
   0.04735000  0.17100000  0.18013000
   0.31273311  0.41748749  0.38305738
   0.14056690  0.03001345  0.48068226
   0.18216819  0.29305022  0.28044064
   0.50750000  0.33753000  0.11288000
   0.58191823  0.20762309  0.41293505
   0.38865206  0.32660706  0.51488202
   0.64712000  0.46121000  0.21367000
   0.45068572  0.08412948  0.31678433
   0.57191000  0.04636000  0.07986000
   0.38063000  0.17082000  0.17998000
   0.64656810  0.41771481  0.38208895
   0.47419174  0.04085779  0.48686194
   0.51704370  0.29093859  0.27979547
   0.84083000  0.33753000  0.11288000
   0.91084210  0.20593153  0.41825746
   0.72365172  0.32776977  0.51286867
   0.98063000  0.46160000  0.21400000
   0.78404242  0.08368961  0.31683297
   0.90524000  0.04636000  0.07986000
   0.71387000  0.17083000  0.18002000
   0.98127097  0.41765325  0.38130211
   0.80518164  0.03867533  0.48742239
   0.84854505  0.29259922  0.28003525
   0.17417000  0.83753000  0.11288000
   0.25809684  0.70629014  0.41175902
   0.07032478  0.82070501  0.52042388
   0.31682000  0.96236000  0.21534000
   0.11795085  0.58285041  0.31546074
   0.23858000  0.54636000  0.07986000
   0.04601000  0.67209000  0.18056000
   0.32351337  0.91615231  0.38185777
   0.12720359  0.55229951  0.48742261
   0.18444443  0.79292190  0.28078245
   0.50619000  0.83294000  0.10916000
   0.59108700  0.70569358  0.41299551
   0.40543388  0.82494690  0.51613657
   0.64926000  0.96050000  0.21277000
   0.45135434  0.58279598  0.31615155
   0.57191000  0.54636000  0.07986000
   0.37906000  0.67136000  0.18002000
   0.65682219  0.91535149  0.38094284
   0.46308805  0.54572173  0.48783641
   0.51748742  0.79244830  0.27916761
   0.83992000  0.83287000  0.10930000
   0.73966532  0.82286145  0.51664730
   0.98268000  0.96077000  0.21320000
   0.78405747  0.58244747  0.31515734
   0.90524000  0.54636000  0.07986000
   0.71230000  0.67144000  0.18017000
   0.98976431  0.91414845  0.37987280
   0.79198160  0.54435659  0.48579453
   0.85067004  0.79237840  0.27911124
   0.92466441  0.70645843  0.41214153
   0.78477000  0.69231000  0.65805000
   0.07418284  0.14950350  0.58605054
  -0.04419253  0.77515002  0.59900526
   0.72101416  0.63211039  0.69750708
   0.80169452  0.57511370  0.74071780
   0.74467675  0.48567138  0.74114253
   0.92898294  0.58706048  0.73279169
   0.78010370  0.60648065  0.78377743
   0.59020587  0.61907277  0.70142037
