   0.18177000  0.06503000  0.19527000
   0.24875685  0.44155569  0.50341552
   0.03971000  0.44194000  0.09637000
   0.31945345  0.19000620  0.29951194
   0.11520216  0.31749405  0.40051957
   0.51472000  0.06471000  0.19485000
   0.58331781  0.43914217  0.50469668
   0.37304000  0.44194000  0.09637000
   0.65107760  0.18967849  0.29891575
   0.45141025  0.31709069  0.40178741
   0.84826000  0.06468000  0.19455000
   0.90072695  0.43980175  0.50399297
   0.70637000  0.44194000  0.09637000
   0.98552532  0.18959757  0.29792998
   0.77660647  0.31671406  0.40266519
   0.17955000  0.56532000  0.19533000
   0.28852241  0.93970513  0.50584295
   0.03971000  0.94194000  0.09637000
   0.31596893  0.69110854  0.29831931
   0.12600409  0.81652503  0.39840010
   0.51276000  0.56480000  0.19498000
   0.60967154  0.93559426  0.50546257
   0.37304000  0.94194000  0.09637000
   0.64866966  0.69035406  0.29742101
   0.45881274  0.81753443  0.39926094
   0.84642000  0.56519000  0.19522000
   0.94661377  0.93451087  0.50279790
   0.70637000  0.94194000  0.09637000
   0.98220301  0.69082238  0.29809785
   0.79115153  0.81563854  0.39822653
   0.57494489  0.18983533  0.51643524
   0.03971000  0.19194000  0.09637000
   0.31458038  0.44058050  0.29833793
   0.12807221  0.06210784  0.40062930
   0.18013000  0.31638000  0.19719000
   0.26856354  0.19205831  0.49812608
   0.37304000  0.19194000  0.09637000
   0.64746780  0.43997821  0.29770924
   0.46443685  0.06531591  0.40447426
   0.51314000  0.31594000  0.19696000
   0.70637000  0.19194000  0.09637000
   0.98091438  0.44026957  0.29799371
   0.79281413  0.06200712  0.39912413
   0.84665000  0.31624000  0.19703000
   0.92707770  0.19525474  0.49220928
   0.03971000  0.69194000  0.09637000
   0.32085902  0.94282221  0.29994553
   0.11511372  0.56569340  0.39788281
   0.18025000  0.81742000  0.19778000
   0.25974722  0.70054761  0.49445033
   0.37304000  0.69194000  0.09637000
   0.65247825  0.94037692  0.29729799
   0.44729999  0.56583260  0.39918513
   0.51318000  0.81586000  0.19571000
   0.58680391  0.69949979  0.49576398
   0.70637000  0.69194000  0.09637000
   0.98609449  0.94041214  0.29764354
   0.84718000  0.81593000  0.19584000
   0.91970076  0.70055976  0.49546185
   0.78169007  0.56512436  0.39743728
   0.17417000  0.33753000  0.11288000
   0.24734749  0.21191747  0.41391692
   0.03786777  0.33413786  0.51342781
   0.31386000  0.46170000  0.21427000
   0.11911003  0.08536893  0.31581439
   0.23858000  0.04636000  0.07986000
   0.04735000  0.17100000  0.18013000
   0.31244381  0.42194447  0.38248268
   0.14427562  0.04342924  0.48575712
   0.18423519  0.29401107  0.28021281
   0.50750000  0.33753000  0.11288000
   0.58536654  0.21300417  0.41834924
   0.37472124  0.34566051  0.51162568
   0.64712000  0.46121000  0.21367000
   0.45362588  0.08733007  0.31780140
   0.57191000  0.04636000  0.07986000
   0.38063000  0.17082000  0.17998000
   0.64723011  0.42170070  0.38084099
   0.47994108  0.03643258  0.48043462
   0.51705779  0.29366663  0.27980418
   0.84083000  0.33753000  0.11288000
   0.91436608  0.21046230  0.41576812
   0.72253190  0.34010809  0.51190810
   0.98063000  0.46160000  0.21400000
   0.78725568  0.08582885  0.31517503
   0.90524000  0.04636000  0.07986000
   0.71387000  0.17083000  0.18002000
   0.98066769  0.42132207  0.38233447
   0.81454060  0.04738037  0.48828808
   0.85126153  0.29388836  0.28001565
   0.17417000  0.83753000  0.11288000
   0.25733332  0.70732213  0.41049454
   0.07729993  0.82087288  0.51185378
   0.31682000  0.96236000  0.21534000
   0.11575689  0.58563681  0.31497011
   0.23858000  0.54636000  0.07986000
   0.04601000  0.67209000  0.18056000
   0.32315303  0.92011318  0.38301852
   0.11637165  0.54961901  0.48942507
   0.18251962  0.79609548  0.28114525
   0.50619000  0.83294000  0.10916000
   0.59104693  0.70787252  0.41155285
   0.40987966  0.82179826  0.51092936
   0.64926000  0.96050000  0.21277000
   0.44890482  0.58594854  0.31528935
   0.57191000  0.54636000  0.07986000
   0.37906000  0.67136000  0.18002000
   0.65814673  0.91881777  0.38045631
   0.44663964  0.55226468  0.48704504
   0.51514636  0.79462929  0.27932381
   0.83992000  0.83287000  0.10930000
   0.74867583  0.82423325  0.50974063
   0.98268000  0.96077000  0.21320000
   0.78248974  0.58553304  0.31385435
   0.90524000  0.54636000  0.07986000
   0.71230000  0.67144000  0.18017000
   0.99009461  0.91952519  0.38165400
   0.78132825  0.55386041  0.48530220
   0.84894365  0.79508167  0.27955143
   0.92520474  0.70827271  0.40986139
   0.78477000  0.69231000  0.65805000
   0.54666240  0.14373020  0.59728328
   0.94514223  0.65232751  0.61155407
   0.71321783  0.59085764  0.68898629
   0.78704794  0.53214638  0.74387886
   0.75311599  0.44638066  0.76457752
   0.91992171  0.54852257  0.73776867
   0.76975156  0.59308041  0.77739465
   0.58412570  0.52438113  0.69062727
