   0.18177000  0.06503000  0.19527000
   0.26512855  0.43804012  0.50205665
   0.03971000  0.44194000  0.09637000
   0.31670262  0.19079406  0.29886704
   0.11844280  0.31574975  0.40292971
   0.51472000  0.06471000  0.19485000
   0.59563200  0.43744362  0.50288327
   0.37304000  0.44194000  0.09637000
   0.64963112  0.19005524  0.29892013
   0.44952782  0.31614359  0.40299499
   0.84826000  0.06468000  0.19455000
   0.92942397  0.43780235  0.50050647
   0.70637000  0.44194000  0.09637000
   0.98306804  0.19029268  0.29865501
   0.78512873  0.31615816  0.40046284
   0.17955000  0.56532000  0.19533000
   0.26962846  0.93671134  0.50425972
   0.03971000  0.94194000  0.09637000
   0.31755957  0.68963117  0.29792263
   0.12224365  0.81531947  0.39592203
   0.51276000  0.56480000  0.19498000
   0.60046228  0.93756168  0.50482708
   0.37304000  0.94194000  0.09637000
   0.65019422  0.68931963  0.29729087
   0.45622641  0.81635811  0.39862027
   0.84642000  0.56519000  0.19522000
   0.93182606  0.93738528  0.50250834
   0.70637000  0.94194000  0.09637000
   0.98352139  0.68907987  0.29731690
   0.78878533  0.81565293  0.39774634
   0.58927449  0.19690021  0.49601493
   0.03971000  0.19194000  0.09637000
   0.31573984  0.44026211  0.29860197
   0.12333158  0.06201587  0.39823635
   0.18013000  0.31638000  0.19719000
   0.24815576  0.18685654  0.50152517
   0.37304000  0.19194000  0.09637000
   0.64869214  0.43972065  0.29790536
   0.45381657  0.06367270  0.40082701
   0.51314000  0.31594000  0.19696000
   0.70637000  0.19194000  0.09637000
   0.98300227  0.43987987  0.29806881
   0.78771979  0.06340108  0.40056911
   0.84665000  0.31624000  0.19703000
   0.93580668  0.19237909  0.49839368
   0.03971000  0.69194000  0.09637000
   0.31856484  0.94120721  0.29852537
   0.12231035  0.56271734  0.39933332
   0.18025000  0.81742000  0.19778000
   0.26846906  0.69446161  0.49426962
   0.37304000  0.69194000  0.09637000
   0.65130662  0.94043172  0.29730552
   0.45579294  0.56286974  0.40010935
   0.51318000  0.81586000  0.19571000
   0.59760083  0.69641120  0.49558180
   0.70637000  0.69194000  0.09637000
   0.98379873  0.94033482  0.29668945
   0.84718000  0.81593000  0.19584000
   0.93329990  0.68766623  0.49368238
   0.78760261  0.56232519  0.39873516
   0.17417000  0.33753000  0.11288000
   0.25113636  0.20756742  0.41643132
   0.06289340  0.33562247  0.50610755
   0.31386000  0.46170000  0.21427000
   0.11739781  0.08583943  0.31472634
   0.23858000  0.04636000  0.07986000
   0.04735000  0.17100000  0.18013000
   0.31643856  0.42057030  0.38277349
   0.13210604  0.03332792  0.47995855
   0.18235534  0.29485139  0.28047032
   0.50750000  0.33753000  0.11288000
   0.58557341  0.20904529  0.41309278
   0.39760628  0.33068331  0.50895873
   0.64712000  0.46121000  0.21367000
   0.45046378  0.08620081  0.31672740
   0.57191000  0.04636000  0.07986000
   0.38063000  0.17082000  0.17998000
   0.64955269  0.41989054  0.38203614
   0.46868389  0.04631534  0.48734638
   0.51582641  0.29417893  0.28012120
   0.84083000  0.33753000  0.11288000
   0.91650021  0.20855581  0.41469672
   0.72788008  0.33104217  0.51269297
   0.98063000  0.46160000  0.21400000
   0.78376868  0.08535906  0.31591190
   0.90524000  0.04636000  0.07986000
   0.71387000  0.17083000  0.18002000
   0.98389745  0.42019718  0.38201830
   0.80151914  0.04585122  0.48719348
   0.84881396  0.29429181  0.28035385
   0.17417000  0.83753000  0.11288000
   0.25559106  0.70983849  0.41179128
   0.06343379  0.82480017  0.52044690
   0.31682000  0.96236000  0.21534000
   0.11794191  0.58514339  0.31535322
   0.23858000  0.54636000  0.07986000
   0.04601000  0.67209000  0.18056000
   0.32129272  0.91954247  0.38199020
   0.13232198  0.55164232  0.48663499
   0.18356716  0.79461941  0.28095421
   0.50619000  0.83294000  0.10916000
   0.58966846  0.70965828  0.41281193
   0.39945239  0.82898801  0.51527250
   0.64926000  0.96050000  0.21277000
   0.45122699  0.58534794  0.31607265
   0.57191000  0.54636000  0.07986000
   0.37906000  0.67136000  0.18002000
   0.65444997  0.91953908  0.38141887
   0.46655364  0.55031757  0.48758424
   0.51689065  0.79429763  0.27949090
   0.83992000  0.83287000  0.10930000
   0.73303251  0.82977260  0.51708806
   0.98268000  0.96077000  0.21320000
   0.78416154  0.58501594  0.31514898
   0.90524000  0.54636000  0.07986000
   0.71230000  0.67144000  0.18017000
   0.98656685  0.91780036  0.37967200
   0.79756899  0.54712198  0.48544045
   0.84979943  0.79365879  0.27924520
   0.92320816  0.70943114  0.41210733
   0.78477000  0.69231000  0.65805000
   0.14704924  0.14929164  0.59158815
  -0.04313176  0.77723487  0.59982440
   0.72103052  0.63183873  0.69751835
   0.80174443  0.57486178  0.74060933
   0.74482194  0.48527620  0.74092124
   0.92917738  0.58685249  0.73270543
   0.77997119  0.60596453  0.78366211
   0.59032484  0.61895151  0.70140213
