   0.17870010  0.06525230  0.19550429
   0.27500044  0.43384693  0.50131893
   0.03971000  0.44194000  0.09637000
   0.31495302  0.18955106  0.30036183
   0.12250524  0.31358914  0.40101494
   0.51181362  0.06503987  0.19476447
   0.60917520  0.43445169  0.50047955
   0.37304000  0.44194000  0.09637000
   0.64843895  0.18948365  0.29972744
   0.45628371  0.31223642  0.40349585
   0.84494423  0.06491699  0.19517226
   0.94369443  0.43599875  0.50170266
   0.70637000  0.44194000  0.09637000
   0.98158830  0.18892584  0.29887172
   0.78728779  0.31277793  0.40415973
   0.18020783  0.56369708  0.19523634
   0.25808233  0.93197978  0.50950088
   0.03971000  0.94194000  0.09637000
   0.31519450  0.68846856  0.29811638
   0.11680286  0.81576755  0.39441438
   0.51363838  0.56362546  0.19503645
   0.58883057  0.93766665  0.50772500
   0.37304000  0.94194000  0.09637000
   0.64843430  0.68783339  0.29749873
   0.44834844  0.81659568  0.39863868
   0.84685025  0.56387708  0.19558850
   0.92121788  0.93546420  0.50797102
   0.70637000  0.94194000  0.09637000
   0.98157493  0.68783346  0.29755327
   0.78012183  0.81698746  0.39691968
   0.92142353  0.69482480  0.48797785
   0.03971000  0.19194000  0.09637000
   0.31767617  0.43828557  0.29844732
   0.11522953  0.06040313  0.40112687
   0.17941442  0.31511391  0.19659229
   0.26304943  0.18849832  0.49615100
   0.37304000  0.19194000  0.09637000
   0.64956263  0.43681350  0.29797393
   0.45015109  0.06260983  0.40175488
   0.51177784  0.31549437  0.19738875
   0.59386967  0.18623133  0.50423733
   0.70637000  0.19194000  0.09637000
   0.98385408  0.43855936  0.29916236
   0.78213303  0.06239279  0.40010532
   0.84580183  0.31586246  0.19762640
   0.92120020  0.19330258  0.49609477
   0.03971000  0.69194000  0.09637000
   0.31464981  0.94166087  0.29802145
   0.12464160  0.56081333  0.40082466
   0.17909260  0.81631483  0.19718662
   0.26636115  0.69261282  0.49590368
   0.37304000  0.69194000  0.09637000
   0.64569136  0.94044502  0.29756402
   0.45838032  0.56070435  0.39987374
   0.51188342  0.81561228  0.19705602
   0.59348846  0.69481352  0.49511842
   0.70637000  0.69194000  0.09637000
   0.97986012  0.94028148  0.29763053
   0.84500791  0.81563434  0.19696308
   0.79126814  0.55899846  0.39685596
   0.17310000  0.33301000  0.10976000
   0.25239333  0.20342842  0.41334104
   0.07401899  0.32459728  0.51028262
   0.31457849  0.45969671  0.21392042
   0.11499900  0.08413324  0.31622491
   0.23858000  0.04636000  0.07986000
   0.04456991  0.17114513  0.18026869
   0.32284328  0.41681455  0.38266164
   0.12510889  0.03749543  0.48999292
   0.18139686  0.29350519  0.28050833
   0.50750000  0.33753000  0.11288000
   0.58820285  0.20471239  0.41908873
   0.40594030  0.32651041  0.50682808
   0.64770300  0.46024849  0.21445365
   0.44939603  0.08581088  0.31737246
   0.57191000  0.04636000  0.07986000
   0.37784556  0.17110309  0.17984011
   0.65359492  0.41575692  0.38183602
   0.45134353  0.03847894  0.48485292
   0.51391849  0.29263436  0.28057128
   0.84083000  0.33753000  0.11288000
   0.92338771  0.20507890  0.41267638
   0.74524642  0.33088666  0.50705914
   0.98178271  0.46082471  0.21504336
   0.78176789  0.08439368  0.31568415
   0.90524000  0.04636000  0.07986000
   0.71155017  0.17114497  0.17993351
   0.98757848  0.41799482  0.38348036
   0.79457461  0.04385954  0.48607579
   0.84837017  0.29362936  0.28099711
   0.17417000  0.83753000  0.11288000
   0.24842913  0.71062126  0.41391679
   0.04662555  0.81848916  0.52988923
   0.31311319  0.96197177  0.21454234
   0.11643520  0.58453530  0.31686059
   0.23858000  0.54636000  0.07986000
   0.04654644  0.67036869  0.18031578
   0.31391772  0.91935287  0.38127149
   0.14498285  0.54496370  0.48798908
   0.18167139  0.79357243  0.28058432
   0.50750000  0.83753000  0.11288000
   0.58231592  0.71030321  0.41285710
   0.38918873  0.82596714  0.52046734
   0.64566942  0.96143415  0.21391467
   0.44927562  0.58443370  0.31611257
   0.57191000  0.54636000  0.07986000
   0.37952850  0.66987752  0.18017471
   0.64541704  0.91969132  0.38115713
   0.47558912  0.54497937  0.48664734
   0.51466650  0.79273985  0.28017359
   0.84083000  0.83753000  0.11288000
   0.72259221  0.82946920  0.51635224
   0.97938073  0.96124745  0.21404944
   0.78194137  0.58222989  0.31401111
   0.90524000  0.54636000  0.07986000
   0.71272935  0.66997283  0.18002938
   0.97960115  0.91968114  0.38181438
   0.80973737  0.54672629  0.48222770
   0.84765558  0.79271083  0.28003694
   0.91596644  0.71035764  0.40651915
   0.76406534  0.57948286  0.64510695
   0.59328126  0.13898473  0.59845672
   0.95247358  0.69898660  0.59491940
   0.70734785  0.53836554  0.69078063
   0.79406809  0.52996845  0.74473659
   0.75669177  0.44595587  0.76353203
   0.92434905  0.55054356  0.73836378
   0.76228762  0.58746419  0.77684060
   0.57667011  0.50477910  0.69286835
