   0.17895883  0.06416981  0.19494585
   0.26252814  0.43345540  0.50345651
   0.03971000  0.44194000  0.09637000
   0.31483197  0.18861566  0.29906365
   0.11666705  0.31334528  0.40128345
   0.51243693  0.06426603  0.19506016
   0.59683467  0.43199402  0.50164244
   0.37304000  0.44194000  0.09637000
   0.64790906  0.18899320  0.29919064
   0.45092879  0.31270380  0.40176504
   0.84567120  0.06493500  0.19559970
   0.93155833  0.43278843  0.50277330
   0.70637000  0.44194000  0.09637000
   0.98126684  0.18885673  0.29978381
   0.78140156  0.31313113  0.40372652
   0.17973427  0.56401841  0.19529282
   0.26350544  0.93192175  0.50701718
   0.03971000  0.94194000  0.09637000
   0.31608506  0.68753582  0.29829919
   0.12145002  0.81299564  0.39769264
   0.51299774  0.56379614  0.19473837
   0.59377934  0.93429715  0.50910049
   0.37304000  0.94194000  0.09637000
   0.64946024  0.68810795  0.29833508
   0.45429573  0.81391609  0.39962545
   0.84633388  0.56406950  0.19491607
   0.92584717  0.93459790  0.50524223
   0.70637000  0.94194000  0.09637000
   0.98289158  0.68808009  0.29761202
   0.78744148  0.81333834  0.39997959
   0.93341968  0.68475226  0.49503490
   0.03971000  0.19194000  0.09637000
   0.31586946  0.43785666  0.29818487
   0.11997882  0.06027098  0.40184935
   0.17852065  0.31527600  0.19629679
   0.26206718  0.18983201  0.49702766
   0.37304000  0.19194000  0.09637000
   0.64876613  0.43852352  0.29786498
   0.45268579  0.06065674  0.40114004
   0.51207609  0.31523023  0.19695041
   0.59298015  0.18309991  0.50281557
   0.70637000  0.19194000  0.09637000
   0.98154555  0.43823673  0.29854133
   0.78481411  0.06028892  0.40068263
   0.84529941  0.31565910  0.19732845
   0.91870222  0.19022907  0.49752265
   0.03971000  0.69194000  0.09637000
   0.31673950  0.93973505  0.29825066
   0.12028219  0.55958581  0.40009992
   0.17960817  0.81576889  0.19717879
   0.26763656  0.68818817  0.49512569
   0.37304000  0.69194000  0.09637000
   0.64949166  0.93889506  0.29853636
   0.45516444  0.55982888  0.40028063
   0.51229004  0.81588979  0.19735111
   0.59534746  0.69138465  0.49715660
   0.70637000  0.69194000  0.09637000
   0.98240964  0.93972078  0.29901748
   0.84535222  0.81644050  0.19739971
   0.78785360  0.55963252  0.39922829
   0.17310000  0.33301000  0.10976000
   0.24954542  0.20619138  0.41461201
   0.06210196  0.32451227  0.51336106
   0.31379416  0.45990510  0.21381387
   0.11518532  0.08439585  0.31760557
   0.23858000  0.04636000  0.07986000
   0.04518399  0.17061907  0.17990699
   0.31630724  0.41690099  0.38239286
   0.13132995  0.04054876  0.48886027
   0.18078704  0.29250695  0.27999096
   0.50750000  0.33753000  0.11288000
   0.58111013  0.20561055  0.41782867
   0.39318133  0.32781702  0.51264782
   0.64757255  0.46053996  0.21399809
   0.44890759  0.08504607  0.31716382
   0.57191000  0.04636000  0.07986000
   0.37865733  0.17004868  0.17973029
   0.64842348  0.41712132  0.38152475
   0.45764726  0.03515688  0.48418755
   0.51385551  0.29277348  0.27994207
   0.84083000  0.33753000  0.11288000
   0.91740635  0.20595408  0.41435019
   0.73250816  0.32898814  0.50723335
   0.98087968  0.46060342  0.21437402
   0.78146581  0.08438762  0.31692695
   0.90524000  0.04636000  0.07986000
   0.71164058  0.17073154  0.18002313
   0.98213773  0.41733139  0.38267261
   0.79710786  0.03954615  0.48571932
   0.84763501  0.29279796  0.28051025
   0.17417000  0.83753000  0.11288000
   0.25348178  0.70655070  0.41311995
   0.05348251  0.82390634  0.52465210
   0.31358711  0.96108265  0.21468840
   0.11624346  0.58356027  0.31633366
   0.23858000  0.54636000  0.07986000
   0.04604392  0.67050983  0.18017831
   0.31874660  0.91609325  0.38141599
   0.13231610  0.54466100  0.48765801
   0.18279246  0.79258789  0.28035019
   0.50750000  0.83753000  0.11288000
   0.58812887  0.70716161  0.41442444
   0.39287106  0.82276787  0.51696336
   0.64676580  0.96131598  0.21491566
   0.45006224  0.58324465  0.31641092
   0.57191000  0.54636000  0.07986000
   0.37911605  0.67046253  0.18016109
   0.65307533  0.91560721  0.38191997
   0.46521574  0.54509414  0.48740922
   0.51552296  0.79230046  0.28055456
   0.84083000  0.83753000  0.11288000
   0.72784788  0.82476042  0.52171639
   0.97991569  0.96162436  0.21514567
   0.78370874  0.58416377  0.31599854
   0.90524000  0.54636000  0.07986000
   0.71261422  0.67079511  0.18021299
   0.98619004  0.91664950  0.38337045
   0.79990982  0.54384778  0.48506874
   0.84920226  0.79335275  0.28074928
   0.92230444  0.70738094  0.41384931
   0.78061566  0.61888500  0.64963802
   0.61530600  0.13643812  0.59536854
   0.92618799  0.75446273  0.60052707
   0.72434770  0.55038776  0.68725385
   0.80394705  0.53319997  0.74216337
   0.76522032  0.44654927  0.75681695
   0.93418204  0.55835110  0.73918457
   0.76280863  0.58601612  0.77493958
   0.60404213  0.49999362  0.68021391
