   0.18177000  0.06503000  0.19527000
   0.26563910  0.43796165  0.50203882
   0.03971000  0.44194000  0.09637000
   0.31668628  0.19080802  0.29887340
   0.11847047  0.31570259  0.40303577
   0.51472000  0.06471000  0.19485000
   0.59577705  0.43751776  0.50277643
   0.37304000  0.44194000  0.09637000
   0.64949992  0.19001788  0.29887671
   0.44957779  0.31594694  0.40293425
   0.84826000  0.06468000  0.19455000
   0.92946039  0.43776840  0.50043203
   0.70637000  0.44194000  0.09637000
   0.98296915  0.19033681  0.29864766
   0.78509764  0.31608712  0.40037858
   0.17955000  0.56532000  0.19533000
   0.26917602  0.93680751  0.50449295
   0.03971000  0.94194000  0.09637000
   0.31750246  0.68955175  0.29784932
   0.12221695  0.81539817  0.39597367
   0.51276000  0.56480000  0.19498000
   0.60001809  0.93774746  0.50482861
   0.37304000  0.94194000  0.09637000
   0.65010581  0.68925752  0.29726026
   0.45606965  0.81650108  0.39852683
   0.84642000  0.56519000  0.19522000
   0.93159767  0.93759681  0.50248635
   0.70637000  0.94194000  0.09637000
   0.98355358  0.68906772  0.29724720
   0.78868303  0.81566045  0.39779062
   0.58912826  0.19692607  0.49600401
   0.03971000  0.19194000  0.09637000
   0.31573981  0.44023927  0.29857981
   0.12331999  0.06199384  0.39834355
   0.18013000  0.31638000  0.19719000
   0.24816981  0.18672372  0.50173106
   0.37304000  0.19194000  0.09637000
   0.64887217  0.43973074  0.29790212
   0.45362492  0.06370530  0.40092545
   0.51314000  0.31594000  0.19696000
   0.70637000  0.19194000  0.09637000
   0.98294305  0.43988857  0.29805516
   0.78775890  0.06348046  0.40050010
   0.84665000  0.31624000  0.19703000
   0.93527173  0.19233765  0.49814193
   0.03971000  0.69194000  0.09637000
   0.31844971  0.94121570  0.29853834
   0.12240846  0.56280819  0.39924379
   0.18025000  0.81742000  0.19778000
   0.26821305  0.69475163  0.49426986
   0.37304000  0.69194000  0.09637000
   0.65124245  0.94035340  0.29726937
   0.45572833  0.56286946  0.40007052
   0.51318000  0.81586000  0.19571000
   0.59714137  0.69644115  0.49555260
   0.70637000  0.69194000  0.09637000
   0.98362829  0.94034502  0.29671497
   0.84718000  0.81593000  0.19584000
   0.93320451  0.68784424  0.49392447
   0.78788080  0.56249144  0.39880326
   0.17417000  0.33753000  0.11288000
   0.25127414  0.20765472  0.41664745
   0.06303189  0.33579638  0.50609444
   0.31386000  0.46170000  0.21427000
   0.11734375  0.08580931  0.31471045
   0.23858000  0.04636000  0.07986000
   0.04735000  0.17100000  0.18013000
   0.31645670  0.42055572  0.38274602
   0.13161259  0.03319713  0.48015768
   0.18214024  0.29461351  0.28044137
   0.50750000  0.33753000  0.11288000
   0.58557433  0.20912436  0.41304365
   0.39737989  0.33053382  0.50897728
   0.64712000  0.46121000  0.21367000
   0.45037193  0.08620246  0.31669354
   0.57191000  0.04636000  0.07986000
   0.38063000  0.17082000  0.17998000
   0.64972763  0.41991250  0.38198707
   0.46851536  0.04625120  0.48742108
   0.51573219  0.29404474  0.28009039
   0.84083000  0.33753000  0.11288000
   0.91683192  0.20875961  0.41456021
   0.72829498  0.33116649  0.51248300
   0.98063000  0.46160000  0.21400000
   0.78385872  0.08537528  0.31581554
   0.90524000  0.04636000  0.07986000
   0.71387000  0.17083000  0.18002000
   0.98402264  0.42014937  0.38203228
   0.80108043  0.04586674  0.48719279
   0.84864858  0.29414363  0.28034388
   0.17417000  0.83753000  0.11288000
   0.25541386  0.70986513  0.41171004
   0.06328616  0.82513599  0.52063839
   0.31682000  0.96236000  0.21534000
   0.11789506  0.58512657  0.31528824
   0.23858000  0.54636000  0.07986000
   0.04601000  0.67209000  0.18056000
   0.32113733  0.91957395  0.38202904
   0.13226674  0.55140060  0.48655987
   0.18351622  0.79462875  0.28092709
   0.50619000  0.83294000  0.10916000
   0.58949278  0.70966480  0.41274384
   0.39905722  0.82884357  0.51541294
   0.64926000  0.96050000  0.21277000
   0.45121250  0.58528421  0.31598651
   0.57191000  0.54636000  0.07986000
   0.37906000  0.67136000  0.18002000
   0.65425185  0.91939178  0.38138235
   0.46658256  0.55030107  0.48748610
   0.51685765  0.79421606  0.27947779
   0.83992000  0.83287000  0.10930000
   0.73244640  0.82987529  0.51711430
   0.98268000  0.96077000  0.21320000
   0.78425926  0.58503279  0.31517930
   0.90524000  0.54636000  0.07986000
   0.71230000  0.67144000  0.18017000
   0.98630379  0.91783681  0.37967033
   0.79743577  0.54689137  0.48545848
   0.84972885  0.79374393  0.27924511
   0.92308487  0.70958233  0.41227032
   0.78477000  0.69231000  0.65805000
   0.14901213  0.14877159  0.59207879
  -0.04253231  0.77721947  0.60012584
   0.72089986  0.63184419  0.69760797
   0.80137296  0.57493215  0.74071648
   0.74422298  0.48540342  0.74099536
   0.92869911  0.58662086  0.73281366
   0.77972053  0.60598796  0.78366510
   0.59021914  0.61917953  0.70139275
