   0.18177000  0.06503000  0.19527000
   0.26747201  0.43258679  0.50254550
   0.03971000  0.44194000  0.09637000
   0.31551028  0.18844767  0.29839829
   0.11661054  0.31421062  0.39991189
   0.51472000  0.06471000  0.19485000
   0.60057262  0.43279530  0.50170715
   0.37304000  0.44194000  0.09637000
   0.64904051  0.18828767  0.29814131
   0.44989010  0.31356494  0.39915423
   0.84826000  0.06468000  0.19455000
   0.93611522  0.43523843  0.50758119
   0.70637000  0.44194000  0.09637000
   0.98229242  0.18846228  0.29830694
   0.78378208  0.31465642  0.39976659
   0.17955000  0.56532000  0.19533000
   0.26171692  0.93328633  0.50460354
   0.03971000  0.94194000  0.09637000
   0.31571258  0.68865418  0.29788144
   0.11965439  0.81304294  0.39672823
   0.51276000  0.56480000  0.19498000
   0.59313055  0.93342086  0.50245778
   0.37304000  0.94194000  0.09637000
   0.64864812  0.68863649  0.29739869
   0.45252768  0.81358064  0.39912671
   0.84642000  0.56519000  0.19522000
   0.92413486  0.93480756  0.50521196
   0.70637000  0.94194000  0.09637000
   0.98189493  0.68845331  0.29732203
   0.78542223  0.81436085  0.39886552
   0.58944534  0.19222683  0.49495468
   0.03971000  0.19194000  0.09637000
   0.31502907  0.43939234  0.29801058
   0.11895145  0.06039420  0.39994326
   0.18013000  0.31638000  0.19719000
   0.25529103  0.19271763  0.49572560
   0.37304000  0.19194000  0.09637000
   0.64800791  0.43891273  0.29735716
   0.45207771  0.06086103  0.40011088
   0.51314000  0.31594000  0.19696000
   0.70637000  0.19194000  0.09637000
   0.98171314  0.43893628  0.29758771
   0.78509082  0.06036958  0.39904567
   0.84665000  0.31624000  0.19703000
   0.92200978  0.19260038  0.49401470
   0.03971000  0.69194000  0.09637000
   0.31705800  0.93969821  0.29845364
   0.12139510  0.55951022  0.39890440
   0.18025000  0.81742000  0.19778000
   0.26095153  0.68770207  0.49488620
   0.37304000  0.69194000  0.09637000
   0.64953269  0.93849626  0.29690221
   0.45446641  0.55997114  0.39979059
   0.51318000  0.81586000  0.19571000
   0.59531867  0.69065607  0.49488754
   0.70637000  0.69194000  0.09637000
   0.98283686  0.93928069  0.29738067
   0.84718000  0.81593000  0.19584000
   0.92326342  0.68958106  0.49309916
   0.78822510  0.55997156  0.39835832
   0.17417000  0.33753000  0.11288000
   0.24990884  0.20621860  0.41263545
   0.06780175  0.32293582  0.50973420
   0.31386000  0.46170000  0.21427000
   0.11602102  0.08384408  0.31585135
   0.23858000  0.04636000  0.07986000
   0.04735000  0.17100000  0.18013000
   0.31600620  0.41788513  0.38184298
   0.18824718  0.01987300  0.46064267
   0.18199371  0.29307339  0.28035035
   0.50750000  0.33753000  0.11288000
   0.58351805  0.20672419  0.41211086
   0.39948777  0.32440823  0.51201628
   0.64712000  0.46121000  0.21367000
   0.44970617  0.08433464  0.31632650
   0.57191000  0.04636000  0.07986000
   0.38063000  0.17082000  0.17998000
   0.64848512  0.41795162  0.38117960
   0.46151320  0.04368099  0.48701669
   0.51498871  0.29261601  0.28004663
   0.84083000  0.33753000  0.11288000
   0.91625158  0.20618021  0.41116573
   0.73242284  0.32482228  0.51053237
   0.98063000  0.46160000  0.21400000
   0.78257358  0.08311898  0.31497450
   0.90524000  0.04636000  0.07986000
   0.71387000  0.17083000  0.18002000
   0.98211775  0.41764256  0.38105233
   0.79505895  0.04428221  0.48620195
   0.84845649  0.29271827  0.27997288
   0.17417000  0.83753000  0.11288000
   0.25220995  0.70715040  0.41221895
   0.05594686  0.82603186  0.52202212
   0.31682000  0.96236000  0.21534000
   0.11590952  0.58421481  0.31521457
   0.23858000  0.54636000  0.07986000
   0.04601000  0.67209000  0.18056000
   0.31808554  0.91752574  0.38214758
   0.13742869  0.54122957  0.48353718
   0.18192022  0.79397284  0.28097718
   0.50619000  0.83294000  0.10916000
   0.58568719  0.70653738  0.41235768
   0.39132805  0.82522520  0.51323431
   0.64926000  0.96050000  0.21277000
   0.44934121  0.58435160  0.31588489
   0.57191000  0.54636000  0.07986000
   0.37906000  0.67136000  0.18002000
   0.65038930  0.91727879  0.38100877
   0.46885273  0.54338909  0.48672075
   0.51490887  0.79317346  0.27927024
   0.83992000  0.83287000  0.10930000
   0.72703743  0.82738118  0.51101353
   0.98268000  0.96077000  0.21320000
   0.78235783  0.58404716  0.31476045
   0.90524000  0.54636000  0.07986000
   0.71230000  0.67144000  0.18017000
   0.98491810  0.91754904  0.38174055
   0.80017680  0.54254030  0.48373715
   0.84849408  0.79370543  0.27949550
   0.92002421  0.70810838  0.41137920
   0.78477000  0.69231000  0.65805000
   0.02110825  0.08244288  0.53725083
   0.03857240  0.70191794  0.59265411
   0.71734738  0.62990625  0.69577102
   0.79714267  0.57556778  0.74114848
   0.74039194  0.48620174  0.74354436
   0.92407288  0.58602293  0.73277667
   0.77674206  0.61183199  0.78324933
   0.58514481  0.61108372  0.69751689
