   0.18177000  0.06503000  0.19527000
   0.26858567  0.43032210  0.50232543
   0.03971000  0.44194000  0.09637000
   0.31517716  0.18833390  0.29860397
   0.11718548  0.31350352  0.40002571
   0.51472000  0.06471000  0.19485000
   0.59790659  0.43139061  0.50161373
   0.37304000  0.44194000  0.09637000
   0.64897125  0.18823842  0.29820994
   0.44908752  0.31310208  0.39943749
   0.84826000  0.06468000  0.19455000
   0.93613506  0.43246339  0.50518060
   0.70637000  0.44194000  0.09637000
   0.98254830  0.18829987  0.29840293
   0.78383819  0.31422264  0.39970726
   0.17955000  0.56532000  0.19533000
   0.26172808  0.93571713  0.50486273
   0.03971000  0.94194000  0.09637000
   0.31581233  0.68873024  0.29785381
   0.11982815  0.81381317  0.39670148
   0.51276000  0.56480000  0.19498000
   0.59366562  0.93462168  0.50238051
   0.37304000  0.94194000  0.09637000
   0.64863797  0.68870694  0.29738967
   0.45270666  0.81397966  0.39902758
   0.84642000  0.56519000  0.19522000
   0.92663586  0.93781337  0.50544100
   0.70637000  0.94194000  0.09637000
   0.98185533  0.68855565  0.29730236
   0.78553718  0.81482169  0.39881337
   0.58761851  0.19131947  0.49514680
   0.03971000  0.19194000  0.09637000
   0.31499316  0.43920476  0.29805840
   0.11948160  0.06030452  0.40076716
   0.18013000  0.31638000  0.19719000
   0.25071961  0.18867612  0.49782032
   0.37304000  0.19194000  0.09637000
   0.64794955  0.43874862  0.29739941
   0.45179501  0.06097461  0.40034696
   0.51314000  0.31594000  0.19696000
   0.70637000  0.19194000  0.09637000
   0.98167753  0.43875561  0.29758270
   0.78537677  0.06048883  0.39928719
   0.84665000  0.31624000  0.19703000
   0.92400921  0.19071864  0.49536147
   0.03971000  0.69194000  0.09637000
   0.31713637  0.93990667  0.29857047
   0.12107065  0.55941501  0.39831003
   0.18025000  0.81742000  0.19778000
   0.26239928  0.68879779  0.49468118
   0.37304000  0.69194000  0.09637000
   0.64958367  0.93864653  0.29697433
   0.45443515  0.55976352  0.39964392
   0.51318000  0.81586000  0.19571000
   0.59519222  0.69088169  0.49470188
   0.70637000  0.69194000  0.09637000
   0.98306384  0.93958483  0.29753311
   0.84718000  0.81593000  0.19584000
   0.92266441  0.69019730  0.49256769
   0.78802563  0.55979941  0.39788908
   0.17417000  0.33753000  0.11288000
   0.25109549  0.20712839  0.41239932
   0.06619458  0.32931952  0.50957301
   0.31386000  0.46170000  0.21427000
   0.11577948  0.08382807  0.31537750
   0.23858000  0.04636000  0.07986000
   0.04735000  0.17100000  0.18013000
   0.31611179  0.41846047  0.38179212
   0.12560909  0.03275371  0.47985727
   0.18201230  0.29325779  0.28021346
   0.50750000  0.33753000  0.11288000
   0.58408405  0.20686684  0.41214383
   0.40417005  0.32917112  0.51161314
   0.64712000  0.46121000  0.21367000
   0.44985204  0.08425899  0.31623559
   0.57191000  0.04636000  0.07986000
   0.38063000  0.17082000  0.17998000
   0.64911965  0.41846963  0.38120202
   0.46270264  0.04315932  0.48666979
   0.51524258  0.29285292  0.27998179
   0.84083000  0.33753000  0.11288000
   0.91572994  0.20661904  0.41117963
   0.73450052  0.32653029  0.51099291
   0.98063000  0.46160000  0.21400000
   0.78245799  0.08303189  0.31488884
   0.90524000  0.04636000  0.07986000
   0.71387000  0.17083000  0.18002000
   0.98238363  0.41835884  0.38110698
   0.79370164  0.04372184  0.48574006
   0.84841732  0.29283627  0.27993869
   0.17417000  0.83753000  0.11288000
   0.25181356  0.70666384  0.41231356
   0.05510315  0.82374346  0.52156928
   0.31682000  0.96236000  0.21534000
   0.11597507  0.58425216  0.31532721
   0.23858000  0.54636000  0.07986000
   0.04601000  0.67209000  0.18056000
   0.31817751  0.91699110  0.38206340
   0.13569760  0.54153564  0.48533537
   0.18186543  0.79379901  0.28093504
   0.50619000  0.83294000  0.10916000
   0.58575894  0.70643144  0.41241115
   0.39043895  0.82418428  0.51330844
   0.64926000  0.96050000  0.21277000
   0.44945456  0.58446607  0.31588235
   0.57191000  0.54636000  0.07986000
   0.37906000  0.67136000  0.18002000
   0.65026771  0.91694383  0.38097367
   0.46902430  0.54386451  0.48693451
   0.51491077  0.79306599  0.27924716
   0.83992000  0.83287000  0.10930000
   0.72701767  0.82683470  0.51120957
   0.98268000  0.96077000  0.21320000
   0.78256731  0.58414061  0.31489387
   0.90524000  0.54636000  0.07986000
   0.71230000  0.67144000  0.18017000
   0.98440630  0.91683269  0.38152060
   0.80197848  0.54311828  0.48487739
   0.84844348  0.79350015  0.27947668
   0.92004593  0.70770385  0.41147453
   0.78477000  0.69231000  0.65805000
   0.14083765  0.12482045  0.58600767
   0.03838784  0.70426437  0.59375832
   0.71730524  0.62917602  0.69638535
   0.79572750  0.57503672  0.74081492
   0.74054764  0.48646273  0.74363390
   0.92440019  0.58643751  0.73294443
   0.77717534  0.61160078  0.78308103
   0.58566862  0.61163110  0.69758674
