   0.18177000  0.06503000  0.19527000
   0.24503950  0.44141944  0.50339579
   0.03971000  0.44194000  0.09637000
   0.31886555  0.19035655  0.29937256
   0.11421108  0.31760382  0.40109659
   0.51472000  0.06471000  0.19485000
   0.57636220  0.44687523  0.50032470
   0.37304000  0.44194000  0.09637000
   0.65187705  0.18983336  0.29834805
   0.44943662  0.31821122  0.40143273
   0.84826000  0.06468000  0.19455000
   0.91620105  0.44581720  0.50039174
   0.70637000  0.44194000  0.09637000
   0.98546065  0.18979720  0.29797692
   0.78106738  0.31657969  0.40078940
   0.17955000  0.56532000  0.19533000
   0.28055449  0.93479801  0.50325420
   0.03971000  0.94194000  0.09637000
   0.31574600  0.69078812  0.29837526
   0.12522638  0.81597080  0.39868937
   0.51276000  0.56480000  0.19498000
   0.61396229  0.93411251  0.50300864
   0.37304000  0.94194000  0.09637000
   0.64864314  0.69015574  0.29744640
   0.45874691  0.81635930  0.39888770
   0.84642000  0.56519000  0.19522000
   0.94751576  0.93421469  0.50141568
   0.70637000  0.94194000  0.09637000
   0.98248107  0.69064541  0.29806902
   0.79106677  0.81512804  0.39797106
   0.60307481  0.19373988  0.50332571
   0.03971000  0.19194000  0.09637000
   0.31458836  0.44079327  0.29823452
   0.12683225  0.06211853  0.40010665
   0.18013000  0.31638000  0.19719000
   0.26005985  0.19681674  0.49533676
   0.37304000  0.19194000  0.09637000
   0.64769846  0.44014942  0.29737495
   0.46219426  0.06495209  0.40322443
   0.51314000  0.31594000  0.19696000
   0.70637000  0.19194000  0.09637000
   0.98120155  0.44057329  0.29786901
   0.79491718  0.06173168  0.39903834
   0.84665000  0.31624000  0.19703000
   0.91598436  0.19248627  0.49927344
   0.03971000  0.69194000  0.09637000
   0.32031359  0.94238668  0.29966104
   0.11533309  0.56523987  0.39905626
   0.18025000  0.81742000  0.19778000
   0.25717060  0.69726912  0.49455618
   0.37304000  0.69194000  0.09637000
   0.65247910  0.94004378  0.29697746
   0.44707462  0.56624538  0.39961332
   0.51318000  0.81586000  0.19571000
   0.59142767  0.69703480  0.49595209
   0.70637000  0.69194000  0.09637000
   0.98598010  0.94015749  0.29751403
   0.84718000  0.81593000  0.19584000
   0.91856042  0.69813749  0.49471275
   0.78213934  0.56545518  0.39772786
   0.17417000  0.33753000  0.11288000
   0.24881219  0.21085001  0.41330465
   0.04251595  0.33595277  0.51246187
   0.31386000  0.46170000  0.21427000
   0.11957523  0.08533402  0.31598796
   0.23858000  0.04636000  0.07986000
   0.04735000  0.17100000  0.18013000
   0.31364565  0.42106151  0.38231519
   0.14828751  0.04452523  0.48701330
   0.18433534  0.29383454  0.28035900
   0.50750000  0.33753000  0.11288000
   0.58222583  0.21332065  0.42027611
   0.37810683  0.33631500  0.51396479
   0.64712000  0.46121000  0.21367000
   0.45423403  0.08760850  0.31873330
   0.57191000  0.04636000  0.07986000
   0.38063000  0.17082000  0.17998000
   0.64735199  0.42006829  0.38119304
   0.48153331  0.04329198  0.48887641
   0.51745357  0.29345713  0.28006574
   0.84083000  0.33753000  0.11288000
   0.91489965  0.21047392  0.41588309
   0.71158059  0.34552364  0.51334910
   0.98063000  0.46160000  0.21400000
   0.78652020  0.08560989  0.31533811
   0.90524000  0.04636000  0.07986000
   0.71387000  0.17083000  0.18002000
   0.97949467  0.42059115  0.38191340
   0.81362113  0.03905358  0.48317617
   0.85076378  0.29376426  0.28014725
   0.17417000  0.83753000  0.11288000
   0.25836360  0.70844270  0.41047133
   0.07882433  0.82507221  0.51134150
   0.31682000  0.96236000  0.21534000
   0.11563961  0.58548966  0.31499226
   0.23858000  0.54636000  0.07986000
   0.04601000  0.67209000  0.18056000
   0.32483225  0.92178320  0.38374035
   0.11767361  0.55357241  0.48610373
   0.18287431  0.79656424  0.28135784
   0.50619000  0.83294000  0.10916000
   0.59089562  0.70859262  0.41142882
   0.41183094  0.82440378  0.51248245
   0.64926000  0.96050000  0.21277000
   0.44895716  0.58573638  0.31528400
   0.57191000  0.54636000  0.07986000
   0.37906000  0.67136000  0.18002000
   0.65722496  0.91930626  0.38058663
   0.44617090  0.55495501  0.48665836
   0.51548151  0.79498333  0.27937101
   0.83992000  0.83287000  0.10930000
   0.74648953  0.82494467  0.51154848
   0.98268000  0.96077000  0.21320000
   0.78209466  0.58518401  0.31390059
   0.90524000  0.54636000  0.07986000
   0.71230000  0.67144000  0.18017000
   0.99048546  0.91979732  0.38163977
   0.78243849  0.55433206  0.48326222
   0.84891843  0.79524518  0.27961900
   0.92543609  0.70829429  0.40984234
   0.78477000  0.69231000  0.65805000
   0.66736340  0.40111404  0.60116311
   0.97209507  0.64109335  0.60977289
   0.68769832  0.53356570  0.69465645
   0.78714020  0.52864387  0.74620209
   0.75467165  0.44744341  0.76817174
   0.91360666  0.54811001  0.73480776
   0.76443175  0.59107481  0.77762303
   0.55698713  0.50430133  0.70017623
