   0.18177000  0.06503000  0.19527000
   0.26764267  0.43127938  0.50223255
   0.03971000  0.44194000  0.09637000
   0.31649391  0.18958340  0.29854031
   0.11795745  0.31284837  0.40130113
   0.51472000  0.06471000  0.19485000
   0.59675551  0.43134611  0.50230373
   0.37304000  0.44194000  0.09637000
   0.64883267  0.18839816  0.29849216
   0.44832301  0.31325074  0.40180326
   0.84826000  0.06468000  0.19455000
   0.93242116  0.43363254  0.49983841
   0.70637000  0.44194000  0.09637000
   0.98195181  0.18907184  0.29809122
   0.78424959  0.31340804  0.39983124
   0.17955000  0.56532000  0.19533000
   0.26332979  0.93295962  0.50330985
   0.03971000  0.94194000  0.09637000
   0.31591894  0.68863867  0.29776834
   0.11951400  0.81359107  0.39635368
   0.51276000  0.56480000  0.19498000
   0.59459233  0.93473474  0.50270408
   0.37304000  0.94194000  0.09637000
   0.64888736  0.68859752  0.29728193
   0.45289621  0.81340913  0.39848738
   0.84642000  0.56519000  0.19522000
   0.92746221  0.93570902  0.50403048
   0.70637000  0.94194000  0.09637000
   0.98214139  0.68847092  0.29730879
   0.78516739  0.81416660  0.39808260
   0.58636072  0.19339934  0.49554767
   0.03971000  0.19194000  0.09637000
   0.31522067  0.43941102  0.29813324
   0.12129350  0.06036879  0.39685617
   0.18013000  0.31638000  0.19719000
   0.24365049  0.18048505  0.50120694
   0.37304000  0.19194000  0.09637000
   0.64815219  0.43874085  0.29757983
   0.45153681  0.06153283  0.40048627
   0.51314000  0.31594000  0.19696000
   0.70637000  0.19194000  0.09637000
   0.98234106  0.43907600  0.29776648
   0.78607562  0.06186857  0.39998394
   0.84665000  0.31624000  0.19703000
   0.93256801  0.19008658  0.49778291
   0.03971000  0.69194000  0.09637000
   0.31757445  0.93963008  0.29830299
   0.12156311  0.55993891  0.39948277
   0.18025000  0.81742000  0.19778000
   0.26512662  0.69020899  0.49470686
   0.37304000  0.69194000  0.09637000
   0.64965077  0.93888603  0.29707184
   0.45496766  0.56010924  0.39958516
   0.51318000  0.81586000  0.19571000
   0.59496160  0.69225731  0.49471103
   0.70637000  0.69194000  0.09637000
   0.98151793  0.93843226  0.29605737
   0.84718000  0.81593000  0.19584000
   0.92153594  0.68947763  0.49282248
   0.78774508  0.55963930  0.39822562
   0.17417000  0.33753000  0.11288000
   0.24961914  0.20517809  0.41643779
   0.06459642  0.33106240  0.50799687
   0.31386000  0.46170000  0.21427000
   0.11615364  0.08453998  0.31308420
   0.23858000  0.04636000  0.07986000
   0.04735000  0.17100000  0.18013000
   0.31554818  0.41829812  0.38192419
   0.12697768  0.02952363  0.47874442
   0.18197946  0.29351202  0.28038532
   0.50750000  0.33753000  0.11288000
   0.58475406  0.20669659  0.41214098
   0.39921456  0.32341964  0.50973100
   0.64712000  0.46121000  0.21367000
   0.44925157  0.08448561  0.31641203
   0.57191000  0.04636000  0.07986000
   0.38063000  0.17082000  0.17998000
   0.64929298  0.41792155  0.38149597
   0.46319113  0.04342170  0.48668249
   0.51533160  0.29296214  0.28005605
   0.84083000  0.33753000  0.11288000
   0.91691659  0.20681108  0.41401812
   0.73138128  0.32640902  0.51146659
   0.98063000  0.46160000  0.21400000
   0.78296800  0.08352288  0.31520653
   0.90524000  0.04636000  0.07986000
   0.71387000  0.17083000  0.18002000
   0.98312602  0.41822073  0.38162318
   0.79713650  0.04438229  0.48652670
   0.84838932  0.29302258  0.28014142
   0.17417000  0.83753000  0.11288000
   0.25191232  0.70705810  0.41215279
   0.05665032  0.82184522  0.52175482
   0.31682000  0.96236000  0.21534000
   0.11624623  0.58424880  0.31528262
   0.23858000  0.54636000  0.07986000
   0.04601000  0.67209000  0.18056000
   0.31908811  0.91680365  0.38164101
   0.13601268  0.54572557  0.48734907
   0.18223078  0.79380647  0.28076085
   0.50619000  0.83294000  0.10916000
   0.58622145  0.70693241  0.41229224
   0.39283601  0.82592012  0.51498090
   0.64926000  0.96050000  0.21277000
   0.44986051  0.58458926  0.31574283
   0.57191000  0.54636000  0.07986000
   0.37906000  0.67136000  0.18002000
   0.65072476  0.91765711  0.38110035
   0.46918001  0.54465696  0.48676929
   0.51522390  0.79325828  0.27922821
   0.83992000  0.83287000  0.10930000
   0.72772729  0.82766959  0.51280549
   0.98268000  0.96077000  0.21320000
   0.78264121  0.58400187  0.31479912
   0.90524000  0.54636000  0.07986000
   0.71230000  0.67144000  0.18017000
   0.98343927  0.91553105  0.37860183
   0.79984302  0.54374269  0.48498883
   0.84786287  0.79273762  0.27892672
   0.92002724  0.70736612  0.41105535
   0.78477000  0.69231000  0.65805000
   0.14310797  0.13547104  0.59073062
   0.02962817  0.71933114  0.59841522
   0.71719712  0.62989167  0.69614058
   0.79703314  0.57517477  0.74108807
   0.74054010  0.48519022  0.74364070
   0.92460754  0.58654714  0.73315847
   0.77693435  0.61065600  0.78276203
   0.58676308  0.61439145  0.69839542
