   0.18205980  0.06422979  0.19395750
   0.24667083  0.44428592  0.49992329
   0.03971000  0.44194000  0.09637000
   0.31831377  0.19035871  0.29698737
   0.11118463  0.31718669  0.40124198
   0.51526282  0.06409724  0.19385018
   0.57380812  0.44367104  0.50080047
   0.37304000  0.44194000  0.09637000
   0.65157286  0.18939043  0.29664640
   0.44373699  0.31787554  0.40123655
   0.84850498  0.06375850  0.19352863
   0.91549728  0.44692574  0.49818597
   0.70637000  0.44194000  0.09637000
   0.98481580  0.18960057  0.29664640
   0.78006833  0.31619362  0.39764285
   0.18060101  0.56422459  0.19399865
   0.28434782  0.93155875  0.49928680
   0.03971000  0.94194000  0.09637000
   0.31676173  0.68953287  0.29646342
   0.12698272  0.81393172  0.39508415
   0.51362406  0.56391643  0.19393331
   0.61957490  0.93312054  0.50086048
   0.37304000  0.94194000  0.09637000
   0.64962104  0.68886519  0.29609566
   0.46106710  0.81454467  0.39590852
   0.84711464  0.56393191  0.19384951
   0.95202879  0.93145670  0.50033156
   0.70637000  0.94194000  0.09637000
   0.98307075  0.68896939  0.29600875
   0.79397178  0.81390864  0.39518684
   0.93992072  0.19112262  0.49844484
   0.03971000  0.19194000  0.09637000
   0.31350171  0.43952225  0.29628429
   0.12974440  0.06061974  0.39661063
   0.18060648  0.31520358  0.19503127
   0.24349441  0.18956015  0.49838759
   0.37304000  0.19194000  0.09637000
   0.64710483  0.43927506  0.29627710
   0.46151895  0.06363808  0.39979780
   0.51395573  0.31518347  0.19510555
   0.58693623  0.19396076  0.49781014
   0.70637000  0.19194000  0.09637000
   0.98090411  0.43958825  0.29567454
   0.79539743  0.06192389  0.39954604
   0.84724584  0.31498201  0.19492826
   0.03971000  0.69194000  0.09637000
   0.32116983  0.94077908  0.29705995
   0.11545289  0.56478405  0.39648576
   0.18108494  0.81590160  0.19565864
   0.25312861  0.70078453  0.49221865
   0.37304000  0.69194000  0.09637000
   0.65404922  0.94029747  0.29674287
   0.44748569  0.56461822  0.39712622
   0.51414578  0.81567467  0.19554544
   0.58769445  0.69855566  0.49241288
   0.70637000  0.69194000  0.09637000
   0.98694965  0.93924736  0.29519769
   0.84730214  0.81496774  0.19484036
   0.92029824  0.69681411  0.49242695
   0.78091815  0.56387900  0.39697147
   0.17325000  0.33256000  0.10893000
   0.24608550  0.20976781  0.41423351
   0.04461558  0.34439275  0.50276505
   0.31476617  0.45977592  0.21172776
   0.11965928  0.08520069  0.31303405
   0.23858000  0.04636000  0.07986000
   0.04750997  0.17043364  0.17977736
   0.31012241  0.42092213  0.38047993
   0.15107877  0.03360307  0.47900865
   0.18333554  0.29377216  0.27837046
   0.50654000  0.33260000  0.10901000
   0.58089129  0.21331558  0.41622627
   0.37813145  0.33560867  0.50963897
   0.64809092  0.45963988  0.21181744
   0.45320048  0.08674579  0.31600783
   0.57191000  0.04636000  0.07986000
   0.38105225  0.17052255  0.17985369
   0.64435130  0.42006534  0.38099938
   0.48510206  0.04309330  0.48636878
   0.51722598  0.29350271  0.27858783
   0.83980000  0.33255000  0.10889000
   0.90966304  0.21054555  0.41522524
   0.70733030  0.33631240  0.52152862
   0.98147948  0.45960586  0.21138103
   0.78608808  0.08583588  0.31503236
   0.90524000  0.04636000  0.07986000
   0.71431393  0.17027977  0.17977302
   0.97691681  0.42096698  0.37953623
   0.81777700  0.03927351  0.48442278
   0.84988831  0.29343721  0.27841506
   0.17338000  0.83273000  0.10943000
   0.26101362  0.70724611  0.40715689
   0.08410338  0.81875656  0.51036267
   0.31698145  0.96059108  0.21281422
   0.11665459  0.58385968  0.31217890
   0.23858000  0.54636000  0.07986000
   0.04660270  0.67111688  0.18018162
   0.32750777  0.91991777  0.38088484
   0.11509134  0.55756839  0.48351184
   0.18371522  0.79531433  0.27937976
   0.50662000  0.83273000  0.10932000
   0.59393519  0.70656909  0.40815834
   0.41811175  0.82337605  0.50958410
   0.64982857  0.96027493  0.21241790
   0.44963263  0.58376903  0.31278951
   0.57191000  0.54636000  0.07986000
   0.37995604  0.67102253  0.18009073
   0.65992618  0.91896988  0.38051103
   0.44821546  0.55441970  0.48452050
   0.51713205  0.79484037  0.27920811
   0.83987000  0.83253000  0.10888000
   0.74991497  0.82101332  0.51137587
   0.98311443  0.95953642  0.21129852
   0.78271167  0.58345305  0.31266886
   0.90524000  0.54636000  0.07986000
   0.71290843  0.67049575  0.17987241
   0.99264818  0.91733761  0.37826397
   0.77895314  0.55205919  0.48510940
   0.84965337  0.79382682  0.27824783
   0.92606796  0.70594636  0.40790072
   0.78561510  0.54088035  0.67056947
   0.07833881  0.15962951  0.58184422
   0.73920182  0.40984624  0.60339208
   0.79302032  0.54262785  0.72369695
   0.76443534  0.44224382  0.76082744
   0.68502187  0.45075116  0.79670726
   0.71742522  0.36677079  0.73565047
   0.87807315  0.43590438  0.78058117
   0.82593256  0.62560593  0.74492411
