   0.60823667  0.43147823  0.49275805
   0.17911747  0.06411233  0.18496439
   0.27805791  0.43303005  0.49180926
   0.03971000  0.44194000  0.08602000
   0.31513807  0.18807443  0.28875294
   0.12246846  0.31351845  0.38964826
   0.51246436  0.06418862  0.18497815
   0.37304000  0.44194000  0.08602000
   0.64871384  0.18837598  0.28885049
   0.45595827  0.31361288  0.38955325
   0.84574976  0.06401665  0.18496264
   0.94792638  0.43222435  0.49364727
   0.70637000  0.44194000  0.08602000
   0.98191265  0.18803638  0.28871947
   0.78942673  0.31392744  0.39046349
   0.18074777  0.56359742  0.18476593
   0.25858118  0.93742500  0.49415283
   0.03971000  0.94194000  0.08602000
   0.31648529  0.68806152  0.28834553
   0.11409584  0.81428799  0.39067346
   0.51413202  0.56377949  0.18492441
   0.59138584  0.93614702  0.49313308
   0.37304000  0.94194000  0.08602000
   0.64983825  0.68854334  0.28867397
   0.44832263  0.81510030  0.39002984
   0.84742521  0.56360025  0.18475243
   0.92529700  0.93858005  0.49389594
   0.70637000  0.94194000  0.08602000
   0.98340388  0.68823377  0.28832135
   0.78127420  0.81503126  0.39171279
   0.03971000  0.19194000  0.08602000
   0.31757672  0.43851887  0.28827690
   0.11767639  0.06080485  0.38992666
   0.17926430  0.31537488  0.18701776
   0.26029588  0.19283335  0.48459274
   0.37304000  0.19194000  0.08602000
   0.65111952  0.43933614  0.28899423
   0.45029825  0.06089801  0.38956661
   0.51274672  0.31580851  0.18731487
   0.59505264  0.19077002  0.48404380
   0.70637000  0.19194000  0.08602000
   0.98403940  0.43869413  0.28849235
   0.78419746  0.06120279  0.38973255
   0.84597061  0.31547336  0.18710184
   0.92738819  0.19215910  0.48450585
   0.03971000  0.69194000  0.08602000
   0.31326124  0.93882553  0.28801762
   0.12451393  0.56064226  0.39034931
   0.17930227  0.81532219  0.18677835
   0.26242855  0.69326453  0.48564208
   0.37304000  0.69194000  0.08602000
   0.64697700  0.93891595  0.28813096
   0.45769689  0.56040943  0.39033372
   0.51261159  0.81538751  0.18684534
   0.59622809  0.69174795  0.48701161
   0.70637000  0.69194000  0.08602000
   0.98010116  0.93852363  0.28832046
   0.84604010  0.81534886  0.18684427
   0.92841981  0.69643508  0.48928913
   0.79046118  0.56139112  0.39122778
   0.17417000  0.33753000  0.10253000
   0.25621101  0.20540353  0.40115764
   0.07865807  0.32306499  0.49865663
   0.31504191  0.46032399  0.20459178
   0.11519460  0.08282815  0.30594326
   0.23858000  0.04636000  0.06951000
   0.04536225  0.17039879  0.16989668
   0.32138177  0.41762125  0.37235668
   0.12662062  0.04824436  0.47715109
   0.18169423  0.29278382  0.27057785
   0.50750000  0.33753000  0.10253000
   0.58844285  0.20544470  0.40081021
   0.40891051  0.32359042  0.50030437
   0.64853706  0.46076020  0.20518144
   0.44862811  0.08314218  0.30559034
   0.57191000  0.04636000  0.06951000
   0.37890155  0.17082546  0.17007017
   0.65568517  0.41956454  0.37382675
   0.45943600  0.04637939  0.47679476
   0.51529507  0.29364931  0.27117451
   0.84083000  0.33753000  0.10253000
   0.92263679  0.20539225  0.40107561
   0.74367199  0.32317933  0.49688578
   0.98163985  0.46044027  0.20471374
   0.78204403  0.08319419  0.30573161
   0.90524000  0.04636000  0.06951000
   0.71212237  0.17054213  0.16992476
   0.98765582  0.41837834  0.37281538
   0.79205010  0.04788836  0.47701919
   0.84849093  0.29307830  0.27068014
   0.17417000  0.83753000  0.10253000
   0.24858685  0.70847839  0.40359647
   0.05864250  0.83285847  0.50486032
   0.31322697  0.96067315  0.20428846
   0.11719838  0.58404298  0.30659167
   0.23858000  0.54636000  0.06951000
   0.04687350  0.66985429  0.16975453
   0.31256312  0.91819118  0.37214603
   0.14530286  0.54271774  0.47702416
   0.18225471  0.79215786  0.27008108
   0.50750000  0.83753000  0.10253000
   0.58144051  0.70810235  0.40436552
   0.38985870  0.82905991  0.50416406
   0.64656841  0.96065235  0.20434924
   0.45082723  0.58396306  0.30651567
   0.57191000  0.54636000  0.06951000
   0.38022505  0.66994025  0.16977399
   0.64676641  0.91838734  0.37221917
   0.47738810  0.54171294  0.47662846
   0.51555013  0.79236921  0.27020275
   0.84083000  0.83753000  0.10253000
   0.72547992  0.83000476  0.50122233
   0.97993432  0.96063326  0.20454012
   0.78445293  0.58475891  0.30748520
   0.90524000  0.54636000  0.06951000
   0.71363676  0.66989692  0.16978383
   0.97999558  0.91744338  0.37258124
   0.81188740  0.54492843  0.48724375
   0.84893660  0.79205324  0.27016235
   0.91411208  0.70669685  0.40653372
   0.62593081  0.61707332  0.60849609
   0.84760746  0.39577550  0.67049818
   0.81297936  0.49727999  0.58905485
   0.51409006  0.60411308  0.64321464
   0.44774963  0.49814993  0.67415558
   0.31925110  0.47756666  0.66736366
   0.50033145  0.42986601  0.66215589
   0.46219692  0.51341607  0.72054141
   0.45554361  0.67383152  0.65174846
