   0.18175369  0.06522701  0.19532750
   0.24158687  0.44164893  0.50340556
   0.03971000  0.44194000  0.09637000
   0.31885989  0.19011505  0.29952729
   0.11353175  0.31785842  0.40064498
   0.51484013  0.06462534  0.19491371
   0.57370865  0.44926202  0.50071484
   0.37304000  0.44194000  0.09637000
   0.65185259  0.18970369  0.29846063
   0.44908406  0.31780165  0.40131722
   0.84825464  0.06488080  0.19480794
   0.91366728  0.44751709  0.50095848
   0.70637000  0.44194000  0.09637000
   0.98527532  0.18966878  0.29821211
   0.78079898  0.31696097  0.40082949
   0.17960255  0.56545897  0.19557061
   0.28481117  0.93482559  0.50326257
   0.03971000  0.94194000  0.09637000
   0.31611942  0.69078761  0.29838173
   0.12613170  0.81598812  0.39768515
   0.51286995  0.56474484  0.19494292
   0.61821242  0.93329639  0.50318785
   0.37304000  0.94194000  0.09637000
   0.64889452  0.68985350  0.29799770
   0.45881531  0.81596815  0.39831957
   0.84640581  0.56516455  0.19512575
   0.95019933  0.93310129  0.50166667
   0.70637000  0.94194000  0.09637000
   0.98237724  0.69044841  0.29842193
   0.79157716  0.81522775  0.39759583
   0.60435320  0.19326074  0.50283830
   0.03971000  0.19194000  0.09637000
   0.31377420  0.44028583  0.29809320
   0.12721622  0.06200868  0.40040667
   0.18001078  0.31642134  0.19724382
   0.26156533  0.19691091  0.49522992
   0.37304000  0.19194000  0.09637000
   0.64777872  0.44029977  0.29792736
   0.46341089  0.06426634  0.40314029
   0.51340541  0.31595743  0.19713258
   0.70637000  0.19194000  0.09637000
   0.98061668  0.44094010  0.29779790
   0.79599132  0.06176961  0.39915777
   0.84652777  0.31616520  0.19709433
   0.91680304  0.19243929  0.49919977
   0.03971000  0.69194000  0.09637000
   0.32049118  0.94258316  0.29953530
   0.11375295  0.56585661  0.39910668
   0.18048469  0.81725129  0.19790492
   0.25407539  0.69810294  0.49501287
   0.37304000  0.69194000  0.09637000
   0.65273961  0.94001110  0.29717681
   0.44520842  0.56592553  0.39894317
   0.51327693  0.81584756  0.19590017
   0.58488411  0.69979842  0.49463440
   0.70637000  0.69194000  0.09637000
   0.98602607  0.94017022  0.29765138
   0.84709966  0.81602934  0.19595826
   0.92324787  0.70040921  0.49416250
   0.78017409  0.56614122  0.39906154
   0.17417000  0.33753000  0.11288000
   0.24849015  0.21106341  0.41335529
   0.03980582  0.33755360  0.51279719
   0.31372203  0.46155565  0.21413797
   0.11966417  0.08514452  0.31620478
   0.23858000  0.04636000  0.07986000
   0.04727967  0.17124514  0.18023302
   0.31288848  0.42067403  0.38224037
   0.15144647  0.04431296  0.48709795
   0.18409772  0.29349356  0.28046206
   0.50750000  0.33753000  0.11288000
   0.58186357  0.21268041  0.41982727
   0.37626759  0.33744298  0.51522062
   0.64738015  0.46123079  0.21387987
   0.45439960  0.08739395  0.31861486
   0.57191000  0.04636000  0.07986000
   0.38086360  0.17079025  0.18004065
   0.64631697  0.42063663  0.38205314
   0.48523658  0.04220887  0.48876287
   0.51737075  0.29355294  0.28035427
   0.84083000  0.33753000  0.11288000
   0.91518661  0.21096597  0.41554423
   0.70786426  0.34776838  0.51117180
   0.98050673  0.46157861  0.21391465
   0.78652496  0.08544134  0.31531056
   0.90524000  0.04636000  0.07986000
   0.71384662  0.17080244  0.18005391
   0.97874477  0.42120589  0.38170580
   0.81736248  0.03784547  0.48304101
   0.85054227  0.29376060  0.28021756
   0.17417000  0.83753000  0.11288000
   0.25853621  0.70848261  0.41048329
   0.08375202  0.82499748  0.51228886
   0.31667564  0.96228046  0.21516879
   0.11613491  0.58562685  0.31481919
   0.23858000  0.54636000  0.07986000
   0.04607569  0.67218417  0.18068784
   0.32540825  0.92180046  0.38361314
   0.11432974  0.55451016  0.48635665
   0.18304922  0.79675012  0.28165225
   0.50619000  0.83294000  0.10916000
   0.59165099  0.70786936  0.40976477
   0.41542574  0.82253191  0.51246013
   0.64933284  0.96043600  0.21290923
   0.44860400  0.58489049  0.31461798
   0.57191000  0.54636000  0.07986000
   0.37903860  0.67148612  0.18009390
   0.65739736  0.91941291  0.38085954
   0.44256174  0.55618657  0.48627347
   0.51595420  0.79485196  0.27966597
   0.83992000  0.83287000  0.10930000
   0.74897734  0.82193819  0.51286761
   0.98254894  0.96099603  0.21334933
   0.78227722  0.58492244  0.31489000
   0.90524000  0.54636000  0.07986000
   0.71243799  0.67143098  0.18013703
   0.99086193  0.91989435  0.38180146
   0.78108737  0.55855282  0.48578437
   0.84898582  0.79504924  0.27980589
   0.92628713  0.70854621  0.40940837
   0.76512064  0.55053048  0.65462855
   0.74515426  0.17193422  0.59095259
   0.73833251  0.38356981  0.60691011
   0.76352832  0.58050466  0.70521680
   0.73344550  0.50403538  0.75528102
   0.64473510  0.52796387  0.78392894
   0.69640457  0.41687301  0.74158123
   0.84353034  0.51520950  0.78118623
   0.78676264  0.67143938  0.71442513
