   0.18177000  0.06503000  0.19527000
   0.25258137  0.44045048  0.50202612
   0.03971000  0.44194000  0.09637000
   0.31693295  0.19181735  0.29896064
   0.11107911  0.31860844  0.40145205
   0.51472000  0.06471000  0.19485000
   0.58582014  0.44146758  0.50360484
   0.37304000  0.44194000  0.09637000
   0.64977146  0.19117786  0.29842444
   0.44138791  0.31945792  0.40413852
   0.84826000  0.06468000  0.19455000
   0.91773157  0.43905518  0.50323150
   0.70637000  0.44194000  0.09637000
   0.98323151  0.19086078  0.29832423
   0.77603778  0.31966631  0.40045415
   0.17955000  0.56532000  0.19533000
   0.27845968  0.93963237  0.50727901
   0.03971000  0.94194000  0.09637000
   0.31596215  0.69045651  0.29805629
   0.12519172  0.81611216  0.39640128
   0.51276000  0.56480000  0.19498000
   0.60776435  0.93647430  0.50315543
   0.37304000  0.94194000  0.09637000
   0.64888189  0.69040435  0.29764525
   0.45839366  0.81663815  0.39869313
   0.84642000  0.56519000  0.19522000
   0.93891247  0.93748688  0.50112670
   0.70637000  0.94194000  0.09637000
   0.98204164  0.69006377  0.29765230
   0.79162276  0.81585706  0.39786472
   0.58326837  0.19552448  0.49749856
   0.03971000  0.19194000  0.09637000
   0.31298232  0.44177348  0.29857630
   0.12436097  0.06346607  0.39901952
   0.18013000  0.31638000  0.19719000
   0.25966081  0.18722394  0.50160097
   0.37304000  0.19194000  0.09637000
   0.64540531  0.44171187  0.29830131
   0.45719721  0.06403606  0.39984624
   0.51314000  0.31594000  0.19696000
   0.70637000  0.19194000  0.09637000
   0.98001264  0.44131188  0.29819179
   0.78876657  0.06374329  0.39923297
   0.84665000  0.31624000  0.19703000
   0.92513408  0.19677278  0.49450590
   0.03971000  0.69194000  0.09637000
   0.31941303  0.94160899  0.29831191
   0.11693274  0.56487162  0.39980216
   0.18025000  0.81742000  0.19778000
   0.26732461  0.69434011  0.49470419
   0.37304000  0.69194000  0.09637000
   0.65188873  0.94040159  0.29703158
   0.45110422  0.56534815  0.40025819
   0.51318000  0.81586000  0.19571000
   0.59510324  0.69848263  0.49596713
   0.70637000  0.69194000  0.09637000
   0.98516841  0.94086742  0.29694022
   0.84718000  0.81593000  0.19584000
   0.93246790  0.68965524  0.49508580
   0.78320780  0.56508367  0.39981636
   0.17417000  0.33753000  0.11288000
   0.24137454  0.21141464  0.41710492
   0.05007538  0.33484056  0.51208767
   0.31386000  0.46170000  0.21427000
   0.11784090  0.08663831  0.31505712
   0.23858000  0.04636000  0.07986000
   0.04735000  0.17100000  0.18013000
   0.30860643  0.42383426  0.38281987
   0.13709717  0.03602449  0.48147881
   0.18197529  0.29546998  0.28056887
   0.50750000  0.33753000  0.11288000
   0.57780801  0.21286649  0.41460530
   0.38716297  0.33749709  0.50692464
   0.64712000  0.46121000  0.21367000
   0.45115224  0.08736313  0.31623969
   0.57191000  0.04636000  0.07986000
   0.38063000  0.17082000  0.17998000
   0.64134475  0.42367942  0.38276630
   0.47746030  0.04259697  0.48377182
   0.51555384  0.29533367  0.28027857
   0.84083000  0.33753000  0.11288000
   0.90915449  0.21238675  0.41245648
   0.71594270  0.33342967  0.51437061
   0.98063000  0.46160000  0.21400000
   0.78363875  0.08589353  0.31515190
   0.90524000  0.04636000  0.07986000
   0.71387000  0.17083000  0.18002000
   0.97612555  0.42317280  0.38250141
   0.80821141  0.04603046  0.48565138
   0.84876864  0.29497226  0.28032839
   0.17417000  0.83753000  0.11288000
   0.25711736  0.70967769  0.41193876
   0.06969394  0.82580347  0.52130261
   0.31682000  0.96236000  0.21534000
   0.11604962  0.58599465  0.31552889
   0.23858000  0.54636000  0.07986000
   0.04601000  0.67209000  0.18056000
   0.32397733  0.91957616  0.38131313
   0.12138047  0.55344355  0.48767718
   0.18218471  0.79543217  0.28100203
   0.50619000  0.83294000  0.10916000
   0.59206375  0.70977066  0.41249012
   0.40660795  0.82696362  0.51443912
   0.64926000  0.96050000  0.21277000
   0.44966047  0.58623192  0.31592783
   0.57191000  0.54636000  0.07986000
   0.37906000  0.67136000  0.18002000
   0.65729942  0.91938474  0.38103586
   0.45606805  0.55511111  0.48804603
   0.51552359  0.79501424  0.27950525
   0.83992000  0.83287000  0.10930000
   0.74083673  0.82933411  0.51618396
   0.98268000  0.96077000  0.21320000
   0.78249777  0.58619889  0.31580809
   0.90524000  0.54636000  0.07986000
   0.71230000  0.67144000  0.18017000
   0.98958586  0.91878212  0.38024040
   0.78953117  0.55062544  0.48705440
   0.84878801  0.79490539  0.27952756
   0.92591314  0.70996752  0.41285350
   0.78477000  0.69231000  0.65805000
   0.30006459  0.12679031  0.59150881
  -0.04389096  0.78448606  0.60080183
   0.72027891  0.61859543  0.69133634
   0.80029195  0.56272285  0.73530412
   0.75108208  0.47234063  0.73470183
   0.92911833  0.58131564  0.73009960
   0.77014095  0.59163325  0.77810958
   0.58898926  0.59163028  0.68909057
