   0.18177000  0.06503000  0.19527000
   0.24483001  0.44141497  0.50339898
   0.03971000  0.44194000  0.09637000
   0.31886747  0.19034433  0.29938605
   0.11413961  0.31757424  0.40111023
   0.51472000  0.06471000  0.19485000
   0.57671054  0.44656379  0.50029482
   0.37304000  0.44194000  0.09637000
   0.65187291  0.18982415  0.29836470
   0.44949253  0.31816612  0.40142580
   0.84826000  0.06468000  0.19455000
   0.91605042  0.44563544  0.50034592
   0.70637000  0.44194000  0.09637000
   0.98544666  0.18979164  0.29799415
   0.78105510  0.31654291  0.40083421
   0.17955000  0.56532000  0.19533000
   0.28058686  0.93487667  0.50325114
   0.03971000  0.94194000  0.09637000
   0.31573571  0.69078349  0.29838457
   0.12524386  0.81598317  0.39869220
   0.51276000  0.56480000  0.19498000
   0.61399045  0.93426550  0.50301505
   0.37304000  0.94194000  0.09637000
   0.64864054  0.69015290  0.29745500
   0.45874285  0.81637225  0.39888952
   0.84642000  0.56519000  0.19522000
   0.94753649  0.93431845  0.50139869
   0.70637000  0.94194000  0.09637000
   0.98249309  0.69064195  0.29807568
   0.79106125  0.81514212  0.39796933
   0.60332766  0.19371454  0.50355567
   0.03971000  0.19194000  0.09637000
   0.31458902  0.44078870  0.29825130
   0.12682486  0.06212930  0.40012458
   0.18013000  0.31638000  0.19719000
   0.25991770  0.19663702  0.49548271
   0.37304000  0.19194000  0.09637000
   0.64769803  0.44014107  0.29739585
   0.46222441  0.06498459  0.40325695
   0.51314000  0.31594000  0.19696000
   0.70637000  0.19194000  0.09637000
   0.98120547  0.44056801  0.29789282
   0.79495509  0.06175667  0.39907837
   0.84665000  0.31624000  0.19703000
   0.91564291  0.19238867  0.49945393
   0.03971000  0.69194000  0.09637000
   0.32032640  0.94240486  0.29968126
   0.11532467  0.56520927  0.39907813
   0.18025000  0.81742000  0.19778000
   0.25713824  0.69724356  0.49454898
   0.37304000  0.69194000  0.09637000
   0.65248803  0.94005786  0.29699388
   0.44707338  0.56623734  0.39960779
   0.51318000  0.81586000  0.19571000
   0.59147946  0.69707037  0.49594185
   0.70637000  0.69194000  0.09637000
   0.98598866  0.94016938  0.29753162
   0.84718000  0.81593000  0.19584000
   0.91853257  0.69817241  0.49466002
   0.78211710  0.56542508  0.39770971
   0.17417000  0.33753000  0.11288000
   0.24884223  0.21086695  0.41330675
   0.04273170  0.33616517  0.51243585
   0.31386000  0.46170000  0.21427000
   0.11957484  0.08532813  0.31597350
   0.23858000  0.04636000  0.07986000
   0.04735000  0.17100000  0.18013000
   0.31367950  0.42108112  0.38230903
   0.14827912  0.04449449  0.48697822
   0.18433983  0.29384097  0.28034395
   0.50750000  0.33753000  0.11288000
   0.58211027  0.21330082  0.42027445
   0.37854142  0.33667244  0.51395558
   0.64712000  0.46121000  0.21367000
   0.45421764  0.08760087  0.31870886
   0.57191000  0.04636000  0.07986000
   0.38063000  0.17082000  0.17998000
   0.64735026  0.42013124  0.38116925
   0.48141283  0.04316546  0.48879156
   0.51745574  0.29346604  0.28004774
   0.84083000  0.33753000  0.11288000
   0.91497674  0.21046493  0.41585550
   0.71149735  0.34665589  0.51376390
   0.98063000  0.46160000  0.21400000
   0.78650684  0.08559527  0.31531757
   0.90524000  0.04636000  0.07986000
   0.71387000  0.17083000  0.18002000
   0.97951955  0.42062521  0.38188605
   0.81365187  0.03882202  0.48304186
   0.85076248  0.29376866  0.28012664
   0.17417000  0.83753000  0.11288000
   0.25837550  0.70844573  0.41047072
   0.07876702  0.82503795  0.51135244
   0.31682000  0.96236000  0.21534000
   0.11564264  0.58549990  0.31497785
   0.23858000  0.54636000  0.07986000
   0.04601000  0.67209000  0.18056000
   0.32481197  0.92175801  0.38372608
   0.11770181  0.55363028  0.48607208
   0.18286984  0.79655985  0.28134544
   0.50619000  0.83294000  0.10916000
   0.59089659  0.70858243  0.41142360
   0.41185975  0.82435477  0.51249688
   0.64926000  0.96050000  0.21277000
   0.44895743  0.58574017  0.31527528
   0.57191000  0.54636000  0.07986000
   0.37906000  0.67136000  0.18002000
   0.65721511  0.91927637  0.38056970
   0.44622456  0.55493383  0.48669357
   0.51548517  0.79497922  0.27935699
   0.83992000  0.83287000  0.10930000
   0.74647148  0.82485355  0.51158184
   0.98268000  0.96077000  0.21320000
   0.78209557  0.58519261  0.31389505
   0.90524000  0.54636000  0.07986000
   0.71230000  0.67144000  0.18017000
   0.99048174  0.91977562  0.38162673
   0.78238869  0.55434024  0.48333354
   0.84891276  0.79524030  0.27960646
   0.92542344  0.70826240  0.40984231
   0.78477000  0.69231000  0.65805000
   0.33328648  0.26654030  0.61997299
   0.97266795  0.64097436  0.60972537
   0.68777325  0.53341689  0.69519531
   0.78678025  0.52855588  0.74641835
   0.75470282  0.44761510  0.76816211
   0.91379818  0.54816464  0.73473929
   0.76441220  0.59097676  0.77763065
   0.55660817  0.50384301  0.70022788
