   0.18177000  0.06503000  0.19527000
   0.26735795  0.43155974  0.50236186
   0.03971000  0.44194000  0.09637000
   0.31695181  0.19024069  0.29829792
   0.11826993  0.31299904  0.40209189
   0.51472000  0.06471000  0.19485000
   0.59439088  0.43074257  0.50274936
   0.37304000  0.44194000  0.09637000
   0.64878125  0.18855951  0.29860052
   0.44772652  0.31349861  0.40298161
   0.84826000  0.06468000  0.19455000
   0.93186223  0.43434254  0.49881264
   0.70637000  0.44194000  0.09637000
   0.98196738  0.18948375  0.29782151
   0.78466690  0.31355298  0.39992336
   0.17955000  0.56532000  0.19533000
   0.26362273  0.93165592  0.50259999
   0.03971000  0.94194000  0.09637000
   0.31587542  0.68846570  0.29775408
   0.11894622  0.81309923  0.39602623
   0.51276000  0.56480000  0.19498000
   0.59570763  0.93510750  0.50294352
   0.37304000  0.94194000  0.09637000
   0.64893556  0.68836022  0.29722126
   0.45308909  0.81305784  0.39819308
   0.84642000  0.56519000  0.19522000
   0.92775265  0.93434392  0.50330514
   0.70637000  0.94194000  0.09637000
   0.98216591  0.68820245  0.29734513
   0.78522881  0.81367369  0.39763220
   0.58632709  0.19490325  0.49578309
   0.03971000  0.19194000  0.09637000
   0.31517405  0.43945602  0.29819639
   0.12171283  0.05970733  0.39711658
   0.18013000  0.31638000  0.19719000
   0.24308243  0.17899724  0.50174548
   0.37304000  0.19194000  0.09637000
   0.64819158  0.43872637  0.29771941
   0.45135653  0.06144722  0.40037952
   0.51314000  0.31594000  0.19696000
   0.70637000  0.19194000  0.09637000
   0.98264365  0.43927968  0.29795681
   0.78619684  0.06216044  0.40033357
   0.84665000  0.31624000  0.19703000
   0.93551288  0.19049436  0.49844050
   0.03971000  0.69194000  0.09637000
   0.31790211  0.93956019  0.29813641
   0.12195848  0.56024956  0.39991703
   0.18025000  0.81742000  0.19778000
   0.26520403  0.68986826  0.49466981
   0.37304000  0.69194000  0.09637000
   0.64980466  0.93911295  0.29714109
   0.45531273  0.56032071  0.39968703
   0.51318000  0.81586000  0.19571000
   0.59433292  0.69202975  0.49467194
   0.70637000  0.69194000  0.09637000
   0.98121797  0.93832426  0.29526579
   0.84718000  0.81593000  0.19584000
   0.92143285  0.68861906  0.49294672
   0.78755090  0.55968541  0.39834515
   0.17417000  0.33753000  0.11288000
   0.24851882  0.20389416  0.41752507
   0.06412362  0.33089194  0.50727240
   0.31386000  0.46170000  0.21427000
   0.11637251  0.08466178  0.31193711
   0.23858000  0.04636000  0.07986000
   0.04735000  0.17100000  0.18013000
   0.31527839  0.41749499  0.38205015
   0.12701785  0.02946865  0.47958936
   0.18216055  0.29386619  0.28047977
   0.50750000  0.33753000  0.11288000
   0.58492163  0.20652401  0.41201771
   0.39766158  0.32174627  0.50890589
   0.64712000  0.46121000  0.21367000
   0.44896462  0.08453410  0.31660214
   0.57191000  0.04636000  0.07986000
   0.38063000  0.17082000  0.17998000
   0.64888217  0.41706249  0.38162400
   0.46305621  0.04311146  0.48675623
   0.51567424  0.29315630  0.28006790
   0.84083000  0.33753000  0.11288000
   0.91732996  0.20669099  0.41496166
   0.72939978  0.32621723  0.51147341
   0.98063000  0.46160000  0.21400000
   0.78308312  0.08376342  0.31552477
   0.90524000  0.04636000  0.07986000
   0.71387000  0.17083000  0.18002000
   0.98321986  0.41763017  0.38190532
   0.79833503  0.04370738  0.48705979
   0.84819065  0.29327499  0.28024404
   0.17417000  0.83753000  0.11288000
   0.25244340  0.70759127  0.41228533
   0.05788244  0.82221096  0.52165321
   0.31682000  0.96236000  0.21534000
   0.11647074  0.58429893  0.31543817
   0.23858000  0.54636000  0.07986000
   0.04601000  0.67209000  0.18056000
   0.31943771  0.91730571  0.38159053
   0.13648433  0.54738105  0.48741463
   0.18239002  0.79380645  0.28068516
   0.50619000  0.83294000  0.10916000
   0.58627908  0.70719424  0.41229588
   0.39521835  0.82719738  0.51574823
   0.64926000  0.96050000  0.21277000
   0.45001848  0.58467535  0.31567519
   0.57191000  0.54636000  0.07986000
   0.37906000  0.67136000  0.18002000
   0.65123055  0.91847638  0.38124637
   0.46909558  0.54450515  0.48677220
   0.51535303  0.79340143  0.27923495
   0.83992000  0.83287000  0.10930000
   0.72846439  0.82858526  0.51350496
   0.98268000  0.96077000  0.21320000
   0.78271302  0.58397748  0.31474672
   0.90524000  0.54636000  0.07986000
   0.71230000  0.67144000  0.18017000
   0.98440678  0.91603415  0.37766334
   0.79804280  0.54404441  0.48447130
   0.84740458  0.79213882  0.27860337
   0.92017052  0.70757584  0.41122012
   0.78477000  0.69231000  0.65805000
   0.14330613  0.13878590  0.59123194
   0.02456683  0.72587188  0.60062551
   0.71639596  0.62971087  0.69636253
   0.79630751  0.57575622  0.74143834
   0.74077826  0.48475027  0.74354101
   0.92558856  0.58641742  0.73313327
   0.77682780  0.61005834  0.78243445
   0.58780873  0.61558383  0.69877851
