   0.18177000  0.06503000  0.19527000
   0.26773555  0.43221944  0.50237207
   0.03971000  0.44194000  0.09637000
   0.31528183  0.18828448  0.29845479
   0.11635279  0.31387313  0.39986529
   0.51472000  0.06471000  0.19485000
   0.60033614  0.43261869  0.50153474
   0.37304000  0.44194000  0.09637000
   0.64926751  0.18817999  0.29819226
   0.44968158  0.31342261  0.39912888
   0.84826000  0.06468000  0.19455000
   0.93614524  0.43434857  0.50678710
   0.70637000  0.44194000  0.09637000
   0.98213346  0.18829445  0.29835630
   0.78408372  0.31434591  0.39975193
   0.17955000  0.56532000  0.19533000
   0.26567389  0.93014172  0.50536448
   0.03971000  0.94194000  0.09637000
   0.31570042  0.68872781  0.29788589
   0.12038084  0.81355148  0.39676127
   0.51276000  0.56480000  0.19498000
   0.59311466  0.93378310  0.50230026
   0.37304000  0.94194000  0.09637000
   0.64864010  0.68870250  0.29741720
   0.45212284  0.81384062  0.39907942
   0.84642000  0.56519000  0.19522000
   0.91975522  0.93009720  0.50448975
   0.70637000  0.94194000  0.09637000
   0.98194163  0.68853205  0.29735279
   0.78576134  0.81459952  0.39873409
   0.58909564  0.19173653  0.49491100
   0.03971000  0.19194000  0.09637000
   0.31504380  0.43934213  0.29801649
   0.11609291  0.06184122  0.39599807
   0.18013000  0.31638000  0.19719000
   0.25572595  0.19133009  0.49489567
   0.37304000  0.19194000  0.09637000
   0.64788470  0.43889090  0.29734411
   0.45106616  0.06056813  0.40023294
   0.51314000  0.31594000  0.19696000
   0.70637000  0.19194000  0.09637000
   0.98165944  0.43885987  0.29754549
   0.78499483  0.06044755  0.39904037
   0.84665000  0.31624000  0.19703000
   0.91933991  0.19430839  0.49318723
   0.03971000  0.69194000  0.09637000
   0.31713350  0.93972974  0.29862351
   0.12135201  0.55965164  0.39877697
   0.18025000  0.81742000  0.19778000
   0.26154021  0.68821946  0.49479204
   0.37304000  0.69194000  0.09637000
   0.64948867  0.93849782  0.29691779
   0.45448613  0.55983371  0.39965607
   0.51318000  0.81586000  0.19571000
   0.59537263  0.69093590  0.49482179
   0.70637000  0.69194000  0.09637000
   0.98285607  0.93920554  0.29737745
   0.84718000  0.81593000  0.19584000
   0.92321369  0.68982092  0.49292907
   0.78832641  0.56002979  0.39820624
   0.17417000  0.33753000  0.11288000
   0.25030475  0.20776747  0.41276776
   0.06839826  0.32573125  0.51003295
   0.31386000  0.46170000  0.21427000
   0.11542686  0.08439130  0.31565411
   0.23858000  0.04636000  0.07986000
   0.04735000  0.17100000  0.18013000
   0.31602855  0.41801055  0.38190869
   0.18877796  0.02108643  0.46236907
   0.18202800  0.29321129  0.28034967
   0.50750000  0.33753000  0.11288000
   0.58376191  0.20701105  0.41213866
   0.39993527  0.32511358  0.51234385
   0.64712000  0.46121000  0.21367000
   0.45001099  0.08445440  0.31625148
   0.57191000  0.04636000  0.07986000
   0.38063000  0.17082000  0.17998000
   0.64854701  0.41810531  0.38124486
   0.46459874  0.04380763  0.48752734
   0.51524031  0.29250706  0.28000973
   0.84083000  0.33753000  0.11288000
   0.91570410  0.20672309  0.41090091
   0.73302658  0.32544702  0.51074287
   0.98063000  0.46160000  0.21400000
   0.78250467  0.08309030  0.31484710
   0.90524000  0.04636000  0.07986000
   0.71387000  0.17083000  0.18002000
   0.98238605  0.41793853  0.38097888
   0.78813769  0.04246545  0.48449031
   0.84839358  0.29280063  0.27993197
   0.17417000  0.83753000  0.11288000
   0.25209453  0.70687103  0.41222974
   0.05585198  0.82570435  0.52207325
   0.31682000  0.96236000  0.21534000
   0.11587823  0.58412785  0.31520414
   0.23858000  0.54636000  0.07986000
   0.04601000  0.67209000  0.18056000
   0.31905007  0.91649862  0.38152232
   0.13683766  0.54124424  0.48412811
   0.18189536  0.79387886  0.28091197
   0.50619000  0.83294000  0.10916000
   0.58563708  0.70649703  0.41241546
   0.39113015  0.82438480  0.51369787
   0.64926000  0.96050000  0.21277000
   0.44935520  0.58431076  0.31589713
   0.57191000  0.54636000  0.07986000
   0.37906000  0.67136000  0.18002000
   0.65048580  0.91710233  0.38094256
   0.46874272  0.54321828  0.48687494
   0.51497570  0.79311851  0.27920820
   0.83992000  0.83287000  0.10930000
   0.72627178  0.82661487  0.51089561
   0.98268000  0.96077000  0.21320000
   0.78234231  0.58388437  0.31478780
   0.90524000  0.54636000  0.07986000
   0.71230000  0.67144000  0.18017000
   0.98365494  0.91682869  0.38146214
   0.80056215  0.54251279  0.48413546
   0.84849250  0.79366864  0.27945621
   0.91973505  0.70800328  0.41142834
   0.78477000  0.69231000  0.65805000
   0.03061226  0.08697730  0.54342291
   0.03851289  0.70264025  0.59291693
   0.71738015  0.62972308  0.69592493
   0.79671904  0.57540384  0.74105028
   0.74044004  0.48627624  0.74357810
   0.92416282  0.58615465  0.73283263
   0.77688280  0.61175000  0.78319883
   0.58529761  0.61126141  0.69754018
