   0.17776417  0.06422020  0.19541855
   0.28729385  0.42942605  0.50174020
   0.03971000  0.44194000  0.09637000
   0.31400928  0.18783598  0.29866176
   0.12888989  0.31082574  0.39862068
   0.51103684  0.06430212  0.19550687
   0.62039006  0.43134391  0.50191188
   0.37304000  0.44194000  0.09637000
   0.64750373  0.18785693  0.29889443
   0.46208924  0.31096196  0.39866647
   0.84424551  0.06421588  0.19543771
   0.95436976  0.42825993  0.50136059
   0.70637000  0.44194000  0.09637000
   0.98081846  0.18785565  0.29857408
   0.79576711  0.31104282  0.39860282
   0.18002018  0.56398792  0.19516710
   0.24669302  0.93865939  0.50341401
   0.03971000  0.94194000  0.09637000
   0.31514045  0.68873415  0.29907196
   0.10945353  0.81537208  0.40059450
   0.51340610  0.56394431  0.19516480
   0.58047843  0.94053961  0.50418916
   0.37304000  0.94194000  0.09637000
   0.64800306  0.68840127  0.29874145
   0.44016922  0.81685483  0.40390055
   0.84668112  0.56399054  0.19532012
   0.91171849  0.93776023  0.50530851
   0.70637000  0.94194000  0.09637000
   0.98176201  0.68844167  0.29873775
   0.77489321  0.81659211  0.39996354
   0.92858837  0.69330945  0.49582011
   0.03971000  0.19194000  0.09637000
   0.31902487  0.43771728  0.29782505
   0.11333866  0.06181461  0.40035591
   0.17912655  0.31492858  0.19621740
   0.25937720  0.19265011  0.49574081
   0.37304000  0.19194000  0.09637000
   0.65264180  0.43828475  0.29863405
   0.44618101  0.06250546  0.40021929
   0.51226872  0.31560647  0.19750359
   0.59233843  0.19507248  0.49520428
   0.70637000  0.19194000  0.09637000
   0.98638270  0.43825858  0.29827924
   0.77962320  0.06192474  0.40027072
   0.84529269  0.31553651  0.19738832
   0.92795049  0.19088852  0.49521696
   0.03971000  0.69194000  0.09637000
   0.31019376  0.93935452  0.29854995
   0.12824965  0.55923343  0.40047792
   0.17806392  0.81557035  0.19731956
   0.25862949  0.68806015  0.50090266
   0.37304000  0.69194000  0.09637000
   0.64272145  0.93920798  0.29867213
   0.46042354  0.55937022  0.40006800
   0.51130361  0.81552493  0.19727881
   0.59321243  0.69309900  0.49574942
   0.70637000  0.69194000  0.09637000
   0.97705163  0.93937216  0.29845441
   0.84459477  0.81556717  0.19730185
   0.79443221  0.55982676  0.40037957
   0.17310000  0.33301000  0.10976000
   0.26147588  0.20293796  0.41104733
   0.08648474  0.31724305  0.51152531
   0.31421097  0.45983154  0.21366285
   0.11381883  0.08304894  0.31577468
   0.23858000  0.04636000  0.07986000
   0.04408480  0.17062725  0.18009286
   0.32820459  0.41500013  0.38156920
   0.11466613  0.04936073  0.48829476
   0.18120516  0.29272777  0.27987565
   0.50750000  0.33753000  0.11288000
   0.59543649  0.20345286  0.41067157
   0.42005564  0.31973015  0.51119601
   0.64777537  0.46070281  0.21482651
   0.44723630  0.08294082  0.31568178
   0.57191000  0.04636000  0.07986000
   0.37752015  0.17086246  0.18029110
   0.66180297  0.41602969  0.38250000
   0.44900811  0.05280213  0.48781525
   0.51463783  0.29311786  0.28086653
   0.84083000  0.33753000  0.11288000
   0.92800263  0.20296964  0.41111769
   0.75216628  0.32154901  0.51150982
   0.98124894  0.46059801  0.21450566
   0.78060645  0.08279412  0.31574060
   0.90524000  0.04636000  0.07986000
   0.71075713  0.17072515  0.18014926
   0.99461647  0.41495780  0.38159982
   0.78342321  0.04939956  0.48808527
   0.84787119  0.29292247  0.28059957
   0.17417000  0.83753000  0.11288000
   0.24018344  0.70880456  0.41747676
   0.04323601  0.83170044  0.51778492
   0.31189948  0.96072387  0.21446047
   0.11637933  0.58468133  0.31679468
   0.23858000  0.54636000  0.07986000
   0.04589782  0.67017479  0.18002632
   0.30612395  0.91993789  0.38255908
   0.15157349  0.53395651  0.48405922
   0.18033452  0.79249923  0.28048512
   0.50750000  0.83753000  0.11288000
   0.57623667  0.70961238  0.41398054
   0.38220613  0.83589163  0.50740570
   0.64513844  0.96072524  0.21455366
   0.44916630  0.58390794  0.31637685
   0.57191000  0.54636000  0.07986000
   0.37923013  0.67003058  0.17996210
   0.63955520  0.91985871  0.38285997
   0.48748643  0.53966124  0.48590258
   0.51364661  0.79224942  0.28027859
   0.84083000  0.83753000  0.11288000
   0.71084724  0.83206035  0.51612748
   0.97851257  0.96073110  0.21446457
   0.78285843  0.58443222  0.31686840
   0.90524000  0.54636000  0.07986000
   0.71261098  0.67010900  0.18003123
   0.97435555  0.91936126  0.38264004
   0.82205076  0.54041316  0.48723985
   0.84699774  0.79238120  0.28046749
   0.90840475  0.71027057  0.41430977
   0.73626302  0.56968560  0.64639324
   0.25342538  0.65537299  0.60269604
   0.97707232  0.63805517  0.61055641
   0.68878289  0.53415209  0.69437357
   0.78850161  0.52975057  0.74593056
   0.75386701  0.44790701  0.76709973
   0.91529368  0.54865367  0.73525708
   0.76433717  0.59096176  0.77759589
   0.55867886  0.50376347  0.69960903
