   0.18177000  0.06503000  0.19527000
   0.25210755  0.44047005  0.50193891
   0.03971000  0.44194000  0.09637000
   0.31719899  0.19189369  0.29855352
   0.11089391  0.31874580  0.40150426
   0.51472000  0.06471000  0.19485000
   0.58496280  0.44136954  0.50370527
   0.37304000  0.44194000  0.09637000
   0.65007013  0.19132237  0.29854532
   0.44118630  0.31954350  0.40401329
   0.84826000  0.06468000  0.19455000
   0.91736872  0.43955508  0.50311784
   0.70637000  0.44194000  0.09637000
   0.98345475  0.19084597  0.29809334
   0.77616287  0.32011700  0.40034950
   0.17955000  0.56532000  0.19533000
   0.27897238  0.93972945  0.50766734
   0.03971000  0.94194000  0.09637000
   0.31614166  0.69089914  0.29792260
   0.12530041  0.81654272  0.39633479
   0.51276000  0.56480000  0.19498000
   0.60809242  0.93644138  0.50308488
   0.37304000  0.94194000  0.09637000
   0.64901876  0.69074527  0.29781615
   0.45847983  0.81689673  0.39863458
   0.84642000  0.56519000  0.19522000
   0.93938183  0.93718436  0.50109062
   0.70637000  0.94194000  0.09637000
   0.98205395  0.69019676  0.29761614
   0.79175096  0.81646076  0.39804263
   0.58327338  0.19597690  0.49728028
   0.03971000  0.19194000  0.09637000
   0.31284144  0.44191610  0.29850521
   0.12471895  0.06363188  0.39878117
   0.18013000  0.31638000  0.19719000
   0.25921583  0.18675332  0.50154362
   0.37304000  0.19194000  0.09637000
   0.64552309  0.44199249  0.29832920
   0.45711919  0.06424268  0.39995636
   0.51314000  0.31594000  0.19696000
   0.70637000  0.19194000  0.09637000
   0.97997863  0.44131093  0.29807150
   0.78919400  0.06378217  0.39925883
   0.84665000  0.31624000  0.19703000
   0.92423938  0.19698370  0.49456138
   0.03971000  0.69194000  0.09637000
   0.31957154  0.94200598  0.29834828
   0.11679526  0.56523319  0.39947179
   0.18025000  0.81742000  0.19778000
   0.26674627  0.69467915  0.49459677
   0.37304000  0.69194000  0.09637000
   0.65207883  0.94045387  0.29701942
   0.45079279  0.56539735  0.40003665
   0.51318000  0.81586000  0.19571000
   0.59444620  0.69842317  0.49587767
   0.70637000  0.69194000  0.09637000
   0.98525779  0.94089950  0.29684452
   0.84718000  0.81593000  0.19584000
   0.93157840  0.69029526  0.49560334
   0.78298565  0.56587078  0.40007568
   0.17417000  0.33753000  0.11288000
   0.24119175  0.21165305  0.41718781
   0.04949638  0.33522168  0.51201544
   0.31386000  0.46170000  0.21427000
   0.11817762  0.08671660  0.31478458
   0.23858000  0.04636000  0.07986000
   0.04735000  0.17100000  0.18013000
   0.30867181  0.42394339  0.38265598
   0.13752797  0.03521237  0.48104405
   0.18221024  0.29548441  0.28041332
   0.50750000  0.33753000  0.11288000
   0.57775757  0.21318713  0.41447532
   0.38624633  0.33731988  0.50754405
   0.64712000  0.46121000  0.21367000
   0.45127206  0.08773170  0.31631952
   0.57191000  0.04636000  0.07986000
   0.38063000  0.17082000  0.17998000
   0.64144640  0.42417179  0.38286512
   0.47801025  0.04275579  0.48391644
   0.51603104  0.29554253  0.28023016
   0.84083000  0.33753000  0.11288000
   0.90874459  0.21257887  0.41257970
   0.71597575  0.33387431  0.51427401
   0.98063000  0.46160000  0.21400000
   0.78400266  0.08594188  0.31511917
   0.90524000  0.04636000  0.07986000
   0.71387000  0.17083000  0.18002000
   0.97644666  0.42320827  0.38225445
   0.80878276  0.04572910  0.48568104
   0.84897952  0.29491693  0.28026869
   0.17417000  0.83753000  0.11288000
   0.25718172  0.71002545  0.41177802
   0.07014500  0.82584709  0.52189535
   0.31682000  0.96236000  0.21534000
   0.11617288  0.58618274  0.31519779
   0.23858000  0.54636000  0.07986000
   0.04601000  0.67209000  0.18056000
   0.32424056  0.91984877  0.38127667
   0.12081935  0.55369301  0.48726977
   0.18228340  0.79582312  0.28106495
   0.50619000  0.83294000  0.10916000
   0.59208392  0.70980873  0.41233892
   0.40706137  0.82676046  0.51464054
   0.64926000  0.96050000  0.21277000
   0.44949206  0.58648014  0.31574349
   0.57191000  0.54636000  0.07986000
   0.37906000  0.67136000  0.18002000
   0.65733456  0.91967729  0.38105818
   0.45546694  0.55478787  0.48780101
   0.51575121  0.79526406  0.27945657
   0.83992000  0.83287000  0.10930000
   0.74100620  0.82892356  0.51615452
   0.98268000  0.96077000  0.21320000
   0.78246562  0.58649164  0.31607006
   0.90524000  0.54636000  0.07986000
   0.71230000  0.67144000  0.18017000
   0.98958509  0.91912528  0.38000099
   0.78886752  0.55087425  0.48738560
   0.84895499  0.79502380  0.27947042
   0.92594249  0.71066575  0.41325713
   0.78477000  0.69231000  0.65805000
   0.29737688  0.12461955  0.59122143
  -0.04193663  0.78728165  0.60209368
   0.71967124  0.61820360  0.69137264
   0.79931774  0.56273079  0.73554289
   0.74914834  0.47273282  0.73484625
   0.92742589  0.58080223  0.73012728
   0.77089474  0.59228723  0.77826972
   0.58868247  0.59089251  0.68826127
