   0.18177000  0.06503000  0.19527000
   0.25109484  0.44581170  0.50092964
   0.03971000  0.44194000  0.09637000
   0.31862813  0.19041170  0.29979703
   0.11492300  0.31705985  0.40221707
   0.51472000  0.06471000  0.19485000
   0.58529030  0.44867205  0.50262723
   0.37304000  0.44194000  0.09637000
   0.65189944  0.18966913  0.29874131
   0.44361883  0.31843401  0.40617846
   0.84826000  0.06468000  0.19455000
   0.91670225  0.44246885  0.50381557
   0.70637000  0.44194000  0.09637000
   0.98581260  0.18959913  0.29904081
   0.77941433  0.31831568  0.40010285
   0.17955000  0.56532000  0.19533000
   0.28189139  0.93756187  0.50600014
   0.03971000  0.94194000  0.09637000
   0.31560494  0.69037134  0.29812835
   0.12564729  0.81574465  0.39626400
   0.51276000  0.56480000  0.19498000
   0.61377523  0.93877460  0.50202882
   0.37304000  0.94194000  0.09637000
   0.64894451  0.69050024  0.29759492
   0.45768587  0.81550730  0.39904755
   0.84642000  0.56519000  0.19522000
   0.94425172  0.93590155  0.50556439
   0.70637000  0.94194000  0.09637000
   0.98147915  0.69014916  0.29775147
   0.79077909  0.81671053  0.39769319
   0.58963707  0.19852219  0.49962708
   0.03971000  0.19194000  0.09637000
   0.31373061  0.44079392  0.29816384
   0.12549973  0.06235501  0.40432866
   0.18013000  0.31638000  0.19719000
   0.26258399  0.19874377  0.50473159
   0.37304000  0.19194000  0.09637000
   0.64593916  0.43995765  0.29803129
   0.45889625  0.06455797  0.40157253
   0.51314000  0.31594000  0.19696000
   0.70637000  0.19194000  0.09637000
   0.98143369  0.44048008  0.29828991
   0.79269198  0.06242164  0.39974210
   0.84665000  0.31624000  0.19703000
   0.92983436  0.19638223  0.49607058
   0.03971000  0.69194000  0.09637000
   0.31920937  0.94182386  0.29912833
   0.11451822  0.56447171  0.40032317
   0.18025000  0.81742000  0.19778000
   0.26128345  0.69814470  0.49630816
   0.37304000  0.69194000  0.09637000
   0.65196592  0.94024272  0.29728523
   0.44864857  0.56507047  0.39953904
   0.51318000  0.81586000  0.19571000
   0.59047445  0.70243936  0.49498970
   0.70637000  0.69194000  0.09637000
   0.98668739  0.94166110  0.29844060
   0.84718000  0.81593000  0.19584000
   0.91846594  0.69895835  0.48910434
   0.78020308  0.56304260  0.39822006
   0.17417000  0.33753000  0.11288000
   0.24244014  0.20799950  0.42061059
   0.04870266  0.33659785  0.51128510
   0.31386000  0.46170000  0.21427000
   0.12023807  0.08619858  0.31845318
   0.23858000  0.04636000  0.07986000
   0.04735000  0.17100000  0.18013000
   0.31011608  0.42184435  0.38161128
   0.14321746  0.03840118  0.49080802
   0.18390211  0.29370537  0.28029890
   0.50750000  0.33753000  0.11288000
   0.58224716  0.21163923  0.41556550
   0.39194064  0.34853956  0.49717931
   0.64712000  0.46121000  0.21367000
   0.45318250  0.08633381  0.31776177
   0.57191000  0.04636000  0.07986000
   0.38063000  0.17082000  0.17998000
   0.64454124  0.42085167  0.38224810
   0.47955696  0.04444010  0.48711550
   0.51762735  0.29325126  0.28012969
   0.84083000  0.33753000  0.11288000
   0.91232431  0.21143520  0.41300396
   0.71323135  0.33883828  0.51552364
   0.98063000  0.46160000  0.21400000
   0.78615998  0.08459538  0.31595812
   0.90524000  0.04636000  0.07986000
   0.71387000  0.17083000  0.18002000
   0.97950245  0.42244160  0.38266631
   0.81381179  0.04496084  0.48566541
   0.85122565  0.29368046  0.28064216
   0.17417000  0.83753000  0.11288000
   0.25533550  0.70777842  0.41204857
   0.07317485  0.81741002  0.52197664
   0.31682000  0.96236000  0.21534000
   0.11544416  0.58567388  0.31564331
   0.23858000  0.54636000  0.07986000
   0.04601000  0.67209000  0.18056000
   0.32427376  0.92012782  0.38300960
   0.11555896  0.55567988  0.49220618
   0.18208823  0.79565853  0.28123156
   0.50619000  0.83294000  0.10916000
   0.59225887  0.70830138  0.41089940
   0.41207645  0.82824203  0.51226126
   0.64926000  0.96050000  0.21277000
   0.44923475  0.58589501  0.31520062
   0.57191000  0.54636000  0.07986000
   0.37906000  0.67136000  0.18002000
   0.65587331  0.91960224  0.38157035
   0.45128785  0.56034898  0.48759995
   0.51514249  0.79505231  0.27956142
   0.83992000  0.83287000  0.10930000
   0.74510941  0.82938454  0.51186517
   0.98268000  0.96077000  0.21320000
   0.78125043  0.58484981  0.31467882
   0.90524000  0.54636000  0.07986000
   0.71230000  0.67144000  0.18017000
   0.99123280  0.91995523  0.38304710
   0.78749184  0.55450657  0.48692340
   0.84934686  0.79604569  0.27997627
   0.92422748  0.70778299  0.40693859
   0.78477000  0.69231000  0.65805000
   0.30030517  0.20121996  0.59875551
   0.98981045  0.68127037  0.59045652
   0.72371839  0.61024180  0.68725406
   0.79606800  0.56084835  0.73512975
   0.73882349  0.47299603  0.73939351
   0.92698304  0.57318343  0.73113386
   0.77537166  0.60446714  0.77507267
   0.60183888  0.56478008  0.67934408
