   0.17772041  0.06439159  0.19569961
   0.28609132  0.43324490  0.49838688
   0.03971000  0.44194000  0.09637000
   0.31508845  0.18914453  0.29818328
   0.12908327  0.31060881  0.40271729
   0.51120692  0.06449048  0.19565034
   0.61781060  0.43446505  0.50094896
   0.37304000  0.44194000  0.09637000
   0.64725026  0.18844463  0.29967193
   0.45736630  0.31112112  0.40412723
   0.84409141  0.06411041  0.19503444
   0.94882906  0.43156147  0.50083720
   0.70637000  0.44194000  0.09637000
   0.98166176  0.18792785  0.29811272
   0.79436969  0.31212652  0.39979797
   0.17987837  0.56378743  0.19507495
   0.25194746  0.93866204  0.50600960
   0.03971000  0.94194000  0.09637000
   0.31487601  0.68838396  0.29862039
   0.11081027  0.81625118  0.39680089
   0.51322410  0.56353832  0.19502626
   0.58417010  0.93976534  0.50456764
   0.37304000  0.94194000  0.09637000
   0.64829558  0.68826897  0.29778792
   0.44328710  0.81664160  0.39920633
   0.84651968  0.56356103  0.19531618
   0.91423401  0.93671664  0.50535727
   0.70637000  0.94194000  0.09637000
   0.98127173  0.68786353  0.29783311
   0.77709484  0.81840039  0.39850086
   0.92820476  0.69381156  0.49251540
   0.03971000  0.19194000  0.09637000
   0.31845788  0.43800237  0.29788548
   0.11647738  0.06204985  0.40100457
   0.17929433  0.31473534  0.19665330
   0.25723947  0.18498620  0.50318446
   0.37304000  0.19194000  0.09637000
   0.65202943  0.43791940  0.29880208
   0.44653220  0.06264310  0.39983262
   0.51214612  0.31550438  0.19766099
   0.59043087  0.19437116  0.49467525
   0.70637000  0.19194000  0.09637000
   0.98570412  0.43750609  0.29853728
   0.78010931  0.06210304  0.40047620
   0.84518304  0.31565254  0.19739711
   0.93234260  0.19212089  0.49450700
   0.03971000  0.69194000  0.09637000
   0.31048946  0.93979406  0.29780834
   0.12731553  0.55918109  0.40000575
   0.17786285  0.81538276  0.19703943
   0.26251876  0.69573690  0.49607998
   0.37304000  0.69194000  0.09637000
   0.64394867  0.94019622  0.29842919
   0.45985780  0.55985499  0.39971568
   0.51120200  0.81583491  0.19727972
   0.59737464  0.69524256  0.49570494
   0.70637000  0.69194000  0.09637000
   0.97797798  0.94068655  0.29698977
   0.84392178  0.81470571  0.19663296
   0.79299254  0.55987042  0.39949459
   0.17310000  0.33301000  0.10976000
   0.25553528  0.20037766  0.41818028
   0.08269882  0.32593468  0.50524351
   0.31417077  0.45972061  0.21345440
   0.11612485  0.08382230  0.31516546
   0.23858000  0.04636000  0.07986000
   0.04411265  0.17064622  0.18026442
   0.32578588  0.41586642  0.38151793
   0.11114421  0.03697102  0.48587093
   0.18137835  0.29361100  0.27997192
   0.50750000  0.33753000  0.11288000
   0.59575776  0.20271574  0.41037126
   0.42020777  0.32741123  0.49943966
   0.64770011  0.46038213  0.21493044
   0.44686613  0.08341890  0.31575420
   0.57191000  0.04636000  0.07986000
   0.37751648  0.17070852  0.18032247
   0.65909764  0.41629991  0.38259237
   0.45445498  0.04812095  0.48581522
   0.51508800  0.29363360  0.28076272
   0.84083000  0.33753000  0.11288000
   0.92570203  0.20252591  0.41112535
   0.74736430  0.32301406  0.50975485
   0.98136489  0.46056061  0.21471972
   0.78088098  0.08352477  0.31596197
   0.90524000  0.04636000  0.07986000
   0.71078836  0.17074830  0.18021874
   0.99456435  0.41512444  0.38254858
   0.78924979  0.04947454  0.48779830
   0.84714998  0.29313569  0.28066034
   0.17417000  0.83753000  0.11288000
   0.24344539  0.70964259  0.41389546
   0.04473787  0.82571314  0.52265652
   0.31195287  0.96059516  0.21423815
   0.11627343  0.58378788  0.31687385
   0.23858000  0.54636000  0.07986000
   0.04585257  0.66994593  0.18002330
   0.30829329  0.91959063  0.38178388
   0.14968543  0.54533936  0.48830900
   0.18028630  0.79209794  0.28017171
   0.50750000  0.83753000  0.11288000
   0.57690346  0.71071971  0.41427786
   0.38138772  0.83335422  0.51628728
   0.64522668  0.96101852  0.21461600
   0.44954422  0.58430380  0.31632144
   0.57191000  0.54636000  0.07986000
   0.37932054  0.67019175  0.18017704
   0.64162642  0.92038070  0.38265235
   0.48514406  0.54490630  0.48654501
   0.51321399  0.79322286  0.28051233
   0.84083000  0.83753000  0.11288000
   0.71622813  0.83346962  0.51672407
   0.97822757  0.96018626  0.21327294
   0.78282129  0.58383757  0.31668643
   0.90524000  0.54636000  0.07986000
   0.71208680  0.66928184  0.17977924
   0.97694016  0.92058630  0.38047547
   0.81878949  0.54253711  0.48653398
   0.84713386  0.79217408  0.27928939
   0.90980275  0.71159142  0.41146694
   0.74260886  0.56966736  0.64677887
   0.25634153  0.15926326  0.59780531
   0.97005989  0.65810718  0.59596433
   0.69234704  0.53405599  0.69435774
   0.78929182  0.52933678  0.74626430
   0.75391670  0.44671000  0.76707260
   0.91661688  0.54879540  0.73606971
   0.76345377  0.59008176  0.77820922
   0.56160282  0.50308953  0.69927840
