   0.18173825  0.06453632  0.19548811
   0.24373818  0.44401981  0.50182413
   0.03971000  0.44194000  0.09637000
   0.31891728  0.19047852  0.30014678
   0.11525794  0.31749739  0.40209314
   0.51427714  0.06501738  0.19489445
   0.57551081  0.44805996  0.50029107
   0.37304000  0.44194000  0.09637000
   0.65149633  0.19015004  0.29906255
   0.45115551  0.31857011  0.40294967
   0.84773024  0.06373177  0.19426314
   0.91692639  0.44814420  0.50018459
   0.70637000  0.44194000  0.09637000
   0.98470281  0.18932814  0.29788861
   0.78262513  0.31533055  0.40214879
   0.17887664  0.56394884  0.19475628
   0.28480998  0.93473215  0.50426400
   0.03971000  0.94194000  0.09637000
   0.31590271  0.68924264  0.29706638
   0.12381898  0.81639541  0.39956403
   0.51257836  0.56445551  0.19591165
   0.61808939  0.93210606  0.50317764
   0.37304000  0.94194000  0.09637000
   0.64938026  0.68932107  0.29738569
   0.45711424  0.81612010  0.39729372
   0.84579836  0.56463888  0.19597673
   0.95172036  0.93547901  0.50136077
   0.70637000  0.94194000  0.09637000
   0.98309651  0.68974288  0.29888055
   0.79021770  0.81552924  0.39695662
   0.60791404  0.18983572  0.50540855
   0.03971000  0.19194000  0.09637000
   0.31468279  0.43893346  0.29756860
   0.12902366  0.06201156  0.40029766
   0.17971636  0.31482586  0.19684730
   0.26225511  0.19787047  0.49557293
   0.37304000  0.19194000  0.09637000
   0.64819942  0.44092633  0.29999414
   0.46374877  0.06479738  0.40436206
   0.51286865  0.31679464  0.19796982
   0.70637000  0.19194000  0.09637000
   0.98098419  0.43961004  0.29852106
   0.79599954  0.06049988  0.39857805
   0.84597146  0.31614676  0.19720669
   0.91490532  0.19104204  0.49970549
   0.03971000  0.69194000  0.09637000
   0.31986967  0.94258787  0.30019560
   0.11564367  0.56510564  0.39886654
   0.17996192  0.81727098  0.19790414
   0.25186024  0.69912665  0.49386958
   0.37304000  0.69194000  0.09637000
   0.65124428  0.93970469  0.29615096
   0.44708292  0.56549568  0.39807913
   0.51309464  0.81508466  0.19524469
   0.58384208  0.69945317  0.49373422
   0.70637000  0.69194000  0.09637000
   0.98599807  0.93990186  0.29762761
   0.84760818  0.81498134  0.19596819
   0.90695214  0.70586418  0.49665250
   0.78357139  0.56679874  0.40019205
   0.17417000  0.33753000  0.11288000
   0.25045122  0.21084997  0.41383192
   0.04273714  0.33775948  0.50950999
   0.31356682  0.46021261  0.21374392
   0.11938642  0.08511771  0.31613013
   0.23858000  0.04636000  0.07986000
   0.04698240  0.16954256  0.17960531
   0.31484214  0.42018487  0.38160156
   0.15213816  0.04498960  0.48750764
   0.18395974  0.29266790  0.27973823
   0.50750000  0.33753000  0.11288000
   0.58274904  0.21332917  0.42261281
   0.37797682  0.33990570  0.51296914
   0.64658706  0.46145404  0.21571099
   0.45427166  0.08823992  0.32007877
   0.57191000  0.04636000  0.07986000
   0.38038140  0.17168278  0.18038501
   0.64965275  0.42060013  0.38449951
   0.48517506  0.04080451  0.48913873
   0.51736913  0.29476010  0.28151765
   0.84083000  0.33753000  0.11288000
   0.91614000  0.20873277  0.41576293
   0.71079934  0.34537347  0.51504975
   0.98016419  0.46104145  0.21436419
   0.78563894  0.08496597  0.31456349
   0.90524000  0.04636000  0.07986000
   0.71383515  0.17074814  0.17995980
   0.97971319  0.41991061  0.38272369
   0.81642024  0.03632316  0.48252400
   0.85001933  0.29379633  0.28020983
   0.17417000  0.83753000  0.11288000
   0.25729866  0.70914766  0.40971286
   0.08213906  0.82565984  0.51279492
   0.31684791  0.96257447  0.21596700
   0.11611501  0.58430114  0.31499426
   0.23858000  0.54636000  0.07986000
   0.04579593  0.67135405  0.18044110
   0.32377521  0.92235937  0.38421053
   0.11536732  0.55456769  0.48522398
   0.18313034  0.79553895  0.28122718
   0.50619000  0.83294000  0.10916000
   0.58987436  0.70861996  0.40952440
   0.41588552  0.82210955  0.51306563
   0.64836996  0.96012069  0.21195954
   0.44960155  0.58430241  0.31404007
   0.57191000  0.54636000  0.07986000
   0.37873705  0.67030509  0.17996796
   0.65600171  0.91926395  0.37958820
   0.44528208  0.55582379  0.48488361
   0.51581752  0.79373258  0.27852489
   0.83992000  0.83287000  0.10930000
   0.75334240  0.81948017  0.51103345
   0.98237314  0.95977309  0.21316034
   0.78310834  0.58533197  0.31623943
   0.90524000  0.54636000  0.07986000
   0.71196262  0.67088978  0.18048770
   0.99042151  0.92062040  0.38195004
   0.77853546  0.55804288  0.48719896
   0.84996265  0.79434493  0.27977302
   0.92421645  0.70982217  0.41167994
   0.76239246  0.55902648  0.65466914
   0.75116806  0.16017475  0.58957682
   0.73172020  0.40212713  0.60491288
   0.76222485  0.58529768  0.70565063
   0.73220636  0.50516350  0.75484712
   0.64547150  0.52794505  0.78457772
   0.69636285  0.41931443  0.73955929
   0.84460487  0.51562248  0.77985156
   0.78995359  0.67746646  0.71583492
