   0.18206646  0.06422964  0.19398553
   0.24671394  0.44433607  0.49991500
   0.03971000  0.44194000  0.09637000
   0.31832926  0.19037475  0.29701611
   0.11114725  0.31720523  0.40126632
   0.51527797  0.06407338  0.19386307
   0.57384327  0.44368468  0.50080175
   0.37304000  0.44194000  0.09637000
   0.65160313  0.18940679  0.29665328
   0.44372293  0.31791377  0.40126940
   0.84851241  0.06377691  0.19356109
   0.91564048  0.44702105  0.49804949
   0.70637000  0.44194000  0.09637000
   0.98482005  0.18960695  0.29667413
   0.77999713  0.31621888  0.39767438
   0.18056938  0.56421905  0.19400936
   0.28437737  0.93153752  0.49930590
   0.03971000  0.94194000  0.09637000
   0.31674948  0.68954061  0.29648427
   0.12703016  0.81392353  0.39514507
   0.51361782  0.56393017  0.19395627
   0.61960771  0.93306181  0.50090477
   0.37304000  0.94194000  0.09637000
   0.64962473  0.68888099  0.29612101
   0.46112796  0.81457506  0.39595552
   0.84709012  0.56393723  0.19386219
   0.95205321  0.93144678  0.50039020
   0.70637000  0.94194000  0.09637000
   0.98304374  0.68897272  0.29603991
   0.79399453  0.81390972  0.39525374
   0.93995747  0.19112278  0.49844704
   0.03971000  0.19194000  0.09637000
   0.31350166  0.43954876  0.29630336
   0.12973626  0.06061355  0.39664785
   0.18060750  0.31519998  0.19504966
   0.24356458  0.18962981  0.49838984
   0.37304000  0.19194000  0.09637000
   0.64706099  0.43928154  0.29630381
   0.46152098  0.06360882  0.39982480
   0.51395279  0.31517782  0.19512884
   0.58700938  0.19387321  0.49783362
   0.70637000  0.19194000  0.09637000
   0.98090012  0.43960017  0.29569260
   0.79539538  0.06192900  0.39957611
   0.84723769  0.31498912  0.19495821
   0.03971000  0.69194000  0.09637000
   0.32118639  0.94081274  0.29706488
   0.11542553  0.56481563  0.39651039
   0.18108149  0.81589589  0.19568760
   0.25308901  0.70084059  0.49226548
   0.37304000  0.69194000  0.09637000
   0.65410591  0.94031429  0.29675315
   0.44747210  0.56462242  0.39714746
   0.51414474  0.81567780  0.19557016
   0.58770582  0.69856143  0.49248864
   0.70637000  0.69194000  0.09637000
   0.98696601  0.93926305  0.29521732
   0.84729352  0.81497443  0.19487283
   0.92020256  0.69686476  0.49253466
   0.78093843  0.56391007  0.39700651
   0.17325000  0.33256000  0.10893000
   0.24608355  0.20980659  0.41424932
   0.04458925  0.34443049  0.50282372
   0.31477497  0.45978174  0.21172134
   0.11967640  0.08523452  0.31304886
   0.23858000  0.04636000  0.07986000
   0.04752019  0.17041903  0.17973934
   0.31002997  0.42093254  0.38046058
   0.15114278  0.03364936  0.47902464
   0.18331400  0.29376540  0.27835501
   0.50654000  0.33260000  0.10901000
   0.58084270  0.21330927  0.41623267
   0.37814229  0.33566879  0.50964266
   0.64808757  0.45965625  0.21181255
   0.45326580  0.08676951  0.31598523
   0.57191000  0.04636000  0.07986000
   0.38107443  0.17048434  0.17982751
   0.64429880  0.42006159  0.38097064
   0.48513800  0.04307005  0.48638429
   0.51722369  0.29348865  0.27856277
   0.83980000  0.33255000  0.10889000
   0.90963495  0.21059058  0.41524420
   0.70756120  0.33633417  0.52157977
   0.98146203  0.45961336  0.21136356
   0.78612727  0.08586523  0.31503964
   0.90524000  0.04636000  0.07986000
   0.71432017  0.17027923  0.17975000
   0.97687774  0.42096324  0.37952868
   0.81777191  0.03932218  0.48443477
   0.84990003  0.29343612  0.27840370
   0.17338000  0.83273000  0.10943000
   0.26112507  0.70720376  0.40713891
   0.08431374  0.81880713  0.51021044
   0.31699108  0.96058625  0.21280106
   0.11659938  0.58387877  0.31217789
   0.23858000  0.54636000  0.07986000
   0.04655907  0.67112909  0.18015952
   0.32753064  0.91991155  0.38083128
   0.11525911  0.55756386  0.48350119
   0.18371490  0.79532109  0.27936421
   0.50662000  0.83273000  0.10932000
   0.59392560  0.70655288  0.40815954
   0.41813915  0.82340718  0.50954383
   0.64987471  0.96027659  0.21241118
   0.44966076  0.58378608  0.31277311
   0.57191000  0.54636000  0.07986000
   0.37992697  0.67102392  0.18008240
   0.65998893  0.91896449  0.38046017
   0.44818588  0.55442642  0.48448540
   0.51711844  0.79487384  0.27918440
   0.83987000  0.83253000  0.10888000
   0.75003403  0.82111424  0.51116375
   0.98311546  0.95954400  0.21128341
   0.78269021  0.58344084  0.31268954
   0.90524000  0.54636000  0.07986000
   0.71290555  0.67050359  0.17984933
   0.99266656  0.91732580  0.37824242
   0.77893640  0.55199009  0.48505300
   0.84965994  0.79382134  0.27825030
   0.92614889  0.70594035  0.40791586
   0.78548832  0.54024534  0.67033625
   0.07836651  0.15968987  0.58190454
   0.73927020  0.41053719  0.60375336
   0.79300208  0.54216723  0.72347658
   0.76447838  0.44208834  0.76079987
   0.68505831  0.45090155  0.79665437
   0.71742317  0.36646558  0.73577534
   0.87804331  0.43582627  0.78066485
   0.82561513  0.62515815  0.74466643
