   0.18177000  0.06503000  0.19527000
   0.24423262  0.44202864  0.50455258
   0.03971000  0.44194000  0.09637000
   0.31863525  0.19032497  0.29938738
   0.11538905  0.31754510  0.40104606
   0.51472000  0.06471000  0.19485000
   0.58325834  0.44322277  0.50426979
   0.37304000  0.44194000  0.09637000
   0.65199799  0.18991219  0.29820510
   0.44823991  0.31850519  0.40156304
   0.84826000  0.06468000  0.19455000
   0.90702592  0.43931979  0.50328680
   0.70637000  0.44194000  0.09637000
   0.98577892  0.18976998  0.29779598
   0.78079904  0.31809838  0.40188807
   0.17955000  0.56532000  0.19533000
   0.28301435  0.93718715  0.50426394
   0.03971000  0.94194000  0.09637000
   0.31589169  0.69076982  0.29816629
   0.12539805  0.81610527  0.39818709
   0.51276000  0.56480000  0.19498000
   0.61308377  0.93278931  0.50286214
   0.37304000  0.94194000  0.09637000
   0.64856733  0.69013698  0.29726557
   0.45876518  0.81640925  0.39882411
   0.84642000  0.56519000  0.19522000
   0.94682399  0.93529058  0.50245271
   0.70637000  0.94194000  0.09637000
   0.98227950  0.69063002  0.29790539
   0.79117480  0.81533842  0.39799695
   0.58633738  0.19999442  0.49750107
   0.03971000  0.19194000  0.09637000
   0.31457049  0.44077251  0.29815022
   0.12826130  0.06285965  0.40036735
   0.18013000  0.31638000  0.19719000
   0.25987205  0.19491100  0.50407315
   0.37304000  0.19194000  0.09637000
   0.64762556  0.44017143  0.29731066
   0.46187332  0.06431703  0.40313193
   0.51314000  0.31594000  0.19696000
   0.70637000  0.19194000  0.09637000
   0.98101796  0.44044608  0.29777191
   0.79385471  0.06204217  0.39926687
   0.84665000  0.31624000  0.19703000
   0.92951736  0.19608715  0.49359244
   0.03971000  0.69194000  0.09637000
   0.32033684  0.94236226  0.29946551
   0.11492298  0.56543519  0.39865433
   0.18025000  0.81742000  0.19778000
   0.25905250  0.69708869  0.49438511
   0.37304000  0.69194000  0.09637000
   0.65253221  0.94012857  0.29690916
   0.44715367  0.56582366  0.39964536
   0.51318000  0.81586000  0.19571000
   0.58826031  0.69679654  0.49534531
   0.70637000  0.69194000  0.09637000
   0.98607020  0.94028604  0.29738739
   0.84718000  0.81593000  0.19584000
   0.92020237  0.69828682  0.49442545
   0.78198126  0.56530248  0.39786056
   0.17417000  0.33753000  0.11288000
   0.24929638  0.21127412  0.41453175
   0.04062452  0.33566489  0.51217217
   0.31386000  0.46170000  0.21427000
   0.11932490  0.08515164  0.31605141
   0.23858000  0.04636000  0.07986000
   0.04735000  0.17100000  0.18013000
   0.31306829  0.42176530  0.38231849
   0.14602734  0.04149815  0.48574314
   0.18431539  0.29398338  0.28040369
   0.50750000  0.33753000  0.11288000
   0.58261335  0.21180111  0.41754544
   0.38335813  0.34429942  0.50595628
   0.64712000  0.46121000  0.21367000
   0.45438469  0.08750351  0.31885132
   0.57191000  0.04636000  0.07986000
   0.38063000  0.17082000  0.17998000
   0.64730635  0.42023809  0.38124280
   0.48637616  0.04667466  0.49075942
   0.51734020  0.29344101  0.28027776
   0.84083000  0.33753000  0.11288000
   0.91258655  0.21053830  0.41397552
   0.71752842  0.33394642  0.51478660
   0.98063000  0.46160000  0.21400000
   0.78671070  0.08571864  0.31536293
   0.90524000  0.04636000  0.07986000
   0.71387000  0.17083000  0.18002000
   0.97982325  0.42110648  0.38220892
   0.81247740  0.04637882  0.48878165
   0.85094657  0.29380962  0.28030340
   0.17417000  0.83753000  0.11288000
   0.25762675  0.70830551  0.41042914
   0.07796282  0.82157844  0.51264631
   0.31682000  0.96236000  0.21534000
   0.11566901  0.58561168  0.31502596
   0.23858000  0.54636000  0.07986000
   0.04601000  0.67209000  0.18056000
   0.32490167  0.92158419  0.38392267
   0.11601825  0.55353085  0.48894140
   0.18279423  0.79654101  0.28152651
   0.50619000  0.83294000  0.10916000
   0.59112324  0.70871313  0.41149943
   0.41079571  0.82510563  0.51192451
   0.64926000  0.96050000  0.21277000
   0.44893628  0.58582213  0.31542491
   0.57191000  0.54636000  0.07986000
   0.37906000  0.67136000  0.18002000
   0.65751573  0.91968776  0.38099934
   0.44733468  0.55541497  0.48662750
   0.51533682  0.79507787  0.27963411
   0.83992000  0.83287000  0.10930000
   0.74752857  0.82446451  0.51057211
   0.98268000  0.96077000  0.21320000
   0.78229238  0.58531357  0.31410435
   0.90524000  0.54636000  0.07986000
   0.71230000  0.67144000  0.18017000
   0.99016857  0.91969808  0.38187655
   0.78149625  0.55547119  0.48551715
   0.84893856  0.79531187  0.27981267
   0.92534875  0.70858491  0.40981105
   0.78477000  0.69231000  0.65805000
   0.32944331  0.25750348  0.61784621
   0.95206852  0.64915856  0.60925945
   0.71282756  0.59346074  0.68983838
   0.78866596  0.53485570  0.74319455
   0.75088923  0.44812772  0.76333693
   0.92110057  0.54943625  0.73795266
   0.76853954  0.59045225  0.77601168
   0.58807842  0.52635103  0.68991243
