   0.17933375  0.06414591  0.19454745
   0.28623721  0.43038269  0.49976111
   0.03971000  0.44194000  0.09637000
   0.31667911  0.18893093  0.29701268
   0.13013629  0.31293910  0.39637312
   0.51282496  0.06413304  0.19419425
   0.61517369  0.43307053  0.49486993
   0.37304000  0.44194000  0.09637000
   0.65019072  0.18878275  0.29654069
   0.46320470  0.31247322  0.39605437
   0.84602175  0.06406930  0.19449240
   0.95693332  0.43248157  0.49955115
   0.70637000  0.44194000  0.09637000
   0.98327298  0.18850457  0.29666789
   0.79721465  0.31228800  0.39493412
   0.18151235  0.56405371  0.19383070
   0.24395888  0.94287612  0.50074063
   0.03971000  0.94194000  0.09637000
   0.31661303  0.69050134  0.29703430
   0.10993819  0.81850550  0.39911806
   0.51486997  0.56415249  0.19399375
   0.58040869  0.94346003  0.50232958
   0.37304000  0.94194000  0.09637000
   0.64991571  0.69042202  0.29690903
   0.44074666  0.81901605  0.40256709
   0.84822147  0.56415427  0.19407817
   0.90931311  0.93863373  0.50316504
   0.70637000  0.94194000  0.09637000
   0.98362502  0.69004856  0.29734030
   0.77345214  0.81847867  0.40039749
   0.57548520  0.68977248  0.49741752
   0.03971000  0.19194000  0.09637000
   0.32039531  0.43862746  0.29511801
   0.11473732  0.06363535  0.39868464
   0.18007939  0.31471926  0.19510886
   0.26426452  0.19185990  0.49364589
   0.37304000  0.19194000  0.09637000
   0.65424035  0.43893585  0.29603598
   0.44980094  0.06613003  0.39957195
   0.51389237  0.31510627  0.19521981
   0.59080819  0.19938193  0.49816385
   0.70637000  0.19194000  0.09637000
   0.98844267  0.43969361  0.29652659
   0.78044004  0.06397782  0.39900822
   0.84733014  0.31530442  0.19567621
   0.93770918  0.18892578  0.49324868
   0.03971000  0.69194000  0.09637000
   0.31266023  0.94121647  0.29739707
   0.12876933  0.56199460  0.39899025
   0.17965677  0.81570149  0.19573453
   0.27121530  0.69113030  0.49826409
   0.37304000  0.69194000  0.09637000
   0.64458960  0.94052609  0.29738282
   0.46145056  0.56166903  0.39535402
   0.51323166  0.81577661  0.19564094
   0.70637000  0.69194000  0.09637000
   0.97866014  0.94045831  0.29768930
   0.84610149  0.81606292  0.19682870
   0.92820375  0.69570065  0.49251754
   0.79460371  0.56225055  0.39730718
   0.17293000  0.33291000  0.10959000
   0.26233225  0.20526586  0.40949554
   0.08389196  0.32125153  0.51009735
   0.31577802  0.45941927  0.21144153
   0.11659418  0.08419085  0.31433525
   0.23858000  0.04636000  0.07986000
   0.04513941  0.17047766  0.17998979
   0.32902211  0.41558586  0.37806428
   0.11259625  0.05368391  0.48688471
   0.18316299  0.29334481  0.27852179
   0.50633000  0.33253000  0.10912000
   0.59926996  0.20823910  0.41258678
   0.42088619  0.31918789  0.51028529
   0.64934455  0.45969495  0.21208949
   0.45114264  0.08507426  0.31492393
   0.57191000  0.04636000  0.07986000
   0.37888856  0.17084211  0.18005316
   0.66375158  0.41713172  0.38035338
   0.44896762  0.05880311  0.48738652
   0.51716854  0.29400345  0.27900622
   0.83947000  0.33230000  0.10978000
   0.92833815  0.20593254  0.41035399
   0.74853960  0.32973326  0.52142313
   0.98269836  0.46010786  0.21246098
   0.78310556  0.08430347  0.31444968
   0.90524000  0.04636000  0.07986000
   0.71221861  0.17099082  0.18033029
   0.99596131  0.41728312  0.38030279
   0.78425637  0.05258045  0.48699355
   0.85069988  0.29421083  0.27952140
   0.17282000  0.83289000  0.10962000
   0.23900272  0.71121465  0.41544422
   0.04278859  0.83406172  0.51418209
   0.31401776  0.96036385  0.21275434
   0.11819407  0.58584140  0.31490592
   0.23858000  0.54636000  0.07986000
   0.04725244  0.67061954  0.18004737
   0.30728040  0.92376848  0.38155750
   0.15338133  0.53842049  0.48341089
   0.18195354  0.79466963  0.27944421
   0.50615000  0.83297000  0.10968000
   0.57588805  0.71132989  0.41364200
   0.37935556  0.84267625  0.50274593
   0.64714987  0.96052132  0.21290539
   0.45098288  0.58536848  0.31251114
   0.57191000  0.54636000  0.07986000
   0.38057977  0.67068013  0.18010852
   0.63936193  0.92264266  0.38170209
   0.48319797  0.53409538  0.47696468
   0.51510758  0.79444507  0.27906294
   0.84083000  0.83753000  0.11288000
   0.70816716  0.83372120  0.51184775
   0.98070572  0.96090932  0.21369484
   0.78399440  0.58490228  0.31384852
   0.90524000  0.54636000  0.07986000
   0.71405906  0.67053083  0.18009201
   0.97351201  0.92209157  0.38198127
   0.82203653  0.54155588  0.48327000
   0.84875621  0.79409812  0.27990862
   0.90936261  0.71187636  0.41129781
   0.82317363  0.60013513  0.64326504
   0.41262904  0.65418571  0.58177068
   0.75939298  0.44101651  0.59605266
   0.81393709  0.71778477  0.63506742
   0.76657501  0.66051573  0.69006793
   0.64085622  0.63280750  0.69915022
   0.84750297  0.67424144  0.72672427
   0.72181570  0.73131830  0.60571003
   0.93047994  0.77292467  0.63051330
