   0.18165671  0.06450888  0.19434784
   0.25903976  0.43970355  0.49887082
   0.03971000  0.44194000  0.09637000
   0.31850821  0.19017231  0.29786378
   0.12080524  0.31498339  0.39870626
   0.51490843  0.06392118  0.19381941
   0.59153753  0.44096977  0.49600576
   0.37304000  0.44194000  0.09637000
   0.65161637  0.18911719  0.29616143
   0.45201434  0.31541514  0.40231374
   0.84847485  0.06429718  0.19415509
   0.92947252  0.43575415  0.49923797
   0.70637000  0.44194000  0.09637000
   0.98535616  0.18912364  0.29729458
   0.78464788  0.31340500  0.39740974
   0.18109582  0.56466082  0.19429704
   0.26633204  0.93295190  0.50244382
   0.03971000  0.94194000  0.09637000
   0.31832855  0.69023483  0.29722292
   0.12307377  0.81566146  0.39721355
   0.51399485  0.56422927  0.19348581
   0.60087306  0.93400926  0.50152816
   0.37304000  0.94194000  0.09637000
   0.65135964  0.68938523  0.29602851
   0.45564094  0.81691861  0.39804712
   0.84765303  0.56438828  0.19377950
   0.93381685  0.93305643  0.50178057
   0.70637000  0.94194000  0.09637000
   0.98487972  0.68965913  0.29595104
   0.78933748  0.81550863  0.39709735
   0.56911639  0.18673901  0.50452303
   0.03971000  0.19194000  0.09637000
   0.31824710  0.44039143  0.29699997
   0.12373652  0.06160917  0.40046109
   0.18115633  0.31586664  0.19575968
   0.26855793  0.19020243  0.49959479
   0.37304000  0.19194000  0.09637000
   0.64973217  0.43811361  0.29459579
   0.45931227  0.06486721  0.40004790
   0.51368185  0.31459256  0.19438122
   0.70637000  0.19194000  0.09637000
   0.98469678  0.43909856  0.29592976
   0.78829979  0.06230364  0.39905670
   0.84794955  0.31513856  0.19501216
   0.93007968  0.19178619  0.49340543
   0.03971000  0.69194000  0.09637000
   0.31940385  0.94162883  0.29752332
   0.12179757  0.56228188  0.39716301
   0.18148696  0.81624895  0.19578589
   0.26009339  0.69399117  0.49312193
   0.37304000  0.69194000  0.09637000
   0.65219806  0.93985590  0.29681601
   0.45399307  0.56407327  0.39819686
   0.51423155  0.81574515  0.19557472
   0.59114995  0.69862986  0.49326660
   0.70637000  0.69194000  0.09637000
   0.98594470  0.94048085  0.29713986
   0.84789014  0.81608613  0.19549866
   0.93151764  0.69060257  0.48989778
   0.78853359  0.56020193  0.39494673
   0.17333000  0.33321000  0.10959000
   0.24992694  0.20720513  0.41522884
   0.05783253  0.33007398  0.51151492
   0.31567364  0.46074879  0.21271179
   0.11967702  0.08527105  0.31559092
   0.23858000  0.04636000  0.07986000
   0.04746546  0.17108302  0.18010424
   0.31881487  0.41967174  0.38066991
   0.13306341  0.04180265  0.48647955
   0.18449299  0.29433451  0.27940826
   0.50648000  0.33297000  0.10887000
   0.58904756  0.21107474  0.41984889
   0.39470716  0.33891576  0.50088640
   0.64828757  0.45941169  0.21053041
   0.45380811  0.08725613  0.31633453
   0.57191000  0.04636000  0.07986000
   0.38053249  0.17001963  0.17945921
   0.65164835  0.41711799  0.37897431
   0.46641061  0.03651365  0.48250427
   0.51748024  0.29289768  0.27753437
   0.83998000  0.33294000  0.10911000
   0.91923027  0.20855653  0.41126786
   0.72185234  0.33010003  0.51890915
   0.98225069  0.45999241  0.21179561
   0.78527458  0.08493654  0.31472885
   0.90524000  0.04636000  0.07986000
   0.71406682  0.17049871  0.17985880
   0.98467785  0.41871149  0.38019132
   0.80302557  0.04423739  0.48553382
   0.85128363  0.29336536  0.27855666
   0.17323000  0.83311000  0.10949000
   0.25576610  0.70828171  0.40990289
   0.06533169  0.82281961  0.51095367
   0.31662467  0.96095173  0.21317548
   0.11835206  0.58450133  0.31329626
   0.23858000  0.54636000  0.07986000
   0.04696629  0.67144489  0.18026883
   0.32160825  0.92069371  0.38097496
   0.12768325  0.54845714  0.48425390
   0.18500433  0.79522692  0.27943772
   0.50655000  0.83318000  0.10951000
   0.58957853  0.70953604  0.40977750
   0.40045203  0.82457506  0.51239190
   0.64964549  0.96032218  0.21254440
   0.45209656  0.58546012  0.31444657
   0.57191000  0.54636000  0.07986000
   0.38007718  0.67119540  0.18010822
   0.65511832  0.91954265  0.38088247
   0.46171019  0.55318273  0.48477322
   0.51782600  0.79460735  0.27914442
   0.83988000  0.83312000  0.10940000
   0.73331528  0.82773220  0.51405901
   0.98322255  0.96073059  0.21279913
   0.78459207  0.58293773  0.31127631
   0.90524000  0.54636000  0.07986000
   0.71344486  0.67127876  0.18009110
   0.98811071  0.91911046  0.38107020
   0.79822815  0.54425125  0.48250681
   0.85116665  0.79486119  0.27902080
   0.92144167  0.70630538  0.40706035
   0.77931084  0.56982640  0.65270781
   0.40356743  0.16141058  0.58738594
   0.73367175  0.42410620  0.59566463
   0.79856731  0.68281176  0.67474288
   0.76625906  0.58616233  0.71402249
   0.64703663  0.55678195  0.73097293
   0.86166191  0.56460745  0.73885238
   0.70380597  0.72534464  0.66320651
   0.91856716  0.73371481  0.67052774
