   0.60917076  0.43132241  0.49281893
   0.17905766  0.06422216  0.18510358
   0.27927786  0.43279624  0.49191169
   0.03971000  0.44194000  0.08602000
   0.31523463  0.18804095  0.28891671
   0.12432495  0.31311769  0.38932983
   0.51240550  0.06430394  0.18506294
   0.37304000  0.44194000  0.08602000
   0.64862044  0.18824203  0.28894749
   0.45748396  0.31334666  0.38974347
   0.84573309  0.06416362  0.18498273
   0.94802742  0.43198745  0.49359905
   0.70637000  0.44194000  0.08602000
   0.98190788  0.18782804  0.28865462
   0.79120352  0.31354551  0.39034236
   0.18093466  0.56349293  0.18470058
   0.25674634  0.93814728  0.49418032
   0.03971000  0.94194000  0.08602000
   0.31677209  0.68829319  0.28844028
   0.11239457  0.81492221  0.39085154
   0.51437415  0.56379346  0.18492118
   0.58956658  0.93699063  0.49322645
   0.37304000  0.94194000  0.08602000
   0.64987775  0.68882141  0.28892752
   0.44723255  0.81597193  0.39014933
   0.84762045  0.56365241  0.18481369
   0.92309622  0.93859158  0.49399337
   0.70637000  0.94194000  0.08602000
   0.98372985  0.68827187  0.28845528
   0.77983915  0.81526276  0.39109956
   0.03971000  0.19194000  0.08602000
   0.31807719  0.43845451  0.28815383
   0.11659474  0.06125764  0.38998593
   0.17955074  0.31534610  0.18706126
   0.25958456  0.19370847  0.48436844
   0.37304000  0.19194000  0.08602000
   0.65172163  0.43910603  0.28895600
   0.44965958  0.06145497  0.38979495
   0.51266832  0.31587409  0.18747558
   0.59533603  0.19109072  0.48416237
   0.70637000  0.19194000  0.08602000
   0.98486152  0.43852682  0.28839175
   0.78373058  0.06174269  0.38987010
   0.84609536  0.31547857  0.18706877
   0.92710263  0.19271956  0.48473724
   0.03971000  0.69194000  0.08602000
   0.31259920  0.93910091  0.28815642
   0.12564107  0.56055334  0.39015122
   0.17947632  0.81527019  0.18685591
   0.26085132  0.69333052  0.48529254
   0.37304000  0.69194000  0.08602000
   0.64667875  0.93925421  0.28811467
   0.45767235  0.56014297  0.38993500
   0.51258407  0.81545258  0.18697092
   0.59479010  0.69154935  0.48591943
   0.70637000  0.69194000  0.08602000
   0.97998443  0.93851548  0.28821063
   0.84616881  0.81526012  0.18690108
   0.92897063  0.69569724  0.48939968
   0.79010069  0.56110779  0.39111703
   0.17417000  0.33753000  0.10253000
   0.25789619  0.20467627  0.40067663
   0.07987248  0.32229089  0.49839140
   0.31541259  0.46052093  0.20482714
   0.11537990  0.08244383  0.30585560
   0.23858000  0.04636000  0.06951000
   0.04529394  0.17035579  0.16999494
   0.32259196  0.41724308  0.37202383
   0.12497927  0.04867712  0.47741152
   0.18162776  0.29252870  0.27057744
   0.50750000  0.33753000  0.10253000
   0.59030873  0.20506092  0.40089419
   0.41061047  0.32322362  0.49929062
   0.64876180  0.46086254  0.20529529
   0.44881929  0.08303711  0.30571074
   0.57191000  0.04636000  0.06951000
   0.37872499  0.17080454  0.17024230
   0.65727323  0.41923905  0.37359201
   0.45787272  0.04707384  0.47709799
   0.51550587  0.29351313  0.27135593
   0.84083000  0.33753000  0.10253000
   0.92437935  0.20521121  0.40114851
   0.74529688  0.32288021  0.49626686
   0.98189506  0.46052272  0.20480439
   0.78244606  0.08312109  0.30576688
   0.90524000  0.04636000  0.06951000
   0.71208046  0.17043626  0.16993974
   0.98907007  0.41837890  0.37273457
   0.79087787  0.04815127  0.47734270
   0.84834583  0.29294986  0.27072595
   0.17417000  0.83753000  0.10253000
   0.24714184  0.70929148  0.40349999
   0.05619647  0.83289928  0.50492493
   0.31322488  0.96068531  0.20440263
   0.11771441  0.58410958  0.30649774
   0.23858000  0.54636000  0.06951000
   0.04717347  0.66981843  0.16987365
   0.31101406  0.91880838  0.37254960
   0.14624130  0.54252375  0.47687403
   0.18253913  0.79223623  0.27033081
   0.50750000  0.83753000  0.10253000
   0.58026672  0.70840334  0.40381770
   0.38795749  0.83001890  0.50413999
   0.64670926  0.96078199  0.20451646
   0.45108246  0.58421747  0.30636210
   0.57191000  0.54636000  0.06951000
   0.38045034  0.66988131  0.16989862
   0.64505072  0.91911893  0.37239636
   0.47918118  0.54178212  0.47616840
   0.51577149  0.79268029  0.27053119
   0.84083000  0.83753000  0.10253000
   0.72207539  0.82983939  0.50211722
   0.97993336  0.96058230  0.20449454
   0.78449282  0.58479629  0.30746448
   0.90524000  0.54636000  0.06951000
   0.71394096  0.66987431  0.16985387
   0.97768047  0.91805144  0.37276155
   0.81173629  0.54493399  0.48860690
   0.84926035  0.79204955  0.27047545
   0.91231261  0.70671029  0.40674642
   0.61327320  0.62417056  0.62351312
   0.83446210  0.38793472  0.67055936
   0.80069663  0.49260367  0.59120707
   0.53101676  0.71415225  0.63298672
   0.48332181  0.60859397  0.66416207
   0.37556324  0.55029019  0.65112100
   0.51682443  0.60696463  0.70959818
   0.45906480  0.73250452  0.59692748
   0.59967379  0.78743873  0.65478865
