   0.18204045  0.06428785  0.19391073
   0.24666764  0.44418433  0.49997743
   0.03971000  0.44194000  0.09637000
   0.31827587  0.19033527  0.29695440
   0.11131545  0.31714717  0.40119172
   0.51525366  0.06421510  0.19385706
   0.57383418  0.44359159  0.50087550
   0.37304000  0.44194000  0.09637000
   0.65146440  0.18938133  0.29666200
   0.44367693  0.31785513  0.40119016
   0.84853194  0.06376760  0.19347678
   0.91544413  0.44678121  0.49829922
   0.70637000  0.44194000  0.09637000
   0.98484264  0.18970451  0.29661594
   0.78021126  0.31613141  0.39758322
   0.18067927  0.56428071  0.19404780
   0.28436177  0.93169109  0.49927778
   0.03971000  0.94194000  0.09637000
   0.31674807  0.68947262  0.29650263
   0.12694212  0.81397950  0.39500183
   0.51354539  0.56392217  0.19396136
   0.61973078  0.93320760  0.50083265
   0.37304000  0.94194000  0.09637000
   0.64958738  0.68883674  0.29611723
   0.46090895  0.81437133  0.39583289
   0.84713041  0.56396172  0.19388271
   0.95200271  0.93136572  0.50024093
   0.70637000  0.94194000  0.09637000
   0.98313498  0.68898065  0.29601287
   0.79401875  0.81386911  0.39512869
   0.93966973  0.19112618  0.49843893
   0.03971000  0.19194000  0.09637000
   0.31345790  0.43946070  0.29624744
   0.12984267  0.06066400  0.39654963
   0.18061049  0.31522085  0.19503449
   0.24348710  0.18933231  0.49834267
   0.37304000  0.19194000  0.09637000
   0.64722341  0.43932686  0.29621758
   0.46153160  0.06376507  0.39969620
   0.51395408  0.31520018  0.19507247
   0.58684255  0.19399714  0.49775524
   0.70637000  0.19194000  0.09637000
   0.98089656  0.43960718  0.29563024
   0.79540787  0.06192025  0.39950059
   0.84724564  0.31492406  0.19490256
   0.03971000  0.69194000  0.09637000
   0.32114830  0.94063882  0.29705812
   0.11555520  0.56472860  0.39644584
   0.18107774  0.81590109  0.19560047
   0.25311009  0.70064956  0.49219376
   0.37304000  0.69194000  0.09637000
   0.65392878  0.94026930  0.29672084
   0.44749275  0.56471604  0.39711360
   0.51409955  0.81563470  0.19551212
   0.58771157  0.69849534  0.49239779
   0.70637000  0.69194000  0.09637000
   0.98693141  0.93920251  0.29516668
   0.84729766  0.81490132  0.19479228
   0.92021599  0.69678079  0.49237143
   0.78074646  0.56377631  0.39694754
   0.17330495  0.33254171  0.10893573
   0.24594757  0.20977104  0.41420301
   0.04473317  0.34421823  0.50269931
   0.31470348  0.45979821  0.21163195
   0.11969769  0.08517718  0.31295055
   0.23858000  0.04636000  0.07986000
   0.04753468  0.17039791  0.17985025
   0.31036243  0.42081225  0.38052958
   0.15082055  0.03375401  0.47909051
   0.18336505  0.29372674  0.27841997
   0.50658112  0.33266058  0.10900311
   0.58093623  0.21337458  0.41620245
   0.37790172  0.33535616  0.50964738
   0.64816237  0.45963458  0.21175990
   0.45298246  0.08669279  0.31609454
   0.57191000  0.04636000  0.07986000
   0.38095776  0.17048194  0.17987783
   0.64434634  0.42000051  0.38110912
   0.48471395  0.04286871  0.48633647
   0.51723282  0.29348429  0.27864189
   0.83977722  0.33259931  0.10888037
   0.90972573  0.21046200  0.41519442
   0.70731641  0.33677624  0.52167304
   0.98152338  0.45958475  0.21135901
   0.78609254  0.08580995  0.31498526
   0.90524000  0.04636000  0.07986000
   0.71426743  0.17019084  0.17983490
   0.97689848  0.42091439  0.37962510
   0.81806458  0.03932039  0.48442285
   0.84991555  0.29339755  0.27840473
   0.17340355  0.83273760  0.10945299
   0.26080108  0.70743957  0.40717905
   0.08397868  0.81871884  0.51039068
   0.31698674  0.96066311  0.21277550
   0.11691311  0.58385047  0.31214792
   0.23858000  0.54636000  0.07986000
   0.04675088  0.67102364  0.18017439
   0.32763650  0.91994851  0.38105916
   0.11464739  0.55774739  0.48343288
   0.18363631  0.79532017  0.27939512
   0.50664041  0.83268825  0.10934600
   0.59409202  0.70672280  0.40818783
   0.41806565  0.82340510  0.50954483
   0.64977117  0.96032550  0.21237060
   0.44946686  0.58371267  0.31278613
   0.57191000  0.54636000  0.07986000
   0.38006655  0.67103576  0.18002751
   0.65974774  0.91896614  0.38066061
   0.44841496  0.55449595  0.48451558
   0.51720780  0.79473451  0.27922115
   0.83977044  0.83251121  0.10888109
   0.74983974  0.82107143  0.51140887
   0.98324619  0.95962006  0.21135462
   0.78272772  0.58356877  0.31252829
   0.90524000  0.54636000  0.07986000
   0.71288243  0.67041605  0.17987486
   0.99260681  0.91726704  0.37832723
   0.77911718  0.55218821  0.48505612
   0.84959972  0.79387826  0.27819341
   0.92585691  0.70586467  0.40794994
   0.79255042  0.53805967  0.67161027
   0.07832889  0.15956994  0.58176505
   0.72849747  0.40841382  0.60463246
   0.80191192  0.65795761  0.67103640
   0.76971903  0.59487925  0.72513343
   0.64953122  0.57513054  0.74228091
   0.86521643  0.59721099  0.75612808
   0.70454383  0.68425620  0.64880055
   0.92048302  0.70741627  0.66217264
