   0.28742730  0.43165721  0.49244393
   0.18101552  0.06371241  0.18365861
   0.03971000  0.44194000  0.08602000
   0.31697392  0.18775003  0.28748564
   0.12902686  0.31228424  0.38803360
   0.51430927  0.06375809  0.18366194
   0.62158180  0.43035861  0.49010324
   0.37304000  0.44194000  0.08602000
   0.65038486  0.18759863  0.28737470
   0.46206109  0.31223406  0.38823364
   0.84769177  0.06374963  0.18364876
   0.95473592  0.43157676  0.49059768
   0.70637000  0.44194000  0.08602000
   0.98372904  0.18777834  0.28745120
   0.79524350  0.31182821  0.38784179
   0.18128042  0.56339152  0.18422343
   0.25078244  0.93871102  0.49242546
   0.03971000  0.94194000  0.08602000
   0.31828094  0.68833521  0.28708603
   0.11247709  0.81614936  0.38846856
   0.51448825  0.56324534  0.18415670
   0.58390387  0.93938237  0.49275181
   0.37304000  0.94194000  0.08602000
   0.65168965  0.68822262  0.28661159
   0.44584614  0.81647583  0.38895733
   0.84785863  0.56325069  0.18426766
   0.91768072  0.93930620  0.49236670
   0.70637000  0.94194000  0.08602000
   0.98506563  0.68817044  0.28670247
   0.77894865  0.81617373  0.38834105
   0.03971000  0.19194000  0.08602000
   0.32086504  0.43885719  0.28796295
   0.11561919  0.06150260  0.38771198
   0.18045100  0.31564065  0.18688895
   0.26111267  0.19312216  0.48265490
   0.37304000  0.19194000  0.08602000
   0.65393460  0.43843480  0.28769215
   0.44917414  0.06170266  0.38795392
   0.51371170  0.31547661  0.18682907
   0.59436045  0.19309460  0.48300681
   0.70637000  0.19194000  0.08602000
   0.98765446  0.43849578  0.28787712
   0.78237730  0.06176964  0.38803186
   0.84718176  0.31560722  0.18682490
   0.92808799  0.19331215  0.48306940
   0.03971000  0.69194000  0.08602000
   0.31385747  0.93860531  0.28594130
   0.12986797  0.55994395  0.38963245
   0.18047108  0.81437765  0.18478692
   0.26365449  0.69370750  0.48480200
   0.37304000  0.69194000  0.08602000
   0.64720305  0.93858687  0.28590233
   0.46283317  0.56060366  0.38969819
   0.51385203  0.81444323  0.18466110
   0.59758358  0.69497713  0.48575329
   0.70637000  0.69194000  0.08602000
   0.98044396  0.93854849  0.28575064
   0.84716257  0.81427519  0.18469863
   0.93002239  0.69359549  0.48454824
   0.79628680  0.56007652  0.38896830
   0.17417000  0.33753000  0.10253000
   0.26097347  0.20314114  0.39841209
   0.08631949  0.32084643  0.49744647
   0.31604997  0.46051330  0.20443313
   0.11662495  0.08196582  0.30338141
   0.23858000  0.04636000  0.06951000
   0.04723358  0.17051793  0.16981842
   0.32869638  0.41762607  0.37207409
   0.11954012  0.04886252  0.47544222
   0.18407465  0.29331001  0.27047925
   0.50750000  0.33753000  0.10253000
   0.59490559  0.20338008  0.39869000
   0.42104244  0.32120607  0.49487565
   0.64905904  0.46018310  0.20420333
   0.45027007  0.08202696  0.30351141
   0.57191000  0.04636000  0.06951000
   0.38058964  0.17048427  0.16983347
   0.66151576  0.41714767  0.37171956
   0.45283462  0.04919963  0.47554193
   0.51736919  0.29293116  0.27037717
   0.84083000  0.33753000  0.10253000
   0.92828956  0.20335043  0.39894277
   0.75322814  0.32115690  0.49713416
   0.98273110  0.46039867  0.20429825
   0.78351707  0.08209398  0.30364289
   0.90524000  0.04636000  0.06951000
   0.71397662  0.17049959  0.16983358
   0.99447203  0.41682148  0.37205394
   0.78672051  0.04961085  0.47573068
   0.85070916  0.29307505  0.27036020
   0.17316000  0.83290000  0.09904000
   0.24605589  0.71012873  0.40317258
   0.04924116  0.83209239  0.50350412
   0.31494450  0.95905612  0.20179952
   0.11950271  0.58449121  0.30606595
   0.23858000  0.54636000  0.06951000
   0.04707930  0.66959483  0.16960335
   0.31068541  0.91921348  0.37048660
   0.15455530  0.54188114  0.47628178
   0.18373419  0.79210600  0.26842085
   0.50645000  0.83283000  0.09878000
   0.57960701  0.71003370  0.40378304
   0.38331123  0.83260371  0.50304023
   0.64828844  0.95921922  0.20172839
   0.45302485  0.58488722  0.30629267
   0.57191000  0.54636000  0.06951000
   0.38053470  0.66966711  0.16952143
   0.64416836  0.91903838  0.37046017
   0.48840268  0.54250153  0.47804980
   0.51715277  0.79214658  0.26833648
   0.83986000  0.83290000  0.09896000
   0.71746075  0.83377280  0.50398252
   0.98166493  0.95907934  0.20164750
   0.78593420  0.58433102  0.30559462
   0.90524000  0.54636000  0.06951000
   0.71374538  0.66946540  0.16957618
   0.97754286  0.91910913  0.37025798
   0.82075438  0.54149887  0.47622345
   0.85055928  0.79209092  0.26825406
   0.91250999  0.70980242  0.40270261
   0.80655948  0.64982232  0.63828601
   0.40576828  0.41954173  0.65547399
   0.58637713  0.53214152  0.59385760
   0.92232201  0.74832081  0.65460328
   0.81839612  0.68123201  0.69849765
   0.71656917  0.71084175  0.71522591
   0.86337262  0.62288246  0.72594449
   0.89744746  0.82681375  0.64014855
   0.04442197  0.73960523  0.65060622
