   0.17929770  0.06414798  0.19481176
   0.28976048  0.43188668  0.50284078
   0.03971000  0.44194000  0.09637000
   0.31712618  0.18884689  0.29746172
   0.13201389  0.31243772  0.39663574
   0.51261994  0.06383142  0.19444012
   0.61861767  0.43249197  0.49858772
   0.37304000  0.44194000  0.09637000
   0.65021034  0.18826534  0.29670493
   0.46509179  0.31280634  0.39689506
   0.84607146  0.06415097  0.19451847
   0.96175436  0.42887033  0.49711266
   0.70637000  0.44194000  0.09637000
   0.98370692  0.18849371  0.29688634
   0.79791120  0.31180885  0.39458202
   0.18177492  0.56476002  0.19440441
   0.24121744  0.94369305  0.50100439
   0.03971000  0.94194000  0.09637000
   0.31726365  0.69124199  0.29849015
   0.11087333  0.81810796  0.40189464
   0.51457313  0.56408576  0.19356510
   0.57731333  0.94561900  0.50377761
   0.37304000  0.94194000  0.09637000
   0.64970936  0.69012671  0.29654505
   0.44265129  0.81938303  0.40528319
   0.84841770  0.56457639  0.19411864
   0.90697739  0.93996609  0.50227165
   0.70637000  0.94194000  0.09637000
   0.98442674  0.69073894  0.29705366
   0.77511095  0.81738433  0.40088194
   0.58232830  0.69116911  0.49905519
   0.03971000  0.19194000  0.09637000
   0.32205779  0.43999839  0.29683234
   0.11478142  0.06353720  0.39891522
   0.18071197  0.31550016  0.19563626
   0.25555827  0.19621441  0.49506159
   0.37304000  0.19194000  0.09637000
   0.65383933  0.43752247  0.29400152
   0.45011809  0.06807086  0.40170638
   0.51335914  0.31403989  0.19450497
   0.58433566  0.20391633  0.50149531
   0.70637000  0.19194000  0.09637000
   0.98986744  0.43944457  0.29629740
   0.78002502  0.06424412  0.39991412
   0.84739321  0.31519209  0.19557084
   0.93031474  0.19171711  0.49497474
   0.03971000  0.69194000  0.09637000
   0.31376498  0.94145153  0.29892220
   0.12952170  0.56114944  0.39921047
   0.18030909  0.81627895  0.19621531
   0.27026060  0.69043288  0.49967263
   0.37304000  0.69194000  0.09637000
   0.64556344  0.94030219  0.29810784
   0.46340796  0.56230959  0.39926249
   0.51319760  0.81591365  0.19593939
   0.70637000  0.69194000  0.09637000
   0.97933914  0.94012281  0.29778728
   0.84606317  0.81609060  0.19677585
   0.92453936  0.69075254  0.49034381
   0.79607480  0.55917496  0.39441882
   0.17293000  0.33291000  0.10959000
   0.26402194  0.20515467  0.41017893
   0.08640148  0.31786888  0.51338078
   0.31613619  0.46053162  0.21284896
   0.11686334  0.08416762  0.31466414
   0.23858000  0.04636000  0.07986000
   0.04558800  0.17099062  0.18021712
   0.33135379  0.41671585  0.38006767
   0.11002239  0.05391023  0.48700161
   0.18430049  0.29405083  0.27931243
   0.50633000  0.33253000  0.10912000
   0.60140269  0.21002121  0.41548702
   0.42115210  0.31879593  0.51265241
   0.64882836  0.45903372  0.21056349
   0.45155547  0.08568027  0.31693728
   0.57191000  0.04636000  0.07986000
   0.37848494  0.16998025  0.17974093
   0.66415242  0.41502269  0.37731065
   0.44637417  0.06203435  0.48948866
   0.51703161  0.29237375  0.27783770
   0.83947000  0.33230000  0.10978000
   0.92932216  0.20639072  0.41177647
   0.75153069  0.32712711  0.52564273
   0.98288250  0.46033429  0.21251690
   0.78342403  0.08456035  0.31552308
   0.90524000  0.04636000  0.07986000
   0.71203612  0.17073667  0.18026606
   0.99754599  0.41583559  0.37964585
   0.78014397  0.05416237  0.48776807
   0.85100968  0.29378095  0.27929732
   0.17282000  0.83289000  0.10962000
   0.24111475  0.71048075  0.41660886
   0.03656238  0.83191299  0.50953817
   0.31419947  0.96085289  0.21402050
   0.11819717  0.58637511  0.31536402
   0.23858000  0.54636000  0.07986000
   0.04755949  0.67119003  0.18021962
   0.30930608  0.92406668  0.38336829
   0.15407060  0.53487497  0.48249476
   0.18292728  0.79529837  0.28009456
   0.50615000  0.83297000  0.10968000
   0.57763257  0.71173024  0.41753583
   0.37729313  0.84452460  0.50489319
   0.64711027  0.96070927  0.21354670
   0.45181106  0.58695171  0.31578866
   0.57191000  0.54636000  0.07986000
   0.38067843  0.67086805  0.18009737
   0.64162237  0.92109744  0.38248080
   0.49005778  0.53605183  0.48208679
   0.51546766  0.79450263  0.27954765
   0.84083000  0.83753000  0.11288000
   0.70658550  0.83562793  0.51449081
   0.98067564  0.96105069  0.21375319
   0.78420863  0.58438342  0.31115978
   0.90524000  0.54636000  0.07986000
   0.71371775  0.67061489  0.18001298
   0.97505226  0.92090225  0.38199949
   0.82275895  0.53684047  0.47998691
   0.84867912  0.79423846  0.27985198
   0.90748813  0.70930598  0.41020210
   0.80773344  0.61387954  0.62905231
   0.36543711  0.64722334  0.58684490
   0.81543513  0.44684208  0.59394345
   0.80328479  0.72848718  0.62930469
   0.76494610  0.65675017  0.68109484
   0.64332723  0.62725947  0.69306778
   0.85376627  0.66123591  0.71399359
   0.70747851  0.75190031  0.60384573
   0.91919906  0.78438505  0.62396034
