   0.18163927  0.06513028  0.19548559
   0.25585008  0.43571044  0.50296463
   0.03971000  0.44194000  0.09637000
   0.31827031  0.19043935  0.29992093
   0.11857897  0.31489108  0.40098645
   0.51439829  0.06450586  0.19463182
   0.58519784  0.43923815  0.49722285
   0.37304000  0.44194000  0.09637000
   0.65089400  0.18918730  0.29778875
   0.45444887  0.31627463  0.40164642
   0.84812367  0.06459612  0.19438829
   0.92953790  0.43760277  0.49862907
   0.70637000  0.44194000  0.09637000
   0.98497766  0.18940990  0.29760027
   0.78533810  0.31275442  0.39909173
   0.18021176  0.56552360  0.19535746
   0.26395439  0.93480183  0.50405554
   0.03971000  0.94194000  0.09637000
   0.31695288  0.69116421  0.29884925
   0.12225415  0.81636788  0.39962736
   0.51307079  0.56449063  0.19442001
   0.59978775  0.93459468  0.50386590
   0.37304000  0.94194000  0.09637000
   0.64955181  0.68989873  0.29642063
   0.45548760  0.81765210  0.40051852
   0.84713897  0.56517806  0.19493966
   0.93078820  0.93157723  0.50063497
   0.70637000  0.94194000  0.09637000
   0.98415888  0.69080986  0.29716697
   0.78736195  0.81537469  0.39837286
   0.60130120  0.18904654  0.50830418
   0.03971000  0.19194000  0.09637000
   0.31737917  0.44103100  0.29883981
   0.12187226  0.06141817  0.39967682
   0.18050498  0.31674839  0.19738607
   0.25698134  0.19355376  0.49491958
   0.37304000  0.19194000  0.09637000
   0.64970038  0.43865669  0.29581685
   0.45898436  0.06845390  0.40577207
   0.51277746  0.31523434  0.19640606
   0.70637000  0.19194000  0.09637000
   0.98412297  0.43991471  0.29745158
   0.79027706  0.06081119  0.39725830
   0.84690115  0.31614411  0.19678743
   0.91258940  0.18545807  0.49918402
   0.03971000  0.69194000  0.09637000
   0.31983213  0.94366981  0.30091741
   0.12094638  0.56276920  0.39876510
   0.18105530  0.81799630  0.19808696
   0.26076521  0.69465434  0.49452575
   0.37304000  0.69194000  0.09637000
   0.65071813  0.93919367  0.29612131
   0.45214794  0.56458417  0.40036957
   0.51296784  0.81546732  0.19535377
   0.59275763  0.69441946  0.49483584
   0.70637000  0.69194000  0.09637000
   0.98463880  0.93965220  0.29705782
   0.84738862  0.81576629  0.19546579
   0.92717400  0.69176994  0.49084608
   0.78805884  0.56130035  0.39573581
   0.17417000  0.33753000  0.11288000
   0.25348171  0.20784941  0.41214451
   0.05519548  0.32817066  0.51061364
   0.31460514  0.46215625  0.21490679
   0.11852075  0.08451939  0.31534537
   0.23858000  0.04636000  0.07986000
   0.04732608  0.17130751  0.18025862
   0.31900925  0.42008305  0.38289558
   0.13335936  0.04420477  0.48668118
   0.18427600  0.29450799  0.28071726
   0.50750000  0.33753000  0.11288000
   0.58769185  0.21469488  0.42370759
   0.38770456  0.33078978  0.51278022
   0.64741640  0.46054007  0.21243745
   0.45410148  0.08884053  0.32067173
   0.57191000  0.04636000  0.07986000
   0.38021090  0.17032360  0.17971552
   0.65322273  0.41722900  0.37945683
   0.46583834  0.04685815  0.49107232
   0.51673621  0.29273619  0.27929581
   0.84083000  0.33753000  0.11288000
   0.91885656  0.20776246  0.41448813
   0.71970335  0.34075999  0.51693536
   0.98152093  0.46156930  0.21375180
   0.78511519  0.08465098  0.31363592
   0.90524000  0.04636000  0.07986000
   0.71365646  0.17079926  0.17993022
   0.98449406  0.41887187  0.38137735
   0.79900523  0.03526332  0.47931855
   0.85052796  0.29382206  0.27987506
   0.17417000  0.83753000  0.11288000
   0.25551274  0.70880326  0.41145023
   0.06322350  0.82401895  0.51184796
   0.31703966  0.96296626  0.21629227
   0.11699338  0.58567654  0.31517896
   0.23858000  0.54636000  0.07986000
   0.04669254  0.67252704  0.18080035
   0.32166286  0.92294128  0.38515373
   0.13028241  0.54790603  0.48548077
   0.18422808  0.79709758  0.28182542
   0.50619000  0.83294000  0.10916000
   0.58760574  0.70945800  0.41291895
   0.39630505  0.82813430  0.51401050
   0.64871708  0.96009721  0.21202876
   0.45091419  0.58665994  0.31676882
   0.57191000  0.54636000  0.07986000
   0.37934987  0.67103127  0.17988320
   0.65313925  0.91716728  0.37925753
   0.45761729  0.55005999  0.48759282
   0.51560523  0.79401179  0.27875036
   0.83992000  0.83287000  0.10930000
   0.73188388  0.82424655  0.51460878
   0.98262314  0.96056970  0.21279290
   0.78348825  0.58450716  0.31176089
   0.90524000  0.54636000  0.07986000
   0.71259502  0.67121879  0.18003780
   0.98695446  0.91844026  0.38104993
   0.79471216  0.54744516  0.48253291
   0.84946711  0.79480812  0.27902123
   0.92034801  0.70777717  0.40859103
   0.78669096  0.57297798  0.65328890
   0.75696225  0.14987421  0.58780908
   0.74365620  0.43419965  0.59576646
   0.80650409  0.68687550  0.67532928
   0.77416598  0.58935435  0.71425873
   0.65240864  0.55733238  0.73149121
   0.86860702  0.56489342  0.73872257
   0.71173669  0.72873557  0.66391159
   0.92419706  0.73554522  0.67091636
