   0.17956936  0.06438329  0.19461642
   0.28768432  0.43044176  0.50018414
   0.03971000  0.44194000  0.09637000
   0.31697092  0.18909247  0.29712409
   0.13039221  0.31291926  0.39723801
   0.51300016  0.06437176  0.19436998
   0.61664449  0.43219863  0.49523101
   0.37304000  0.44194000  0.09637000
   0.65042364  0.18876711  0.29690652
   0.46313164  0.31205549  0.39626994
   0.84622692  0.06411384  0.19455565
   0.95856307  0.43175153  0.49864026
   0.70637000  0.44194000  0.09637000
   0.98376717  0.18884718  0.29705731
   0.79709808  0.31161746  0.39506326
   0.18172997  0.56426761  0.19404769
   0.24240969  0.94319661  0.50065425
   0.03971000  0.94194000  0.09637000
   0.31685731  0.69065831  0.29737464
   0.10958265  0.81874679  0.39892415
   0.51493537  0.56413757  0.19420387
   0.57909164  0.94344172  0.50296210
   0.37304000  0.94194000  0.09637000
   0.65006997  0.68999885  0.29694608
   0.44054281  0.81918004  0.40273864
   0.84826161  0.56419927  0.19429603
   0.90730400  0.93808396  0.50353725
   0.70637000  0.94194000  0.09637000
   0.98384305  0.68987728  0.29726781
   0.77293167  0.81838008  0.40051316
   0.57380381  0.68993760  0.49861030
   0.03971000  0.19194000  0.09637000
   0.32100214  0.43893429  0.29553442
   0.11479543  0.06410840  0.39915107
   0.18055200  0.31489601  0.19521446
   0.26519708  0.19164037  0.49472663
   0.37304000  0.19194000  0.09637000
   0.65401494  0.43865093  0.29630089
   0.44984796  0.06612171  0.39974939
   0.51412827  0.31522503  0.19533719
   0.59156947  0.19884135  0.49823070
   0.70637000  0.19194000  0.09637000
   0.98858916  0.43940340  0.29647558
   0.78033078  0.06366121  0.39936400
   0.84741193  0.31536373  0.19565891
   0.93868468  0.18800178  0.49353985
   0.03971000  0.69194000  0.09637000
   0.31245503  0.94128728  0.29762389
   0.12936351  0.56175207  0.39860781
   0.17954316  0.81601026  0.19576653
   0.26960333  0.69161275  0.49777151
   0.37304000  0.69194000  0.09637000
   0.64477267  0.94035027  0.29751289
   0.46167481  0.56168797  0.39609463
   0.51340453  0.81579221  0.19563724
   0.70637000  0.69194000  0.09637000
   0.97848682  0.94062370  0.29785075
   0.84646375  0.81595238  0.19676340
   0.92692246  0.69531260  0.49202930
   0.79475735  0.56146860  0.39722946
   0.17293000  0.33291000  0.10959000
   0.26251756  0.20542420  0.41051925
   0.08605071  0.32101131  0.51004496
   0.31607146  0.45968702  0.21181735
   0.11695617  0.08438984  0.31463968
   0.23858000  0.04636000  0.07986000
   0.04545917  0.17053311  0.18002438
   0.32932122  0.41573596  0.37844645
   0.11126849  0.05431820  0.48750386
   0.18361855  0.29348886  0.27865573
   0.50633000  0.33253000  0.10912000
   0.59912178  0.20802419  0.41267138
   0.42244487  0.31885456  0.51159930
   0.64934358  0.45971867  0.21234085
   0.45115080  0.08522759  0.31516322
   0.57191000  0.04636000  0.07986000
   0.37905382  0.17103421  0.18010427
   0.66367595  0.41676123  0.38055390
   0.44780788  0.05876550  0.48741334
   0.51738358  0.29375249  0.27924842
   0.83947000  0.33230000  0.10978000
   0.92872030  0.20546336  0.41052091
   0.75154209  0.32796206  0.52066626
   0.98285096  0.46011949  0.21237325
   0.78347934  0.08423299  0.31474724
   0.90524000  0.04636000  0.07986000
   0.71238112  0.17098521  0.18037434
   0.99594105  0.41693714  0.38035269
   0.78360298  0.05249089  0.48717266
   0.85088051  0.29401762  0.27953496
   0.17282000  0.83289000  0.10962000
   0.23838650  0.71119406  0.41494627
   0.04119935  0.83373456  0.51370139
   0.31411173  0.96072081  0.21294639
   0.11830626  0.58554857  0.31469575
   0.23858000  0.54636000  0.07986000
   0.04726012  0.67080555  0.18009538
   0.30715466  0.92377215  0.38172156
   0.15454200  0.53828434  0.48273516
   0.18217829  0.79474299  0.27944614
   0.50615000  0.83297000  0.10968000
   0.57521694  0.71174084  0.41476907
   0.37747333  0.84293583  0.50268177
   0.64717617  0.96064448  0.21306192
   0.45121764  0.58576506  0.31335250
   0.57191000  0.54636000  0.07986000
   0.38080643  0.67069567  0.18010961
   0.63911665  0.92250369  0.38187380
   0.48444286  0.53353837  0.47764876
   0.51561466  0.79431854  0.27904255
   0.84083000  0.83753000  0.11288000
   0.70562968  0.83347776  0.51389677
   0.98089688  0.96090398  0.21382403
   0.78427887  0.58446818  0.31376233
   0.90524000  0.54636000  0.07986000
   0.71403077  0.67049882  0.18012478
   0.97336721  0.92228286  0.38220189
   0.82290441  0.54072070  0.48302880
   0.84899411  0.79403275  0.27986487
   0.90844965  0.71163385  0.41079364
   0.81785159  0.60415240  0.63844105
   0.40909255  0.65453273  0.58163003
   0.76469574  0.44045058  0.59507396
   0.80973311  0.72232526  0.63347174
   0.76598692  0.66078774  0.68756176
   0.64164357  0.63280233  0.69777717
   0.85058010  0.67092176  0.72337680
   0.71642320  0.73947406  0.60543671
   0.92705802  0.77717005  0.62850513
