   0.18090489  0.06409500  0.19460587
   0.24899416  0.44030675  0.50223406
   0.03971000  0.44194000  0.09637000
   0.31730731  0.18900405  0.29857955
   0.11545422  0.31648159  0.40137283
   0.51381342  0.06449727  0.19444014
   0.58053847  0.44695043  0.50107062
   0.37304000  0.44194000  0.09637000
   0.65042804  0.18883814  0.29814937
   0.45080999  0.31726863  0.40125133
   0.84744483  0.06390704  0.19385381
   0.92135258  0.44640664  0.49966373
   0.70637000  0.44194000  0.09637000
   0.98400791  0.18913806  0.29783441
   0.78198577  0.31456117  0.40031050
   0.17892501  0.56370151  0.19461104
   0.27913191  0.93508011  0.50353577
   0.03971000  0.94194000  0.09637000
   0.31592651  0.68882400  0.29707375
   0.12336046  0.81565234  0.39875154
   0.51266908  0.56418913  0.19491731
   0.61183921  0.93224137  0.50257602
   0.37304000  0.94194000  0.09637000
   0.64934367  0.68929803  0.29673112
   0.45615001  0.81515916  0.39730239
   0.84590061  0.56427191  0.19547572
   0.94547373  0.93448321  0.50214079
   0.70637000  0.94194000  0.09637000
   0.98295241  0.68961865  0.29767849
   0.78993943  0.81507044  0.39712864
   0.60281324  0.19229489  0.50212683
   0.03971000  0.19194000  0.09637000
   0.31503229  0.43885873  0.29767864
   0.12663443  0.06189072  0.39989681
   0.17985190  0.31519943  0.19688988
   0.26200159  0.19586710  0.49513030
   0.37304000  0.19194000  0.09637000
   0.64798322  0.43966746  0.29809865
   0.46147145  0.06315829  0.40186509
   0.51218415  0.31570825  0.19727579
   0.70637000  0.19194000  0.09637000
   0.98113019  0.43923012  0.29802276
   0.79400734  0.06040785  0.39908494
   0.84589059  0.31572960  0.19708149
   0.91551078  0.19192983  0.49885696
   0.03971000  0.69194000  0.09637000
   0.31909483  0.94013922  0.29851064
   0.11762612  0.56398981  0.39853233
   0.17966486  0.81615046  0.19702749
   0.25650853  0.69664648  0.49445273
   0.37304000  0.69194000  0.09637000
   0.65105762  0.93946197  0.29631429
   0.44897715  0.56430179  0.39868055
   0.51268145  0.81517383  0.19506458
   0.58902534  0.69631740  0.49449870
   0.70637000  0.69194000  0.09637000
   0.98500999  0.93945632  0.29756027
   0.84746171  0.81533535  0.19550130
   0.91372438  0.70237877  0.49540212
   0.78391341  0.56480581  0.39884921
   0.17417000  0.33753000  0.11288000
   0.25118807  0.20988127  0.41298106
   0.04711908  0.33514397  0.51025720
   0.31382957  0.46041402  0.21376897
   0.11793828  0.08457401  0.31585328
   0.23858000  0.04636000  0.07986000
   0.04659029  0.17024206  0.17978922
   0.31499141  0.41981081  0.38166640
   0.14558555  0.04432172  0.48707917
   0.18313880  0.29271362  0.28000558
   0.50750000  0.33753000  0.11288000
   0.58271559  0.21104818  0.41871823
   0.38372770  0.33549125  0.51274739
   0.64664842  0.46050251  0.21418309
   0.45217030  0.08559192  0.31734983
   0.57191000  0.04636000  0.07986000
   0.37985663  0.17088300  0.18001949
   0.64917125  0.41979911  0.38186469
   0.47930600  0.04148404  0.48774665
   0.51616735  0.29325884  0.28060948
   0.84083000  0.33753000  0.11288000
   0.91583414  0.20816036  0.41512176
   0.71631963  0.34603713  0.50931730
   0.98024571  0.46060181  0.21411929
   0.78524338  0.08463687  0.31505241
   0.90524000  0.04636000  0.07986000
   0.71328206  0.17067854  0.17991818
   0.98099922  0.41893313  0.38174590
   0.81048372  0.03761935  0.48397253
   0.84916308  0.29313239  0.28025890
   0.17417000  0.83753000  0.11288000
   0.25713949  0.70864476  0.41048126
   0.07742998  0.82661615  0.51318015
   0.31574440  0.96124645  0.21446643
   0.11653085  0.58418870  0.31484533
   0.23858000  0.54636000  0.07986000
   0.04553877  0.67071515  0.18011930
   0.32229692  0.92021532  0.38253900
   0.12170975  0.55190649  0.48521259
   0.18291854  0.79432818  0.28020336
   0.50619000  0.83294000  0.10916000
   0.58971116  0.70838193  0.41046170
   0.40909563  0.82420094  0.51347012
   0.64804218  0.95998563  0.21204054
   0.44972888  0.58436512  0.31466771
   0.57191000  0.54636000  0.07986000
   0.37847486  0.67041083  0.17969534
   0.65493454  0.91822564  0.38016205
   0.44880501  0.55269080  0.48620170
   0.51548331  0.79360145  0.27855564
   0.83992000  0.83287000  0.10930000
   0.74521121  0.82226019  0.51268730
   0.98202223  0.96010063  0.21290187
   0.78292738  0.58496649  0.31470726
   0.90524000  0.54636000  0.07986000
   0.71216883  0.67078011  0.18023393
   0.98904365  0.91913642  0.38178685
   0.78545302  0.55603006  0.48588588
   0.84924763  0.79435785  0.27930354
   0.92379377  0.70877452  0.41077067
   0.78682593  0.55299133  0.66146942
   0.74110332  0.17577869  0.59279381
   0.75515927  0.38432862  0.60610819
   0.80400985  0.67218922  0.67323189
   0.77399757  0.59107419  0.72092386
   0.65510979  0.56625992  0.73895706
   0.87025737  0.58097640  0.74876473
   0.70829187  0.70891135  0.65646061
   0.92391365  0.72252337  0.66655587
