   0.18160375  0.06416086  0.19403168
   0.25125390  0.44228492  0.49800217
   0.03971000  0.44194000  0.09637000
   0.31868219  0.19002254  0.29752039
   0.11857938  0.31572666  0.39843362
   0.51496727  0.06399919  0.19370938
   0.58458802  0.44687913  0.49798678
   0.37304000  0.44194000  0.09637000
   0.65197202  0.18955504  0.29614260
   0.45030449  0.31629099  0.40230372
   0.84833886  0.06405455  0.19403497
   0.92106637  0.44114314  0.50017766
   0.70637000  0.44194000  0.09637000
   0.98532365  0.18890867  0.29705108
   0.78315938  0.31521825  0.39783438
   0.18067320  0.56384768  0.19381393
   0.27895000  0.93190496  0.50173767
   0.03971000  0.94194000  0.09637000
   0.31751555  0.68905520  0.29598303
   0.12470493  0.81536534  0.39604341
   0.51408045  0.56405265  0.19378311
   0.61252426  0.93250960  0.50019425
   0.37304000  0.94194000  0.09637000
   0.65124513  0.68920805  0.29669338
   0.45741614  0.81516736  0.39576628
   0.84734727  0.56407608  0.19369221
   0.94601701  0.93424751  0.50177212
   0.70637000  0.94194000  0.09637000
   0.98419102  0.68898616  0.29626754
   0.79150230  0.81482927  0.39617549
   0.57678050  0.18768058  0.50150730
   0.03971000  0.19194000  0.09637000
   0.31627103  0.43907911  0.29601592
   0.12755193  0.06178187  0.40046969
   0.18059196  0.31494833  0.19532721
   0.27425910  0.19196135  0.49938223
   0.37304000  0.19194000  0.09637000
   0.64908823  0.43928566  0.29648196
   0.46213821  0.06251462  0.39825775
   0.51397304  0.31541772  0.19508592
   0.70637000  0.19194000  0.09637000
   0.98301932  0.43909292  0.29583442
   0.79253771  0.06167751  0.39832719
   0.84746467  0.31497624  0.19500607
   0.93199429  0.19345397  0.49274907
   0.03971000  0.69194000  0.09637000
   0.31950165  0.94080383  0.29618993
   0.11795349  0.56345812  0.39688909
   0.18108713  0.81538479  0.19541361
   0.25539208  0.69570138  0.49248253
   0.37304000  0.69194000  0.09637000
   0.65301414  0.93982718  0.29622237
   0.45065764  0.56458374  0.39646601
   0.51437110  0.81548631  0.19544415
   0.58568796  0.70139449  0.49232837
   0.70637000  0.69194000  0.09637000
   0.98687920  0.94051363  0.29702955
   0.84757763  0.81577777  0.19572077
   0.92421389  0.69674898  0.49268970
   0.78547449  0.56378624  0.39745487
   0.17333000  0.33321000  0.10959000
   0.24893725  0.20869602  0.41568075
   0.04993922  0.33408224  0.51107747
   0.31510909  0.45958951  0.21181272
   0.12051598  0.08539462  0.31564337
   0.23858000  0.04636000  0.07986000
   0.04721524  0.17036696  0.17989913
   0.31591317  0.41956694  0.37984067
   0.14608198  0.04189938  0.48655112
   0.18378639  0.29333113  0.27884162
   0.50648000  0.33297000  0.10887000
   0.58779842  0.21060393  0.41775904
   0.38849276  0.34268010  0.50189484
   0.64862422  0.46012797  0.21202644
   0.45394274  0.08637665  0.31456267
   0.57191000  0.04636000  0.07986000
   0.38071189  0.17053843  0.17974524
   0.64922103  0.41939930  0.38103079
   0.47814600  0.03458764  0.48063579
   0.51752291  0.29388875  0.27847308
   0.83998000  0.33294000  0.10911000
   0.91772236  0.20948343  0.41094350
   0.71493295  0.33563201  0.51795672
   0.98157026  0.45966402  0.21164664
   0.78591657  0.08484510  0.31419124
   0.90524000  0.04636000  0.07986000
   0.71388628  0.17041645  0.17980393
   0.98205189  0.41950200  0.38005031
   0.81345189  0.04356276  0.48507755
   0.85101102  0.29322305  0.27853662
   0.17323000  0.83311000  0.10949000
   0.25722378  0.70787786  0.40865196
   0.07687226  0.82330076  0.51204007
   0.31642231  0.96022020  0.21205111
   0.11760091  0.58379289  0.31268728
   0.23858000  0.54636000  0.07986000
   0.04667771  0.67079654  0.18008131
   0.32331250  0.91946151  0.37956459
   0.11892523  0.55172582  0.48402787
   0.18431254  0.79439257  0.27896440
   0.50655000  0.83318000  0.10951000
   0.59199302  0.70828809  0.40786290
   0.41207636  0.82036017  0.51106544
   0.64974796  0.96012657  0.21221312
   0.45117285  0.58385319  0.31244390
   0.57191000  0.54636000  0.07986000
   0.37991229  0.67087827  0.18013798
   0.65703359  0.91927322  0.38005895
   0.45328273  0.55645944  0.48325729
   0.51786642  0.79433385  0.27904107
   0.83988000  0.83312000  0.10940000
   0.74469477  0.82472697  0.51195891
   0.98309925  0.96041587  0.21283015
   0.78455710  0.58368503  0.31342818
   0.90524000  0.54636000  0.07986000
   0.71342894  0.67109238  0.18011332
   0.98989804  0.91960426  0.38096945
   0.78997241  0.55102566  0.48454158
   0.85124535  0.79453750  0.27941301
   0.92544365  0.70778636  0.40912749
   0.78376240  0.55098301  0.66282439
   0.42428459  0.16468411  0.58569315
   0.71780057  0.40786319  0.60154529
   0.79650652  0.66992901  0.67335567
   0.76649732  0.58971114  0.72114961
   0.64664197  0.56525955  0.73847815
   0.86334442  0.58167430  0.74972485
   0.69839813  0.70386203  0.65632161
   0.91484621  0.72075471  0.66687013
