   0.60838233  0.43091613  0.49339857
   0.17923967  0.06422820  0.18509588
   0.27799687  0.43282322  0.49190858
   0.03971000  0.44194000  0.08602000
   0.31523536  0.18815258  0.28887798
   0.12266257  0.31342906  0.38950054
   0.51255265  0.06431615  0.18508328
   0.37304000  0.44194000  0.08602000
   0.64877250  0.18843051  0.28888347
   0.45622735  0.31354697  0.38954552
   0.84582091  0.06406014  0.18499026
   0.94775123  0.43271455  0.49467196
   0.70637000  0.44194000  0.08602000
   0.98211665  0.18802732  0.28864718
   0.78979674  0.31393636  0.39026392
   0.18099929  0.56375774  0.18485815
   0.25794052  0.93739576  0.49431696
   0.03971000  0.94194000  0.08602000
   0.31665764  0.68830769  0.28846257
   0.11349610  0.81442844  0.39065232
   0.51434727  0.56397066  0.18499232
   0.59027428  0.93594097  0.49271875
   0.37304000  0.94194000  0.08602000
   0.64987943  0.68884730  0.28882382
   0.44776172  0.81535014  0.38998725
   0.84765727  0.56369015  0.18476541
   0.92435478  0.93823259  0.49386982
   0.70637000  0.94194000  0.08602000
   0.98372193  0.68841356  0.28834974
   0.78092603  0.81509398  0.39184476
   0.03971000  0.19194000  0.08602000
   0.31755117  0.43857631  0.28824708
   0.11754587  0.06106377  0.38989177
   0.17936568  0.31543142  0.18704237
   0.25972510  0.19283264  0.48438880
   0.37304000  0.19194000  0.08602000
   0.65100737  0.43935487  0.28883142
   0.45008858  0.06122282  0.38958977
   0.51271892  0.31583032  0.18730728
   0.59507792  0.19056943  0.48378364
   0.70637000  0.19194000  0.08602000
   0.98416880  0.43873760  0.28842043
   0.78438422  0.06142446  0.38975319
   0.84602735  0.31545858  0.18707576
   0.92670815  0.19290960  0.48443560
   0.03971000  0.69194000  0.08602000
   0.31332125  0.93892369  0.28812690
   0.12478251  0.56056166  0.39025989
   0.17957078  0.81542453  0.18680844
   0.26128298  0.69282193  0.48554529
   0.37304000  0.69194000  0.08602000
   0.64690036  0.93909856  0.28824031
   0.45735041  0.55982729  0.39023261
   0.51277455  0.81553243  0.18688410
   0.59578983  0.69077081  0.48608835
   0.70637000  0.69194000  0.08602000
   0.98001867  0.93859638  0.28838467
   0.84620037  0.81538081  0.18687126
   0.92935504  0.69617520  0.48944226
   0.78958298  0.56150626  0.39083841
   0.17417000  0.33753000  0.10253000
   0.25631431  0.20531867  0.40095932
   0.07830423  0.32317362  0.49807524
   0.31534817  0.46044671  0.20454147
   0.11521058  0.08275387  0.30591852
   0.23858000  0.04636000  0.06951000
   0.04545178  0.17042527  0.16997024
   0.32150198  0.41741049  0.37228394
   0.12565721  0.04770111  0.47698818
   0.18185397  0.29286322  0.27068162
   0.50750000  0.33753000  0.10253000
   0.58877231  0.20539517  0.40050438
   0.40897831  0.32292002  0.49974785
   0.64864897  0.46081414  0.20509968
   0.44877311  0.08311533  0.30563846
   0.57191000  0.04636000  0.06951000
   0.37894054  0.17078813  0.17015093
   0.65594825  0.42009471  0.37368463
   0.45878966  0.04595098  0.47673916
   0.51546518  0.29362581  0.27121207
   0.84083000  0.33753000  0.10253000
   0.92288560  0.20538092  0.40089877
   0.74463053  0.32253094  0.49597546
   0.98186575  0.46044726  0.20468396
   0.78220703  0.08321992  0.30574490
   0.90524000  0.04636000  0.06951000
   0.71217988  0.17046187  0.16998661
   0.98776490  0.41858966  0.37266346
   0.79156215  0.04765129  0.47696666
   0.84871685  0.29302479  0.27073540
   0.17417000  0.83753000  0.10253000
   0.24784409  0.70888905  0.40361015
   0.05782630  0.83264375  0.50527767
   0.31345868  0.96074259  0.20448945
   0.11757096  0.58415116  0.30653322
   0.23858000  0.54636000  0.06951000
   0.04717657  0.66998403  0.16985660
   0.31200169  0.91849701  0.37239356
   0.14497510  0.54300728  0.47677704
   0.18225249  0.79236839  0.27026033
   0.50750000  0.83753000  0.10253000
   0.58068503  0.70785846  0.40386458
   0.38930561  0.82901795  0.50437355
   0.64672108  0.96074234  0.20452846
   0.45094322  0.58403782  0.30655770
   0.57191000  0.54636000  0.06951000
   0.38053141  0.67013489  0.16989481
   0.64635900  0.91842787  0.37253770
   0.47776110  0.54159967  0.47653800
   0.51567090  0.79261838  0.27042617
   0.84083000  0.83753000  0.10253000
   0.72392871  0.82949629  0.50121845
   0.98010634  0.96064958  0.20461303
   0.78458724  0.58485333  0.30722020
   0.90524000  0.54636000  0.06951000
   0.71392343  0.66998585  0.16988182
   0.97923513  0.91749012  0.37284234
   0.81166017  0.54556749  0.48938095
   0.84913163  0.79222547  0.27033342
   0.91332865  0.70631586  0.40673517
   0.60800694  0.62580541  0.62108754
   0.83759462  0.39545200  0.66919554
   0.80653526  0.50318593  0.59024021
   0.52918518  0.71640425  0.63360807
   0.48334289  0.60902873  0.66386672
   0.37539551  0.54951547  0.65142421
   0.52308104  0.60198757  0.70800664
   0.45639006  0.73619388  0.59824660
   0.60436010  0.78752805  0.65535087
