   0.61810770  0.43034460  0.49247770
   0.17889203  0.06401622  0.18484194
   0.28654937  0.43115379  0.49213896
   0.03971000  0.44194000  0.08602000
   0.31521991  0.18781139  0.28848503
   0.12743233  0.31196725  0.38942205
   0.51231365  0.06407671  0.18480512
   0.37304000  0.44194000  0.08602000
   0.64868161  0.18788747  0.28847128
   0.46099336  0.31162018  0.38894702
   0.84559524  0.06404275  0.18484082
   0.95538878  0.43212976  0.49406938
   0.70637000  0.44194000  0.08602000
   0.98200596  0.18792484  0.28853613
   0.79448365  0.31195341  0.38925586
   0.18069196  0.56363628  0.18461012
   0.24947897  0.93898785  0.49469547
   0.03971000  0.94194000  0.08602000
   0.31628530  0.68806244  0.28818288
   0.10987415  0.81644948  0.39009313
   0.51410125  0.56373350  0.18470697
   0.58187367  0.93815899  0.49321062
   0.37304000  0.94194000  0.08602000
   0.64954051  0.68835983  0.28852155
   0.44335904  0.81630558  0.38928776
   0.84747066  0.56375455  0.18468182
   0.91583901  0.93926506  0.49373749
   0.70637000  0.94194000  0.08602000
   0.98314655  0.68842937  0.28839816
   0.77667988  0.81650771  0.39041436
   0.03971000  0.19194000  0.08602000
   0.31903608  0.43769468  0.28796741
   0.11426388  0.06250404  0.39016795
   0.17938960  0.31532541  0.18692872
   0.25966199  0.19294612  0.48530756
   0.37304000  0.19194000  0.08602000
   0.65294935  0.43835532  0.28828304
   0.44724132  0.06252276  0.39006160
   0.51281412  0.31546034  0.18704031
   0.59280773  0.19217111  0.48542106
   0.70637000  0.19194000  0.08602000
   0.98607207  0.43849125  0.28841575
   0.78086442  0.06264415  0.38996840
   0.84620521  0.31556903  0.18707730
   0.92585943  0.19384966  0.48527738
   0.03971000  0.69194000  0.08602000
   0.31165063  0.93957180  0.28806828
   0.12835374  0.55991150  0.39027034
   0.17911248  0.81544263  0.18681381
   0.26295595  0.69351849  0.48541846
   0.37304000  0.69194000  0.08602000
   0.64508291  0.93947313  0.28809935
   0.46093650  0.55849325  0.38941933
   0.51242016  0.81542371  0.18678237
   0.59634658  0.69153600  0.48388855
   0.70637000  0.69194000  0.08602000
   0.97823716  0.93945532  0.28829232
   0.84583383  0.81546390  0.18684671
   0.93099450  0.69478911  0.48638173
   0.79382765  0.55976241  0.39046145
   0.17417000  0.33753000  0.10253000
   0.26056740  0.20390816  0.40127147
   0.08563582  0.32159638  0.49922160
   0.31509547  0.46035253  0.20441191
   0.11523673  0.08300262  0.30586758
   0.23858000  0.04636000  0.06951000
   0.04530131  0.17040295  0.16987965
   0.32653972  0.41551103  0.37198313
   0.11793036  0.05013209  0.47779030
   0.18213440  0.29270416  0.27047210
   0.50750000  0.33753000  0.10253000
   0.59361836  0.20399912  0.40125952
   0.41828123  0.32051302  0.50022111
   0.64857366  0.46049212  0.20464997
   0.44862956  0.08313804  0.30575871
   0.57191000  0.04636000  0.06951000
   0.37867131  0.17054286  0.16994786
   0.66064041  0.41703442  0.37279073
   0.45113463  0.04901469  0.47768770
   0.51564677  0.29313141  0.27076370
   0.84083000  0.33753000  0.10253000
   0.92710694  0.20405028  0.40107843
   0.75211980  0.32087236  0.49904762
   0.98182589  0.46061648  0.20477643
   0.78197704  0.08307311  0.30561104
   0.90524000  0.04636000  0.06951000
   0.71206812  0.17060554  0.16996426
   0.99342626  0.41684648  0.37255554
   0.78433458  0.05011597  0.47751997
   0.84895730  0.29310791  0.27074083
   0.17417000  0.83753000  0.10253000
   0.24370985  0.71042965  0.40392746
   0.04915604  0.83352032  0.50458036
   0.31315652  0.96068229  0.20436506
   0.11763078  0.58437340  0.30679933
   0.23858000  0.54636000  0.06951000
   0.04689508  0.66997190  0.16980344
   0.30815407  0.92023426  0.37244406
   0.15427220  0.54148767  0.47693850
   0.18192783  0.79238411  0.27026422
   0.50750000  0.83753000  0.10253000
   0.57671687  0.70884121  0.40251814
   0.38148203  0.83174008  0.50506259
   0.64643078  0.96062100  0.20436110
   0.45051764  0.58344931  0.30609609
   0.57191000  0.54636000  0.06951000
   0.38017982  0.66995579  0.16979344
   0.64149931  0.92016537  0.37247848
   0.48643079  0.53992391  0.47577496
   0.51494659  0.79232830  0.27026173
   0.84083000  0.83753000  0.10253000
   0.71498961  0.83169712  0.50106209
   0.97979746  0.96067016  0.20449349
   0.78429916  0.58423613  0.30685570
   0.90524000  0.54636000  0.06951000
   0.71356873  0.66998931  0.16981904
   0.97502774  0.91983322  0.37279048
   0.82061749  0.54217147  0.48199422
   0.84843482  0.79233871  0.27032935
   0.91015672  0.70862607  0.40457653
   0.61940677  0.61979510  0.63058459
   0.81717718  0.37780191  0.67834160
   0.77917408  0.48014653  0.59816846
   0.53430536  0.71009235  0.63143521
   0.47853400  0.60930662  0.66588387
   0.37631936  0.54676197  0.65128146
   0.50014034  0.61230666  0.71246855
   0.47372323  0.72165078  0.59138139
   0.59914210  0.78633959  0.65182216
