   0.18015985  0.06483217  0.19483876
   0.26516739  0.43929987  0.50193673
   0.03971000  0.44194000  0.09637000
   0.31677678  0.19036242  0.29837631
   0.11848189  0.31482134  0.40350209
   0.51347165  0.06461646  0.19490427
   0.59028894  0.43810785  0.50001299
   0.37304000  0.44194000  0.09637000
   0.65009861  0.18936234  0.29834498
   0.45074834  0.31459226  0.40190820
   0.84666832  0.06458444  0.19461467
   0.93409047  0.44176529  0.49713689
   0.70637000  0.44194000  0.09637000
   0.98338816  0.18994735  0.29854952
   0.78654601  0.31325621  0.39892684
   0.18031450  0.56471946  0.19497176
   0.26413199  0.93330035  0.50285246
   0.03971000  0.94194000  0.09637000
   0.31675847  0.69026351  0.29814646
   0.12039748  0.81594437  0.39749747
   0.51316538  0.56411356  0.19453212
   0.59962323  0.93660765  0.50567894
   0.37304000  0.94194000  0.09637000
   0.64928514  0.68911590  0.29716005
   0.45476661  0.81690194  0.39902973
   0.84680609  0.56409532  0.19454713
   0.93179734  0.93293418  0.50419367
   0.70637000  0.94194000  0.09637000
   0.98295770  0.68928712  0.29716747
   0.78717235  0.81549478  0.39756459
   0.94044418  0.18943505  0.50134605
   0.03971000  0.19194000  0.09637000
   0.31610971  0.43955878  0.29811297
   0.12236884  0.06112047  0.39848262
   0.18019398  0.31587145  0.19608989
   0.24400365  0.18681571  0.50076748
   0.37304000  0.19194000  0.09637000
   0.64911605  0.43803903  0.29682157
   0.45387743  0.06435032  0.40210661
   0.51340833  0.31503896  0.19550196
   0.58364671  0.19466210  0.49977070
   0.70637000  0.19194000  0.09637000
   0.98357283  0.43927636  0.29736497
   0.78786816  0.06298461  0.40261388
   0.84696106  0.31538003  0.19590432
   0.03971000  0.69194000  0.09637000
   0.31752407  0.94148610  0.29851450
   0.12287312  0.56323395  0.39849197
   0.18046072  0.81616282  0.19638012
   0.25701779  0.69895751  0.49449215
   0.37304000  0.69194000  0.09637000
   0.65075275  0.94122454  0.29855299
   0.45393908  0.56308402  0.39956151
   0.51353594  0.81618462  0.19641911
   0.59119452  0.69674649  0.49531776
   0.70637000  0.69194000  0.09637000
   0.98311991  0.93987908  0.29640336
   0.84660954  0.81521151  0.19536488
   0.92398369  0.69289198  0.49281511
   0.78715693  0.56134857  0.39722591
   0.17315837  0.33268455  0.10972038
   0.25278095  0.20682780  0.41622299
   0.06355053  0.33930968  0.50284166
   0.31456972  0.46066296  0.21356328
   0.11759920  0.08540815  0.31463427
   0.23858000  0.04636000  0.07986000
   0.04612298  0.17115549  0.18019479
   0.31791425  0.41891956  0.38230029
   0.13127111  0.03487785  0.48098821
   0.18261850  0.29445561  0.27980233
   0.50642851  0.33250115  0.10934163
   0.58724253  0.20998395  0.41702396
   0.39585015  0.32800757  0.51202068
   0.64761845  0.45972474  0.21252209
   0.45100896  0.08666984  0.31758865
   0.57191000  0.04636000  0.07986000
   0.37942967  0.17069737  0.17998294
   0.65147503  0.41717352  0.38136491
   0.46605064  0.04682909  0.48931619
   0.51617464  0.29311150  0.27912424
   0.83971088  0.33261602  0.10962372
   0.91605805  0.20801739  0.41729548
   0.72585422  0.33095616  0.52006374
   0.98135992  0.46010371  0.21297637
   0.78422649  0.08620421  0.31740016
   0.90524000  0.04636000  0.07986000
   0.71273064  0.17098048  0.18021119
   0.98443731  0.41919317  0.38141143
   0.80006246  0.04291711  0.48842390
   0.84908826  0.29384849  0.27975144
   0.17329872  0.83268712  0.10999892
   0.25494275  0.71034009  0.41097823
   0.06385808  0.82199766  0.51404083
   0.31479142  0.96121956  0.21405974
   0.11716007  0.58477907  0.31468460
   0.23858000  0.54636000  0.07986000
   0.04620764  0.67124595  0.18053687
   0.31998913  0.92088550  0.38265146
   0.13344976  0.55240898  0.48496014
   0.18293970  0.79515952  0.28033824
   0.50657436  0.83277733  0.11006369
   0.58768282  0.70945423  0.41272537
   0.39890559  0.82851575  0.51492352
   0.64803086  0.96114710  0.21403754
   0.44994489  0.58498597  0.31566937
   0.57191000  0.54636000  0.07986000
   0.37973739  0.67125146  0.18047837
   0.65272354  0.92024940  0.38260601
   0.46548837  0.54870576  0.48619555
   0.51645399  0.79486610  0.28023620
   0.83967182  0.83246011  0.10939139
   0.72910784  0.82648563  0.51735771
   0.98107613  0.96023448  0.21239611
   0.78265941  0.58348734  0.31367353
   0.90524000  0.54636000  0.07986000
   0.71260573  0.67043480  0.18007041
   0.98510098  0.91795517  0.37953040
   0.79582503  0.54575003  0.48408610
   0.84873569  0.79336785  0.27881108
   0.92023135  0.70778584  0.41024403
   0.77764129  0.56799816  0.65519756
   0.07926782  0.15862543  0.58572437
   0.75373571  0.42346265  0.59806270
   0.79985933  0.68379500  0.67427074
   0.76746789  0.59114088  0.71610056
   0.64830048  0.56369997  0.73340095
   0.86401266  0.57166888  0.74116076
   0.70499081  0.72446107  0.66126437
   0.92085583  0.73262665  0.66895678
