   0.18087780  0.06405480  0.19459603
   0.24849248  0.44025956  0.50228703
   0.03971000  0.44194000  0.09637000
   0.31732127  0.18896665  0.29856388
   0.11533786  0.31645736  0.40134051
   0.51378396  0.06445625  0.19444194
   0.58040395  0.44704456  0.50107576
   0.37304000  0.44194000  0.09637000
   0.65039522  0.18881739  0.29814419
   0.45077640  0.31733652  0.40123072
   0.84742015  0.06389810  0.19386972
   0.92109852  0.44673917  0.49969465
   0.70637000  0.44194000  0.09637000
   0.98399950  0.18907582  0.29786670
   0.78192589  0.31478359  0.40037710
   0.17891303  0.56368154  0.19461190
   0.27952467  0.93510458  0.50350297
   0.03971000  0.94194000  0.09637000
   0.31597286  0.68880819  0.29706594
   0.12344027  0.81559753  0.39870351
   0.51264017  0.56415619  0.19488296
   0.61212512  0.93230995  0.50254731
   0.37304000  0.94194000  0.09637000
   0.64931951  0.68928166  0.29682165
   0.45633641  0.81519913  0.39729614
   0.84588704  0.56425385  0.19542361
   0.94600223  0.93473036  0.50217404
   0.70637000  0.94194000  0.09637000
   0.98292239  0.68956610  0.29771083
   0.79001708  0.81498189  0.39714578
   0.60298814  0.19258058  0.50192066
   0.03971000  0.19194000  0.09637000
   0.31495679  0.43889249  0.29768780
   0.12669215  0.06182788  0.39991415
   0.17984656  0.31522664  0.19691016
   0.26196465  0.19592543  0.49507405
   0.37304000  0.19194000  0.09637000
   0.64798022  0.43974003  0.29810940
   0.46140593  0.06299851  0.40180562
   0.51217801  0.31572432  0.19726925
   0.70637000  0.19194000  0.09637000
   0.98110557  0.43925977  0.29799274
   0.79409539  0.06038783  0.39915596
   0.84587436  0.31570386  0.19707963
   0.91553315  0.19208740  0.49883052
   0.03971000  0.69194000  0.09637000
   0.31914396  0.94013409  0.29845946
   0.11743671  0.56407756  0.39854853
   0.17972900  0.81610394  0.19704052
   0.25638595  0.69677706  0.49444265
   0.37304000  0.69194000  0.09637000
   0.65116558  0.93948920  0.29639231
   0.44888533  0.56439367  0.39865648
   0.51264299  0.81518613  0.19511970
   0.58868596  0.69631620  0.49447081
   0.70637000  0.69194000  0.09637000
   0.98505420  0.93946425  0.29754105
   0.84742529  0.81536962  0.19554520
   0.91427870  0.70274429  0.49545704
   0.78378305  0.56492989  0.39889264
   0.17417000  0.33753000  0.11288000
   0.25102758  0.20988019  0.41297819
   0.04661102  0.33540681  0.51032208
   0.31381678  0.46042547  0.21381709
   0.11796106  0.08453471  0.31586375
   0.23858000  0.04636000  0.07986000
   0.04658115  0.17024709  0.17980714
   0.31480596  0.41986572  0.38165723
   0.14618398  0.04451225  0.48705533
   0.18306681  0.29267649  0.28002460
   0.50750000  0.33753000  0.11288000
   0.58254111  0.21088850  0.41860129
   0.38348329  0.33555607  0.51281811
   0.64671476  0.46054138  0.21419203
   0.45219686  0.08559340  0.31729349
   0.57191000  0.04636000  0.07986000
   0.37977299  0.17080772  0.18001715
   0.64901476  0.41990422  0.38190411
   0.47978853  0.04156213  0.48774231
   0.51617577  0.29326622  0.28059979
   0.84083000  0.33753000  0.11288000
   0.91574696  0.20826041  0.41517440
   0.71609449  0.34598605  0.50904928
   0.98018953  0.46058895  0.21413310
   0.78527325  0.08462491  0.31508466
   0.90524000  0.04636000  0.07986000
   0.71322955  0.17062618  0.17990924
   0.98092541  0.41908883  0.38173795
   0.81088235  0.03798232  0.48407447
   0.84914889  0.29309078  0.28026205
   0.17417000  0.83753000  0.11288000
   0.25720709  0.70859000  0.41048054
   0.07761527  0.82655280  0.51317290
   0.31577342  0.96120257  0.21445442
   0.11647924  0.58420046  0.31479519
   0.23858000  0.54636000  0.07986000
   0.04553009  0.67069806  0.18011875
   0.32235355  0.92032181  0.38246183
   0.12147457  0.55212884  0.48530107
   0.18291560  0.79431233  0.28022919
   0.50619000  0.83294000  0.10916000
   0.58980919  0.70827214  0.41047635
   0.40967852  0.82392303  0.51338201
   0.64806808  0.96001355  0.21210773
   0.44967282  0.58430200  0.31463787
   0.57191000  0.54636000  0.07986000
   0.37842933  0.67042567  0.17970380
   0.65511858  0.91837781  0.38023455
   0.44866418  0.55297439  0.48614894
   0.51553672  0.79364447  0.27861791
   0.83992000  0.83287000  0.10930000
   0.74535401  0.82205806  0.51260649
   0.98201161  0.96012004  0.21296798
   0.78293218  0.58501957  0.31479188
   0.90524000  0.54636000  0.07986000
   0.71218812  0.67081246  0.18022280
   0.98909336  0.91929642  0.38176862
   0.78513107  0.55657583  0.48592524
   0.84925082  0.79435736  0.27934050
   0.92402922  0.70875494  0.41085683
   0.78684976  0.55234477  0.66204381
   0.74044633  0.17583794  0.59305030
   0.75557369  0.38299052  0.60650600
   0.80418571  0.67147030  0.67302753
   0.77349004  0.59089579  0.72052711
   0.65505714  0.56656875  0.73913328
   0.87085506  0.58142800  0.74908602
   0.70819964  0.70782985  0.65626201
   0.92346262  0.72156391  0.66637850
