   0.60976808  0.43229665  0.49210400
   0.17885032  0.06400509  0.18482006
   0.28022500  0.43360322  0.49149927
   0.03971000  0.44194000  0.08602000
   0.31516649  0.18783889  0.28879497
   0.12534080  0.31269077  0.38955385
   0.51217207  0.06417432  0.18486012
   0.37304000  0.44194000  0.08602000
   0.64869814  0.18826509  0.28888650
   0.45870188  0.31286034  0.38982154
   0.84542425  0.06396681  0.18479058
   0.95017200  0.43243014  0.49431831
   0.70637000  0.44194000  0.08602000
   0.98188193  0.18784221  0.28865898
   0.79249155  0.31294511  0.39073719
   0.18066836  0.56332535  0.18460712
   0.25567494  0.93882450  0.49409642
   0.03971000  0.94194000  0.08602000
   0.31645836  0.68794414  0.28806083
   0.11165310  0.81476712  0.39101636
   0.51415234  0.56353036  0.18487410
   0.58858342  0.93730818  0.49397759
   0.37304000  0.94194000  0.08602000
   0.64996354  0.68830813  0.28844298
   0.44627306  0.81638114  0.38989962
   0.84742704  0.56342459  0.18472280
   0.92170405  0.93867996  0.49419209
   0.70637000  0.94194000  0.08602000
   0.98350180  0.68799616  0.28836522
   0.77948364  0.81545279  0.39078566
   0.03971000  0.19194000  0.08602000
   0.31867118  0.43791672  0.28807158
   0.11655824  0.06121988  0.38998725
   0.17926910  0.31508307  0.18693313
   0.25950890  0.19374602  0.48472960
   0.37304000  0.19194000  0.08602000
   0.65239136  0.43879447  0.28923358
   0.44959184  0.06173152  0.38995712
   0.51290342  0.31578175  0.18737437
   0.59412053  0.19184070  0.48483509
   0.70637000  0.19194000  0.08602000
   0.98508592  0.43824764  0.28856258
   0.78310324  0.06185095  0.38998418
   0.84597731  0.31545580  0.18711169
   0.92905194  0.19184032  0.48501577
   0.03971000  0.69194000  0.08602000
   0.31212974  0.93916676  0.28808001
   0.12585531  0.56024895  0.39026234
   0.17911318  0.81525876  0.18674170
   0.26099176  0.69376197  0.48526777
   0.37304000  0.69194000  0.08602000
   0.64602681  0.93937271  0.28800498
   0.45864042  0.56067605  0.38972654
   0.51249154  0.81528678  0.18673951
   0.59587214  0.69274829  0.48573771
   0.70637000  0.69194000  0.08602000
   0.97925550  0.93871209  0.28817999
   0.84590602  0.81517921  0.18677086
   0.92668994  0.69634709  0.48955792
   0.79140196  0.56075335  0.39149134
   0.17417000  0.33753000  0.10253000
   0.25844170  0.20445706  0.40101334
   0.08089190  0.32250157  0.49893035
   0.31520922  0.46009126  0.20445658
   0.11502744  0.08262637  0.30586500
   0.23858000  0.04636000  0.06951000
   0.04512107  0.17024711  0.16983160
   0.32447893  0.41704160  0.37203608
   0.12323811  0.04957759  0.47750670
   0.18191595  0.29257581  0.27046490
   0.50750000  0.33753000  0.10253000
   0.59128095  0.20477331  0.40135476
   0.41134050  0.32386960  0.49879025
   0.64880603  0.46073519  0.20543489
   0.44871160  0.08308656  0.30578297
   0.57191000  0.04636000  0.06951000
   0.37871368  0.17083966  0.17008511
   0.65889355  0.41870167  0.37405559
   0.45699946  0.04788510  0.47744297
   0.51548116  0.29361386  0.27128876
   0.84083000  0.33753000  0.10253000
   0.92522880  0.20464300  0.40152166
   0.74537996  0.32340137  0.49744644
   0.98180969  0.46035787  0.20480774
   0.78203956  0.08333204  0.30579310
   0.90524000  0.04636000  0.06951000
   0.71192912  0.17056930  0.16995471
   0.99050166  0.41752958  0.37284425
   0.78963391  0.04830089  0.47753505
   0.84864010  0.29306776  0.27075542
   0.17417000  0.83753000  0.10253000
   0.24662034  0.70930247  0.40336558
   0.05579504  0.83349751  0.50370181
   0.31297665  0.96067424  0.20434373
   0.11755889  0.58385888  0.30660466
   0.23858000  0.54636000  0.06951000
   0.04682164  0.66967774  0.16975228
   0.31006921  0.91935046  0.37236970
   0.14694001  0.54273256  0.47678622
   0.18204030  0.79199249  0.27006310
   0.50750000  0.83753000  0.10253000
   0.57954809  0.70973218  0.40363307
   0.38717764  0.83087639  0.50365921
   0.64632546  0.96069809  0.20430389
   0.45105081  0.58386338  0.30609652
   0.57191000  0.54636000  0.06951000
   0.38016260  0.66968836  0.16976873
   0.64483742  0.91928060  0.37221365
   0.47984646  0.54285478  0.47569968
   0.51554510  0.79225113  0.27008933
   0.84083000  0.83753000  0.10253000
   0.72148547  0.83073642  0.50393270
   0.97960637  0.96053103  0.20441333
   0.78459824  0.58459254  0.30778240
   0.90524000  0.54636000  0.06951000
   0.71355842  0.66966004  0.16979956
   0.97780977  0.91784903  0.37253883
   0.81321053  0.54447041  0.48823810
   0.84894433  0.79173925  0.27014569
   0.91109947  0.70701626  0.40694030
   0.61449249  0.62417769  0.62572643
   0.83271131  0.38313590  0.67156875
   0.79634210  0.48109922  0.58964675
   0.53047804  0.71448281  0.63252881
   0.48125672  0.60975132  0.66497216
   0.37665566  0.54789701  0.65159003
   0.51208095  0.60809143  0.71047872
   0.46386273  0.73088283  0.59487499
   0.59874236  0.78832600  0.65395045
