   0.17936277  0.06416751  0.19457022
   0.28608783  0.43039229  0.49978416
   0.03971000  0.44194000  0.09637000
   0.31673930  0.18898900  0.29703603
   0.13014555  0.31295871  0.39627584
   0.51282316  0.06412365  0.19418550
   0.61506741  0.43330324  0.49494107
   0.37304000  0.44194000  0.09637000
   0.65018349  0.18884408  0.29654791
   0.46320716  0.31247745  0.39609328
   0.84600969  0.06406994  0.19449401
   0.95676130  0.43255740  0.49954701
   0.70637000  0.44194000  0.09637000
   0.98328494  0.18852176  0.29663529
   0.79719631  0.31234778  0.39498124
   0.18151023  0.56407669  0.19385928
   0.24418733  0.94286674  0.50073851
   0.03971000  0.94194000  0.09637000
   0.31659344  0.69051499  0.29700909
   0.10996825  0.81844601  0.39910894
   0.51484777  0.56414773  0.19398714
   0.58059494  0.94360182  0.50230117
   0.37304000  0.94194000  0.09637000
   0.64987862  0.69038367  0.29688593
   0.44079603  0.81899003  0.40259066
   0.84821226  0.56417900  0.19405008
   0.90948221  0.93868179  0.50301349
   0.70637000  0.94194000  0.09637000
   0.98360204  0.69004749  0.29738277
   0.77351416  0.81842654  0.40032961
   0.57537541  0.68992856  0.49736104
   0.03971000  0.19194000  0.09637000
   0.32044875  0.43859715  0.29508997
   0.11471986  0.06356608  0.39860712
   0.18002830  0.31473263  0.19510360
   0.26394539  0.19204385  0.49358052
   0.37304000  0.19194000  0.09637000
   0.65420580  0.43891993  0.29603488
   0.44987086  0.06616719  0.39962186
   0.51390753  0.31510166  0.19519276
   0.59061095  0.19955208  0.49817696
   0.70637000  0.19194000  0.09637000
   0.98841256  0.43977966  0.29653141
   0.78043489  0.06401657  0.39901478
   0.84733176  0.31533463  0.19567765
   0.93747922  0.18903008  0.49326548
   0.03971000  0.69194000  0.09637000
   0.31272771  0.94123019  0.29743709
   0.12872568  0.56203952  0.39900858
   0.17961628  0.81571075  0.19577363
   0.27118493  0.69117388  0.49835809
   0.37304000  0.69194000  0.09637000
   0.64458672  0.94053165  0.29740222
   0.46138024  0.56164376  0.39534264
   0.51322525  0.81575701  0.19566073
   0.70637000  0.69194000  0.09637000
   0.97865341  0.94041902  0.29765684
   0.84604938  0.81602075  0.19682490
   0.92850536  0.69564081  0.49248559
   0.79467454  0.56220273  0.39724844
   0.17293000  0.33291000  0.10959000
   0.26226904  0.20525471  0.40940352
   0.08385737  0.32140509  0.51019942
   0.31577011  0.45941787  0.21139230
   0.11661218  0.08416803  0.31427653
   0.23858000  0.04636000  0.07986000
   0.04510945  0.17044919  0.18000115
   0.32911109  0.41564608  0.37801349
   0.11279495  0.05344933  0.48675853
   0.18314269  0.29332702  0.27851174
   0.50633000  0.33253000  0.10912000
   0.59930715  0.20826596  0.41259898
   0.42075274  0.31942944  0.51027489
   0.64938192  0.45969594  0.21203067
   0.45111830  0.08514624  0.31496308
   0.57191000  0.04636000  0.07986000
   0.37890281  0.17078279  0.18004087
   0.66368983  0.41711818  0.38034819
   0.44912280  0.05872182  0.48741444
   0.51720806  0.29401186  0.27895934
   0.83947000  0.33230000  0.10978000
   0.92829140  0.20601356  0.41035229
   0.74827050  0.33008591  0.52147104
   0.98268813  0.46014695  0.21246931
   0.78313120  0.08438250  0.31446435
   0.90524000  0.04636000  0.07986000
   0.71220952  0.17096519  0.18034160
   0.99596884  0.41731831  0.38029829
   0.78436587  0.05255614  0.48699236
   0.85076293  0.29431189  0.27951979
   0.17282000  0.83289000  0.10962000
   0.23908061  0.71120995  0.41548101
   0.04303627  0.83410490  0.51411381
   0.31401068  0.96037314  0.21279118
   0.11821040  0.58588864  0.31496067
   0.23858000  0.54636000  0.07986000
   0.04729800  0.67066427  0.18004418
   0.30744771  0.92376056  0.38157790
   0.15311388  0.53833721  0.48346799
   0.18189183  0.79473110  0.27950546
   0.50615000  0.83297000  0.10968000
   0.57594005  0.71120580  0.41362244
   0.37966184  0.84271342  0.50290174
   0.64714067  0.96051643  0.21291559
   0.45090754  0.58532022  0.31245971
   0.57191000  0.54636000  0.07986000
   0.38057369  0.67070789  0.18011375
   0.63950932  0.92255395  0.38166989
   0.48295873  0.53419936  0.47696149
   0.51513566  0.79448771  0.27907779
   0.84083000  0.83753000  0.11288000
   0.70852308  0.83370846  0.51160657
   0.98069343  0.96086374  0.21366779
   0.78396862  0.58489054  0.31386980
   0.90524000  0.54636000  0.07986000
   0.71401831  0.67054150  0.18007111
   0.97360670  0.92199515  0.38187425
   0.82192566  0.54152688  0.48324870
   0.84872096  0.79408766  0.27990942
   0.90947273  0.71180972  0.41123525
   0.82383299  0.59979323  0.64371459
   0.41183419  0.65396894  0.58177570
   0.75990086  0.44076109  0.59618275
   0.81434889  0.71716035  0.63534765
   0.76674806  0.66033603  0.69022316
   0.64060127  0.63270746  0.69926079
   0.84703501  0.67441201  0.72697204
   0.72232483  0.73065859  0.60562175
   0.93087890  0.77257048  0.63072288
