   0.29100091  0.43166388  0.49193255
   0.17894638  0.06423447  0.18479294
   0.03971000  0.44194000  0.08602000
   0.31572173  0.18814701  0.28854704
   0.12982306  0.31177123  0.38944363
   0.51227781  0.06424191  0.18472644
   0.62164448  0.43040800  0.49134259
   0.37304000  0.44194000  0.08602000
   0.64917020  0.18814097  0.28832478
   0.46313463  0.31188110  0.38850624
   0.84557867  0.06416994  0.18480815
   0.96058712  0.42894711  0.49230178
   0.70637000  0.44194000  0.08602000
   0.98243401  0.18810411  0.28852654
   0.79648109  0.31198922  0.38890143
   0.18125072  0.56354826  0.18461806
   0.25051674  0.93973797  0.49366294
   0.03971000  0.94194000  0.08602000
   0.31634503  0.68829462  0.28792465
   0.10991683  0.81687171  0.38997967
   0.51461932  0.56361056  0.18470853
   0.58254030  0.93834394  0.49354054
   0.37304000  0.94194000  0.08602000
   0.64960916  0.68847385  0.28810350
   0.44315737  0.81693350  0.38959399
   0.84798883  0.56361075  0.18459365
   0.91627317  0.93956178  0.49350712
   0.70637000  0.94194000  0.08602000
   0.98331020  0.68859475  0.28803159
   0.77660128  0.81672542  0.38969171
   0.03971000  0.19194000  0.08602000
   0.32018328  0.43782289  0.28792514
   0.11517379  0.06249614  0.38945162
   0.17960775  0.31534409  0.18689863
   0.26136517  0.19461315  0.48458908
   0.37304000  0.19194000  0.08602000
   0.65386366  0.43856320  0.28837628
   0.44770376  0.06277716  0.38941425
   0.51308858  0.31565211  0.18709145
   0.59605589  0.19282237  0.48416541
   0.70637000  0.19194000  0.08602000
   0.98702574  0.43822366  0.28815780
   0.78062786  0.06202641  0.38913379
   0.84639913  0.31554320  0.18700940
   0.92989623  0.19074465  0.48357359
   0.03971000  0.69194000  0.08602000
   0.31130382  0.93970778  0.28767792
   0.12983003  0.55970713  0.38956651
   0.17901614  0.81544518  0.18666920
   0.26348430  0.69237868  0.48503850
   0.37304000  0.69194000  0.08602000
   0.64446666  0.93940917  0.28755681
   0.46209485  0.55953605  0.38955288
   0.51224550  0.81531566  0.18664899
   0.59725889  0.69338248  0.48472824
   0.70637000  0.69194000  0.08602000
   0.97799832  0.93953742  0.28777246
   0.84560357  0.81541442  0.18672333
   0.93190696  0.69555485  0.48649900
   0.79508127  0.56075884  0.39012704
   0.17417000  0.33753000  0.10253000
   0.26375796  0.20305499  0.39966560
   0.09225796  0.31750657  0.49449618
   0.31576461  0.46027164  0.20432129
   0.11555138  0.08272176  0.30510154
   0.23858000  0.04636000  0.06951000
   0.04525639  0.17049800  0.16978261
   0.32895539  0.41610303  0.37184686
   0.11874713  0.05119254  0.47718298
   0.18256860  0.29288880  0.27030663
   0.50750000  0.33753000  0.10253000
   0.59569760  0.20375136  0.40002648
   0.42264041  0.32104496  0.49954945
   0.64924289  0.46052633  0.20468509
   0.44911629  0.08295624  0.30500134
   0.57191000  0.04636000  0.06951000
   0.37876422  0.17079898  0.16988279
   0.66289943  0.41761965  0.37277592
   0.45251334  0.04994744  0.47717603
   0.51620798  0.29348406  0.27073192
   0.84083000  0.33753000  0.10253000
   0.92802806  0.20270779  0.39949231
   0.75553964  0.32101396  0.49770554
   0.98241111  0.46042665  0.20447196
   0.78202757  0.08269688  0.30481733
   0.90524000  0.04636000  0.06951000
   0.71204445  0.17068447  0.16986842
   0.99514904  0.41650102  0.37213626
   0.78432438  0.04932098  0.47706752
   0.84935870  0.29320047  0.27052888
   0.17417000  0.83753000  0.10253000
   0.24364694  0.71062640  0.40354386
   0.04998792  0.83460884  0.50368242
   0.31305144  0.96069389  0.20393410
   0.11766435  0.58446383  0.30621256
   0.23858000  0.54636000  0.06951000
   0.04728132  0.66981092  0.16967803
   0.30809814  0.92035286  0.37202123
   0.15743366  0.53980541  0.47494630
   0.18181349  0.79252860  0.26994254
   0.50750000  0.83753000  0.10253000
   0.57690731  0.71012243  0.40313663
   0.38179239  0.83192611  0.50381795
   0.64624382  0.96054528  0.20387583
   0.45097360  0.58404522  0.30606936
   0.57191000  0.54636000  0.06951000
   0.38055122  0.66972429  0.16966697
   0.64144587  0.91985917  0.37185786
   0.49038936  0.54099678  0.47602207
   0.51493484  0.79226023  0.26989897
   0.84083000  0.83753000  0.10253000
   0.71556181  0.83220760  0.50396742
   0.97967817  0.96058752  0.20403231
   0.78465456  0.58479052  0.30668381
   0.90524000  0.54636000  0.06951000
   0.71392739  0.66979704  0.16970835
   0.97486782  0.91997341  0.37214979
   0.82260595  0.54247546  0.48015862
   0.84832759  0.79241306  0.27004339
   0.90982152  0.70987912  0.40467815
   0.70948346  0.63416361  0.63638753
   0.05008139  0.45264470  0.63467065
   0.86714671  0.53279216  0.58512834
   0.62029981  0.71591969  0.65423888
   0.65231827  0.63181817  0.69517624
   0.55849601  0.55948597  0.70530079
   0.74518311  0.65581928  0.72738280
   0.50339758  0.70468369  0.63467225
   0.69027105  0.80116231  0.65635933
