   0.18158805  0.06404988  0.19375589
   0.25253655  0.44286520  0.49737945
   0.03971000  0.44194000  0.09637000
   0.31825812  0.18959525  0.29733294
   0.11887240  0.31597942  0.39873871
   0.51480538  0.06428201  0.19367795
   0.58572329  0.44593156  0.49838427
   0.37304000  0.44194000  0.09637000
   0.65162357  0.18931583  0.29631444
   0.45002700  0.31642912  0.40235362
   0.84825902  0.06396742  0.19380011
   0.92258651  0.43970363  0.50039811
   0.70637000  0.44194000  0.09637000
   0.98511062  0.18900765  0.29710478
   0.78319800  0.31458730  0.39782999
   0.18046685  0.56347933  0.19355393
   0.27669496  0.93184987  0.50155536
   0.03971000  0.94194000  0.09637000
   0.31750792  0.68874764  0.29568752
   0.12363672  0.81496873  0.39638392
   0.51405820  0.56399497  0.19414832
   0.61036769  0.93259750  0.50061678
   0.37304000  0.94194000  0.09637000
   0.65135488  0.68918059  0.29604229
   0.45664039  0.81516416  0.39523718
   0.84713106  0.56390909  0.19420422
   0.94444752  0.93412228  0.50215517
   0.70637000  0.94194000  0.09637000
   0.98429685  0.68900621  0.29614528
   0.79097629  0.81538276  0.39580504
   0.57630493  0.18684083  0.50159274
   0.03971000  0.19194000  0.09637000
   0.31649331  0.43864003  0.29577459
   0.12702685  0.06184271  0.40033737
   0.18075364  0.31458946  0.19517937
   0.27438461  0.19252670  0.49927276
   0.37304000  0.19194000  0.09637000
   0.64885792  0.43904093  0.29665296
   0.46231764  0.06213476  0.39783087
   0.51392053  0.31541680  0.19523135
   0.70637000  0.19194000  0.09637000
   0.98292817  0.43880363  0.29604315
   0.79155105  0.06136974  0.39861766
   0.84736311  0.31509977  0.19518156
   0.93240424  0.19259411  0.49295772
   0.03971000  0.69194000  0.09637000
   0.31900487  0.94022440  0.29592953
   0.11800112  0.56309852  0.39669946
   0.18076965  0.81541540  0.19519832
   0.25538288  0.69532840  0.49246971
   0.37304000  0.69194000  0.09637000
   0.65251293  0.93998357  0.29606279
   0.45187949  0.56434931  0.39635734
   0.51416337  0.81535701  0.19519579
   0.58625100  0.70149030  0.49223347
   0.70637000  0.69194000  0.09637000
   0.98658207  0.94054994  0.29698682
   0.84803060  0.81565841  0.19551374
   0.92096415  0.69682768  0.49302126
   0.78639768  0.56297972  0.39730263
   0.17333000  0.33321000  0.10959000
   0.24883744  0.20852189  0.41542659
   0.05221042  0.33326019  0.51071331
   0.31512352  0.45931925  0.21157759
   0.11977890  0.08541856  0.31567723
   0.23858000  0.04636000  0.07986000
   0.04709909  0.17019756  0.17969774
   0.31611552  0.41974107  0.37939489
   0.14441517  0.04162422  0.48659381
   0.18364587  0.29297992  0.27851479
   0.50648000  0.33297000  0.10887000
   0.58752781  0.21023974  0.41751989
   0.38966673  0.34286023  0.50079500
   0.64829996  0.45971660  0.21234413
   0.45339552  0.08578232  0.31447977
   0.57191000  0.04636000  0.07986000
   0.38057268  0.17095848  0.17982036
   0.64978818  0.41890361  0.38117653
   0.47665015  0.03448910  0.48048474
   0.51724406  0.29373600  0.27883538
   0.83998000  0.33294000  0.10911000
   0.91716115  0.20870762  0.41144540
   0.71639355  0.33408214  0.51865757
   0.98168732  0.45956846  0.21190581
   0.78556716  0.08500226  0.31445345
   0.90524000  0.04636000  0.07986000
   0.71403770  0.17066457  0.17987440
   0.98228800  0.41870752  0.38010264
   0.81222904  0.04350832  0.48549638
   0.85071718  0.29321845  0.27865647
   0.17323000  0.83311000  0.10949000
   0.25722841  0.70773777  0.40863017
   0.07420603  0.82331013  0.51241621
   0.31628136  0.96025896  0.21204432
   0.11782628  0.58374337  0.31286285
   0.23858000  0.54636000  0.07986000
   0.04650074  0.67046835  0.17994279
   0.32231687  0.91941045  0.37909461
   0.12021035  0.55057242  0.48359613
   0.18422998  0.79395229  0.27849686
   0.50655000  0.83318000  0.10951000
   0.59165945  0.70878944  0.40801020
   0.40948591  0.82098132  0.51183121
   0.64940658  0.96013391  0.21196377
   0.45143228  0.58375243  0.31233639
   0.57191000  0.54636000  0.07986000
   0.37982614  0.67050593  0.17992340
   0.65613438  0.91932520  0.37995327
   0.45448978  0.55636203  0.48316231
   0.51753902  0.79410396  0.27864665
   0.83988000  0.83312000  0.10940000
   0.74304446  0.82493337  0.51287057
   0.98310650  0.96031497  0.21262109
   0.78445504  0.58389436  0.31341165
   0.90524000  0.54636000  0.07986000
   0.71339968  0.67089942  0.18017548
   0.98984858  0.91965638  0.38096755
   0.79086616  0.54953400  0.48481199
   0.85136961  0.79451019  0.27919893
   0.92319295  0.70775036  0.40957003
   0.78243422  0.55560536  0.66118554
   0.42460505  0.16483785  0.58540528
   0.72190212  0.41014590  0.60140526
   0.79707686  0.67426470  0.67391577
   0.76641586  0.58965323  0.71983329
   0.64722134  0.56364228  0.73764661
   0.86333849  0.57802052  0.74771655
   0.70020926  0.71053304  0.65787307
   0.91635913  0.72454960  0.66765326
