   0.18183545  0.06527654  0.19538646
   0.25334629  0.43581171  0.50295890
   0.03971000  0.44194000  0.09637000
   0.31848594  0.19055126  0.29992206
   0.11666044  0.31459748  0.40160021
   0.51454760  0.06445991  0.19456499
   0.58625092  0.44487787  0.49847893
   0.37304000  0.44194000  0.09637000
   0.65106526  0.18917184  0.29800849
   0.45275385  0.31495576  0.40186433
   0.84823470  0.06482978  0.19450391
   0.92869922  0.44169385  0.49872411
   0.70637000  0.44194000  0.09637000
   0.98476751  0.18952506  0.29788233
   0.78390306  0.31266797  0.40084035
   0.17996502  0.56525032  0.19533776
   0.27025164  0.93452937  0.50382650
   0.03971000  0.94194000  0.09637000
   0.31684417  0.69038395  0.29800479
   0.12202487  0.81612401  0.39691221
   0.51304763  0.56413707  0.19470403
   0.60208060  0.93281986  0.50494367
   0.37304000  0.94194000  0.09637000
   0.64899905  0.68836066  0.29725260
   0.45541502  0.81658398  0.39772554
   0.84700467  0.56495762  0.19496023
   0.93437914  0.93167665  0.50161802
   0.70637000  0.94194000  0.09637000
   0.98321146  0.68963845  0.29819588
   0.78749747  0.81418023  0.39493730
   0.60760363  0.18995820  0.50396432
   0.03971000  0.19194000  0.09637000
   0.31550069  0.43931893  0.29817672
   0.12128737  0.06232317  0.39988356
   0.18010176  0.31651031  0.19737683
   0.25890115  0.19434170  0.49508426
   0.37304000  0.19194000  0.09637000
   0.64928365  0.43842005  0.29771331
   0.45681122  0.06379682  0.40426346
   0.51305203  0.31562384  0.19699584
   0.70637000  0.19194000  0.09637000
   0.98263328  0.43993194  0.29796742
   0.79024540  0.06048978  0.39787143
   0.84659711  0.31621825  0.19706764
   0.91376579  0.18455294  0.49912032
   0.03971000  0.69194000  0.09637000
   0.31956527  0.94352981  0.30009313
   0.12061844  0.56310297  0.39874118
   0.18081445  0.81774524  0.19802223
   0.25574651  0.69464417  0.49457974
   0.37304000  0.69194000  0.09637000
   0.65064778  0.93952999  0.29590869
   0.45057770  0.56394886  0.39825022
   0.51296693  0.81532190  0.19523679
   0.58796554  0.69681115  0.49465167
   0.70637000  0.69194000  0.09637000
   0.98506623  0.94001279  0.29691171
   0.84723050  0.81566250  0.19545616
   0.92340063  0.69642079  0.49249324
   0.78610542  0.56297320  0.39739060
   0.17417000  0.33753000  0.11288000
   0.25225490  0.20812547  0.41280996
   0.05162934  0.32979970  0.50975809
   0.31414708  0.46150182  0.21445679
   0.11889094  0.08497496  0.31554070
   0.23858000  0.04636000  0.07986000
   0.04744137  0.17132429  0.18025239
   0.31698457  0.41845131  0.38202267
   0.13535337  0.04535249  0.48680461
   0.18387552  0.29372555  0.28063785
   0.50750000  0.33753000  0.11288000
   0.58476814  0.20945967  0.42102789
   0.38926448  0.33206378  0.51306624
   0.64815268  0.46076428  0.21363451
   0.45333083  0.08800663  0.31932426
   0.57191000  0.04636000  0.07986000
   0.38058385  0.17062243  0.17994776
   0.65062991  0.41719224  0.38211499
   0.47312808  0.04255938  0.49001530
   0.51731291  0.29337335  0.28017653
   0.84083000  0.33753000  0.11288000
   0.91772211  0.20645465  0.41502935
   0.72021758  0.34295790  0.51333551
   0.98118087  0.46154091  0.21406247
   0.78548555  0.08472551  0.31347023
   0.90524000  0.04636000  0.07986000
   0.71371661  0.17087239  0.18006968
   0.98303296  0.41863341  0.38192074
   0.80209975  0.03417397  0.48055640
   0.85027466  0.29402050  0.28023888
   0.17417000  0.83753000  0.11288000
   0.25526356  0.70990787  0.41137565
   0.06998946  0.82563525  0.51162079
   0.31700321  0.96270567  0.21596097
   0.11766850  0.58504093  0.31499321
   0.23858000  0.54636000  0.07986000
   0.04650040  0.67231661  0.18074166
   0.32057577  0.92217857  0.38405843
   0.12629686  0.54901738  0.48551644
   0.18367858  0.79649188  0.28191895
   0.50619000  0.83294000  0.10916000
   0.58861865  0.70939099  0.41158560
   0.40059718  0.82256952  0.51450405
   0.64883617  0.95992096  0.21205368
   0.44936853  0.58436715  0.31481443
   0.57191000  0.54636000  0.07986000
   0.37923608  0.67086745  0.17984729
   0.65199861  0.91880086  0.37894859
   0.45444265  0.55145536  0.48413934
   0.51615182  0.79313020  0.27875242
   0.83992000  0.83287000  0.10930000
   0.73202821  0.82361242  0.51625752
   0.98267405  0.96064063  0.21286078
   0.78282826  0.58375329  0.31438088
   0.90524000  0.54636000  0.07986000
   0.71250174  0.67095634  0.18008706
   0.98641024  0.91945626  0.38069055
   0.79463982  0.55181561  0.48196755
   0.84885928  0.79355603  0.27928206
   0.92410694  0.70862730  0.40944636
   0.78678771  0.56922481  0.65534918
   0.75149642  0.15676471  0.58757562
   0.74676964  0.41446303  0.59888812
   0.80666806  0.68604228  0.67628805
   0.77363400  0.59196862  0.71687254
   0.65441474  0.56361801  0.73335711
   0.87182706  0.57326597  0.74251376
   0.70842060  0.72420624  0.66374271
   0.92673933  0.73492381  0.67227970
