   0.17936758  0.06410609  0.19442101
   0.28691716  0.43002462  0.49970378
   0.03971000  0.44194000  0.09637000
   0.31645634  0.18872295  0.29691255
   0.13032573  0.31297523  0.39666381
   0.51279832  0.06423207  0.19422166
   0.61566468  0.43240499  0.49474158
   0.37304000  0.44194000  0.09637000
   0.65002192  0.18853474  0.29654048
   0.46307559  0.31260111  0.39600125
   0.84611546  0.06413089  0.19445647
   0.95705248  0.43252680  0.49944318
   0.70637000  0.44194000  0.09637000
   0.98326274  0.18846382  0.29681285
   0.79717137  0.31219782  0.39485865
   0.18145785  0.56398979  0.19372470
   0.24302091  0.94286801  0.50060517
   0.03971000  0.94194000  0.09637000
   0.31678881  0.69056084  0.29703452
   0.10962820  0.81860918  0.39929435
   0.51489792  0.56420214  0.19402674
   0.57994807  0.94334912  0.50228774
   0.37304000  0.94194000  0.09637000
   0.64997792  0.69045407  0.29686226
   0.44050736  0.81925425  0.40253716
   0.84819831  0.56408085  0.19419163
   0.90843329  0.93843526  0.50354531
   0.70637000  0.94194000  0.09637000
   0.98374855  0.68997872  0.29712773
   0.77335288  0.81899606  0.40062344
   0.57557025  0.68961803  0.49728481
   0.03971000  0.19194000  0.09637000
   0.32029911  0.43867134  0.29519038
   0.11471612  0.06392611  0.39881126
   0.18039765  0.31476704  0.19514898
   0.26538834  0.19155911  0.49383342
   0.37304000  0.19194000  0.09637000
   0.65426716  0.43890649  0.29609946
   0.45013849  0.06618480  0.39946376
   0.51377350  0.31509438  0.19539023
   0.59117155  0.19896420  0.49811900
   0.70637000  0.19194000  0.09637000
   0.98856532  0.43951997  0.29649499
   0.78051133  0.06393892  0.39896245
   0.84722987  0.31518138  0.19566515
   0.93822026  0.18861525  0.49323787
   0.03971000  0.69194000  0.09637000
   0.31263945  0.94112248  0.29728398
   0.12868446  0.56193728  0.39885053
   0.17988733  0.81569500  0.19569630
   0.27148246  0.69122400  0.49826978
   0.37304000  0.69194000  0.09637000
   0.64450431  0.94051337  0.29738743
   0.46152232  0.56142501  0.39560416
   0.51312024  0.81573190  0.19560941
   0.70637000  0.69194000  0.09637000
   0.97857802  0.94057749  0.29781146
   0.84625889  0.81611576  0.19685292
   0.92757443  0.69584533  0.49248801
   0.79453467  0.56221626  0.39724359
   0.17293000  0.33291000  0.10959000
   0.26268027  0.20522212  0.40958410
   0.08449357  0.32124071  0.51000883
   0.31590667  0.45959117  0.21158041
   0.11665987  0.08407907  0.31447219
   0.23858000  0.04636000  0.07986000
   0.04533060  0.17054531  0.17998122
   0.32870570  0.41581273  0.37805674
   0.11215187  0.05369108  0.48736498
   0.18308544  0.29311282  0.27854692
   0.50633000  0.33253000  0.10912000
   0.59932861  0.20820297  0.41246888
   0.42156987  0.31929499  0.51029517
   0.64928971  0.45967487  0.21223799
   0.45086753  0.08502509  0.31477335
   0.57191000  0.04636000  0.07986000
   0.37878449  0.17091012  0.18014632
   0.66371023  0.41701609  0.38019436
   0.44839006  0.05866719  0.48747185
   0.51717113  0.29382305  0.27921463
   0.83947000  0.33230000  0.10978000
   0.92825215  0.20573433  0.41016529
   0.74886419  0.32897977  0.52164764
   0.98284632  0.45997283  0.21252765
   0.78310377  0.08406876  0.31439549
   0.90524000  0.04636000  0.07986000
   0.71210504  0.17089629  0.18027954
   0.99593938  0.41700057  0.38022484
   0.78372713  0.05223653  0.48702191
   0.85047198  0.29408796  0.27949608
   0.17282000  0.83289000  0.10962000
   0.23925577  0.71122622  0.41507408
   0.04235836  0.83417886  0.51442722
   0.31413500  0.96045458  0.21277128
   0.11820847  0.58580499  0.31488007
   0.23858000  0.54636000  0.07986000
   0.04719725  0.67057927  0.17999568
   0.30693118  0.92413205  0.38133852
   0.15378906  0.53822212  0.48332569
   0.18198193  0.79455888  0.27929008
   0.50615000  0.83297000  0.10968000
   0.57589831  0.71125077  0.41367800
   0.37873878  0.84304152  0.50232633
   0.64706434  0.96057165  0.21286743
   0.45105149  0.58545594  0.31269414
   0.57191000  0.54636000  0.07986000
   0.38049150  0.67056986  0.17987645
   0.63940077  0.92272365  0.38181502
   0.48419841  0.53354004  0.47704981
   0.51527709  0.79460705  0.27904383
   0.84083000  0.83753000  0.11288000
   0.70800692  0.83341857  0.51252096
   0.98079922  0.96104497  0.21377344
   0.78409045  0.58509389  0.31393790
   0.90524000  0.54636000  0.07986000
   0.71405810  0.67054025  0.18005809
   0.97364534  0.92256051  0.38216912
   0.82114414  0.54159991  0.48363331
   0.84893563  0.79424925  0.27993923
   0.90851584  0.71214645  0.41127381
   0.82281621  0.60072852  0.64244954
   0.41463114  0.65463538  0.58192955
   0.75790695  0.44139459  0.59535532
   0.81264118  0.71827282  0.63485226
   0.76658589  0.66031297  0.68949871
   0.64087253  0.63339331  0.69910311
   0.84808002  0.67393818  0.72597209
   0.72068404  0.73363276  0.60579704
   0.92936060  0.77378494  0.62986785
