   0.17764049  0.06435817  0.19540967
   0.29221020  0.42711991  0.50177878
   0.03971000  0.44194000  0.09637000
   0.31355334  0.18804870  0.29839663
   0.13066643  0.31034908  0.39771029
   0.51090962  0.06436213  0.19546322
   0.62734404  0.42837562  0.50209519
   0.37304000  0.44194000  0.09637000
   0.64698469  0.18800025  0.29849308
   0.46360806  0.31046802  0.39771100
   0.84430036  0.06445651  0.19547412
   0.96056798  0.42644109  0.50014936
   0.70637000  0.44194000  0.09637000
   0.98061267  0.18825954  0.29840953
   0.79704309  0.31021631  0.39721043
   0.18006539  0.56445065  0.19511070
   0.24281132  0.94078102  0.50266124
   0.03971000  0.94194000  0.09637000
   0.31453567  0.68957212  0.29935842
   0.10687928  0.81602831  0.40200738
   0.51336987  0.56438780  0.19501858
   0.57536904  0.94367322  0.50198170
   0.37304000  0.94194000  0.09637000
   0.64762271  0.68956740  0.29902275
   0.43834722  0.81649789  0.40469045
   0.84666057  0.56442005  0.19520410
   0.91009429  0.94284862  0.50370266
   0.70637000  0.94194000  0.09637000
   0.98129749  0.68945805  0.29872096
   0.77170167  0.81684490  0.40270141
   0.92249595  0.69024765  0.49705589
   0.03971000  0.19194000  0.09637000
   0.32009408  0.43888222  0.29815948
   0.11166744  0.06247643  0.39991727
   0.17939258  0.31548018  0.19630825
   0.25163498  0.19512630  0.49587297
   0.37304000  0.19194000  0.09637000
   0.65257144  0.43837400  0.29764736
   0.44455451  0.06252896  0.39961686
   0.51197183  0.31563993  0.19714686
   0.58385220  0.19710648  0.49537484
   0.70637000  0.19194000  0.09637000
   0.98694460  0.43857394  0.29777647
   0.77845032  0.06268034  0.39964368
   0.84532013  0.31573287  0.19713500
   0.91783403  0.19620403  0.49534695
   0.03971000  0.69194000  0.09637000
   0.30918468  0.93905446  0.29847578
   0.12908529  0.55905371  0.40003776
   0.17789803  0.81574152  0.19715542
   0.26168650  0.68735901  0.50051939
   0.37304000  0.69194000  0.09637000
   0.64191547  0.93932991  0.29857783
   0.46179750  0.56004647  0.40118820
   0.51118249  0.81582848  0.19717875
   0.60903829  0.68774289  0.49977595
   0.70637000  0.69194000  0.09637000
   0.97558542  0.93955381  0.29854908
   0.84444045  0.81600858  0.19716386
   0.79641659  0.55889693  0.39843669
   0.17310000  0.33301000  0.10976000
   0.26311607  0.20263376  0.41061978
   0.09159687  0.31547875  0.51147597
   0.31425311  0.46069089  0.21418516
   0.11320857  0.08314885  0.31559153
   0.23858000  0.04636000  0.07986000
   0.04424218  0.17104867  0.18024367
   0.33053168  0.41537862  0.38171231
   0.11158865  0.05084908  0.48774161
   0.18149970  0.29355905  0.28006678
   0.50750000  0.33753000  0.11288000
   0.59654671  0.20279426  0.41023240
   0.42531959  0.31616961  0.51211071
   0.64748356  0.46095834  0.21437125
   0.44644229  0.08281767  0.31531141
   0.57191000  0.04636000  0.07986000
   0.37738882  0.17082861  0.18020886
   0.66324485  0.41471010  0.38086821
   0.44430800  0.05325049  0.48713867
   0.51436863  0.29305383  0.28034868
   0.84083000  0.33753000  0.11288000
   0.92975000  0.20276143  0.41032802
   0.75793018  0.31719516  0.51200598
   0.98123065  0.46099651  0.21442527
   0.77996563  0.08294008  0.31533209
   0.90524000  0.04636000  0.07986000
   0.71075551  0.17082719  0.18013682
   0.99669775  0.41428576  0.38082281
   0.77922270  0.05270410  0.48741088
   0.84780802  0.29318880  0.28031504
   0.17417000  0.83753000  0.11288000
   0.23835976  0.70893088  0.41828738
   0.03748424  0.83326860  0.51447735
   0.31168863  0.96076438  0.21446571
   0.11568039  0.58551098  0.31704285
   0.23858000  0.54636000  0.07986000
   0.04586883  0.67037645  0.17999259
   0.30450165  0.91921261  0.38255696
   0.15805814  0.53167058  0.48297186
   0.17962487  0.79256478  0.28025799
   0.50750000  0.83753000  0.11288000
   0.57299601  0.70963634  0.41931571
   0.37724895  0.83811524  0.50823385
   0.64505240  0.96086996  0.21452709
   0.44923413  0.58584609  0.31788245
   0.57191000  0.54636000  0.07986000
   0.37932200  0.67038743  0.17998553
   0.63716396  0.91963379  0.38285091
   0.49423565  0.53500366  0.48617776
   0.51291171  0.79271151  0.28031019
   0.84083000  0.83753000  0.11288000
   0.70909291  0.83658467  0.51143912
   0.97844362  0.96103814  0.21457396
   0.78218687  0.58517988  0.31615592
   0.90524000  0.54636000  0.07986000
   0.71258973  0.67048474  0.18000419
   0.97106996  0.91960187  0.38285132
   0.82739302  0.53420188  0.48258087
   0.84617184  0.79297035  0.28028131
   0.90577380  0.71012986  0.41537345
   0.74976375  0.56575608  0.64506708
   0.25295215  0.64931070  0.60006993
   0.98030543  0.65054970  0.60977407
   0.60104753  0.60166850  0.64021178
   0.66024742  0.58150862  0.69609453
   0.61173632  0.50133145  0.71855947
   0.71525023  0.65099443  0.72376247
   0.50707715  0.53877903  0.61931910
   0.61038853  0.68793382  0.62512182
