   0.17937410  0.06425222  0.19484951
   0.28963626  0.43134607  0.50292942
   0.03971000  0.44194000  0.09637000
   0.31718497  0.18895110  0.29750443
   0.13165193  0.31248218  0.39640845
   0.51277150  0.06390644  0.19444801
   0.61926699  0.43289350  0.49922487
   0.37304000  0.44194000  0.09637000
   0.65031329  0.18829201  0.29671095
   0.46487721  0.31291489  0.39699887
   0.84618656  0.06421806  0.19458288
   0.96014316  0.42920367  0.49614666
   0.70637000  0.44194000  0.09637000
   0.98374193  0.18848859  0.29696130
   0.79751023  0.31136826  0.39471698
   0.18179797  0.56478144  0.19440495
   0.24172336  0.94337886  0.50100873
   0.03971000  0.94194000  0.09637000
   0.31739291  0.69131132  0.29844696
   0.11117698  0.81824894  0.40057977
   0.51456934  0.56405117  0.19353710
   0.57770154  0.94516505  0.50415696
   0.37304000  0.94194000  0.09637000
   0.64977235  0.68985797  0.29674828
   0.44185554  0.82002541  0.40471316
   0.84836714  0.56445598  0.19398444
   0.90601708  0.93838029  0.50233660
   0.70637000  0.94194000  0.09637000
   0.98414711  0.69040279  0.29719958
   0.77467649  0.81794597  0.40008126
   0.57402546  0.69250139  0.49915562
   0.03971000  0.19194000  0.09637000
   0.32207867  0.43990118  0.29673795
   0.11498202  0.06370901  0.39912246
   0.18080656  0.31561733  0.19570797
   0.25785226  0.19470804  0.49496463
   0.37304000  0.19194000  0.09637000
   0.65429340  0.43777051  0.29443869
   0.44981871  0.06798721  0.40169366
   0.51357580  0.31422915  0.19470171
   0.58419425  0.20071596  0.50065859
   0.70637000  0.19194000  0.09637000
   0.98935526  0.43954061  0.29629591
   0.77990156  0.06446734  0.39998140
   0.84761678  0.31511797  0.19552274
   0.93144257  0.19048512  0.49495028
   0.03971000  0.69194000  0.09637000
   0.31397546  0.94173267  0.29892355
   0.13120024  0.56178363  0.39867255
   0.18035264  0.81633506  0.19627317
   0.26799121  0.69078176  0.49993528
   0.37304000  0.69194000  0.09637000
   0.64547978  0.94039163  0.29816929
   0.46304417  0.56156750  0.39843716
   0.51324281  0.81597176  0.19596757
   0.70637000  0.69194000  0.09637000
   0.97958726  0.94026690  0.29789683
   0.84614870  0.81623463  0.19684071
   0.92968045  0.69229023  0.49016670
   0.79459889  0.55950608  0.39530701
   0.17293000  0.33291000  0.10959000
   0.26383509  0.20534248  0.41013001
   0.08741591  0.31917541  0.51276648
   0.31618596  0.46057453  0.21281397
   0.11702986  0.08416564  0.31473243
   0.23858000  0.04636000  0.07986000
   0.04565067  0.17110215  0.18025558
   0.33091417  0.41637222  0.37992110
   0.10948438  0.05361295  0.48711239
   0.18426397  0.29412135  0.27936176
   0.50633000  0.33253000  0.10912000
   0.60029699  0.20930073  0.41492549
   0.42250520  0.31960824  0.51295686
   0.64891751  0.45910332  0.21073283
   0.45171976  0.08576335  0.31679872
   0.57191000  0.04636000  0.07986000
   0.37863623  0.17015827  0.17984620
   0.66424190  0.41546119  0.37828461
   0.44474719  0.05966359  0.48939014
   0.51731410  0.29273609  0.27816081
   0.83947000  0.33230000  0.10978000
   0.92949374  0.20602566  0.41138122
   0.75450337  0.32579022  0.52182981
   0.98302988  0.46027029  0.21235394
   0.78346787  0.08446740  0.31548057
   0.90524000  0.04636000  0.07986000
   0.71208451  0.17073511  0.18025807
   0.99699316  0.41643075  0.38017093
   0.78093702  0.05248499  0.48774440
   0.85110508  0.29388344  0.27925757
   0.17282000  0.83289000  0.10962000
   0.24037470  0.71110942  0.41663738
   0.04022753  0.83304322  0.51047974
   0.31429285  0.96096285  0.21393210
   0.11847004  0.58607871  0.31512528
   0.23858000  0.54636000  0.07986000
   0.04748787  0.67125515  0.18025074
   0.30896096  0.92455361  0.38335082
   0.15595659  0.53612644  0.48215236
   0.18287018  0.79542867  0.28011732
   0.50615000  0.83297000  0.10968000
   0.57665061  0.71165544  0.41538699
   0.37811248  0.84337139  0.50445730
   0.64722179  0.96073987  0.21355624
   0.45156573  0.58648170  0.31546490
   0.57191000  0.54636000  0.07986000
   0.38066759  0.67093251  0.18008956
   0.64134924  0.92222399  0.38260345
   0.48784853  0.53549624  0.48126199
   0.51561148  0.79454360  0.27947798
   0.84083000  0.83753000  0.11288000
   0.70430611  0.83448023  0.51471160
   0.98080441  0.96116057  0.21384226
   0.78420919  0.58377373  0.31198515
   0.90524000  0.54636000  0.07986000
   0.71375973  0.67070982  0.18003646
   0.97523403  0.92153343  0.38216827
   0.82383918  0.53747496  0.48202299
   0.84868128  0.79430145  0.27984330
   0.90824964  0.70951134  0.40884767
   0.80964563  0.61023677  0.62903013
   0.37213680  0.64829852  0.58600800
   0.80508779  0.44094995  0.59499652
   0.80331868  0.72911604  0.63019632
   0.76652203  0.65871171  0.68183836
   0.64209299  0.63004667  0.69375678
   0.85367629  0.66413312  0.71597296
   0.70883954  0.75169160  0.60525786
   0.91958432  0.78503764  0.62531532
