   0.18170374  0.06490733  0.19511204
   0.24395064  0.44212615  0.50346458
   0.03971000  0.44194000  0.09637000
   0.31884269  0.19014658  0.29896440
   0.11332792  0.31816908  0.40073206
   0.51470758  0.06469863  0.19493599
   0.57654987  0.44803690  0.50093751
   0.37304000  0.44194000  0.09637000
   0.65220554  0.19007217  0.29850908
   0.44852382  0.31829507  0.40118041
   0.84799834  0.06443272  0.19461885
   0.91621140  0.44772348  0.50090610
   0.70637000  0.44194000  0.09637000
   0.98520981  0.18954616  0.29798951
   0.78005630  0.31758549  0.40131363
   0.17953778  0.56500320  0.19520012
   0.28236162  0.93467624  0.50261311
   0.03971000  0.94194000  0.09637000
   0.31609224  0.69031583  0.29807746
   0.12574747  0.81637780  0.39768800
   0.51297686  0.56471794  0.19515555
   0.61610583  0.93415734  0.50281580
   0.37304000  0.94194000  0.09637000
   0.64917376  0.68978671  0.29758720
   0.45903226  0.81648668  0.39827820
   0.84646279  0.56493817  0.19527657
   0.94919909  0.93497676  0.50185047
   0.70637000  0.94194000  0.09637000
   0.98247657  0.69000863  0.29795609
   0.79180694  0.81610421  0.39743667
   0.60326461  0.19200568  0.50241268
   0.03971000  0.19194000  0.09637000
   0.31401359  0.44053642  0.29792450
   0.12721585  0.06265162  0.39987387
   0.17996544  0.31615054  0.19709179
   0.26221313  0.19722278  0.49496392
   0.37304000  0.19194000  0.09637000
   0.64752574  0.44058408  0.29813399
   0.46296988  0.06444379  0.40226893
   0.51334545  0.31601819  0.19734120
   0.70637000  0.19194000  0.09637000
   0.98061929  0.44060175  0.29805727
   0.79575830  0.06263973  0.39956655
   0.84666071  0.31611721  0.19716582
   0.91820052  0.19343489  0.49934113
   0.03971000  0.69194000  0.09637000
   0.32043990  0.94212736  0.29904903
   0.11523234  0.56557443  0.39902738
   0.18013316  0.81696409  0.19766018
   0.25659902  0.69810690  0.49424587
   0.37304000  0.69194000  0.09637000
   0.65244147  0.94015574  0.29731139
   0.44712903  0.56577937  0.39906043
   0.51345002  0.81566735  0.19586339
   0.58781336  0.69913016  0.49448188
   0.70637000  0.69194000  0.09637000
   0.98607287  0.94002936  0.29737212
   0.84726291  0.81562159  0.19588668
   0.92093029  0.70168271  0.49402651
   0.78176096  0.56641631  0.39876507
   0.17417000  0.33753000  0.11288000
   0.24807633  0.21158029  0.41304135
   0.04123949  0.33764534  0.51467305
   0.31394368  0.46144142  0.21414511
   0.11970847  0.08521493  0.31569204
   0.23858000  0.04636000  0.07986000
   0.04709196  0.17076334  0.18014087
   0.31237345  0.42111096  0.38198858
   0.15023578  0.04512972  0.48683655
   0.18420334  0.29345771  0.28014222
   0.50750000  0.33753000  0.11288000
   0.58104691  0.21332358  0.41975818
   0.37782332  0.33806868  0.51392135
   0.64735855  0.46134497  0.21432790
   0.45450367  0.08740928  0.31792499
   0.57191000  0.04636000  0.07986000
   0.38061971  0.17092409  0.18011845
   0.64632192  0.42139032  0.38221959
   0.48172616  0.04164399  0.48732131
   0.51752575  0.29382070  0.28063333
   0.84083000  0.33753000  0.11288000
   0.91469788  0.21200873  0.41597802
   0.71153710  0.34654907  0.51146688
   0.98070639  0.46143119  0.21424588
   0.78653015  0.08564758  0.31569393
   0.90524000  0.04636000  0.07986000
   0.71396318  0.17069721  0.18010851
   0.97847171  0.42129127  0.38217558
   0.81618237  0.03943147  0.48362106
   0.85093279  0.29360782  0.28032237
   0.17417000  0.83753000  0.11288000
   0.25876068  0.70890934  0.41013570
   0.08096062  0.82580091  0.51275520
   0.31661257  0.96208301  0.21510383
   0.11605003  0.58522175  0.31483093
   0.23858000  0.54636000  0.07986000
   0.04585243  0.67179171  0.18055020
   0.32501108  0.92150549  0.38290129
   0.11756212  0.55404861  0.48610217
   0.18293936  0.79593991  0.28114304
   0.50619000  0.83294000  0.10916000
   0.59217928  0.70853396  0.41013226
   0.41428529  0.82395329  0.51206167
   0.64910121  0.96048513  0.21319049
   0.44956780  0.58518088  0.31486816
   0.57191000  0.54636000  0.07986000
   0.37913160  0.67119887  0.18013494
   0.65746795  0.91997323  0.38104739
   0.44589819  0.55572609  0.48653237
   0.51591838  0.79482830  0.27964337
   0.83992000  0.83287000  0.10930000
   0.74818000  0.82297742  0.51284405
   0.98257388  0.96060856  0.21317329
   0.78283026  0.58497691  0.31475909
   0.90524000  0.54636000  0.07986000
   0.71238075  0.67120840  0.18023436
   0.99083901  0.92028024  0.38152926
   0.78209579  0.55775776  0.48560520
   0.84929153  0.79464398  0.27970344
   0.92591115  0.70934261  0.40963570
   0.78666894  0.53611102  0.66465528
   0.72481420  0.15983067  0.59127028
   0.75745556  0.37229013  0.60808848
   0.80280050  0.65661857  0.66917037
   0.77342758  0.58581847  0.72080320
   0.65465385  0.56575603  0.73958638
   0.87086277  0.58237172  0.75017526
   0.70653818  0.68909080  0.65022289
   0.92181534  0.70561377  0.66050161
