   0.17933606  0.06418294  0.19482529
   0.29003655  0.43170300  0.50292333
   0.03971000  0.44194000  0.09637000
   0.31713878  0.18882840  0.29746745
   0.13191860  0.31238687  0.39649739
   0.51269674  0.06387004  0.19444547
   0.61903121  0.43279699  0.49906023
   0.37304000  0.44194000  0.09637000
   0.65023334  0.18824276  0.29669746
   0.46509481  0.31273191  0.39689557
   0.84612089  0.06419690  0.19454441
   0.96142355  0.42907722  0.49616921
   0.70637000  0.44194000  0.09637000
   0.98371191  0.18846929  0.29690475
   0.79760101  0.31149032  0.39458243
   0.18178388  0.56476775  0.19440453
   0.24084468  0.94338801  0.50101706
   0.03971000  0.94194000  0.09637000
   0.31730609  0.69129124  0.29848213
   0.11093537  0.81821223  0.40144526
   0.51456117  0.56407375  0.19352995
   0.57808091  0.94511812  0.50400017
   0.37304000  0.94194000  0.09637000
   0.64975257  0.69004225  0.29658180
   0.44242329  0.81975924  0.40518398
   0.84838157  0.56453360  0.19405163
   0.90629358  0.93899143  0.50228606
   0.70637000  0.94194000  0.09637000
   0.98435795  0.69064176  0.29705664
   0.77502482  0.81782890  0.40062056
   0.57744639  0.69208673  0.49877208
   0.03971000  0.19194000  0.09637000
   0.32213902  0.44003134  0.29682772
   0.11488103  0.06355319  0.39903901
   0.18076961  0.31556839  0.19565923
   0.25652570  0.19546057  0.49499894
   0.37304000  0.19194000  0.09637000
   0.65409361  0.43766828  0.29415775
   0.45010768  0.06819839  0.40177955
   0.51347120  0.31411625  0.19458009
   0.58431687  0.20261599  0.50127994
   0.70637000  0.19194000  0.09637000
   0.98969498  0.43948944  0.29625461
   0.77993738  0.06431252  0.39999942
   0.84751632  0.31515549  0.19552030
   0.93069955  0.19100095  0.49494914
   0.03971000  0.69194000  0.09637000
   0.31384388  0.94159502  0.29892156
   0.13017704  0.56134678  0.39899451
   0.18032688  0.81629480  0.19624982
   0.26937018  0.69071246  0.49995324
   0.37304000  0.69194000  0.09637000
   0.64553840  0.94031316  0.29813930
   0.46328355  0.56193021  0.39899519
   0.51320716  0.81592513  0.19596343
   0.70637000  0.69194000  0.09637000
   0.97945791  0.94016359  0.29785970
   0.84609733  0.81613142  0.19683493
   0.92763637  0.69148579  0.48999718
   0.79546841  0.55922742  0.39494157
   0.17293000  0.33291000  0.10959000
   0.26389388  0.20532686  0.41011757
   0.08704425  0.31839573  0.51328415
   0.31616442  0.46055178  0.21285128
   0.11689961  0.08416490  0.31469902
   0.23858000  0.04636000  0.07986000
   0.04560383  0.17105313  0.18024141
   0.33124755  0.41672638  0.38007214
   0.10986215  0.05362113  0.48704028
   0.18428213  0.29410114  0.27933707
   0.50633000  0.33253000  0.10912000
   0.60115341  0.20995781  0.41533334
   0.42157117  0.31934329  0.51276740
   0.64884241  0.45903907  0.21060802
   0.45167347  0.08575120  0.31690145
   0.57191000  0.04636000  0.07986000
   0.37853363  0.17004367  0.17979137
   0.66434207  0.41531751  0.37770272
   0.44554306  0.06133470  0.48940901
   0.51709630  0.29249011  0.27797061
   0.83947000  0.33230000  0.10978000
   0.92948751  0.20636446  0.41155805
   0.75235244  0.32515024  0.52370365
   0.98294230  0.46029873  0.21243200
   0.78346407  0.08451144  0.31552580
   0.90524000  0.04636000  0.07986000
   0.71204559  0.17073551  0.18025966
   0.99728746  0.41615128  0.37988348
   0.78020980  0.05351496  0.48775582
   0.85104794  0.29383776  0.27925742
   0.17282000  0.83289000  0.10962000
   0.24081585  0.71055359  0.41654961
   0.03812756  0.83238737  0.51002276
   0.31426951  0.96089634  0.21398501
   0.11822069  0.58620208  0.31530107
   0.23858000  0.54636000  0.07986000
   0.04753453  0.67122742  0.18023150
   0.30914951  0.92417663  0.38335521
   0.15554155  0.53571217  0.48233960
   0.18292820  0.79539089  0.28010557
   0.50615000  0.83297000  0.10968000
   0.57732411  0.71172106  0.41628417
   0.37769947  0.84399865  0.50469925
   0.64716547  0.96073588  0.21355020
   0.45170819  0.58679453  0.31575069
   0.57191000  0.54636000  0.07986000
   0.38064959  0.67090469  0.18009256
   0.64150181  0.92146275  0.38252642
   0.48880406  0.53579460  0.48182112
   0.51551752  0.79455005  0.27952427
   0.84083000  0.83753000  0.11288000
   0.70576754  0.83476328  0.51470366
   0.98070304  0.96110713  0.21378883
   0.78423788  0.58411626  0.31141223
   0.90524000  0.54636000  0.07986000
   0.71372339  0.67067255  0.18002180
   0.97522461  0.92106734  0.38207573
   0.82306429  0.53772189  0.48131456
   0.84876034  0.79433153  0.27986436
   0.90731064  0.70947343  0.40926721
   0.80944386  0.60940871  0.62815531
   0.36803432  0.64753326  0.58658940
   0.81106981  0.44419660  0.59468927
   0.80303914  0.72890169  0.62982014
   0.76592183  0.65878683  0.68094143
   0.64163323  0.62856425  0.69371741
   0.85409844  0.66269865  0.71529219
   0.70875788  0.75302486  0.60476698
   0.91827937  0.78534030  0.62454337
