   0.18161087  0.06421764  0.19375157
   0.25358737  0.44263605  0.49709150
   0.03971000  0.44194000  0.09637000
   0.31816257  0.18945655  0.29729291
   0.11876689  0.31557802  0.39891406
   0.51493605  0.06445156  0.19371457
   0.58671764  0.44581756  0.49805002
   0.37304000  0.44194000  0.09637000
   0.65149757  0.18940777  0.29649684
   0.45032259  0.31608857  0.40227869
   0.84819764  0.06391708  0.19387290
   0.92245546  0.43893165  0.50028704
   0.70637000  0.44194000  0.09637000
   0.98514118  0.18905267  0.29705228
   0.78314865  0.31393184  0.39767161
   0.18054062  0.56348749  0.19356329
   0.27555712  0.93183518  0.50159135
   0.03971000  0.94194000  0.09637000
   0.31715941  0.68856158  0.29580265
   0.12380826  0.81488491  0.39660422
   0.51400068  0.56393515  0.19444792
   0.60964348  0.93235947  0.50087379
   0.37304000  0.94194000  0.09637000
   0.65126200  0.68909987  0.29579040
   0.45628217  0.81480359  0.39527366
   0.84715082  0.56386670  0.19435404
   0.94380694  0.93395516  0.50217969
   0.70637000  0.94194000  0.09637000
   0.98432702  0.68886940  0.29612684
   0.79056768  0.81543107  0.39603267
   0.57533433  0.18695268  0.50157735
   0.03971000  0.19194000  0.09637000
   0.31691260  0.43881371  0.29559970
   0.12706423  0.06193530  0.40055346
   0.18064462  0.31449898  0.19496156
   0.27394692  0.19175815  0.49910351
   0.37304000  0.19194000  0.09637000
   0.64877550  0.43899731  0.29676505
   0.46301969  0.06241941  0.39810134
   0.51413588  0.31549131  0.19532874
   0.70637000  0.19194000  0.09637000
   0.98314423  0.43880435  0.29611761
   0.79095776  0.06164459  0.39890033
   0.84745788  0.31529216  0.19512104
   0.93306863  0.19258337  0.49319794
   0.03971000  0.69194000  0.09637000
   0.31865798  0.94013129  0.29595795
   0.11850775  0.56274130  0.39692956
   0.18035042  0.81539833  0.19502784
   0.25597506  0.69522466  0.49233945
   0.37304000  0.69194000  0.09637000
   0.65226421  0.93997157  0.29590306
   0.45246130  0.56437756  0.39647793
   0.51426440  0.81519253  0.19504442
   0.58685645  0.70188629  0.49204814
   0.70637000  0.69194000  0.09637000
   0.98635630  0.94079173  0.29694083
   0.84800242  0.81539122  0.19540508
   0.91971986  0.69713790  0.49281540
   0.78651106  0.56257793  0.39749648
   0.17333000  0.33321000  0.10959000
   0.24812746  0.20874984  0.41573285
   0.05300001  0.33273498  0.51074585
   0.31505604  0.45915491  0.21137834
   0.11976111  0.08555185  0.31567904
   0.23858000  0.04636000  0.07986000
   0.04708356  0.16994716  0.17970022
   0.31687400  0.41977345  0.37948212
   0.14401565  0.04192516  0.48635618
   0.18388957  0.29305773  0.27836784
   0.50648000  0.33297000  0.10887000
   0.58746259  0.21092106  0.41793464
   0.38953061  0.34311273  0.50052732
   0.64825684  0.45984954  0.21251711
   0.45337973  0.08589176  0.31444394
   0.57191000  0.04636000  0.07986000
   0.38072143  0.17101612  0.17990180
   0.65012584  0.41931632  0.38097745
   0.47576963  0.03429912  0.48004761
   0.51707476  0.29342319  0.27888288
   0.83998000  0.33294000  0.10911000
   0.91797738  0.20885857  0.41129934
   0.71666042  0.33310239  0.51904523
   0.98155555  0.45966495  0.21202238
   0.78540414  0.08499831  0.31455539
   0.90524000  0.04636000  0.07986000
   0.71417682  0.17069594  0.17993066
   0.98214568  0.41871929  0.38017378
   0.81127039  0.04292810  0.48568117
   0.85066561  0.29316579  0.27873520
   0.17323000  0.83311000  0.10949000
   0.25627336  0.70787216  0.40859760
   0.07301347  0.82256711  0.51257088
   0.31610911  0.96044109  0.21180553
   0.11725401  0.58352724  0.31296739
   0.23858000  0.54636000  0.07986000
   0.04637473  0.67043680  0.17992864
   0.32246979  0.91876236  0.37925878
   0.12009556  0.55098193  0.48318938
   0.18402817  0.79366317  0.27828981
   0.50655000  0.83318000  0.10951000
   0.59122666  0.70891379  0.40789323
   0.40806801  0.82171679  0.51209456
   0.64937766  0.96022648  0.21184107
   0.45168994  0.58379904  0.31217417
   0.57191000  0.54636000  0.07986000
   0.38002551  0.67035892  0.18002704
   0.65594892  0.91948066  0.37983191
   0.45564831  0.55714549  0.48353538
   0.51745012  0.79414498  0.27844156
   0.83988000  0.83312000  0.10940000
   0.74280435  0.82508380  0.51322544
   0.98310873  0.96024699  0.21246122
   0.78448252  0.58359639  0.31302768
   0.90524000  0.54636000  0.07986000
   0.71344765  0.67068882  0.18027806
   0.99006156  0.91928888  0.38098363
   0.79151917  0.54849942  0.48530008
   0.85160595  0.79473364  0.27903709
   0.92228146  0.70770004  0.40918354
   0.78173917  0.55772807  0.66009860
   0.42428192  0.16500791  0.58512510
   0.72324909  0.41056594  0.60122596
   0.79708564  0.67538839  0.67407821
   0.76685509  0.59009796  0.71978633
   0.64748193  0.56240903  0.73741565
   0.86294941  0.57620184  0.74746739
   0.70209075  0.71266929  0.65807080
   0.91584557  0.72596236  0.66766350
