   0.18179038  0.06412181  0.19381305
   0.24851990  0.44336840  0.49961317
   0.03971000  0.44194000  0.09637000
   0.31765075  0.19032731  0.29702726
   0.11262156  0.31619392  0.40115685
   0.51500141  0.06390861  0.19361949
   0.57570961  0.44253059  0.50023569
   0.37304000  0.44194000  0.09637000
   0.65120014  0.18972647  0.29645601
   0.44502403  0.31704935  0.40104467
   0.84819689  0.06372056  0.19364914
   0.91710335  0.44628419  0.49779123
   0.70637000  0.44194000  0.09637000
   0.98407361  0.18949004  0.29667278
   0.78159091  0.31589376  0.39780033
   0.18084712  0.56372865  0.19357780
   0.28144429  0.93102123  0.49944574
   0.03971000  0.94194000  0.09637000
   0.31694443  0.68914081  0.29614728
   0.12469899  0.81428606  0.39493075
   0.51400393  0.56384107  0.19411887
   0.61703203  0.93274202  0.50072183
   0.37304000  0.94194000  0.09637000
   0.64995063  0.68875804  0.29637066
   0.45863078  0.81488841  0.39566218
   0.84727533  0.56358787  0.19357322
   0.94939665  0.93175404  0.50092828
   0.70637000  0.94194000  0.09637000
   0.98322286  0.68878989  0.29599531
   0.79172196  0.81428911  0.39561267
   0.93985767  0.19066192  0.49828406
   0.03971000  0.19194000  0.09637000
   0.31413493  0.43884185  0.29594698
   0.12826945  0.06036175  0.39667809
   0.18045273  0.31487849  0.19486287
   0.24354411  0.18940307  0.49835064
   0.37304000  0.19194000  0.09637000
   0.64764522  0.43963506  0.29689229
   0.46030303  0.06323232  0.39924660
   0.51384268  0.31534603  0.19541270
   0.58768896  0.19307660  0.49724636
   0.70637000  0.19194000  0.09637000
   0.98171458  0.43943192  0.29553071
   0.79377900  0.06176052  0.39947963
   0.84708247  0.31494636  0.19490075
   0.03971000  0.69194000  0.09637000
   0.31996619  0.94097261  0.29648182
   0.11605446  0.56430558  0.39643740
   0.18101679  0.81548950  0.19547986
   0.25252399  0.70044018  0.49204640
   0.37304000  0.69194000  0.09637000
   0.65307211  0.94027580  0.29662466
   0.44825255  0.56354060  0.39676222
   0.51427146  0.81525301  0.19555692
   0.58635221  0.69763634  0.49199595
   0.70637000  0.69194000  0.09637000
   0.98563622  0.93934373  0.29520303
   0.84737549  0.81475869  0.19490732
   0.91971387  0.69734076  0.49333837
   0.78258744  0.56419521  0.39771753
   0.17334540  0.33270048  0.10884297
   0.24783077  0.20882296  0.41406721
   0.04613555  0.34367913  0.50213504
   0.31520774  0.45940968  0.21164063
   0.11902184  0.08510202  0.31307505
   0.23858000  0.04636000  0.07986000
   0.04711114  0.17019511  0.17961193
   0.31134878  0.41979065  0.38002244
   0.14880995  0.03340801  0.47919244
   0.18267215  0.29338064  0.27819571
   0.50674604  0.33272068  0.10915395
   0.58230017  0.21233493  0.41560926
   0.37962876  0.33494141  0.50945368
   0.64858603  0.45987597  0.21238467
   0.45283262  0.08689570  0.31537366
   0.57191000  0.04636000  0.07986000
   0.38078417  0.17059533  0.17994149
   0.64597401  0.41999460  0.38166913
   0.48262351  0.04254739  0.48602801
   0.51666517  0.29416932  0.27898467
   0.84000173  0.33265162  0.10886674
   0.91051942  0.20979316  0.41493864
   0.70934353  0.33562062  0.52078195
   0.98194904  0.45952360  0.21130925
   0.78528447  0.08583596  0.31497655
   0.90524000  0.04636000  0.07986000
   0.71398209  0.17019755  0.17979390
   0.97858419  0.42011383  0.37932371
   0.81516981  0.03931617  0.48467425
   0.84962748  0.29364276  0.27831766
   0.17353369  0.83267003  0.10922507
   0.25929587  0.70782002  0.40737154
   0.08138741  0.81949101  0.51232292
   0.31661949  0.96042924  0.21241659
   0.11682105  0.58392350  0.31236243
   0.23858000  0.54636000  0.07986000
   0.04657306  0.67075515  0.18006112
   0.32459650  0.91992100  0.38020359
   0.11715338  0.55647048  0.48348787
   0.18383197  0.79479380  0.27913506
   0.50669565  0.83272089  0.10940792
   0.59173505  0.70677623  0.40799233
   0.41566706  0.82344579  0.50970391
   0.64953313  0.96017240  0.21247057
   0.44995117  0.58332393  0.31257639
   0.57191000  0.54636000  0.07986000
   0.38002103  0.67058382  0.18008836
   0.65761572  0.91896415  0.38040536
   0.44943716  0.55286630  0.48401153
   0.51718929  0.79447732  0.27918832
   0.84009446  0.83260523  0.10888973
   0.74703870  0.82097884  0.51157597
   0.98288632  0.95965304  0.21142612
   0.78333990  0.58373237  0.31364949
   0.90524000  0.54636000  0.07986000
   0.71313842  0.67018857  0.17980481
   0.98971790  0.91742510  0.37828759
   0.78058369  0.55212792  0.48565695
   0.84968796  0.79335898  0.27830916
   0.92509560  0.70724314  0.40912648
   0.78641003  0.54175307  0.67098235
   0.07788902  0.16033917  0.58177549
   0.73340298  0.40916848  0.60348360
   0.80117024  0.66223085  0.67196443
   0.76963362  0.59673266  0.72541905
   0.65050525  0.57931958  0.74368261
   0.86660051  0.59646533  0.75560672
   0.70423474  0.69199367  0.65136371
   0.91982379  0.70991116  0.66276650
