   0.18027864  0.06477037  0.19464743
   0.26401770  0.43976097  0.50174022
   0.03971000  0.44194000  0.09637000
   0.31677581  0.19041513  0.29807147
   0.11804655  0.31496927  0.40325859
   0.51366113  0.06472165  0.19477221
   0.58966045  0.43832269  0.50059121
   0.37304000  0.44194000  0.09637000
   0.65004236  0.18938982  0.29816717
   0.45013486  0.31473050  0.40177891
   0.84695845  0.06457051  0.19440865
   0.93229180  0.44201372  0.49738163
   0.70637000  0.44194000  0.09637000
   0.98344014  0.19005919  0.29833908
   0.78597010  0.31328553  0.39879506
   0.18035736  0.56452800  0.19481671
   0.26561981  0.93311749  0.50271883
   0.03971000  0.94194000  0.09637000
   0.31682632  0.69004240  0.29779281
   0.12051727  0.81568633  0.39715532
   0.51333636  0.56416210  0.19450829
   0.60090324  0.93612793  0.50518956
   0.37304000  0.94194000  0.09637000
   0.64923844  0.68906987  0.29718144
   0.45457924  0.81646484  0.39831825
   0.84687975  0.56406860  0.19456189
   0.93302104  0.93256355  0.50416824
   0.70637000  0.94194000  0.09637000
   0.98306112  0.68924176  0.29711129
   0.78749669  0.81544571  0.39721807
   0.94035871  0.18964277  0.50113406
   0.03971000  0.19194000  0.09637000
   0.31588482  0.43923104  0.29775940
   0.12328376  0.06132734  0.39834254
   0.18016842  0.31571246  0.19588427
   0.24411087  0.18713585  0.50062069
   0.37304000  0.19194000  0.09637000
   0.64894384  0.43811313  0.29689340
   0.45411854  0.06390967  0.40171650
   0.51326916  0.31502838  0.19551977
   0.58482140  0.19407109  0.49943043
   0.70637000  0.19194000  0.09637000
   0.98329316  0.43915319  0.29719032
   0.78849442  0.06299540  0.40234289
   0.84678532  0.31530444  0.19580134
   0.03971000  0.69194000  0.09637000
   0.31774975  0.94104897  0.29813391
   0.12267020  0.56362557  0.39817512
   0.18043094  0.81595268  0.19604472
   0.25644906  0.69886684  0.49422078
   0.37304000  0.69194000  0.09637000
   0.65090761  0.94106065  0.29825233
   0.45306895  0.56303863  0.39909416
   0.51338971  0.81606199  0.19608949
   0.59086139  0.69670079  0.49505789
   0.70637000  0.69194000  0.09637000
   0.98326533  0.93969836  0.29632967
   0.84666034  0.81512619  0.19514076
   0.92277244  0.69387824  0.49336070
   0.78650789  0.56184370  0.39743093
   0.17347079  0.33279972  0.10965396
   0.25262255  0.20710681  0.41605128
   0.06164886  0.33993260  0.50258237
   0.31478569  0.46046052  0.21318637
   0.11767637  0.08530777  0.31445695
   0.23858000  0.04636000  0.07986000
   0.04631831  0.17101255  0.18003254
   0.31699937  0.41873983  0.38200444
   0.13206233  0.03514146  0.48106798
   0.18246223  0.29435262  0.27960115
   0.50678982  0.33261592  0.10956462
   0.58667926  0.20995071  0.41669878
   0.39459037  0.32842852  0.51150165
   0.64772013  0.45971925  0.21236288
   0.45076010  0.08634633  0.31718301
   0.57191000  0.04636000  0.07986000
   0.37930494  0.17062827  0.17989462
   0.65103442  0.41736773  0.38163251
   0.46770866  0.04598599  0.48872868
   0.51625956  0.29331020  0.27907723
   0.83991090  0.33277948  0.10969754
   0.91576028  0.20805297  0.41700353
   0.72428218  0.33172501  0.52008730
   0.98152347  0.45987876  0.21267426
   0.78424552  0.08603571  0.31713818
   0.90524000  0.04636000  0.07986000
   0.71268626  0.17088958  0.18017553
   0.98383366  0.41898795  0.38125986
   0.80160831  0.04224000  0.48806551
   0.84887600  0.29384529  0.27957093
   0.17358602  0.83267677  0.10993460
   0.25504039  0.71056932  0.41071135
   0.06569497  0.82196990  0.51412511
   0.31498591  0.96112676  0.21359757
   0.11747602  0.58463985  0.31443021
   0.23858000  0.54636000  0.07986000
   0.04616118  0.67097050  0.18041224
   0.32008155  0.92083624  0.38241771
   0.13114039  0.55322124  0.48455344
   0.18295480  0.79495190  0.27982834
   0.50693951  0.83275782  0.11012094
   0.58789732  0.70947438  0.41228489
   0.40059634  0.82782963  0.51456259
   0.64822221  0.96113948  0.21359232
   0.45004093  0.58471082  0.31525430
   0.57191000  0.54636000  0.07986000
   0.37959626  0.67097489  0.18027509
   0.65272443  0.92053469  0.38265766
   0.46428979  0.54861639  0.48562904
   0.51648159  0.79472074  0.27976411
   0.84006262  0.83264366  0.10948386
   0.73039955  0.82631842  0.51674911
   0.98140915  0.96020714  0.21224655
   0.78280624  0.58359364  0.31378527
   0.90524000  0.54636000  0.07986000
   0.71248084  0.67032284  0.18005567
   0.98573441  0.91807659  0.37969341
   0.79471356  0.54592890  0.48434392
   0.84861598  0.79342854  0.27854959
   0.92085223  0.70787028  0.41050378
   0.77737050  0.56550926  0.65650477
   0.07923169  0.15878387  0.58536679
   0.75308418  0.42247839  0.59839543
   0.79983480  0.68280248  0.67433236
   0.76849614  0.59301334  0.71703530
   0.64716170  0.56490863  0.73462298
   0.86522757  0.57351622  0.74283602
   0.70458922  0.72166811  0.66028399
   0.92117908  0.73047016  0.66833734
