   0.17767043  0.06436713  0.19540234
   0.29282394  0.42739282  0.50189339
   0.03971000  0.44194000  0.09637000
   0.31359628  0.18807242  0.29842192
   0.13072219  0.31031946  0.39777828
   0.51088717  0.06435294  0.19546836
   0.62776540  0.42937178  0.50241715
   0.37304000  0.44194000  0.09637000
   0.64690535  0.18800006  0.29853622
   0.46372321  0.31056805  0.39778603
   0.84429251  0.06443642  0.19547858
   0.96003898  0.42675858  0.50018016
   0.70637000  0.44194000  0.09637000
   0.98059549  0.18822957  0.29844778
   0.79688159  0.31027974  0.39730863
   0.18013710  0.56448805  0.19508743
   0.24203727  0.94062109  0.50268304
   0.03971000  0.94194000  0.09637000
   0.31472085  0.68959325  0.29936720
   0.10649330  0.81593106  0.40207000
   0.51339270  0.56439705  0.19502723
   0.57619587  0.94346615  0.50195010
   0.37304000  0.94194000  0.09637000
   0.64760550  0.68952390  0.29911161
   0.43877375  0.81623423  0.40463706
   0.84659193  0.56445033  0.19520857
   0.90980304  0.94238735  0.50376886
   0.70637000  0.94194000  0.09637000
   0.98109476  0.68945953  0.29877328
   0.77136693  0.81656076  0.40282918
   0.92069523  0.68941575  0.49746069
   0.03971000  0.19194000  0.09637000
   0.32019709  0.43893359  0.29822808
   0.11160875  0.06247156  0.39994965
   0.17941336  0.31548004  0.19629442
   0.25175247  0.19555353  0.49601472
   0.37304000  0.19194000  0.09637000
   0.65261582  0.43846192  0.29775547
   0.44461172  0.06256006  0.39961924
   0.51197044  0.31566272  0.19714924
   0.58394148  0.19757146  0.49553033
   0.70637000  0.19194000  0.09637000
   0.98688048  0.43855580  0.29781704
   0.77837429  0.06264219  0.39965605
   0.84527456  0.31571554  0.19710089
   0.91777034  0.19657992  0.49549326
   0.03971000  0.69194000  0.09637000
   0.30919629  0.93903592  0.29851687
   0.12899791  0.55904332  0.40019104
   0.17789952  0.81573279  0.19714373
   0.26162852  0.68684439  0.50087606
   0.37304000  0.69194000  0.09637000
   0.64188859  0.93930724  0.29865526
   0.46211771  0.56020830  0.40152304
   0.51118818  0.81582963  0.19719486
   0.61072211  0.68600512  0.50102197
   0.70637000  0.69194000  0.09637000
   0.97555100  0.93953577  0.29861799
   0.84442495  0.81599450  0.19716851
   0.79655559  0.55886894  0.39880299
   0.17310000  0.33301000  0.10976000
   0.26299778  0.20253238  0.41052900
   0.09150829  0.31525233  0.51136534
   0.31419770  0.46067506  0.21419641
   0.11317934  0.08313456  0.31556005
   0.23858000  0.04636000  0.07986000
   0.04426327  0.17107242  0.18025605
   0.33037883  0.41531904  0.38155898
   0.11166546  0.05062999  0.48770249
   0.18146961  0.29356735  0.28003133
   0.50750000  0.33753000  0.11288000
   0.59651131  0.20268493  0.41012448
   0.42507737  0.31565454  0.51195101
   0.64748086  0.46095202  0.21435515
   0.44638750  0.08281186  0.31527245
   0.57191000  0.04636000  0.07986000
   0.37738971  0.17082966  0.18020972
   0.66314265  0.41451297  0.38069525
   0.44418067  0.05278780  0.48712452
   0.51433935  0.29299787  0.28030421
   0.84083000  0.33753000  0.11288000
   0.92977274  0.20273003  0.41022342
   0.75796794  0.31670620  0.51189534
   0.98123016  0.46096126  0.21447433
   0.77997652  0.08297034  0.31527745
   0.90524000  0.04636000  0.07986000
   0.71082712  0.17086722  0.18014681
   0.99696472  0.41437992  0.38064636
   0.77906150  0.05246605  0.48736474
   0.84793078  0.29328066  0.28027333
   0.17417000  0.83753000  0.11288000
   0.23824626  0.70886200  0.41825147
   0.03870882  0.83480061  0.51427473
   0.31166693  0.96076106  0.21446896
   0.11564220  0.58542687  0.31706343
   0.23858000  0.54636000  0.07986000
   0.04589245  0.67037156  0.18000578
   0.30454587  0.91932432  0.38251379
   0.15803681  0.53181414  0.48273550
   0.17965907  0.79257632  0.28022162
   0.50750000  0.83753000  0.11288000
   0.57247609  0.70988922  0.41919770
   0.37720427  0.83849022  0.50813241
   0.64505058  0.96088515  0.21451414
   0.44903395  0.58577326  0.31777449
   0.57191000  0.54636000  0.07986000
   0.37932806  0.67038180  0.17998892
   0.63719885  0.91990376  0.38275927
   0.49266253  0.53425057  0.48540641
   0.51284220  0.79274826  0.28024941
   0.84083000  0.83753000  0.11288000
   0.70911344  0.83948387  0.51096989
   0.97842572  0.96103955  0.21458612
   0.78220440  0.58518755  0.31602259
   0.90524000  0.54636000  0.07986000
   0.71262783  0.67051146  0.18000102
   0.97120641  0.91980508  0.38272148
   0.82815621  0.53327582  0.48164800
   0.84627655  0.79304587  0.28021969
   0.90630145  0.71019818  0.41541631
   0.75008680  0.56556200  0.64517540
   0.25332189  0.64919649  0.59978198
   0.97877795  0.65039077  0.60996046
   0.60067803  0.60178332  0.63940706
   0.66010538  0.58063809  0.69675805
   0.61218627  0.50186088  0.71834008
   0.71530311  0.65105928  0.72371512
   0.50796605  0.53934819  0.61950168
   0.61004101  0.68761261  0.62518107
