   0.18186159  0.06426979  0.19407251
   0.24987747  0.44306191  0.49819841
   0.03971000  0.44194000  0.09637000
   0.31919598  0.19036492  0.29745869
   0.11881159  0.31635280  0.39843384
   0.51502132  0.06401771  0.19367719
   0.58335346  0.44690054  0.49790113
   0.37304000  0.44194000  0.09637000
   0.65213017  0.18947731  0.29611599
   0.44986535  0.31645400  0.40239586
   0.84851697  0.06412382  0.19415441
   0.91955983  0.44129748  0.50034217
   0.70637000  0.44194000  0.09637000
   0.98594736  0.18901542  0.29696727
   0.78314511  0.31544034  0.39768472
   0.18074862  0.56410677  0.19400682
   0.28021291  0.93207914  0.50150521
   0.03971000  0.94194000  0.09637000
   0.31754160  0.68935522  0.29624018
   0.12563231  0.81550132  0.39600462
   0.51395879  0.56420083  0.19406794
   0.61420677  0.93299777  0.49984312
   0.37304000  0.94194000  0.09637000
   0.65114296  0.68930622  0.29663658
   0.45814152  0.81525912  0.39588815
   0.84720911  0.56409558  0.19369486
   0.94771294  0.93390783  0.50144047
   0.70637000  0.94194000  0.09637000
   0.98430630  0.68918093  0.29632192
   0.79237107  0.81527156  0.39644470
   0.57570287  0.18795314  0.50171128
   0.03971000  0.19194000  0.09637000
   0.31644371  0.43924673  0.29610438
   0.12839454  0.06208828  0.40048632
   0.18065641  0.31513302  0.19535542
   0.27480671  0.19230482  0.49958905
   0.37304000  0.19194000  0.09637000
   0.64892920  0.43941575  0.29633516
   0.46387061  0.06326272  0.39833429
   0.51421203  0.31550438  0.19495761
   0.70637000  0.19194000  0.09637000
   0.98276687  0.43924217  0.29587090
   0.79290068  0.06165062  0.39828593
   0.84760886  0.31512236  0.19501715
   0.93217517  0.19408264  0.49246486
   0.03971000  0.69194000  0.09637000
   0.31982646  0.94090238  0.29639397
   0.11724884  0.56373117  0.39682808
   0.18092229  0.81561455  0.19544163
   0.25592475  0.69584781  0.49252143
   0.37304000  0.69194000  0.09637000
   0.65324041  0.93963726  0.29635429
   0.45045813  0.56458522  0.39677829
   0.51445834  0.81530972  0.19545272
   0.58652516  0.70171586  0.49228540
   0.70637000  0.69194000  0.09637000
   0.98688389  0.94053718  0.29720201
   0.84766348  0.81580005  0.19562951
   0.92483126  0.69703154  0.49234928
   0.78515495  0.56366592  0.39709657
   0.17333000  0.33321000  0.10959000
   0.24875482  0.20899915  0.41587880
   0.04804349  0.33452300  0.51143516
   0.31511396  0.45969683  0.21174932
   0.12091831  0.08562675  0.31583836
   0.23858000  0.04636000  0.07986000
   0.04731458  0.17056404  0.17999427
   0.31616477  0.41995419  0.37974462
   0.14703892  0.04082970  0.48647101
   0.18391902  0.29355245  0.27884865
   0.50648000  0.33297000  0.10887000
   0.58779231  0.21141317  0.41784023
   0.38684702  0.34365155  0.50240050
   0.64842255  0.45994917  0.21190678
   0.45394421  0.08677902  0.31503017
   0.57191000  0.04636000  0.07986000
   0.38119528  0.17075015  0.17979077
   0.64896767  0.41960916  0.38100336
   0.47954570  0.03509427  0.48084394
   0.51806416  0.29400297  0.27852909
   0.83998000  0.33294000  0.10911000
   0.91742736  0.20959440  0.41089922
   0.71359116  0.33599383  0.51775709
   0.98171445  0.45975507  0.21157826
   0.78620679  0.08507847  0.31413010
   0.90524000  0.04636000  0.07986000
   0.71434802  0.17044094  0.17986623
   0.98221226  0.41939482  0.37998955
   0.81537348  0.04375511  0.48493119
   0.85154172  0.29335370  0.27841720
   0.17323000  0.83311000  0.10949000
   0.25813071  0.70785398  0.40840621
   0.07826626  0.82296327  0.51195784
   0.31647667  0.96031019  0.21236390
   0.11790944  0.58387312  0.31287304
   0.23858000  0.54636000  0.07986000
   0.04679801  0.67093787  0.18003435
   0.32431566  0.92016085  0.37963816
   0.11823500  0.55200511  0.48404414
   0.18433886  0.79479805  0.27904632
   0.50655000  0.83318000  0.10951000
   0.59267837  0.70805835  0.40769103
   0.41361562  0.82066858  0.51076393
   0.64967774  0.95997425  0.21215097
   0.45084203  0.58395299  0.31268149
   0.57191000  0.54636000  0.07986000
   0.37999739  0.67091514  0.18008520
   0.65791560  0.91916733  0.38031324
   0.45139947  0.55718702  0.48371585
   0.51760978  0.79422030  0.27906144
   0.83988000  0.83312000  0.10940000
   0.74705812  0.82473355  0.51124932
   0.98316418  0.96034593  0.21285263
   0.78443332  0.58373649  0.31322284
   0.90524000  0.54636000  0.07986000
   0.71342292  0.67122013  0.18006792
   0.99114521  0.91997304  0.38113651
   0.78897201  0.55149158  0.48470803
   0.85110269  0.79465300  0.27940572
   0.92519705  0.70751952  0.40854295
   0.78552295  0.54712895  0.66506937
   0.42481742  0.16467592  0.58566468
   0.71432416  0.40584371  0.60196411
   0.79563738  0.66683770  0.67272866
   0.76588796  0.58936255  0.72203745
   0.64640589  0.56495221  0.73956836
   0.86201046  0.58347138  0.75138774
   0.69783630  0.69889957  0.65442339
   0.91381005  0.71810053  0.66555465
