   0.17933233  0.06417905  0.19482369
   0.29001764  0.43172641  0.50291499
   0.03971000  0.44194000  0.09637000
   0.31713741  0.18882851  0.29746660
   0.13192971  0.31238978  0.39651184
   0.51268909  0.06386618  0.19444483
   0.61898735  0.43277068  0.49901205
   0.37304000  0.44194000  0.09637000
   0.65023021  0.18824408  0.29669807
   0.46509693  0.31273605  0.39689478
   0.84611558  0.06419252  0.19454145
   0.96147501  0.42906166  0.49625770
   0.70637000  0.44194000  0.09637000
   0.98371112  0.18847101  0.29690246
   0.79762985  0.31152118  0.39458135
   0.18178320  0.56476729  0.19440433
   0.24086318  0.94341444  0.50101622
   0.03971000  0.94194000  0.09637000
   0.31730179  0.69128685  0.29848287
   0.11092336  0.81820252  0.40149711
   0.51456258  0.56407562  0.19353314
   0.57801829  0.94516102  0.50397788
   0.37304000  0.94194000  0.09637000
   0.64974889  0.69005275  0.29657655
   0.44245450  0.81971979  0.40519846
   0.84838510  0.56453881  0.19405852
   0.90635873  0.93908404  0.50228535
   0.70637000  0.94194000  0.09637000
   0.98436648  0.69065423  0.29705477
   0.77503746  0.81778451  0.40065109
   0.57794885  0.69199215  0.49879547
   0.03971000  0.19194000  0.09637000
   0.32213184  0.44002939  0.29682893
   0.11486963  0.06354983  0.39902660
   0.18076377  0.31556145  0.19565623
   0.25642107  0.19554084  0.49500540
   0.37304000  0.19194000  0.09637000
   0.65406763  0.43765337  0.29414048
   0.45011159  0.06818818  0.40177272
   0.51345950  0.31410784  0.19457147
   0.58433013  0.20276627  0.50130740
   0.70637000  0.19194000  0.09637000
   0.98971472  0.43948433  0.29625825
   0.77994649  0.06430396  0.39999162
   0.84750332  0.31515912  0.19552466
   0.93065683  0.19107375  0.49495145
   0.03971000  0.69194000  0.09637000
   0.31383501  0.94158018  0.29892112
   0.13010289  0.56132270  0.39901925
   0.18032479  0.81629273  0.19624613
   0.26946974  0.69068347  0.49992826
   0.37304000  0.69194000  0.09637000
   0.64554134  0.94031120  0.29813608
   0.46329927  0.56197055  0.39902797
   0.51320579  0.81592334  0.19596097
   0.70637000  0.69194000  0.09637000
   0.97944495  0.94015840  0.29785288
   0.84609337  0.81612624  0.19682932
   0.92731443  0.69140428  0.49002898
   0.79553663  0.55922033  0.39489102
   0.17293000  0.33291000  0.10959000
   0.26390709  0.20531096  0.41012339
   0.08697907  0.31833632  0.51329846
   0.31616109  0.46054927  0.21285153
   0.11689543  0.08416585  0.31469506
   0.23858000  0.04636000  0.07986000
   0.04560162  0.17104654  0.18023903
   0.33126134  0.41672998  0.38007282
   0.10988386  0.05364973  0.48703580
   0.18428441  0.29409623  0.27933451
   0.50633000  0.33253000  0.10912000
   0.60118729  0.20997130  0.41535231
   0.42152180  0.31928691  0.51275458
   0.64884074  0.45903802  0.21060277
   0.45166182  0.08574473  0.31690567
   0.57191000  0.04636000  0.07986000
   0.37852792  0.17003632  0.17978617
   0.66432573  0.41528800  0.37765865
   0.44562979  0.06141782  0.48941629
   0.51708777  0.29247690  0.27795631
   0.83947000  0.33230000  0.10978000
   0.92947163  0.20637131  0.41158068
   0.75223748  0.32531947  0.52390299
   0.98293597  0.46030223  0.21244130
   0.78346034  0.08451709  0.31552565
   0.90524000  0.04636000  0.07986000
   0.71204439  0.17073557  0.18026051
   0.99731614  0.41611953  0.37985744
   0.78019505  0.05358918  0.48775698
   0.85104407  0.29383229  0.27926150
   0.17282000  0.83289000  0.10962000
   0.24084802  0.71054071  0.41655343
   0.03796297  0.83234206  0.50997181
   0.31426291  0.96089161  0.21398917
   0.11821618  0.58621927  0.31530879
   0.23858000  0.54636000  0.07986000
   0.04753731  0.67122362  0.18023044
   0.30916652  0.92416256  0.38335636
   0.15539626  0.53562767  0.48235621
   0.18292823  0.79538142  0.28010447
   0.50615000  0.83297000  0.10968000
   0.57735892  0.71172234  0.41641181
   0.37765767  0.84405577  0.50471996
   0.64716001  0.96073369  0.21354985
   0.45171835  0.58681171  0.31575694
   0.57191000  0.54636000  0.07986000
   0.38065186  0.67090092  0.18009307
   0.64151279  0.92142013  0.38252075
   0.48892807  0.53581975  0.48185079
   0.51551221  0.79454566  0.27952718
   0.84083000  0.83753000  0.11288000
   0.70586265  0.83485605  0.51468183
   0.98069935  0.96110119  0.21378461
   0.78423465  0.58414528  0.31138171
   0.90524000  0.54636000  0.07986000
   0.71372251  0.67066670  0.18002107
   0.97520812  0.92104588  0.38206712
   0.82302700  0.53764063  0.48117981
   0.84875398  0.79432250  0.27986385
   0.90731823  0.70945775  0.40935904
   0.80932986  0.60962126  0.62816863
   0.36773756  0.64749466  0.58661831
   0.81154467  0.44451729  0.59462829
   0.80296823  0.72908985  0.62967100
   0.76586516  0.65859557  0.68106943
   0.64174862  0.62841833  0.69365723
   0.85401317  0.66254080  0.71514469
   0.70877469  0.75290213  0.60471274
   0.91831528  0.78523194  0.62448858
