   0.29301351  0.42960752  0.49100415
   0.17891078  0.06438412  0.18500821
   0.03971000  0.44194000  0.08602000
   0.31552314  0.18818710  0.28840255
   0.13126263  0.31191708  0.38842702
   0.51224300  0.06427833  0.18484237
   0.62560376  0.42776058  0.48978218
   0.37304000  0.44194000  0.08602000
   0.64894530  0.18817816  0.28830745
   0.46413575  0.31136394  0.38757385
   0.84566325  0.06441321  0.18499938
   0.96268414  0.43007715  0.49286897
   0.70637000  0.44194000  0.08602000
   0.98248855  0.18841070  0.28848134
   0.79770930  0.31157493  0.38804589
   0.18136262  0.56403593  0.18477532
   0.24607034  0.93972193  0.49366718
   0.03971000  0.94194000  0.08602000
   0.31633081  0.68901380  0.28842410
   0.10812223  0.81742005  0.39069777
   0.51473359  0.56398605  0.18468822
   0.57858017  0.94158261  0.49105051
   0.37304000  0.94194000  0.08602000
   0.64993055  0.68920221  0.28851891
   0.44198264  0.81703621  0.39055014
   0.84808355  0.56394097  0.18472977
   0.91516676  0.94328257  0.49229024
   0.70637000  0.94194000  0.08602000
   0.98326218  0.68910236  0.28833319
   0.77424256  0.81775121  0.39241362
   0.03971000  0.19194000  0.08602000
   0.32095349  0.43867206  0.28777916
   0.11430152  0.06296043  0.38917687
   0.17979785  0.31571019  0.18690501
   0.26168123  0.19365232  0.48433511
   0.37304000  0.19194000  0.08602000
   0.65448173  0.43861006  0.28799558
   0.44653637  0.06301159  0.38913749
   0.51322144  0.31560133  0.18700551
   0.59480562  0.19323393  0.48436038
   0.70637000  0.19194000  0.08602000
   0.98750852  0.43853733  0.28796225
   0.78024626  0.06312296  0.38874008
   0.84647029  0.31564461  0.18695478
   0.92774571  0.19533268  0.48365511
   0.03971000  0.69194000  0.08602000
   0.31088020  0.93951594  0.28776767
   0.12947268  0.55976014  0.38983958
   0.17897616  0.81562829  0.18667977
   0.26436383  0.69315744  0.48476783
   0.37304000  0.69194000  0.08602000
   0.64418125  0.93936115  0.28759035
   0.46263074  0.55963344  0.38956180
   0.51230405  0.81538854  0.18666736
   0.60404012  0.68908363  0.48640142
   0.70637000  0.69194000  0.08602000
   0.97707500  0.93955803  0.28797549
   0.84568834  0.81562890  0.18673703
   0.92580443  0.69370628  0.48718975
   0.79743987  0.55990576  0.38963596
   0.17417000  0.33753000  0.10253000
   0.26408142  0.20334619  0.39932957
   0.09425847  0.31869117  0.49657270
   0.31584106  0.46081447  0.20439417
   0.11514778  0.08280987  0.30493837
   0.23858000  0.04636000  0.06951000
   0.04541065  0.17081101  0.16983563
   0.33053062  0.41601406  0.37123895
   0.11694993  0.05150732  0.47691566
   0.18292975  0.29328090  0.27022602
   0.50750000  0.33753000  0.10253000
   0.59673595  0.20335042  0.39944181
   0.42556589  0.31841067  0.49971632
   0.64915251  0.46072363  0.20448039
   0.44855877  0.08281510  0.30490540
   0.57191000  0.04636000  0.06951000
   0.37873088  0.17076390  0.16985908
   0.66395669  0.41648845  0.37188289
   0.44763028  0.05174065  0.47681758
   0.51616862  0.29339077  0.27048607
   0.84083000  0.33753000  0.10253000
   0.93032116  0.20316601  0.39880238
   0.75894303  0.31867451  0.49859595
   0.98253617  0.46066796  0.20436205
   0.78191970  0.08269453  0.30453715
   0.90524000  0.04636000  0.06951000
   0.71203067  0.17075779  0.16984532
   0.99674340  0.41640795  0.37179557
   0.78184319  0.05388062  0.47642782
   0.84944177  0.29336903  0.27037605
   0.17417000  0.83753000  0.10253000
   0.24171560  0.71080559  0.40360183
   0.04359863  0.83436217  0.50404321
   0.31301064  0.96077647  0.20407069
   0.11759175  0.58486684  0.30637913
   0.23858000  0.54636000  0.06951000
   0.04732719  0.67001994  0.16961326
   0.30687977  0.92014633  0.37209260
   0.16091423  0.54011130  0.47553848
   0.18152735  0.79263507  0.26988068
   0.50750000  0.83753000  0.10253000
   0.57361213  0.70962719  0.40602722
   0.37906060  0.83389288  0.50357059
   0.64626848  0.96056728  0.20384476
   0.45127283  0.58533887  0.30666403
   0.57191000  0.54636000  0.06951000
   0.38063994  0.66993318  0.16958429
   0.63965274  0.92017404  0.37186213
   0.49344155  0.53675453  0.47446806
   0.51489768  0.79242786  0.26991554
   0.84083000  0.83753000  0.10253000
   0.71392209  0.83601890  0.49622063
   0.97961027  0.96082478  0.20417449
   0.78465091  0.58519125  0.30664992
   0.90524000  0.54636000  0.06951000
   0.71407894  0.66999311  0.16959867
   0.97301709  0.92034273  0.37242864
   0.82631515  0.53862340  0.47597198
   0.84829480  0.79261536  0.26995723
   0.90836744  0.71050062  0.40545195
   0.71732041  0.63230327  0.63756959
   0.01849469  0.45388227  0.63344452
   0.83904618  0.53477355  0.59128558
   0.62645670  0.71372881  0.65257270
   0.65722415  0.62767027  0.69609794
   0.56659553  0.55357184  0.70356816
   0.75074436  0.65249880  0.72733711
   0.51675336  0.69681906  0.62955378
   0.70232615  0.79517556  0.65328550
