   0.18183426  0.06461059  0.19426336
   0.25710319  0.44066911  0.49768008
   0.03971000  0.44194000  0.09637000
   0.31865975  0.19017074  0.29774255
   0.11965389  0.31521658  0.39883996
   0.51513306  0.06415216  0.19384726
   0.59041903  0.44500446  0.49708440
   0.37304000  0.44194000  0.09637000
   0.65192252  0.18947777  0.29646851
   0.45083044  0.31498371  0.40258810
   0.84852537  0.06433965  0.19415708
   0.92690435  0.43738045  0.49946592
   0.70637000  0.44194000  0.09637000
   0.98538253  0.18913824  0.29728813
   0.78397978  0.31375567  0.39822300
   0.18092498  0.56436327  0.19417072
   0.27086964  0.93195732  0.50205399
   0.03971000  0.94194000  0.09637000
   0.31790142  0.68953714  0.29628366
   0.12276906  0.81546869  0.39608457
   0.51417155  0.56400577  0.19386055
   0.60481751  0.93314141  0.50186580
   0.37304000  0.94194000  0.09637000
   0.65120904  0.68882669  0.29611143
   0.45571731  0.81583819  0.39638703
   0.84755921  0.56414494  0.19388927
   0.93757955  0.93337288  0.50220932
   0.70637000  0.94194000  0.09637000
   0.98454555  0.68891083  0.29636583
   0.78962383  0.81499283  0.39541573
   0.57244308  0.18714299  0.50256653
   0.03971000  0.19194000  0.09637000
   0.31694679  0.43909418  0.29616503
   0.12376385  0.06183292  0.40053515
   0.18063345  0.31534458  0.19541108
   0.27090318  0.19177725  0.49976736
   0.37304000  0.19194000  0.09637000
   0.64955431  0.43810545  0.29611284
   0.45983478  0.06267721  0.39895794
   0.51431620  0.31517818  0.19489495
   0.70637000  0.19194000  0.09637000
   0.98371038  0.43899344  0.29620965
   0.78887992  0.06169477  0.39894533
   0.84783231  0.31528422  0.19517677
   0.93231464  0.19132656  0.49343805
   0.03971000  0.69194000  0.09637000
   0.31874324  0.94143389  0.29658214
   0.12018603  0.56257665  0.39707885
   0.18093644  0.81591747  0.19570391
   0.25656831  0.69431395  0.49277216
   0.37304000  0.69194000  0.09637000
   0.65218303  0.94021485  0.29641460
   0.45329360  0.56427987  0.39663473
   0.51444607  0.81557934  0.19552878
   0.58713875  0.70105202  0.49272878
   0.70637000  0.69194000  0.09637000
   0.98615414  0.94063782  0.29680180
   0.84774481  0.81568812  0.19566496
   0.92622088  0.69361423  0.49129729
   0.78783622  0.56140507  0.39617424
   0.17333000  0.33321000  0.10959000
   0.24878381  0.20774341  0.41568253
   0.05614041  0.33094884  0.51105014
   0.31519430  0.45996696  0.21199495
   0.12007481  0.08554772  0.31560899
   0.23858000  0.04636000  0.07986000
   0.04728098  0.17074407  0.17998020
   0.31754114  0.41931284  0.37978275
   0.13777282  0.04167737  0.48664825
   0.18383809  0.29342070  0.27885485
   0.50648000  0.33297000  0.10887000
   0.58869571  0.20934842  0.41822872
   0.39425627  0.34152711  0.50073473
   0.64872647  0.45975070  0.21187581
   0.45366784  0.08661847  0.31525810
   0.57191000  0.04636000  0.07986000
   0.38105963  0.17055895  0.17967122
   0.65039501  0.41735006  0.38052051
   0.47095767  0.03512524  0.48156227
   0.51758006  0.29333311  0.27827994
   0.83998000  0.33294000  0.10911000
   0.91801753  0.20838679  0.41159450
   0.71908990  0.33274154  0.51843135
   0.98212271  0.46000619  0.21204092
   0.78564714  0.08516504  0.31461356
   0.90524000  0.04636000  0.07986000
   0.71423124  0.17068676  0.17991441
   0.98346299  0.41857022  0.38041535
   0.80599759  0.04366902  0.48577850
   0.85128794  0.29342212  0.27869147
   0.17323000  0.83311000  0.10949000
   0.25601859  0.70806133  0.40921823
   0.06878006  0.82315808  0.51126495
   0.31643253  0.96065586  0.21258540
   0.11827232  0.58396649  0.31323192
   0.23858000  0.54636000  0.07986000
   0.04684367  0.67118660  0.18021906
   0.32122558  0.91964805  0.37962579
   0.12538079  0.54855783  0.48397340
   0.18413215  0.79477739  0.27933121
   0.50655000  0.83318000  0.10951000
   0.59081068  0.70945888  0.40876203
   0.40412505  0.82190244  0.51272570
   0.64977733  0.96028141  0.21235948
   0.45153936  0.58427128  0.31277687
   0.57191000  0.54636000  0.07986000
   0.38016893  0.67098860  0.18011950
   0.65517728  0.91921309  0.38007746
   0.45860034  0.55511843  0.48313603
   0.51806692  0.79427028  0.27906778
   0.83988000  0.83312000  0.10940000
   0.73726039  0.82659368  0.51467243
   0.98309081  0.96046272  0.21271399
   0.78431176  0.58297235  0.31276298
   0.90524000  0.54636000  0.07986000
   0.71351900  0.67100535  0.18004520
   0.98772616  0.91958778  0.38035045
   0.79596859  0.54677291  0.48275616
   0.85123610  0.79410483  0.27934646
   0.92250446  0.70756549  0.40826775
   0.78075606  0.56467330  0.65554929
   0.41151054  0.16276215  0.58555438
   0.73058800  0.41439205  0.59951983
   0.79793738  0.68057512  0.67471494
   0.76660492  0.58856194  0.71639118
   0.64685261  0.56037752  0.73356706
   0.86335564  0.57056120  0.74225275
   0.70251984  0.72091863  0.66185434
   0.91797523  0.73109223  0.67020060
