   0.17763852  0.06435816  0.19539998
   0.29251853  0.42732062  0.50150963
   0.03971000  0.44194000  0.09637000
   0.31358509  0.18790764  0.29834692
   0.13055941  0.31034635  0.39762724
   0.51092583  0.06435952  0.19542754
   0.62650387  0.42692302  0.50123534
   0.37304000  0.44194000  0.09637000
   0.64702476  0.18784995  0.29840571
   0.46366194  0.31028803  0.39756973
   0.84426832  0.06448542  0.19543445
   0.96041545  0.42654392  0.50021458
   0.70637000  0.44194000  0.09637000
   0.98058775  0.18816490  0.29833560
   0.79694991  0.31002557  0.39704378
   0.18003471  0.56446740  0.19512926
   0.24320943  0.94024825  0.50275851
   0.03971000  0.94194000  0.09637000
   0.31454097  0.68956461  0.29934542
   0.10704901  0.81592374  0.40181010
   0.51335751  0.56440176  0.19495945
   0.57577449  0.94223183  0.50242832
   0.37304000  0.94194000  0.09637000
   0.64769737  0.68953140  0.29880592
   0.43826661  0.81681759  0.40495598
   0.84669761  0.56441807  0.19514184
   0.90933583  0.94172024  0.50375991
   0.70637000  0.94194000  0.09637000
   0.98136888  0.68939974  0.29857361
   0.77230865  0.81725073  0.40232877
   0.92669512  0.69091428  0.49537955
   0.03971000  0.19194000  0.09637000
   0.32005808  0.43888905  0.29815727
   0.11176689  0.06251151  0.39996269
   0.17932630  0.31544870  0.19630525
   0.25296158  0.19488074  0.49575643
   0.37304000  0.19194000  0.09637000
   0.65262691  0.43823802  0.29765723
   0.44458445  0.06272057  0.39967378
   0.51198375  0.31556223  0.19713414
   0.58547258  0.19684369  0.49523711
   0.70637000  0.19194000  0.09637000
   0.98703625  0.43853837  0.29783225
   0.77841164  0.06260830  0.39975466
   0.84533069  0.31566830  0.19717954
   0.91916630  0.19575876  0.49520289
   0.03971000  0.69194000  0.09637000
   0.30925131  0.93916414  0.29842303
   0.12938679  0.55890809  0.40008781
   0.17787730  0.81574680  0.19715733
   0.26124842  0.68806065  0.50000944
   0.37304000  0.69194000  0.09637000
   0.64195229  0.93928561  0.29856842
   0.46172154  0.55966819  0.40122096
   0.51115039  0.81577752  0.19718766
   0.60176353  0.69027239  0.49644153
   0.70637000  0.69194000  0.09637000
   0.97563035  0.93952153  0.29853419
   0.84440746  0.81595468  0.19717664
   0.79609815  0.55899411  0.39871545
   0.17310000  0.33301000  0.10976000
   0.26321155  0.20282954  0.41065511
   0.09113322  0.31512376  0.51175820
   0.31432507  0.46067686  0.21414338
   0.11322217  0.08313342  0.31561764
   0.23858000  0.04636000  0.07986000
   0.04421344  0.17103420  0.18024179
   0.33057908  0.41543863  0.38193303
   0.11145304  0.05098207  0.48776301
   0.18149565  0.29357608  0.28014179
   0.50750000  0.33753000  0.11288000
   0.59663669  0.20302714  0.41027202
   0.42418868  0.31652624  0.51243612
   0.64751252  0.46095937  0.21434722
   0.44655527  0.08284064  0.31539444
   0.57191000  0.04636000  0.07986000
   0.37734652  0.17081953  0.18023617
   0.66337184  0.41507067  0.38117588
   0.44398839  0.05435823  0.48704417
   0.51430964  0.29309966  0.28044478
   0.84083000  0.33753000  0.11288000
   0.92990136  0.20279415  0.41039383
   0.75748869  0.31752031  0.51213914
   0.98124025  0.46097646  0.21430683
   0.78001076  0.08283938  0.31544807
   0.90524000  0.04636000  0.07986000
   0.71064361  0.17080585  0.18013870
   0.99622187  0.41445966  0.38110319
   0.77856382  0.05238652  0.48749916
   0.84769242  0.29313215  0.28040879
   0.17417000  0.83753000  0.11288000
   0.23838063  0.70905824  0.41790312
   0.03686318  0.83150490  0.51544218
   0.31173588  0.96077553  0.21445333
   0.11567576  0.58550361  0.31685533
   0.23858000  0.54636000  0.07986000
   0.04586173  0.67039808  0.17998660
   0.30439175  0.91939515  0.38253637
   0.15832977  0.53199187  0.48326782
   0.17963806  0.79269728  0.28030926
   0.50750000  0.83753000  0.11288000
   0.57327904  0.70943350  0.41784632
   0.37779278  0.83772614  0.50840921
   0.64507825  0.96084610  0.21450858
   0.44937751  0.58593855  0.31785920
   0.57191000  0.54636000  0.07986000
   0.37921524  0.67036995  0.18000303
   0.63716500  0.91928641  0.38305242
   0.49696030  0.53702506  0.48814153
   0.51291030  0.79264382  0.28036817
   0.84083000  0.83753000  0.11288000
   0.71014640  0.83267422  0.51321269
   0.97846561  0.96101878  0.21452472
   0.78220259  0.58519376  0.31606477
   0.90524000  0.54636000  0.07986000
   0.71255016  0.67041143  0.18003470
   0.97149068  0.91948821  0.38307290
   0.82603212  0.53724503  0.48534485
   0.84621096  0.79287655  0.28035922
   0.90501544  0.71005755  0.41482214
   0.74940654  0.56679032  0.64470912
   0.25314056  0.64994020  0.60099498
   0.98385347  0.65077003  0.60928672
   0.59843489  0.60158871  0.63981177
   0.66011091  0.58004760  0.69641598
   0.61210560  0.50246891  0.71851283
   0.71555205  0.65131343  0.72395486
   0.50650664  0.53890717  0.61951451
   0.61093756  0.68778834  0.62518208
