   0.18167354  0.06519893  0.19551587
   0.25584760  0.43565374  0.50280312
   0.03971000  0.44194000  0.09637000
   0.31839625  0.19063167  0.29991337
   0.11856178  0.31474322  0.40092043
   0.51438463  0.06450237  0.19464516
   0.58382906  0.43992511  0.49740671
   0.37304000  0.44194000  0.09637000
   0.65099371  0.18929965  0.29778811
   0.45449062  0.31661850  0.40171152
   0.84808133  0.06457699  0.19432846
   0.93095873  0.43718207  0.49872072
   0.70637000  0.44194000  0.09637000
   0.98493533  0.18940195  0.29752869
   0.78575610  0.31286089  0.39896506
   0.18025072  0.56557940  0.19538886
   0.26376332  0.93490017  0.50407347
   0.03971000  0.94194000  0.09637000
   0.31700119  0.69129114  0.29892263
   0.12186748  0.81619407  0.40005396
   0.51308001  0.56449894  0.19443896
   0.59857702  0.93600928  0.50351262
   0.37304000  0.94194000  0.09637000
   0.64943039  0.69001843  0.29647103
   0.45584171  0.81767670  0.40079788
   0.84714118  0.56517508  0.19490691
   0.93123246  0.93294233  0.50040950
   0.70637000  0.94194000  0.09637000
   0.98425216  0.69091281  0.29720452
   0.78727031  0.81499017  0.39878944
   0.60236012  0.19168065  0.50879584
   0.03971000  0.19194000  0.09637000
   0.31739676  0.44106331  0.29879516
   0.12182711  0.06130751  0.39951306
   0.18051476  0.31675948  0.19735675
   0.25614479  0.19390733  0.49493093
   0.37304000  0.19194000  0.09637000
   0.64949773  0.43847410  0.29560730
   0.45882361  0.06826080  0.40570080
   0.51281895  0.31523107  0.19638975
   0.70637000  0.19194000  0.09637000
   0.98415591  0.43977899  0.29737898
   0.79042729  0.06085296  0.39727938
   0.84690261  0.31608986  0.19676740
   0.91211829  0.18557691  0.49918373
   0.03971000  0.69194000  0.09637000
   0.31980907  0.94368318  0.30091247
   0.12055216  0.56276340  0.39880313
   0.18105887  0.81802405  0.19809184
   0.26186730  0.69417676  0.49431774
   0.37304000  0.69194000  0.09637000
   0.65091115  0.93932255  0.29612739
   0.45258626  0.56508528  0.40058406
   0.51302000  0.81551419  0.19536236
   0.59717463  0.69259212  0.49546535
   0.70637000  0.69194000  0.09637000
   0.98459470  0.93958077  0.29703640
   0.84737641  0.81572443  0.19545244
   0.92470848  0.69062972  0.49162305
   0.78864384  0.56132538  0.39470822
   0.17417000  0.33753000  0.11288000
   0.25349872  0.20776773  0.41222048
   0.05510853  0.32796013  0.51051156
   0.31460109  0.46217456  0.21486645
   0.11851688  0.08453200  0.31531948
   0.23858000  0.04636000  0.07986000
   0.04734430  0.17131644  0.18024435
   0.31926883  0.42015988  0.38285601
   0.13369316  0.04442669  0.48663750
   0.18438762  0.29454439  0.28068333
   0.50750000  0.33753000  0.11288000
   0.58843778  0.21532554  0.42429756
   0.38812723  0.33027406  0.51267601
   0.64751470  0.46064618  0.21240415
   0.45405576  0.08892232  0.32072327
   0.57191000  0.04636000  0.07986000
   0.38018418  0.17029684  0.17970160
   0.65308500  0.41655924  0.37900319
   0.46649058  0.04818693  0.49115353
   0.51668279  0.29260907  0.27919450
   0.84083000  0.33753000  0.11288000
   0.91879631  0.20797014  0.41473052
   0.71896598  0.33981252  0.51979190
   0.98149873  0.46159754  0.21376487
   0.78515461  0.08488687  0.31367651
   0.90524000  0.04636000  0.07986000
   0.71365881  0.17077228  0.17990114
   0.98468794  0.41849307  0.38124441
   0.79910495  0.03624096  0.47926708
   0.85061733  0.29376925  0.27982361
   0.17417000  0.83753000  0.11288000
   0.25557669  0.70883896  0.41141943
   0.05967621  0.82237670  0.51153267
   0.31700425  0.96299275  0.21633666
   0.11685110  0.58569043  0.31520131
   0.23858000  0.54636000  0.07986000
   0.04672228  0.67252436  0.18079195
   0.32170360  0.92298298  0.38516936
   0.12996725  0.54753842  0.48551415
   0.18419322  0.79709475  0.28185483
   0.50619000  0.83294000  0.10916000
   0.58787643  0.70949901  0.41494322
   0.39536749  0.82861207  0.51400148
   0.64875143  0.96015221  0.21204990
   0.45108703  0.58688026  0.31687386
   0.57191000  0.54636000  0.07986000
   0.37935536  0.67101388  0.17987636
   0.65314808  0.91688058  0.37916314
   0.46024999  0.55037432  0.48778950
   0.51561043  0.79395812  0.27877156
   0.83992000  0.83287000  0.10930000
   0.73158067  0.82576117  0.51333789
   0.98257211  0.96055582  0.21280552
   0.78360989  0.58491999  0.31145736
   0.90524000  0.54636000  0.07986000
   0.71262034  0.67118593  0.18001093
   0.98661768  0.91822853  0.38101213
   0.79446199  0.54519347  0.48050521
   0.84942061  0.79468633  0.27904749
   0.92048450  0.70754913  0.41018947
   0.78629353  0.57410856  0.65345271
   0.75746728  0.14970519  0.58735964
   0.74364746  0.43958548  0.59535575
   0.80498985  0.68603149  0.67519432
   0.77205018  0.58744718  0.71431246
   0.65333241  0.55629623  0.73036382
   0.86860920  0.56344597  0.73733862
   0.70997628  0.72813135  0.66325421
   0.92704017  0.73465789  0.67010197
