   0.61043506  0.43226454  0.49168199
   0.17880111  0.06398261  0.18473062
   0.28125541  0.43367080  0.49125394
   0.03971000  0.44194000  0.08602000
   0.31523047  0.18791312  0.28875016
   0.12593784  0.31253223  0.38968062
   0.51212988  0.06416686  0.18478301
   0.37304000  0.44194000  0.08602000
   0.64871569  0.18841846  0.28884328
   0.45916931  0.31250633  0.38986511
   0.84534113  0.06394396  0.18474922
   0.95118200  0.43250037  0.49477924
   0.70637000  0.44194000  0.08602000
   0.98195054  0.18798691  0.28865709
   0.79306131  0.31277335  0.39080260
   0.18062817  0.56334384  0.18461225
   0.25508373  0.93907598  0.49407078
   0.03971000  0.94194000  0.08602000
   0.31627964  0.68787814  0.28792496
   0.11141791  0.81487269  0.39089725
   0.51404800  0.56343129  0.18485818
   0.58778453  0.93747368  0.49421084
   0.37304000  0.94194000  0.08602000
   0.64985303  0.68808217  0.28825266
   0.44565840  0.81644998  0.38974262
   0.84739825  0.56340201  0.18467122
   0.92094847  0.93901965  0.49422520
   0.70637000  0.94194000  0.08602000
   0.98340956  0.68796486  0.28833409
   0.77905250  0.81543148  0.39060425
   0.03971000  0.19194000  0.08602000
   0.31882512  0.43766869  0.28799048
   0.11632690  0.06128468  0.39001229
   0.17919086  0.31505366  0.18682134
   0.25957822  0.19369044  0.48503620
   0.37304000  0.19194000  0.08602000
   0.65256257  0.43864417  0.28919253
   0.44945037  0.06188271  0.38995979
   0.51297274  0.31574274  0.18726047
   0.59376655  0.19239927  0.48509027
   0.70637000  0.19194000  0.08602000
   0.98528711  0.43817386  0.28856657
   0.78264341  0.06186987  0.39000608
   0.84591090  0.31549311  0.18708388
   0.92961064  0.19165142  0.48507457
   0.03971000  0.69194000  0.08602000
   0.31182520  0.93918281  0.28797390
   0.12613076  0.56001798  0.39027497
   0.17899238  0.81522925  0.18668111
   0.26112073  0.69379384  0.48520277
   0.37304000  0.69194000  0.08602000
   0.64559578  0.93937379  0.28789198
   0.45915539  0.56070292  0.38957705
   0.51237451  0.81518573  0.18664911
   0.59613890  0.69326440  0.48546560
   0.70637000  0.69194000  0.08602000
   0.97879805  0.93887193  0.28807265
   0.84566418  0.81512736  0.18674518
   0.92624582  0.69648142  0.48938117
   0.79207845  0.56059551  0.39151774
   0.17417000  0.33753000  0.10253000
   0.25865960  0.20437325  0.40117592
   0.08175352  0.32234875  0.49909592
   0.31507909  0.46002350  0.20430613
   0.11500586  0.08278996  0.30593220
   0.23858000  0.04636000  0.06951000
   0.04505781  0.17011643  0.16975430
   0.32532373  0.41679394  0.37213287
   0.12247786  0.04977354  0.47754872
   0.18187615  0.29253463  0.27035426
   0.50750000  0.33753000  0.10253000
   0.59189610  0.20470955  0.40150840
   0.41173108  0.32383388  0.49884154
   0.64880343  0.46070061  0.20539840
   0.44880506  0.08311468  0.30577398
   0.57191000  0.04636000  0.06951000
   0.37868917  0.17075668  0.17000217
   0.65960304  0.41845765  0.37414898
   0.45619014  0.04828986  0.47750298
   0.51553581  0.29354636  0.27116166
   0.84083000  0.33753000  0.10253000
   0.92546013  0.20445254  0.40169690
   0.74569490  0.32367411  0.49802830
   0.98179263  0.46031799  0.20474943
   0.78193032  0.08346959  0.30581345
   0.90524000  0.04636000  0.06951000
   0.71193093  0.17054142  0.16996364
   0.99101323  0.41716994  0.37295869
   0.78873090  0.04838210  0.47761147
   0.84882336  0.29311047  0.27076495
   0.17417000  0.83753000  0.10253000
   0.24615153  0.70930768  0.40338299
   0.05505023  0.83371494  0.50334110
   0.31289418  0.96067082  0.20427973
   0.11738662  0.58377535  0.30665215
   0.23858000  0.54636000  0.06951000
   0.04675329  0.66964364  0.16974790
   0.30983710  0.91933317  0.37226517
   0.14780164  0.54280991  0.47677132
   0.18184094  0.79194163  0.26998296
   0.50750000  0.83753000  0.10253000
   0.57886428  0.71010895  0.40363186
   0.38651370  0.83108905  0.50369692
   0.64617666  0.96064893  0.20422735
   0.45093467  0.58368842  0.30587799
   0.57191000  0.54636000  0.06951000
   0.38013030  0.66958720  0.16978829
   0.64455759  0.91923071  0.37211333
   0.48106331  0.54322538  0.47563530
   0.51547625  0.79209174  0.26996932
   0.84083000  0.83753000  0.10253000
   0.72090744  0.83079808  0.50443367
   0.97949669  0.96048096  0.20432730
   0.78465511  0.58440400  0.30781312
   0.90524000  0.54636000  0.06951000
   0.71343321  0.66960921  0.16984537
   0.97739277  0.91778599  0.37241065
   0.81405995  0.54442483  0.48781336
   0.84885915  0.79168718  0.27011736
   0.91073912  0.70719643  0.40687052
   0.61561980  0.62382114  0.62653397
   0.83113828  0.38152387  0.67216584
   0.79398890  0.47705436  0.58982180
   0.53107218  0.71401056  0.63243981
   0.48081292  0.60958050  0.66513428
   0.37670983  0.54717773  0.65195546
   0.50908954  0.60864240  0.71108836
   0.46635506  0.73061586  0.59410814
   0.59758165  0.78864237  0.65326336
