   0.17766222  0.06428607  0.19536116
   0.28891315  0.42884956  0.50134836
   0.03971000  0.44194000  0.09637000
   0.31385077  0.18789267  0.29848642
   0.12941560  0.31062287  0.39853230
   0.51096509  0.06423811  0.19541705
   0.62265974  0.43054350  0.50162468
   0.37304000  0.44194000  0.09637000
   0.64751169  0.18780658  0.29864616
   0.46279729  0.31066644  0.39851304
   0.84417951  0.06424968  0.19542647
   0.95634315  0.42783786  0.50131474
   0.70637000  0.44194000  0.09637000
   0.98061590  0.18782837  0.29848708
   0.79649005  0.31101875  0.39844096
   0.17999187  0.56411380  0.19513514
   0.24557413  0.93904675  0.50321615
   0.03971000  0.94194000  0.09637000
   0.31482293  0.68875634  0.29893278
   0.10854966  0.81561262  0.40029365
   0.51333652  0.56399938  0.19511483
   0.57900621  0.94118650  0.50418486
   0.37304000  0.94194000  0.09637000
   0.64766666  0.68829657  0.29869712
   0.43906924  0.81715786  0.40359098
   0.84662365  0.56402691  0.19518014
   0.91058086  0.93832478  0.50527701
   0.70637000  0.94194000  0.09637000
   0.98143026  0.68841649  0.29859206
   0.77398029  0.81649693  0.39939951
   0.92884629  0.69252615  0.49558388
   0.03971000  0.19194000  0.09637000
   0.31901677  0.43767579  0.29775462
   0.11240173  0.06206568  0.40024563
   0.17898233  0.31506612  0.19615605
   0.25887868  0.19299865  0.49598514
   0.37304000  0.19194000  0.09637000
   0.65283334  0.43819882  0.29847291
   0.44538083  0.06277422  0.40003485
   0.51224325  0.31565691  0.19740891
   0.59192984  0.19529754  0.49519823
   0.70637000  0.19194000  0.09637000
   0.98658873  0.43823024  0.29809683
   0.77878657  0.06205165  0.40017812
   0.84523489  0.31551590  0.19727393
   0.92669673  0.19142662  0.49533368
   0.03971000  0.69194000  0.09637000
   0.30963589  0.93960423  0.29836003
   0.12843016  0.55904621  0.40034495
   0.17789514  0.81561425  0.19726426
   0.25940392  0.68801240  0.50063397
   0.37304000  0.69194000  0.09637000
   0.64225951  0.93929306  0.29855933
   0.46083145  0.55908228  0.39988078
   0.51120565  0.81553253  0.19728014
   0.59337915  0.69356826  0.49518121
   0.70637000  0.69194000  0.09637000
   0.97652043  0.93955016  0.29826199
   0.84430809  0.81560443  0.19726872
   0.79507822  0.55942003  0.40020259
   0.17310000  0.33301000  0.10976000
   0.26222201  0.20265822  0.41103333
   0.08861894  0.31654911  0.51131662
   0.31407114  0.45998401  0.21377609
   0.11367764  0.08303953  0.31578349
   0.23858000  0.04636000  0.07986000
   0.04397354  0.17072545  0.18017555
   0.32888565  0.41476683  0.38168934
   0.11363535  0.04923723  0.48821343
   0.18114745  0.29282040  0.27988811
   0.50750000  0.33753000  0.11288000
   0.59614508  0.20313536  0.41058417
   0.42200919  0.31962013  0.51165062
   0.64773590  0.46079827  0.21486089
   0.44708669  0.08296699  0.31555469
   0.57191000  0.04636000  0.07986000
   0.37751695  0.17087369  0.18032939
   0.66222248  0.41570490  0.38242761
   0.44789915  0.05293615  0.48770235
   0.51465317  0.29316709  0.28081784
   0.84083000  0.33753000  0.11288000
   0.92834994  0.20265923  0.41103227
   0.75416037  0.32084878  0.51101852
   0.98121615  0.46061867  0.21447628
   0.78040227  0.08268430  0.31577018
   0.90524000  0.04636000  0.07986000
   0.71068043  0.17070077  0.18019335
   0.99530503  0.41481809  0.38155238
   0.78201443  0.04947135  0.48812826
   0.84785543  0.29295294  0.28055856
   0.17417000  0.83753000  0.11288000
   0.23925780  0.70881191  0.41750444
   0.04167747  0.83178825  0.51790697
   0.31174781  0.96070392  0.21443581
   0.11616642  0.58476353  0.31684168
   0.23858000  0.54636000  0.07986000
   0.04584748  0.67024800  0.18009970
   0.30530422  0.92018644  0.38244447
   0.15367894  0.53364575  0.48408495
   0.18000557  0.79262432  0.28054470
   0.50750000  0.83753000  0.11288000
   0.57512975  0.70968773  0.41382824
   0.38097498  0.83622502  0.50751577
   0.64509256  0.96064939  0.21461522
   0.44877827  0.58381738  0.31645880
   0.57191000  0.54636000  0.07986000
   0.37921265  0.67011620  0.18005923
   0.63887514  0.92001232  0.38283084
   0.48981734  0.53964613  0.48613425
   0.51334192  0.79223077  0.28042147
   0.84083000  0.83753000  0.11288000
   0.70894958  0.83209017  0.51711209
   0.97838000  0.96071656  0.21448246
   0.78267218  0.58442411  0.31700848
   0.90524000  0.54636000  0.07986000
   0.71251361  0.67016796  0.18009137
   0.97331495  0.91964976  0.38250581
   0.82349370  0.53974372  0.48687558
   0.84660966  0.79236542  0.28056591
   0.90758595  0.71045555  0.41434910
   0.74988291  0.57000168  0.64311844
   0.25942723  0.65497611  0.60277691
   0.98568339  0.64929916  0.60863906
   0.59747237  0.60417960  0.63932754
   0.66261295  0.58286759  0.69571902
   0.61645176  0.50369470  0.71751632
   0.71767437  0.65277587  0.72307419
   0.50450205  0.54084197  0.62012263
   0.60682831  0.68978282  0.62522664
