   0.18158420  0.06404125  0.19376777
   0.25254808  0.44274947  0.49746306
   0.03971000  0.44194000  0.09637000
   0.31830410  0.18961971  0.29736295
   0.11881097  0.31588671  0.39872493
   0.51480349  0.06424908  0.19367125
   0.58566135  0.44603641  0.49841538
   0.37304000  0.44194000  0.09637000
   0.65161474  0.18931437  0.29628777
   0.45004202  0.31639658  0.40238053
   0.84826396  0.06398302  0.19379584
   0.92246277  0.43990661  0.50040091
   0.70637000  0.44194000  0.09637000
   0.98511163  0.18899230  0.29712048
   0.78316420  0.31460573  0.39788921
   0.18048449  0.56348931  0.19356362
   0.27694850  0.93186612  0.50156500
   0.03971000  0.94194000  0.09637000
   0.31757402  0.68877695  0.29568472
   0.12373761  0.81498467  0.39634028
   0.51404494  0.56398949  0.19407690
   0.61061941  0.93262010  0.50057275
   0.37304000  0.94194000  0.09637000
   0.65128803  0.68916459  0.29612232
   0.45670867  0.81520269  0.39526755
   0.84714620  0.56391101  0.19415332
   0.94451743  0.93416013  0.50214399
   0.70637000  0.94194000  0.09637000
   0.98434776  0.68900678  0.29615708
   0.79100765  0.81528489  0.39579287
   0.57651065  0.18687060  0.50157198
   0.03971000  0.19194000  0.09637000
   0.31643417  0.43865980  0.29580359
   0.12706511  0.06187365  0.40035592
   0.18076854  0.31463709  0.19521082
   0.27433427  0.19251714  0.49929310
   0.37304000  0.19194000  0.09637000
   0.64890303  0.43906590  0.29665833
   0.46222612  0.06217182  0.39788482
   0.51389005  0.31540879  0.19521352
   0.70637000  0.19194000  0.09637000
   0.98293714  0.43884548  0.29602157
   0.79166423  0.06135442  0.39858312
   0.84737088  0.31508234  0.19517225
   0.93238030  0.19273514  0.49294146
   0.03971000  0.69194000  0.09637000
   0.31908444  0.94027868  0.29593923
   0.11794877  0.56317667  0.39670090
   0.18083769  0.81539140  0.19522809
   0.25527312  0.69534733  0.49249137
   0.37304000  0.69194000  0.09637000
   0.65255746  0.93997847  0.29609256
   0.45176258  0.56438007  0.39636110
   0.51413218  0.81537209  0.19522867
   0.58608885  0.70138295  0.49227013
   0.70637000  0.69194000  0.09637000
   0.98664317  0.94051594  0.29699305
   0.84799379  0.81568897  0.19553597
   0.92141847  0.69682710  0.49305725
   0.78629729  0.56303291  0.39730854
   0.17333000  0.33321000  0.10959000
   0.24892129  0.20850178  0.41537767
   0.05197682  0.33325540  0.51071288
   0.31514202  0.45936821  0.21163039
   0.11979930  0.08540143  0.31564792
   0.23858000  0.04636000  0.07986000
   0.04710456  0.17023001  0.17971101
   0.31598633  0.41976750  0.37938866
   0.14460049  0.04170155  0.48661706
   0.18358530  0.29294923  0.27855946
   0.50648000  0.33297000  0.10887000
   0.58754735  0.21012418  0.41745056
   0.38953348  0.34289388  0.50087279
   0.64834316  0.45974266  0.21228879
   0.45345518  0.08584309  0.31444048
   0.57191000  0.04636000  0.07986000
   0.38054092  0.17090119  0.17980642
   0.64973209  0.41892432  0.38117093
   0.47679017  0.03452290  0.48054354
   0.51726472  0.29375284  0.27880096
   0.83998000  0.33294000  0.10911000
   0.91712669  0.20880462  0.41141769
   0.71634095  0.33432991  0.51857566
   0.98168907  0.45955658  0.21188384
   0.78561183  0.08498783  0.31441036
   0.90524000  0.04636000  0.07986000
   0.71397818  0.17062531  0.17986538
   0.98233939  0.41879614  0.38006930
   0.81230434  0.04352530  0.48545051
   0.85072926  0.29321180  0.27864137
   0.17323000  0.83311000  0.10949000
   0.25734366  0.70775131  0.40863201
   0.07439791  0.82334748  0.51235474
   0.31634115  0.96025025  0.21208250
   0.11785465  0.58376866  0.31282047
   0.23858000  0.54636000  0.07986000
   0.04653233  0.67050515  0.17995822
   0.32218991  0.91941285  0.37908905
   0.12021418  0.55061266  0.48367100
   0.18423240  0.79401038  0.27856417
   0.50655000  0.83318000  0.10951000
   0.59175900  0.70877260  0.40801851
   0.40978540  0.82081652  0.51176094
   0.64945010  0.96013234  0.21200831
   0.45140676  0.58375815  0.31235350
   0.57191000  0.54636000  0.07986000
   0.37980573  0.67056055  0.17991871
   0.65619266  0.91930108  0.37996201
   0.45428006  0.55622690  0.48309124
   0.51760797  0.79412346  0.27869889
   0.83988000  0.83312000  0.10940000
   0.74307391  0.82493120  0.51278736
   0.98311150  0.96034023  0.21266155
   0.78445573  0.58392027  0.31346045
   0.90524000  0.54636000  0.07986000
   0.71341440  0.67095929  0.18015800
   0.98975188  0.91969343  0.38093904
   0.79070354  0.54969210  0.48469833
   0.85134638  0.79449513  0.27923760
   0.92346297  0.70781065  0.40959674
   0.78264318  0.55517975  0.66122625
   0.42452113  0.16477454  0.58549021
   0.72157913  0.41000813  0.60141515
   0.79681652  0.67393829  0.67384290
   0.76629293  0.58967270  0.72000787
   0.64718140  0.56391523  0.73767942
   0.86344040  0.57841070  0.74779957
   0.70010157  0.70992646  0.65785711
   0.91634215  0.72419028  0.66764901
