   0.18024829  0.06527632  0.19564829
   0.26896254  0.43792069  0.50267517
   0.03971000  0.44194000  0.09637000
   0.31704435  0.19039545  0.29941676
   0.12031814  0.31456769  0.40372843
   0.51350041  0.06492194  0.19556072
   0.59031195  0.43514582  0.49849842
   0.37304000  0.44194000  0.09637000
   0.65028947  0.18925621  0.29900624
   0.45267401  0.31480457  0.40201731
   0.84689615  0.06513633  0.19525746
   0.93847414  0.43981727  0.49698886
   0.70637000  0.44194000  0.09637000
   0.98372971  0.18992555  0.29936538
   0.78806761  0.31337243  0.39846613
   0.18074558  0.56561381  0.19572896
   0.25850488  0.93378190  0.50335335
   0.03971000  0.94194000  0.09637000
   0.31716483  0.69099828  0.29987053
   0.11989544  0.81618954  0.39970334
   0.51324576  0.56484097  0.19494456
   0.59527933  0.93950993  0.50530068
   0.37304000  0.94194000  0.09637000
   0.64939577  0.68998054  0.29772341
   0.45505720  0.81774773  0.40185644
   0.84716845  0.56490910  0.19505285
   0.92733224  0.93433746  0.50349476
   0.70637000  0.94194000  0.09637000
   0.98387491  0.69025011  0.29754165
   0.78659659  0.81570798  0.40035186
   0.94027438  0.18977695  0.50165740
   0.03971000  0.19194000  0.09637000
   0.31734463  0.44084031  0.29971808
   0.12184151  0.06095877  0.39873243
   0.17968671  0.31647604  0.19727532
   0.24303822  0.18599947  0.50083508
   0.37304000  0.19194000  0.09637000
   0.64921625  0.43790915  0.29608797
   0.45400839  0.06678028  0.40392970
   0.51212713  0.31476079  0.19594799
   0.57977559  0.19927493  0.50269284
   0.70637000  0.19194000  0.09637000
   0.98481720  0.43941949  0.29781414
   0.78738790  0.06376845  0.40311879
   0.84624280  0.31545991  0.19660722
   0.03971000  0.69194000  0.09637000
   0.31785825  0.94207694  0.30024144
   0.12354149  0.56299804  0.39925694
   0.18007484  0.81677084  0.19758361
   0.26130901  0.69822635  0.49499793
   0.37304000  0.69194000  0.09637000
   0.65067488  0.94141000  0.29967470
   0.45618521  0.56388258  0.40178215
   0.51266397  0.81659793  0.19743764
   0.59824175  0.69372035  0.49638444
   0.70637000  0.69194000  0.09637000
   0.98263483  0.93999767  0.29746787
   0.84566142  0.81571569  0.19637300
   0.92614896  0.68839889  0.49165167
   0.78934929  0.56005411  0.39549869
   0.17145051  0.33177024  0.11035364
   0.25469634  0.20657188  0.41612218
   0.06768190  0.33709899  0.50333903
   0.31470582  0.46196627  0.21533222
   0.11773070  0.08530755  0.31530951
   0.23858000  0.04636000  0.07986000
   0.04621885  0.17136156  0.18051236
   0.32021567  0.41982030  0.38389307
   0.12850072  0.03535802  0.48099264
   0.18330400  0.29499502  0.28103967
   0.50413919  0.33133039  0.10952722
   0.59031071  0.21229981  0.41938104
   0.39795927  0.32558146  0.51248954
   0.64716536  0.46003506  0.21256536
   0.45181137  0.08724820  0.31938654
   0.57191000  0.04636000  0.07986000
   0.37912051  0.17018087  0.18011745
   0.65286568  0.41611484  0.37965880
   0.46172617  0.05192914  0.49120181
   0.51601103  0.29233675  0.27937904
   0.83781059  0.33144437  0.10992661
   0.91727497  0.20880593  0.41750986
   0.72725656  0.32574911  0.52254003
   0.98140656  0.46082767  0.21383427
   0.78444090  0.08633971  0.31817857
   0.90524000  0.04636000  0.07986000
   0.71258872  0.17072578  0.18033987
   0.98650683  0.41884316  0.38162702
   0.79631617  0.04599103  0.48882709
   0.84952319  0.29374368  0.28041830
   0.17154209  0.83169796  0.11056360
   0.25522756  0.71004992  0.41175292
   0.05514407  0.82018095  0.51280844
   0.31487485  0.96200422  0.21582934
   0.11712688  0.58536092  0.31564966
   0.23858000  0.54636000  0.07986000
   0.04651624  0.67156091  0.18083957
   0.32042418  0.92183746  0.38451027
   0.13784854  0.55119899  0.48599678
   0.18359420  0.79576275  0.28160649
   0.50468525  0.83175328  0.11047894
   0.58733513  0.70990181  0.41626306
   0.39368538  0.83250706  0.51536329
   0.64788064  0.96181123  0.21528633
   0.45130925  0.58675666  0.31811371
   0.57191000  0.54636000  0.07986000
   0.37984636  0.67143528  0.18070805
   0.65290718  0.91970953  0.38361692
   0.47114135  0.54793915  0.48902470
   0.51624045  0.79528670  0.28136741
   0.83773816  0.83145847  0.10981209
   0.72647484  0.82897613  0.51568923
   0.98084610  0.96104122  0.21359454
   0.78323685  0.58430077  0.31220455
   0.90524000  0.54636000  0.07986000
   0.71263399  0.67063950  0.18027988
   0.98392215  0.91724855  0.38048228
   0.79791478  0.54197763  0.48203606
   0.84883127  0.79404193  0.27982915
   0.91845757  0.70689121  0.41075966
   0.77824496  0.57476819  0.65248646
   0.07965042  0.15774402  0.58618273
   0.75320040  0.43868646  0.59521149
   0.79925819  0.68526983  0.67344488
   0.76564438  0.58655269  0.71274087
   0.64798758  0.55639505  0.72921655
   0.86186658  0.56331874  0.73571495
   0.70468175  0.72870878  0.66206938
   0.92087422  0.73477185  0.66873680
