   0.17999648  0.06492139  0.19558226
   0.26825129  0.43822541  0.50295347
   0.03971000  0.44194000  0.09637000
   0.31708359  0.19050762  0.29933938
   0.11999075  0.31474362  0.40372715
   0.51326021  0.06455455  0.19548179
   0.59303258  0.43491316  0.49883569
   0.37304000  0.44194000  0.09637000
   0.65025407  0.18926987  0.29891126
   0.45236557  0.31475783  0.40190296
   0.84659652  0.06476718  0.19519276
   0.93734142  0.44008993  0.49679454
   0.70637000  0.44194000  0.09637000
   0.98367300  0.19001547  0.29928037
   0.78767000  0.31313881  0.39888681
   0.18041147  0.56515955  0.19566070
   0.25961030  0.93397146  0.50329317
   0.03971000  0.94194000  0.09637000
   0.31724267  0.69105562  0.29969450
   0.12041973  0.81636156  0.39878306
   0.51297104  0.56438211  0.19484373
   0.59649052  0.93794259  0.50589777
   0.37304000  0.94194000  0.09637000
   0.64951213  0.68973748  0.29762385
   0.45472232  0.81802804  0.40112408
   0.84681807  0.56445041  0.19498108
   0.92777099  0.93278296  0.50391575
   0.70637000  0.94194000  0.09637000
   0.98342231  0.69004759  0.29745811
   0.78676055  0.81607483  0.39918016
   0.94005147  0.18962709  0.50178022
   0.03971000  0.19194000  0.09637000
   0.31714366  0.44062225  0.29946932
   0.12192231  0.06100744  0.39873877
   0.17985450  0.31634553  0.19677490
   0.24338841  0.18589118  0.50088168
   0.37304000  0.19194000  0.09637000
   0.64939203  0.43795997  0.29617980
   0.45358438  0.06634130  0.40374876
   0.51240105  0.31467259  0.19530023
   0.57868440  0.19543314  0.50180507
   0.70637000  0.19194000  0.09637000
   0.98448234  0.43945819  0.29770423
   0.78716025  0.06371682  0.40317182
   0.84652068  0.31535669  0.19601683
   0.03971000  0.69194000  0.09637000
   0.31792971  0.94204591  0.30002639
   0.12441855  0.56308527  0.39905734
   0.18029382  0.81657341  0.19704211
   0.25966088  0.69893051  0.49518814
   0.37304000  0.69194000  0.09637000
   0.65053417  0.94122648  0.29952359
   0.45505462  0.56323366  0.40119314
   0.51277112  0.81641820  0.19690429
   0.59284829  0.69603071  0.49615064
   0.70637000  0.69194000  0.09637000
   0.98266274  0.93985784  0.29717120
   0.84590911  0.81563700  0.19566609
   0.92873176  0.69020040  0.49161834
   0.78836868  0.56023363  0.39652201
   0.17350715  0.33301249  0.10962108
   0.25441628  0.20643701  0.41595207
   0.06712701  0.33839265  0.50318076
   0.31436458  0.46131027  0.21474567
   0.11773039  0.08517518  0.31517152
   0.23858000  0.04636000  0.07986000
   0.04609526  0.17154291  0.18068730
   0.31965776  0.41945524  0.38376467
   0.12733689  0.03492675  0.48105283
   0.18315902  0.29503708  0.28081563
   0.50653596  0.33266363  0.10862936
   0.58883476  0.21130167  0.41832821
   0.39755908  0.32631888  0.51266183
   0.64685125  0.45923178  0.21204524
   0.45167272  0.08714585  0.31914496
   0.57191000  0.04636000  0.07986000
   0.37915574  0.17046524  0.18018180
   0.65288966  0.41695046  0.38059323
   0.46015918  0.04812271  0.49082670
   0.51616466  0.29276689  0.27913769
   0.84008707  0.33273396  0.10908472
   0.91752815  0.20823471  0.41725678
   0.73008213  0.32977647  0.52039413
   0.98109114  0.46015311  0.21329624
   0.78439191  0.08606802  0.31808794
   0.90524000  0.04636000  0.07986000
   0.71252991  0.17095926  0.18048704
   0.98590488  0.41934289  0.38186331
   0.79657301  0.04401540  0.48886194
   0.84941542  0.29391296  0.28018087
   0.17362120  0.83293302  0.10984148
   0.25502608  0.71023994  0.41182631
   0.06049980  0.82221142  0.51338592
   0.31460370  0.96146762  0.21524025
   0.11732209  0.58528385  0.31539897
   0.23858000  0.54636000  0.07986000
   0.04637711  0.67167470  0.18100712
   0.32043186  0.92192158  0.38437479
   0.13749645  0.55177625  0.48576089
   0.18356810  0.79586310  0.28131133
   0.50674754  0.83299531  0.10975761
   0.58693533  0.70966779  0.41348179
   0.39577213  0.83102926  0.51521913
   0.64752987  0.96120236  0.21475965
   0.45073892  0.58608255  0.31756230
   0.57191000  0.54636000  0.07986000
   0.37970677  0.67155444  0.18084373
   0.65298187  0.92041296  0.38377791
   0.46729320  0.54755634  0.48814527
   0.51618611  0.79538056  0.28103823
   0.84004905  0.83272257  0.10892537
   0.72605150  0.82801095  0.51718324
   0.98059437  0.96041265  0.21303813
   0.78301173  0.58348113  0.31291005
   0.90524000  0.54636000  0.07986000
   0.71252531  0.67082342  0.18040868
   0.98458655  0.91783372  0.38040314
   0.79801062  0.54349520  0.48400575
   0.84872189  0.79411657  0.27936729
   0.91889420  0.70704173  0.40905482
   0.77785719  0.57287818  0.65188703
   0.07960981  0.15774610  0.58620634
   0.75302567  0.42949594  0.59539857
   0.79966115  0.68566306  0.67410048
   0.76671851  0.58854702  0.71336891
   0.64817684  0.55929019  0.73065800
   0.86251800  0.56617722  0.73762666
   0.70601882  0.72897684  0.66288447
   0.91978349  0.73597351  0.66975927
