   0.18022124  0.06521372  0.19565424
   0.26886132  0.43787305  0.50268322
   0.03971000  0.44194000  0.09637000
   0.31706550  0.19039567  0.29941955
   0.12030689  0.31456865  0.40374460
   0.51347077  0.06485301  0.19557370
   0.59139457  0.43485547  0.49883297
   0.37304000  0.44194000  0.09637000
   0.65027335  0.18924720  0.29902340
   0.45270192  0.31476043  0.40203234
   0.84686300  0.06507840  0.19526216
   0.93787428  0.43933602  0.49711720
   0.70637000  0.44194000  0.09637000
   0.98372996  0.18994449  0.29936766
   0.78800609  0.31332758  0.39856038
   0.18070407  0.56554466  0.19574014
   0.25856415  0.93396183  0.50334450
   0.03971000  0.94194000  0.09637000
   0.31717499  0.69101463  0.29987412
   0.11991654  0.81624411  0.39965149
   0.51322343  0.56477394  0.19495763
   0.59517275  0.93970450  0.50532046
   0.37304000  0.94194000  0.09637000
   0.64941374  0.68997918  0.29774706
   0.45505574  0.81784085  0.40179787
   0.84713034  0.56484191  0.19506349
   0.92753823  0.93440368  0.50350104
   0.70637000  0.94194000  0.09637000
   0.98382063  0.69024580  0.29756750
   0.78661004  0.81571439  0.40031357
   0.93999984  0.18979023  0.50172141
   0.03971000  0.19194000  0.09637000
   0.31732447  0.44083663  0.29970870
   0.12184101  0.06096231  0.39873462
   0.17971327  0.31650840  0.19728208
   0.24299283  0.18598481  0.50086971
   0.37304000  0.19194000  0.09637000
   0.64922796  0.43793467  0.29607795
   0.45405647  0.06678880  0.40396656
   0.51217361  0.31480009  0.19595995
   0.57944106  0.19881975  0.50262270
   0.70637000  0.19194000  0.09637000
   0.98480024  0.43941590  0.29780558
   0.78735120  0.06380382  0.40312004
   0.84628868  0.31549315  0.19661331
   0.03971000  0.69194000  0.09637000
   0.31788731  0.94208071  0.30025589
   0.12354942  0.56298599  0.39923554
   0.18011852  0.81680029  0.19758118
   0.26145606  0.69832884  0.49500240
   0.37304000  0.69194000  0.09637000
   0.65065550  0.94140436  0.29967489
   0.45612415  0.56386878  0.40174056
   0.51269133  0.81662990  0.19743202
   0.59958731  0.69379748  0.49699443
   0.70637000  0.69194000  0.09637000
   0.98263290  0.93997852  0.29745074
   0.84570033  0.81574775  0.19637218
   0.92519975  0.68811529  0.49213584
   0.78932371  0.56005194  0.39539792
   0.17194884  0.33253953  0.11055217
   0.25460114  0.20652722  0.41611681
   0.06774522  0.33752198  0.50328822
   0.31468614  0.46193384  0.21530244
   0.11772007  0.08531448  0.31531262
   0.23858000  0.04636000  0.07986000
   0.04623729  0.17140396  0.18050199
   0.32024643  0.41980640  0.38387217
   0.12827005  0.03528242  0.48100751
   0.18330668  0.29498515  0.28101411
   0.50476523  0.33217656  0.10979297
   0.59014672  0.21221869  0.41921884
   0.39791857  0.32567975  0.51245915
   0.64715243  0.45998990  0.21256438
   0.45178636  0.08725176  0.31934742
   0.57191000  0.04636000  0.07986000
   0.37915193  0.17024226  0.18009993
   0.65288550  0.41618432  0.37964105
   0.46160144  0.05152666  0.49119251
   0.51604580  0.29238859  0.27934338
   0.83838109  0.33225685  0.11015890
   0.91732722  0.20872742  0.41747845
   0.72830633  0.32846892  0.52338185
   0.98139299  0.46081206  0.21382064
   0.78444522  0.08632143  0.31818013
   0.90524000  0.04636000  0.07986000
   0.71259180  0.17077117  0.18032632
   0.98656290  0.41885118  0.38161667
   0.79646384  0.04578589  0.48880065
   0.84952051  0.29374471  0.28038693
   0.17203123  0.83246363  0.11074413
   0.25517611  0.71002659  0.41179597
   0.05562738  0.82074900  0.51273258
   0.31486654  0.96199931  0.21579698
   0.11715604  0.58535162  0.31564044
   0.23858000  0.54636000  0.07986000
   0.04653438  0.67159772  0.18082431
   0.32039498  0.92179389  0.38450723
   0.13778610  0.55114121  0.48597188
   0.18359586  0.79574937  0.28158189
   0.50518434  0.83251646  0.11066596
   0.58715588  0.70991004  0.41615784
   0.39371556  0.83231174  0.51534060
   0.64787310  0.96179726  0.21526895
   0.45124511  0.58668279  0.31808741
   0.57191000  0.54636000  0.07986000
   0.37985364  0.67147169  0.18069371
   0.65293687  0.91977506  0.38360672
   0.47059052  0.54762996  0.48885505
   0.51622484  0.79528497  0.28133331
   0.83831520  0.83226612  0.11005100
   0.72612726  0.82958615  0.51546449
   0.98083671  0.96103274  0.21359193
   0.78320244  0.58420979  0.31231496
   0.90524000  0.54636000  0.07986000
   0.71264413  0.67067800  0.18026543
   0.98394247  0.91731478  0.38046949
   0.79770250  0.54109815  0.48159716
   0.84882582  0.79404794  0.27979134
   0.91869341  0.70686047  0.41070229
   0.77776412  0.57364071  0.65161927
   0.07969320  0.15772493  0.58610410
   0.75296223  0.43861993  0.59470771
   0.79955345  0.68631927  0.67373645
   0.76623607  0.58743502  0.71278622
   0.64698071  0.55602023  0.72920346
   0.86253240  0.56311982  0.73583297
   0.70485570  0.72797620  0.66199351
   0.92043290  0.73417729  0.66870199
