   0.18039877  0.06468323  0.19452583
   0.26318345  0.43998865  0.50153390
   0.03971000  0.44194000  0.09637000
   0.31675970  0.19036285  0.29788374
   0.11769076  0.31509246  0.40309505
   0.51378608  0.06473379  0.19467089
   0.58915132  0.43838533  0.50080575
   0.37304000  0.44194000  0.09637000
   0.64998092  0.18932105  0.29803798
   0.44977302  0.31489326  0.40174208
   0.84717110  0.06453803  0.19428179
   0.93118971  0.44232879  0.49744923
   0.70637000  0.44194000  0.09637000
   0.98339573  0.19002161  0.29820110
   0.78567686  0.31339086  0.39872083
   0.18041187  0.56436535  0.19470097
   0.26666252  0.93303038  0.50258083
   0.03971000  0.94194000  0.09637000
   0.31687489  0.68989149  0.29751726
   0.12061991  0.81562252  0.39699979
   0.51346022  0.56415364  0.19446568
   0.60191438  0.93578889  0.50481906
   0.37304000  0.94194000  0.09637000
   0.64929650  0.68905535  0.29710957
   0.45456378  0.81631847  0.39796093
   0.84693607  0.56401755  0.19453942
   0.93397841  0.93238655  0.50410611
   0.70637000  0.94194000  0.09637000
   0.98309738  0.68921999  0.29701220
   0.78769019  0.81551856  0.39707711
   0.94040716  0.18973623  0.50094927
   0.03971000  0.19194000  0.09637000
   0.31575041  0.43907996  0.29753297
   0.12374109  0.06138155  0.39826482
   0.18012442  0.31556774  0.19577285
   0.24413837  0.18735384  0.50051550
   0.37304000  0.19194000  0.09637000
   0.64890449  0.43822110  0.29693584
   0.45439491  0.06371679  0.40142590
   0.51320286  0.31500734  0.19553070
   0.58543077  0.19357854  0.49919647
   0.70637000  0.19194000  0.09637000
   0.98315660  0.43910640  0.29706259
   0.78886403  0.06292731  0.40213458
   0.84664312  0.31521845  0.19574020
   0.03971000  0.69194000  0.09637000
   0.31784785  0.94083449  0.29785834
   0.12228333  0.56376686  0.39795845
   0.18042670  0.81581998  0.19587442
   0.25606214  0.69897056  0.49405341
   0.37304000  0.69194000  0.09637000
   0.65101098  0.94100185  0.29805361
   0.45265610  0.56301706  0.39876361
   0.51335901  0.81596226  0.19592075
   0.59045859  0.69662335  0.49486741
   0.70637000  0.69194000  0.09637000
   0.98340540  0.93963052  0.29626097
   0.84668069  0.81507139  0.19507522
   0.92211508  0.69436329  0.49368094
   0.78619089  0.56209098  0.39759697
   0.17364093  0.33292232  0.10956087
   0.25243309  0.20722628  0.41590909
   0.06066943  0.34031625  0.50247278
   0.31489196  0.46032881  0.21298073
   0.11772266  0.08527714  0.31435646
   0.23858000  0.04636000  0.07986000
   0.04635735  0.17094617  0.17995679
   0.31653036  0.41871101  0.38179245
   0.13296342  0.03504476  0.48109185
   0.18233490  0.29424336  0.27944489
   0.50695872  0.33275939  0.10961460
   0.58642761  0.20994651  0.41643841
   0.39363409  0.32895865  0.51121805
   0.64781804  0.45970541  0.21234963
   0.45066118  0.08618889  0.31694599
   0.57191000  0.04636000  0.07986000
   0.37927505  0.17062072  0.17990085
   0.65071265  0.41755546  0.38170607
   0.46857355  0.04534203  0.48844227
   0.51623741  0.29339429  0.27906728
   0.84005165  0.33289215  0.10966166
   0.91548861  0.20810009  0.41682956
   0.72348809  0.33222888  0.52013780
   0.98162260  0.45979652  0.21255019
   0.78428403  0.08595131  0.31697511
   0.90524000  0.04636000  0.07986000
   0.71267373  0.17082280  0.18014582
   0.98346761  0.41896539  0.38111228
   0.80243004  0.04191002  0.48786562
   0.84876168  0.29384434  0.27947852
   0.17374720  0.83274010  0.10981899
   0.25520956  0.71043429  0.41046563
   0.06681722  0.82208119  0.51422484
   0.31512846  0.96104814  0.21335403
   0.11756272  0.58457326  0.31426299
   0.23858000  0.54636000  0.07986000
   0.04613692  0.67082410  0.18033926
   0.32018110  0.92078103  0.38216133
   0.12989427  0.55343924  0.48437319
   0.18299909  0.79478546  0.27956810
   0.50709662  0.83282195  0.11004495
   0.58802122  0.70939370  0.41184449
   0.40152209  0.82752865  0.51433753
   0.64834104  0.96115097  0.21337695
   0.45010533  0.58459330  0.31503261
   0.57191000  0.54636000  0.07986000
   0.37950399  0.67084172  0.18018452
   0.65287370  0.92046509  0.38254292
   0.46320108  0.54860238  0.48538021
   0.51650921  0.79466593  0.27957641
   0.84027976  0.83279725  0.10944302
   0.73141758  0.82608506  0.51640478
   0.98155055  0.96017849  0.21217349
   0.78289836  0.58369826  0.31388709
   0.90524000  0.54636000  0.07986000
   0.71246260  0.67028804  0.18003292
   0.98589477  0.91812146  0.37966255
   0.79371299  0.54620806  0.48459973
   0.84865888  0.79345704  0.27850751
   0.92092993  0.70796819  0.41053583
   0.77762325  0.56441270  0.65759797
   0.07920486  0.15895168  0.58518533
   0.75258326  0.42178197  0.59872283
   0.80069767  0.68186602  0.67396799
   0.76702929  0.59267450  0.71792291
   0.64834286  0.56629616  0.73533925
   0.86562026  0.57499356  0.74388351
   0.70434987  0.72021218  0.65967435
   0.92071456  0.72908439  0.66792691
