   0.18220195  0.06443295  0.19400636
   0.24728458  0.44416312  0.49852626
   0.03971000  0.44194000  0.09637000
   0.31969060  0.19035198  0.29747005
   0.11834408  0.31687941  0.39868229
   0.51546902  0.06415300  0.19369210
   0.58092769  0.44841651  0.49892694
   0.37304000  0.44194000  0.09637000
   0.65283899  0.18972560  0.29616515
   0.44969989  0.31733781  0.40245054
   0.84889911  0.06416211  0.19404056
   0.91675954  0.44227033  0.50081911
   0.70637000  0.44194000  0.09637000
   0.98640253  0.18942900  0.29707559
   0.78270331  0.31583087  0.39780612
   0.18062801  0.56420428  0.19389872
   0.28373327  0.93195920  0.50115852
   0.03971000  0.94194000  0.09637000
   0.31736857  0.68960797  0.29620475
   0.12698828  0.81523258  0.39602245
   0.51399309  0.56435231  0.19402409
   0.61774955  0.93316279  0.49976033
   0.37304000  0.94194000  0.09637000
   0.65094359  0.68952824  0.29649822
   0.45970719  0.81524077  0.39557916
   0.84725835  0.56437227  0.19394412
   0.95131894  0.93408830  0.50120322
   0.70637000  0.94194000  0.09637000
   0.98413606  0.68960692  0.29633545
   0.79386818  0.81506461  0.39602574
   0.57676438  0.18867340  0.50164236
   0.03971000  0.19194000  0.09637000
   0.31639286  0.43954984  0.29600997
   0.13011186  0.06245459  0.40057473
   0.18099166  0.31517018  0.19530574
   0.27476047  0.19322199  0.49973188
   0.37304000  0.19194000  0.09637000
   0.64880484  0.43951860  0.29631361
   0.46487159  0.06308506  0.39843896
   0.51435179  0.31550177  0.19501433
   0.70637000  0.19194000  0.09637000
   0.98285183  0.43962219  0.29587475
   0.79494226  0.06182696  0.39827877
   0.84783631  0.31521699  0.19503942
   0.93246321  0.19449861  0.49273580
   0.03971000  0.69194000  0.09637000
   0.32063440  0.94115064  0.29642804
   0.11656972  0.56434017  0.39687081
   0.18094733  0.81592933  0.19550652
   0.25614264  0.69634822  0.49248115
   0.37304000  0.69194000  0.09637000
   0.65400460  0.93991682  0.29625754
   0.44999185  0.56542934  0.39672093
   0.51434343  0.81555484  0.19540199
   0.58673125  0.70238754  0.49223393
   0.70637000  0.69194000  0.09637000
   0.98800027  0.94093252  0.29719842
   0.84789690  0.81603812  0.19569342
   0.92389758  0.69728810  0.49236193
   0.78443714  0.56406955  0.39707822
   0.17333000  0.33321000  0.10959000
   0.24856634  0.21006960  0.41618175
   0.04600480  0.33551131  0.51176059
   0.31509070  0.45990024  0.21176808
   0.12139446  0.08609515  0.31592446
   0.23858000  0.04636000  0.07986000
   0.04767989  0.17055754  0.17991888
   0.31563102  0.42046568  0.37977744
   0.15102659  0.04143717  0.48642047
   0.18478886  0.29352109  0.27875480
   0.50648000  0.33297000  0.10887000
   0.58715867  0.21183505  0.41791550
   0.38427256  0.34493234  0.50297540
   0.64842849  0.46014355  0.21191108
   0.45487750  0.08686586  0.31494238
   0.57191000  0.04636000  0.07986000
   0.38129518  0.17072319  0.17976126
   0.64867036  0.41979343  0.38083707
   0.48278619  0.03523080  0.48092958
   0.51844745  0.29392828  0.27845605
   0.83998000  0.33294000  0.10911000
   0.91728628  0.21028122  0.41114879
   0.71084968  0.33726537  0.51841171
   0.98165662  0.45996756  0.21169848
   0.78691988  0.08522645  0.31421101
   0.90524000  0.04636000  0.07986000
   0.71457722  0.17050588  0.17985251
   0.98170927  0.41989800  0.37997661
   0.81873484  0.04349020  0.48488617
   0.85191405  0.29348406  0.27852088
   0.17323000  0.83311000  0.10949000
   0.25959621  0.70761828  0.40814394
   0.08147581  0.82219347  0.51118638
   0.31692225  0.96066658  0.21238236
   0.11744151  0.58434232  0.31269328
   0.23858000  0.54636000  0.07986000
   0.04664128  0.67116944  0.18012010
   0.32562022  0.91989258  0.37972052
   0.11563201  0.55317596  0.48414702
   0.18423670  0.79518746  0.27906862
   0.50655000  0.83318000  0.10951000
   0.59417991  0.70814723  0.40751583
   0.41678949  0.82031343  0.51038974
   0.65011494  0.96014469  0.21215179
   0.45094424  0.58428559  0.31253572
   0.57191000  0.54636000  0.07986000
   0.37986966  0.67101493  0.18006661
   0.65941495  0.91944153  0.38018164
   0.44967410  0.55855382  0.48383710
   0.51759303  0.79471916  0.27900568
   0.83988000  0.83312000  0.10940000
   0.74991910  0.82458687  0.51082984
   0.98379860  0.96060464  0.21287475
   0.78414838  0.58392705  0.31298962
   0.90524000  0.54636000  0.07986000
   0.71337618  0.67136829  0.18016669
   0.99270532  0.92005048  0.38116972
   0.78637256  0.55222325  0.48460190
   0.85109804  0.79521246  0.27946047
   0.92666986  0.70736049  0.40841309
   0.78846304  0.54026004  0.66751949
   0.42623454  0.16557575  0.58602306
   0.70803211  0.40085660  0.60385944
   0.79422251  0.65958902  0.67166854
   0.76422789  0.58788239  0.72306610
   0.64397717  0.56353144  0.74006310
   0.85992730  0.58727993  0.75352450
   0.69587377  0.68755004  0.65127093
   0.91137102  0.71162676  0.66429288
