   0.62070177  0.42784317  0.49100994
   0.17896604  0.06406148  0.18512827
   0.28742855  0.42961117  0.49144042
   0.03971000  0.44194000  0.08602000
   0.31529035  0.18794752  0.28863162
   0.12795708  0.31204873  0.38903403
   0.51234043  0.06406174  0.18497457
   0.37304000  0.44194000  0.08602000
   0.64861730  0.18800119  0.28865208
   0.46100651  0.31153033  0.38853901
   0.84569520  0.06413442  0.18515289
   0.95582742  0.43063304  0.49206094
   0.70637000  0.44194000  0.08602000
   0.98212432  0.18823343  0.28879067
   0.79446375  0.31174913  0.38892310
   0.18070516  0.56386901  0.18487083
   0.24679798  0.93897634  0.49490127
   0.03971000  0.94194000  0.08602000
   0.31625265  0.68853963  0.28855444
   0.10968414  0.81694839  0.39141236
   0.51414010  0.56384721  0.18481825
   0.57944772  0.94043724  0.49161146
   0.37304000  0.94194000  0.08602000
   0.64987267  0.68874226  0.28877578
   0.44376101  0.81628942  0.39057795
   0.84745451  0.56388719  0.18492383
   0.91590519  0.94211175  0.49285328
   0.70637000  0.94194000  0.08602000
   0.98321905  0.68881225  0.28868378
   0.77600813  0.81710150  0.39271074
   0.03971000  0.19194000  0.08602000
   0.31917775  0.43815502  0.28786157
   0.11408543  0.06263552  0.39006156
   0.17944129  0.31538349  0.18688547
   0.26033413  0.19276946  0.48538496
   0.37304000  0.19194000  0.08602000
   0.65295655  0.43828370  0.28816718
   0.44661316  0.06254531  0.39006873
   0.51293368  0.31535165  0.18699051
   0.59291843  0.19270439  0.48568524
   0.70637000  0.19194000  0.08602000
   0.98597221  0.43856895  0.28839690
   0.78050560  0.06295644  0.38975497
   0.84618337  0.31554372  0.18707333
   0.92522682  0.19559848  0.48528994
   0.03971000  0.69194000  0.08602000
   0.31159210  0.93920551  0.28827169
   0.12776583  0.56007448  0.39042647
   0.17912023  0.81548907  0.18682256
   0.26326833  0.69395801  0.48529229
   0.37304000  0.69194000  0.08602000
   0.64499130  0.93913399  0.28808394
   0.46067143  0.55890276  0.38939493
   0.51245864  0.81526509  0.18680465
   0.60698788  0.68647167  0.48559956
   0.70637000  0.69194000  0.08602000
   0.97794723  0.93927724  0.28841839
   0.84583994  0.81546520  0.18687784
   0.92336815  0.69268166  0.48782970
   0.79601218  0.55943380  0.38986699
   0.17417000  0.33753000  0.10253000
   0.26051445  0.20410565  0.40109442
   0.08709610  0.32142326  0.49992455
   0.31501427  0.46056279  0.20457922
   0.11505841  0.08304264  0.30583416
   0.23858000  0.04636000  0.06951000
   0.04542447  0.17038337  0.16984721
   0.32693260  0.41563799  0.37144190
   0.11750502  0.05036089  0.47783505
   0.18240387  0.29272025  0.27030714
   0.50750000  0.33753000  0.10253000
   0.59361500  0.20388234  0.40116670
   0.41961867  0.31937023  0.50098215
   0.64840816  0.46056905  0.20471596
   0.44837281  0.08298551  0.30586590
   0.57191000  0.04636000  0.06951000
   0.37872542  0.17038697  0.16985912
   0.66076122  0.41611147  0.37203997
   0.44809681  0.05052493  0.47772659
   0.51568976  0.29283568  0.27052321
   0.84083000  0.33753000  0.10253000
   0.92760818  0.20419940  0.40061920
   0.75420977  0.31942168  0.50009866
   0.98175268  0.46067468  0.20481070
   0.78183173  0.08297613  0.30555972
   0.90524000  0.04636000  0.06951000
   0.71214828  0.17049149  0.16989114
   0.99392927  0.41671593  0.37247041
   0.78266954  0.05284096  0.47736377
   0.84902459  0.29311736  0.27067143
   0.17417000  0.83753000  0.10253000
   0.24365090  0.71027960  0.40401423
   0.04422927  0.83271320  0.50432540
   0.31316628  0.96066054  0.20456752
   0.11728828  0.58454564  0.30696285
   0.23858000  0.54636000  0.06951000
   0.04689365  0.67000541  0.16972318
   0.30846963  0.91951373  0.37265225
   0.15601186  0.54124956  0.47698973
   0.18185446  0.79233096  0.27014875
   0.50750000  0.83753000  0.10253000
   0.57507868  0.70835510  0.40546069
   0.37987126  0.83322120  0.50520100
   0.64636633  0.96052922  0.20441831
   0.45062309  0.58443449  0.30655580
   0.57191000  0.54636000  0.06951000
   0.38018922  0.66986836  0.16969464
   0.64135372  0.91972577  0.37229638
   0.48844600  0.53608025  0.47421960
   0.51513473  0.79211671  0.27018961
   0.84083000  0.83753000  0.10253000
   0.71496824  0.83443203  0.49548987
   0.97975171  0.96066162  0.20461722
   0.78436766  0.58461076  0.30689855
   0.90524000  0.54636000  0.06951000
   0.71366998  0.66999152  0.16972640
   0.97474499  0.91980909  0.37290030
   0.82138804  0.53835738  0.47574231
   0.84858877  0.79235622  0.27024703
   0.91019278  0.70960169  0.40588126
   0.61874519  0.61563320  0.63165089
   0.80270281  0.38896827  0.67696314
   0.75225782  0.50322737  0.60833223
   0.53921430  0.70906658  0.62974491
   0.47537397  0.60377023  0.66747073
   0.37981256  0.54147205  0.65117317
   0.50416538  0.60800492  0.71213818
   0.48762537  0.71285329  0.58873260
   0.61287466  0.77829506  0.64981302
