   0.29273704  0.43102471  0.49219723
   0.17889768  0.06427745  0.18484475
   0.03971000  0.44194000  0.08602000
   0.31555296  0.18807998  0.28836606
   0.13050585  0.31170855  0.38900582
   0.51226419  0.06423382  0.18472890
   0.62330882  0.42913279  0.49106653
   0.37304000  0.44194000  0.08602000
   0.64903258  0.18799729  0.28815067
   0.46376726  0.31141121  0.38799568
   0.84559547  0.06425134  0.18482307
   0.96304783  0.42876072  0.49250807
   0.70637000  0.44194000  0.08602000
   0.98242311  0.18811848  0.28839270
   0.79722524  0.31176647  0.38834511
   0.18132829  0.56375947  0.18459974
   0.24841910  0.93989772  0.49370481
   0.03971000  0.94194000  0.08602000
   0.31635020  0.68854852  0.28806492
   0.10879010  0.81715381  0.38995654
   0.51470777  0.56383743  0.18464436
   0.58065485  0.93912483  0.49271203
   0.37304000  0.94194000  0.08602000
   0.64960355  0.68883189  0.28831904
   0.44206636  0.81707167  0.38955996
   0.84802833  0.56378944  0.18456893
   0.91470384  0.94040418  0.49307347
   0.70637000  0.94194000  0.08602000
   0.98328897  0.68878196  0.28800159
   0.77547740  0.81723674  0.39031939
   0.03971000  0.19194000  0.08602000
   0.32055918  0.43807361  0.28792625
   0.11454582  0.06287343  0.38937721
   0.17973070  0.31554884  0.18694997
   0.26094204  0.19404716  0.48443173
   0.37304000  0.19194000  0.08602000
   0.65424574  0.43859022  0.28812742
   0.44696804  0.06309479  0.38929500
   0.51308725  0.31564510  0.18703778
   0.59511093  0.19263364  0.48423944
   0.70637000  0.19194000  0.08602000
   0.98752231  0.43843120  0.28806144
   0.78034301  0.06276618  0.38905309
   0.84647819  0.31560772  0.18698736
   0.92798911  0.19279112  0.48368768
   0.03971000  0.69194000  0.08602000
   0.31098113  0.93976522  0.28769858
   0.13013707  0.55985774  0.38968801
   0.17897182  0.81554239  0.18668885
   0.26400014  0.69277736  0.48509784
   0.37304000  0.69194000  0.08602000
   0.64428468  0.93951643  0.28765803
   0.46226196  0.55904218  0.38959058
   0.51225067  0.81545586  0.18665406
   0.59741504  0.69260472  0.48426436
   0.70637000  0.69194000  0.08602000
   0.97751769  0.93960344  0.28793855
   0.84567443  0.81555591  0.18673253
   0.93256897  0.69543420  0.48620894
   0.79550359  0.56060307  0.38980195
   0.17417000  0.33753000  0.10253000
   0.26416405  0.20302121  0.39951183
   0.09420962  0.31729741  0.49518696
   0.31589217  0.46052272  0.20431921
   0.11538511  0.08271535  0.30501904
   0.23858000  0.04636000  0.06951000
   0.04533458  0.17068451  0.16985002
   0.32963772  0.41580195  0.37172628
   0.11713266  0.05139540  0.47700991
   0.18263555  0.29316657  0.27038012
   0.50750000  0.33753000  0.10253000
   0.59648948  0.20356347  0.39977921
   0.42426481  0.31960683  0.49952696
   0.64924488  0.46059179  0.20447525
   0.44887663  0.08295791  0.30493083
   0.57191000  0.04636000  0.06951000
   0.37871667  0.17078765  0.16991107
   0.66349665  0.41739181  0.37251753
   0.45025710  0.05053933  0.47700840
   0.51621870  0.29350656  0.27066994
   0.84083000  0.33753000  0.10253000
   0.92920947  0.20300192  0.39921385
   0.75763025  0.31955146  0.49791995
   0.98251028  0.46058425  0.20442213
   0.78203535  0.08270385  0.30469418
   0.90524000  0.04636000  0.06951000
   0.71201235  0.17073578  0.16987594
   0.99600556  0.41660862  0.37199230
   0.78285571  0.05089972  0.47687282
   0.84938728  0.29330726  0.27048704
   0.17417000  0.83753000  0.10253000
   0.24244318  0.71103930  0.40372556
   0.04780357  0.83495343  0.50409130
   0.31306330  0.96070918  0.20393516
   0.11781059  0.58476997  0.30631075
   0.23858000  0.54636000  0.06951000
   0.04728396  0.66995407  0.16969089
   0.30685774  0.92070079  0.37202999
   0.15939750  0.53976919  0.47514381
   0.18172434  0.79262939  0.26997358
   0.50750000  0.83753000  0.10253000
   0.57545208  0.70986333  0.40303319
   0.38032625  0.83268601  0.50378910
   0.64628991  0.96059453  0.20389713
   0.45096802  0.58430711  0.30621896
   0.57191000  0.54636000  0.06951000
   0.38057832  0.66991171  0.16965002
   0.64024628  0.92035297  0.37202109
   0.49185923  0.53979185  0.47592543
   0.51474040  0.79251421  0.26997406
   0.84083000  0.83753000  0.10253000
   0.71387664  0.83300357  0.50174858
   0.97968313  0.96070447  0.20412482
   0.78464522  0.58490205  0.30644196
   0.90524000  0.54636000  0.06951000
   0.71398421  0.66995867  0.16967092
   0.97375655  0.92034626  0.37241523
   0.82411769  0.54171467  0.47952911
   0.84817974  0.79258042  0.27005777
   0.90888587  0.71001871  0.40456822
   0.71468646  0.63396656  0.63682196
   0.03946579  0.44939741  0.63437708
   0.85848286  0.52701370  0.58297790
   0.62324666  0.71447166  0.65407968
   0.65429835  0.63106550  0.69537241
   0.56057891  0.55868624  0.70474901
   0.74550149  0.65595065  0.72792246
   0.50683061  0.70215189  0.63359815
   0.69299450  0.80033798  0.65632349
