   0.18197134  0.06497367  0.19501999
   0.24310813  0.44194999  0.50368283
   0.03971000  0.44194000  0.09637000
   0.31917694  0.19050314  0.29901249
   0.11268478  0.31854063  0.40080869
   0.51499415  0.06494619  0.19482455
   0.57602788  0.44787241  0.50103230
   0.37304000  0.44194000  0.09637000
   0.65227224  0.19031730  0.29849690
   0.44791219  0.31907808  0.40153538
   0.84839644  0.06470998  0.19444887
   0.91514806  0.44776010  0.50113322
   0.70637000  0.44194000  0.09637000
   0.98561291  0.19002537  0.29793269
   0.77947322  0.31784725  0.40144946
   0.17949806  0.56522904  0.19516484
   0.28332887  0.93472047  0.50271847
   0.03971000  0.94194000  0.09637000
   0.31590727  0.69077671  0.29803161
   0.12618915  0.81623766  0.39800090
   0.51282976  0.56493370  0.19500680
   0.61677011  0.93379566  0.50281290
   0.37304000  0.94194000  0.09637000
   0.64893980  0.69041901  0.29748914
   0.45933257  0.81653837  0.39820281
   0.84632102  0.56514994  0.19525524
   0.95004478  0.93479285  0.50172561
   0.70637000  0.94194000  0.09637000
   0.98249547  0.69056781  0.29804016
   0.79213798  0.81583383  0.39735254
   0.60229282  0.19238142  0.50244862
   0.03971000  0.19194000  0.09637000
   0.31415660  0.44097510  0.29799929
   0.12774254  0.06270410  0.40000934
   0.18016948  0.31632238  0.19708260
   0.26111110  0.19721774  0.49518533
   0.37304000  0.19194000  0.09637000
   0.64735955  0.44086560  0.29797524
   0.46276461  0.06461381  0.40231986
   0.51329938  0.31629226  0.19711619
   0.70637000  0.19194000  0.09637000
   0.98050834  0.44093764  0.29800362
   0.79604199  0.06258631  0.39953713
   0.84666458  0.31638513  0.19706554
   0.91709927  0.19342499  0.49947543
   0.03971000  0.69194000  0.09637000
   0.32069925  0.94220011  0.29904163
   0.11510823  0.56568631  0.39903102
   0.18024960  0.81718863  0.19755780
   0.25635015  0.69763506  0.49439966
   0.37304000  0.69194000  0.09637000
   0.65304144  0.94071099  0.29716905
   0.44668589  0.56641587  0.39918480
   0.51335071  0.81611574  0.19577006
   0.58738799  0.69902153  0.49465069
   0.70637000  0.69194000  0.09637000
   0.98653779  0.94048903  0.29738953
   0.84725509  0.81596881  0.19582781
   0.92032226  0.70185159  0.49407809
   0.78146025  0.56650851  0.39876351
   0.17417000  0.33753000  0.11288000
   0.24713449  0.21200623  0.41338168
   0.04040998  0.33749010  0.51474401
   0.31390121  0.46165719  0.21409453
   0.12004611  0.08569130  0.31588926
   0.23858000  0.04636000  0.07986000
   0.04745656  0.17096766  0.18014132
   0.31201175  0.42189541  0.38217165
   0.15079112  0.04488217  0.48686398
   0.18443516  0.29398393  0.28026790
   0.50750000  0.33753000  0.11288000
   0.58021720  0.21351881  0.41959970
   0.37747742  0.33772163  0.51396206
   0.64720032  0.46151814  0.21405497
   0.45442813  0.08752267  0.31799116
   0.57191000  0.04636000  0.07986000
   0.38074633  0.17104202  0.18008129
   0.64591925  0.42179967  0.38222564
   0.48288351  0.04177308  0.48733355
   0.51768393  0.29407669  0.28037421
   0.84083000  0.33753000  0.11288000
   0.91401525  0.21207198  0.41621746
   0.71090111  0.34653958  0.51191517
   0.98065973  0.46166049  0.21412027
   0.78694569  0.08613049  0.31568715
   0.90524000  0.04636000  0.07986000
   0.71410422  0.17096610  0.18007563
   0.97790935  0.42164098  0.38217409
   0.81641968  0.03936010  0.48366295
   0.85089562  0.29407612  0.28023801
   0.17417000  0.83753000  0.11288000
   0.25894554  0.70872241  0.41024779
   0.08176654  0.82556790  0.51213346
   0.31704307  0.96216713  0.21493040
   0.11585282  0.58557672  0.31489148
   0.23858000  0.54636000  0.07986000
   0.04582414  0.67195900  0.18053924
   0.32531893  0.92159103  0.38298273
   0.11660443  0.55418631  0.48616111
   0.18285729  0.79640964  0.28110324
   0.50619000  0.83294000  0.10916000
   0.59206739  0.70868546  0.41026610
   0.41480162  0.82330829  0.51212062
   0.64956895  0.96077280  0.21293507
   0.44918385  0.58574492  0.31490547
   0.57191000  0.54636000  0.07986000
   0.37901795  0.67152165  0.18012914
   0.65817080  0.92001294  0.38091278
   0.44495790  0.55598667  0.48667616
   0.51577291  0.79548911  0.27956171
   0.83992000  0.83287000  0.10930000
   0.74903330  0.82259377  0.51279828
   0.98292797  0.96081084  0.21311511
   0.78232278  0.58549816  0.31459328
   0.90524000  0.54636000  0.07986000
   0.71230908  0.67151887  0.18026171
   0.99159589  0.92034573  0.38157847
   0.78132679  0.55827876  0.48587729
   0.84926389  0.79540178  0.27969683
   0.92613384  0.70896896  0.40952557
   0.78734282  0.53125333  0.66495017
   0.72382131  0.16018394  0.59234135
   0.75618700  0.36972043  0.60915704
   0.80291693  0.65156928  0.66777818
   0.77333525  0.58314293  0.72034688
   0.65476801  0.56385241  0.73889486
   0.87096097  0.58168937  0.74980971
   0.70581300  0.68256029  0.64815196
   0.92165484  0.70019277  0.65887899
