   0.17921481  0.06403209  0.19479246
   0.28927194  0.43180958  0.50289349
   0.03971000  0.44194000  0.09637000
   0.31728788  0.18902530  0.29754149
   0.13211399  0.31229333  0.39699085
   0.51254696  0.06371967  0.19440472
   0.61949233  0.43194175  0.49744865
   0.37304000  0.44194000  0.09637000
   0.64998490  0.18828184  0.29681909
   0.46514590  0.31298486  0.39714226
   0.84600615  0.06400233  0.19445543
   0.95630867  0.42847905  0.50030989
   0.70637000  0.44194000  0.09637000
   0.98375836  0.18853812  0.29692426
   0.79805504  0.31223084  0.39486450
   0.18180387  0.56473968  0.19438689
   0.24132894  0.94512139  0.50099396
   0.03971000  0.94194000  0.09637000
   0.31735855  0.69128250  0.29851979
   0.11055655  0.81796630  0.40221350
   0.51459341  0.56405425  0.19369564
   0.57643580  0.94783651  0.50336800
   0.37304000  0.94194000  0.09637000
   0.64963957  0.69008789  0.29664725
   0.44284322  0.81887080  0.40482366
   0.84848037  0.56462757  0.19428566
   0.90804728  0.94170705  0.50244318
   0.70637000  0.94194000  0.09637000
   0.98419978  0.69077276  0.29722805
   0.77527845  0.81639091  0.40114360
   0.59828894  0.68852305  0.50318505
   0.03971000  0.19194000  0.09637000
   0.32195103  0.43990431  0.29687089
   0.11457273  0.06364021  0.39883617
   0.18062692  0.31537285  0.19567913
   0.25340578  0.19718278  0.49527493
   0.37304000  0.19194000  0.09637000
   0.65346648  0.43749273  0.29390529
   0.45036270  0.06798589  0.40174967
   0.51318957  0.31404865  0.19440873
   0.58467264  0.20614629  0.50177572
   0.70637000  0.19194000  0.09637000
   0.98998572  0.43944624  0.29639203
   0.78003397  0.06423829  0.39986866
   0.84701590  0.31524197  0.19575482
   0.92849014  0.19255356  0.49525749
   0.03971000  0.69194000  0.09637000
   0.31374986  0.94110274  0.29913389
   0.12874950  0.56128209  0.39933444
   0.18033694  0.81626238  0.19620996
   0.27173013  0.68889408  0.49967710
   0.37304000  0.69194000  0.09637000
   0.64551347  0.94026621  0.29821220
   0.46363525  0.56274777  0.39937121
   0.51317339  0.81591257  0.19592113
   0.70637000  0.69194000  0.09637000
   0.97909376  0.93998241  0.29781860
   0.84603350  0.81609228  0.19667957
   0.91372099  0.68746603  0.49396686
   0.79678714  0.55928836  0.39373129
   0.17293000  0.33291000  0.10959000
   0.26436072  0.20486386  0.41015844
   0.08725367  0.31798058  0.51302922
   0.31593350  0.46045851  0.21283000
   0.11682906  0.08414668  0.31446721
   0.23858000  0.04636000  0.07986000
   0.04555721  0.17086154  0.18016027
   0.33136052  0.41668512  0.37983225
   0.10986855  0.05403970  0.48689925
   0.18437363  0.29409394  0.27921938
   0.50633000  0.33253000  0.10912000
   0.60117023  0.20975941  0.41517354
   0.42123022  0.31843772  0.51241252
   0.64875451  0.45897639  0.21045156
   0.45127085  0.08553775  0.31673669
   0.57191000  0.04636000  0.07986000
   0.37848466  0.16986224  0.17963219
   0.66370456  0.41451932  0.37658278
   0.44715323  0.06053516  0.48968628
   0.51695992  0.29212859  0.27754841
   0.83947000  0.33230000  0.10978000
   0.92891491  0.20626875  0.41201764
   0.75002046  0.33229184  0.52787793
   0.98293830  0.46044147  0.21275381
   0.78317311  0.08459473  0.31540232
   0.90524000  0.04636000  0.07986000
   0.71198749  0.17073507  0.18033055
   0.99864400  0.41549921  0.37919789
   0.78057615  0.05389407  0.48773630
   0.85110868  0.29373938  0.27940552
   0.17282000  0.83289000  0.10962000
   0.24128245  0.71033617  0.41706182
   0.03874501  0.83550486  0.50820534
   0.31395647  0.96089964  0.21398431
   0.11832363  0.58645047  0.31559261
   0.23858000  0.54636000  0.07986000
   0.04757377  0.67111941  0.18023344
   0.30968796  0.92380143  0.38354044
   0.15279069  0.53424372  0.48220051
   0.18286893  0.79505155  0.27987865
   0.50615000  0.83297000  0.10968000
   0.57637719  0.71179447  0.41902253
   0.37674321  0.84495844  0.50510923
   0.64700352  0.96067525  0.21351320
   0.45176972  0.58679659  0.31582653
   0.57191000  0.54636000  0.07986000
   0.38079331  0.67079111  0.18012458
   0.64210743  0.92114950  0.38238243
   0.48942870  0.53507390  0.48152999
   0.51544336  0.79454283  0.27945151
   0.84083000  0.83753000  0.11288000
   0.70586204  0.84123823  0.51308215
   0.98064334  0.96087926  0.21362256
   0.78397178  0.58441974  0.31105590
   0.90524000  0.54636000  0.07986000
   0.71382626  0.67059141  0.17998839
   0.97480382  0.92115003  0.38175320
   0.82237494  0.52956372  0.47523651
   0.84845664  0.79427673  0.27954934
   0.91014851  0.70910040  0.41105296
   0.80415334  0.61331602  0.62679093
   0.35965989  0.64706111  0.58641883
   0.82265992  0.47222560  0.59820414
   0.80332872  0.72447430  0.62779452
   0.76638297  0.65413470  0.67931312
   0.64350125  0.62338579  0.69188869
   0.85541896  0.65884574  0.71288006
   0.70738136  0.74540535  0.60263968
   0.91961400  0.77983594  0.62351052
