   0.28741988  0.43165792  0.49244351
   0.18101092  0.06370810  0.18366208
   0.03971000  0.44194000  0.08602000
   0.31697835  0.18774095  0.28749059
   0.12902313  0.31227176  0.38804035
   0.51430320  0.06374719  0.18366527
   0.62158302  0.43039770  0.49008994
   0.37304000  0.44194000  0.08602000
   0.65037849  0.18759282  0.28737760
   0.46205577  0.31221657  0.38823109
   0.84768823  0.06374282  0.18365163
   0.95474929  0.43159049  0.49060577
   0.70637000  0.44194000  0.08602000
   0.98372384  0.18776722  0.28745601
   0.79526926  0.31181910  0.38783641
   0.18127935  0.56338799  0.18422664
   0.25073080  0.93869528  0.49242581
   0.03971000  0.94194000  0.08602000
   0.31828409  0.68834076  0.28708724
   0.11246695  0.81615390  0.38846251
   0.51448686  0.56324218  0.18415521
   0.58393657  0.93936686  0.49275626
   0.37304000  0.94194000  0.08602000
   0.65167743  0.68821699  0.28661597
   0.44584729  0.81646940  0.38896107
   0.84785429  0.56324274  0.18426487
   0.91770158  0.93928313  0.49237159
   0.70637000  0.94194000  0.08602000
   0.98504986  0.68815744  0.28670878
   0.77897844  0.81616128  0.38834190
   0.03971000  0.19194000  0.08602000
   0.32087477  0.43886190  0.28797580
   0.11563145  0.06151647  0.38772388
   0.18045266  0.31564570  0.18689593
   0.26107363  0.19309912  0.48264957
   0.37304000  0.19194000  0.08602000
   0.65392828  0.43842117  0.28769160
   0.44918351  0.06171583  0.38795099
   0.51370751  0.31547085  0.18683196
   0.59433162  0.19306610  0.48300665
   0.70637000  0.19194000  0.08602000
   0.98765222  0.43849773  0.28788382
   0.78239258  0.06177591  0.38803544
   0.84717897  0.31560346  0.18683054
   0.92806498  0.19329107  0.48306495
   0.03971000  0.69194000  0.08602000
   0.31386340  0.93860894  0.28595051
   0.12986203  0.55994416  0.38963432
   0.18047250  0.81437900  0.18479329
   0.26364653  0.69370143  0.48480812
   0.37304000  0.69194000  0.08602000
   0.64720686  0.93859339  0.28591279
   0.46283688  0.56060831  0.38970978
   0.51385219  0.81444712  0.18466939
   0.59759173  0.69499629  0.48575802
   0.70637000  0.69194000  0.08602000
   0.98045349  0.93855428  0.28576285
   0.84716585  0.81428424  0.18470133
   0.93003095  0.69359146  0.48452826
   0.79627849  0.56007607  0.38897736
   0.17417000  0.33753000  0.10253000
   0.26099085  0.20314601  0.39842210
   0.08633703  0.32087800  0.49744498
   0.31604557  0.46051759  0.20442770
   0.11663830  0.08197652  0.30337252
   0.23858000  0.04636000  0.06951000
   0.04724150  0.17052011  0.16981930
   0.32867901  0.41763870  0.37206884
   0.11958011  0.04890763  0.47544457
   0.18407072  0.29331684  0.27047272
   0.50750000  0.33753000  0.10253000
   0.59489833  0.20336309  0.39870026
   0.42097571  0.32114843  0.49487621
   0.64907535  0.46019936  0.20419595
   0.45025725  0.08202352  0.30351023
   0.57191000  0.04636000  0.06951000
   0.38058007  0.17047420  0.16982880
   0.66151755  0.41714696  0.37172095
   0.45285914  0.04924681  0.47554406
   0.51736370  0.29294270  0.27036246
   0.84083000  0.33753000  0.10253000
   0.92828556  0.20335220  0.39894010
   0.75326401  0.32113263  0.49713649
   0.98273503  0.46040410  0.20429588
   0.78351414  0.08208721  0.30363499
   0.90524000  0.04636000  0.06951000
   0.71396977  0.17050019  0.16983076
   0.99450469  0.41685200  0.37203969
   0.78667923  0.04963592  0.47573066
   0.85071218  0.29308550  0.27035212
   0.17316000  0.83290000  0.09904000
   0.24607008  0.71012510  0.40316385
   0.04928664  0.83213394  0.50349129
   0.31495308  0.95907451  0.20179065
   0.11950160  0.58448974  0.30606093
   0.23858000  0.54636000  0.06951000
   0.04707773  0.66959619  0.16960134
   0.31068823  0.91921793  0.37047844
   0.15455050  0.54184920  0.47628697
   0.18374096  0.79210167  0.26841921
   0.50645000  0.83283000  0.09878000
   0.57959590  0.71003994  0.40378822
   0.38332818  0.83260486  0.50304396
   0.64829291  0.95922151  0.20172346
   0.45302736  0.58489630  0.30628002
   0.57191000  0.54636000  0.06951000
   0.38053217  0.66966484  0.16952339
   0.64415282  0.91904577  0.37045421
   0.48840794  0.54250010  0.47804574
   0.51714518  0.79213760  0.26833191
   0.83986000  0.83290000  0.09896000
   0.71738957  0.83374244  0.50398471
   0.98166481  0.95909164  0.20164103
   0.78595404  0.58434589  0.30558100
   0.90524000  0.54636000  0.06951000
   0.71374287  0.66947082  0.16957499
   0.97750211  0.91908745  0.37025499
   0.82077122  0.54149823  0.47622472
   0.85054694  0.79207753  0.26825458
   0.91252341  0.70981180  0.40270481
   0.80638765  0.64968722  0.63822394
   0.40581555  0.41956355  0.65546863
   0.58639435  0.53210213  0.59384580
   0.92212070  0.74806274  0.65483206
   0.81857186  0.68144819  0.69839251
   0.71665442  0.71085356  0.71522060
   0.86342993  0.62288868  0.72595296
   0.89735057  0.82698003  0.64010499
   0.04452334  0.73958050  0.65059015
