   0.62077713  0.42825230  0.49088638
   0.17895613  0.06402851  0.18515792
   0.28767194  0.42976256  0.49143546
   0.03971000  0.44194000  0.08602000
   0.31529636  0.18789554  0.28869144
   0.12785572  0.31200912  0.38911141
   0.51237066  0.06404848  0.18499269
   0.37304000  0.44194000  0.08602000
   0.64864128  0.18799877  0.28869813
   0.46107112  0.31151018  0.38860586
   0.84564755  0.06410039  0.18519284
   0.95574025  0.43081266  0.49189733
   0.70637000  0.44194000  0.08602000
   0.98202887  0.18817847  0.28886490
   0.79445798  0.31178074  0.38896899
   0.18064478  0.56388824  0.18489954
   0.24652974  0.93880188  0.49494248
   0.03971000  0.94194000  0.08602000
   0.31620216  0.68855245  0.28861949
   0.10949331  0.81684641  0.39153953
   0.51421505  0.56387432  0.18482808
   0.57962794  0.94038582  0.49157160
   0.37304000  0.94194000  0.08602000
   0.64996821  0.68876464  0.28884770
   0.44387691  0.81615698  0.39065710
   0.84742390  0.56386866  0.18496373
   0.91577660  0.94194900  0.49285904
   0.70637000  0.94194000  0.08602000
   0.98314023  0.68876540  0.28877681
   0.77588883  0.81694113  0.39283963
   0.03971000  0.19194000  0.08602000
   0.31917129  0.43817110  0.28791868
   0.11404531  0.06260419  0.39017117
   0.17940302  0.31536442  0.18688330
   0.26033424  0.19274046  0.48545986
   0.37304000  0.19194000  0.08602000
   0.65304805  0.43831928  0.28826006
   0.44662624  0.06253207  0.39018023
   0.51297818  0.31535077  0.18701805
   0.59288502  0.19264603  0.48579595
   0.70637000  0.19194000  0.08602000
   0.98594763  0.43861503  0.28848325
   0.78047783  0.06291771  0.38986256
   0.84618045  0.31556181  0.18711169
   0.92522112  0.19554569  0.48534965
   0.03971000  0.69194000  0.08602000
   0.31159802  0.93919630  0.28836067
   0.12770121  0.56016363  0.39055634
   0.17912118  0.81549137  0.18685378
   0.26333421  0.69403567  0.48535975
   0.37304000  0.69194000  0.08602000
   0.64502281  0.93912459  0.28817731
   0.46082279  0.55901350  0.38963181
   0.51248526  0.81527431  0.18684781
   0.60844739  0.68547795  0.48653830
   0.70637000  0.69194000  0.08602000
   0.97793626  0.93927486  0.28851562
   0.84583971  0.81547582  0.18692561
   0.92184097  0.69247173  0.48836107
   0.79621850  0.55946262  0.39010693
   0.17417000  0.33753000  0.10253000
   0.26049472  0.20415574  0.40099101
   0.08707605  0.32135342  0.49992502
   0.31497821  0.46051045  0.20462619
   0.11507094  0.08309911  0.30575868
   0.23858000  0.04636000  0.06951000
   0.04551359  0.17044557  0.16983436
   0.32701019  0.41572192  0.37126054
   0.11753812  0.05054016  0.47776764
   0.18254306  0.29282509  0.27024150
   0.50750000  0.33753000  0.10253000
   0.59357231  0.20388969  0.40105548
   0.41968798  0.31920580  0.50097735
   0.64834884  0.46056245  0.20468555
   0.44832518  0.08297241  0.30582366
   0.57191000  0.04636000  0.06951000
   0.37870964  0.17039405  0.16983805
   0.66062664  0.41600266  0.37191895
   0.44805327  0.05062804  0.47765386
   0.51564478  0.29284195  0.27046687
   0.84083000  0.33753000  0.10253000
   0.92758199  0.20421322  0.40053183
   0.75423198  0.31931909  0.50017864
   0.98177647  0.46067150  0.20476995
   0.78182963  0.08299515  0.30549457
   0.90524000  0.04636000  0.06951000
   0.71215796  0.17048326  0.16986225
   0.99401701  0.41666168  0.37237817
   0.78265508  0.05312634  0.47728941
   0.84903576  0.29310641  0.27061751
   0.17417000  0.83753000  0.10253000
   0.24363442  0.71023817  0.40394602
   0.04481872  0.83313872  0.50422005
   0.31314859  0.96066056  0.20455763
   0.11733609  0.58452425  0.30688258
   0.23858000  0.54636000  0.06951000
   0.04693648  0.67002892  0.16969234
   0.30855560  0.91959782  0.37254219
   0.15600794  0.54121996  0.47693678
   0.18192082  0.79237408  0.27007074
   0.50750000  0.83753000  0.10253000
   0.57473153  0.70834268  0.40546607
   0.37983334  0.83330941  0.50515960
   0.64634757  0.96054145  0.20438895
   0.45044544  0.58426447  0.30655041
   0.57191000  0.54636000  0.06951000
   0.38016934  0.66984168  0.16966959
   0.64140681  0.91985715  0.37218662
   0.48707326  0.53504992  0.47348544
   0.51510679  0.79209610  0.27011023
   0.84083000  0.83753000  0.10253000
   0.71509303  0.83647854  0.49491904
   0.97975473  0.96067162  0.20458077
   0.78428399  0.58458484  0.30680403
   0.90524000  0.54636000  0.06951000
   0.71367947  0.66999164  0.16969320
   0.97482343  0.91992030  0.37278247
   0.82195536  0.53741875  0.47519633
   0.84858494  0.79237307  0.27017599
   0.91043885  0.70963956  0.40580367
   0.61408427  0.61560461  0.63193400
   0.80067912  0.39162859  0.67604354
   0.74508470  0.50826992  0.61045665
   0.54444239  0.70227083  0.62991194
   0.48199568  0.60392748  0.66581777
   0.38045567  0.54161308  0.65114860
   0.50410405  0.60809144  0.71214401
   0.48867237  0.71200444  0.58882330
   0.61329375  0.77771825  0.64982292
