   0.60900730  0.43112484  0.49295336
   0.17910095  0.06423135  0.18513402
   0.27905610  0.43265013  0.49196375
   0.03971000  0.44194000  0.08602000
   0.31525564  0.18808759  0.28891701
   0.12403589  0.31324105  0.38930708
   0.51245081  0.06430500  0.18509021
   0.37304000  0.44194000  0.08602000
   0.64869521  0.18825237  0.28893988
   0.45727036  0.31348726  0.38970240
   0.84579212  0.06414858  0.18500866
   0.94791571  0.43199195  0.49361718
   0.70637000  0.44194000  0.08602000
   0.98193955  0.18786068  0.28863483
   0.79094756  0.31371668  0.39026691
   0.18098505  0.56355431  0.18472988
   0.25691890  0.93806795  0.49420664
   0.03971000  0.94194000  0.08602000
   0.31684041  0.68836914  0.28847718
   0.11258084  0.81499120  0.39080052
   0.51441314  0.56386284  0.18493749
   0.58968230  0.93683878  0.49310975
   0.37304000  0.94194000  0.08602000
   0.64991897  0.68891040  0.28895862
   0.44720797  0.81585116  0.39016356
   0.84766178  0.56369686  0.18482324
   0.92331623  0.93853948  0.49396550
   0.70637000  0.94194000  0.08602000
   0.98374047  0.68830877  0.28845490
   0.77983364  0.81523869  0.39119718
   0.03971000  0.19194000  0.08602000
   0.31795359  0.43850615  0.28816566
   0.11663610  0.06118996  0.38997785
   0.17957143  0.31539160  0.18705944
   0.25954872  0.19358750  0.48435912
   0.37304000  0.19194000  0.08602000
   0.65159571  0.43915987  0.28888926
   0.44965761  0.06137491  0.38975289
   0.51263752  0.31586730  0.18745761
   0.59537478  0.19090515  0.48406962
   0.70637000  0.19194000  0.08602000
   0.98474020  0.43854679  0.28837577
   0.78384964  0.06169437  0.38982852
   0.84608831  0.31546592  0.18706892
   0.92685491  0.19279436  0.48470050
   0.03971000  0.69194000  0.08602000
   0.31272532  0.93907788  0.28815720
   0.12556350  0.56058419  0.39014553
   0.17954061  0.81529417  0.18686241
   0.26086244  0.69322896  0.48533160
   0.37304000  0.69194000  0.08602000
   0.64676991  0.93924621  0.28813765
   0.45755757  0.56005537  0.38997250
   0.51262518  0.81548927  0.18699200
   0.59476039  0.69133601  0.48597397
   0.70637000  0.69194000  0.08602000
   0.98005305  0.93850750  0.28822132
   0.84620028  0.81528192  0.18691491
   0.92920494  0.69566734  0.48938032
   0.78991042  0.56117768  0.39103992
   0.17417000  0.33753000  0.10253000
   0.25776440  0.20478507  0.40063362
   0.07972109  0.32249449  0.49830747
   0.31538472  0.46049373  0.20482531
   0.11539958  0.08244847  0.30587253
   0.23858000  0.04636000  0.06951000
   0.04535005  0.17043050  0.16999880
   0.32235837  0.41723196  0.37206687
   0.12511568  0.04843719  0.47735394
   0.18163760  0.29256714  0.27061794
   0.50750000  0.33753000  0.10253000
   0.59015053  0.20510944  0.40080880
   0.41051360  0.32324827  0.49937032
   0.64872758  0.46082282  0.20527005
   0.44879679  0.08301827  0.30571701
   0.57191000  0.04636000  0.06951000
   0.37877899  0.17085522  0.17024728
   0.65698654  0.41930966  0.37358183
   0.45809160  0.04691425  0.47703829
   0.51546279  0.29351635  0.27136081
   0.84083000  0.33753000  0.10253000
   0.92417045  0.20522236  0.40106991
   0.74527194  0.32282771  0.49612432
   0.98187438  0.46049054  0.20478888
   0.78244359  0.08310693  0.30579274
   0.90524000  0.04636000  0.06951000
   0.71210148  0.17048038  0.16993100
   0.98883686  0.41842601  0.37273073
   0.79100180  0.04805490  0.47728774
   0.84839011  0.29296211  0.27073057
   0.17417000  0.83753000  0.10253000
   0.24728470  0.70926380  0.40352031
   0.05636173  0.83280222  0.50507915
   0.31325658  0.96065771  0.20443100
   0.11771460  0.58412626  0.30649925
   0.23858000  0.54636000  0.06951000
   0.04720818  0.66985714  0.16987751
   0.31116026  0.91873640  0.37257074
   0.14602376  0.54255050  0.47686588
   0.18255362  0.79229207  0.27034874
   0.50750000  0.83753000  0.10253000
   0.58040250  0.70825122  0.40380133
   0.38817869  0.82984333  0.50419591
   0.64668633  0.96074099  0.20453385
   0.45105248  0.58421054  0.30642478
   0.57191000  0.54636000  0.06951000
   0.38050588  0.66994972  0.16990428
   0.64531576  0.91908830  0.37244563
   0.47886054  0.54159439  0.47623906
   0.51577132  0.79270708  0.27055954
   0.84083000  0.83753000  0.10253000
   0.72233765  0.82988081  0.50185771
   0.97994548  0.96054443  0.20452538
   0.78452295  0.58483404  0.30742830
   0.90524000  0.54636000  0.06951000
   0.71398272  0.66992447  0.16985655
   0.97787130  0.91804742  0.37280232
   0.81169315  0.54503763  0.48870537
   0.84928354  0.79209932  0.27049356
   0.91252021  0.70661587  0.40673642
   0.61287581  0.62426556  0.62308914
   0.83490095  0.38870595  0.67051668
   0.80152229  0.49483040  0.59114077
   0.53067949  0.71457897  0.63285117
   0.48367397  0.60890169  0.66436497
   0.37517307  0.55017869  0.65102528
   0.51772632  0.60635902  0.70928991
   0.45858885  0.73274102  0.59731119
   0.60021868  0.78727015  0.65496647
