   0.18023960  0.06514004  0.19567061
   0.26965410  0.43835802  0.50249024
   0.03971000  0.44194000  0.09637000
   0.31722818  0.19048902  0.29942040
   0.12064790  0.31484506  0.40386953
   0.51345025  0.06475036  0.19565025
   0.59514645  0.43491926  0.50060716
   0.37304000  0.44194000  0.09637000
   0.65026056  0.18931961  0.29914963
   0.45302481  0.31503662  0.40224865
   0.84684033  0.06505923  0.19527071
   0.93424634  0.43731367  0.49809864
   0.70637000  0.44194000  0.09637000
   0.98378981  0.19016715  0.29938062
   0.78809244  0.31373617  0.39890743
   0.18067007  0.56545009  0.19583001
   0.25820749  0.93435795  0.50339840
   0.03971000  0.94194000  0.09637000
   0.31718989  0.69093179  0.30002886
   0.11928514  0.81596634  0.39993924
   0.51319128  0.56469962  0.19508994
   0.59379215  0.94144895  0.50507828
   0.37304000  0.94194000  0.09637000
   0.64921316  0.68996139  0.29809799
   0.45548560  0.81759721  0.40189919
   0.84717840  0.56476958  0.19513034
   0.92812247  0.93530517  0.50333769
   0.70637000  0.94194000  0.09637000
   0.98379885  0.69021106  0.29789831
   0.78618790  0.81476003  0.40086706
   0.93898014  0.19071114  0.50215516
   0.03971000  0.19194000  0.09637000
   0.31729871  0.44097728  0.29981867
   0.12154304  0.06086200  0.39861177
   0.17989006  0.31693930  0.19769058
   0.24259509  0.18664974  0.50119532
   0.37304000  0.19194000  0.09637000
   0.64917920  0.43806828  0.29603895
   0.45427701  0.06663918  0.40396962
   0.51241057  0.31520004  0.19651118
   0.58172169  0.20223891  0.50314505
   0.70637000  0.19194000  0.09637000
   0.98495798  0.43942852  0.29788866
   0.78712428  0.06382116  0.40294078
   0.84655930  0.31587969  0.19710072
   0.03971000  0.69194000  0.09637000
   0.31795980  0.94199170  0.30041903
   0.12297037  0.56292897  0.39949638
   0.18036002  0.81718069  0.19798009
   0.26300967  0.69732974  0.49471126
   0.37304000  0.69194000  0.09637000
   0.65051262  0.94137232  0.29973934
   0.45679425  0.56450514  0.40227340
   0.51289102  0.81701092  0.19779033
   0.61294896  0.69008539  0.50156978
   0.70637000  0.69194000  0.09637000
   0.98256201  0.93985317  0.29750007
   0.84589107  0.81604131  0.19688072
   0.91441875  0.68335492  0.49583739
   0.79009599  0.56001157  0.39457976
   0.17414368  0.33748597  0.11286767
   0.25393634  0.20599527  0.41630011
   0.06786003  0.33740177  0.50297233
   0.31485011  0.46218102  0.21550020
   0.11768017  0.08544061  0.31548771
   0.23858000  0.04636000  0.07986000
   0.04639993  0.17148055  0.18022948
   0.32051280  0.41935635  0.38362225
   0.12773500  0.03534275  0.48103084
   0.18334099  0.29468285  0.28097003
   0.50746838  0.33748296  0.11286267
   0.59014284  0.21196302  0.41909363
   0.39784344  0.32457433  0.51203304
   0.64738097  0.46038168  0.21298870
   0.45167093  0.08736907  0.31926067
   0.57191000  0.04636000  0.07986000
   0.37933861  0.17040894  0.17987922
   0.65265089  0.41553272  0.37871541
   0.46200642  0.05120073  0.49134096
   0.51619867  0.29234942  0.27927038
   0.84080110  0.33748344  0.11286525
   0.91735812  0.20842379  0.41757106
   0.72909492  0.33592756  0.52773080
   0.98154121  0.46119042  0.21410992
   0.78452913  0.08645013  0.31830874
   0.90524000  0.04636000  0.07986000
   0.71260041  0.17087018  0.18007933
   0.98715748  0.41811490  0.38126227
   0.79735843  0.04588762  0.48856204
   0.84947065  0.29344216  0.28033016
   0.17414389  0.83748525  0.11286907
   0.25502179  0.71006890  0.41198931
   0.05546330  0.82426653  0.51166478
   0.31499044  0.96240913  0.21603980
   0.11721043  0.58536034  0.31560150
   0.23858000  0.54636000  0.07986000
   0.04670028  0.67174996  0.18053980
   0.32026139  0.92190613  0.38452073
   0.13735639  0.55060970  0.48579356
   0.18357994  0.79568832  0.28158048
   0.50747267  0.83748555  0.11286849
   0.58614203  0.71052331  0.41793244
   0.39305712  0.83302763  0.51534125
   0.64816928  0.96217946  0.21558912
   0.45113154  0.58661153  0.31797284
   0.57191000  0.54636000  0.07986000
   0.38003878  0.67163937  0.18040979
   0.65322488  0.92025069  0.38333186
   0.47031897  0.54571515  0.48791015
   0.51625815  0.79526768  0.28126100
   0.84080015  0.83748370  0.11286465
   0.72525281  0.83780386  0.51265410
   0.98107968  0.96145979  0.21401847
   0.78303322  0.58428246  0.31233174
   0.90524000  0.54636000  0.07986000
   0.71279883  0.67076939  0.18000964
   0.98391270  0.91786901  0.38031170
   0.79712623  0.53389011  0.47567918
   0.84882800  0.79400674  0.27982064
   0.92075275  0.70669797  0.41200082
   0.77413301  0.56892123  0.64793070
   0.07998832  0.15766001  0.58537585
   0.75522827  0.46319362  0.60087551
   0.79891888  0.68103624  0.67173572
   0.76630701  0.58345055  0.71005152
   0.64715200  0.55392123  0.72712162
   0.86263144  0.56164355  0.73431943
   0.70412249  0.72320226  0.66082954
   0.91980879  0.73002675  0.66776628
