   0.18136755  0.06471268  0.19499207
   0.25244329  0.43923157  0.50195447
   0.03971000  0.44194000  0.09637000
   0.31756369  0.18921640  0.29915816
   0.11656920  0.31580863  0.40149773
   0.51422827  0.06463238  0.19454385
   0.58275523  0.44478889  0.49949415
   0.37304000  0.44194000  0.09637000
   0.65060830  0.18904241  0.29821171
   0.45221542  0.31651846  0.40140459
   0.84766179  0.06411662  0.19413239
   0.92484316  0.44288582  0.49897969
   0.70637000  0.44194000  0.09637000
   0.98410870  0.18924866  0.29774415
   0.78347493  0.31378878  0.40003628
   0.17953459  0.56431806  0.19485684
   0.27313666  0.93456478  0.50376398
   0.03971000  0.94194000  0.09637000
   0.31599240  0.68932640  0.29742746
   0.12282512  0.81554257  0.39895506
   0.51271497  0.56415083  0.19510065
   0.60685094  0.93216476  0.50336229
   0.37304000  0.94194000  0.09637000
   0.64934305  0.68899490  0.29638526
   0.45561153  0.81538881  0.39791475
   0.84628616  0.56446124  0.19552416
   0.94109192  0.93322771  0.50169726
   0.70637000  0.94194000  0.09637000
   0.98301803  0.68940836  0.29761935
   0.78814743  0.81506044  0.39692066
   0.60329221  0.19066455  0.50368985
   0.03971000  0.19194000  0.09637000
   0.31591136  0.43959442  0.29766636
   0.12441909  0.06179222  0.40005338
   0.17974638  0.31548641  0.19677389
   0.26079574  0.19462648  0.49528163
   0.37304000  0.19194000  0.09637000
   0.64847820  0.43928021  0.29768675
   0.46058628  0.06414448  0.40284212
   0.51293851  0.31592660  0.19715331
   0.70637000  0.19194000  0.09637000
   0.98201073  0.43955793  0.29790370
   0.79190177  0.05993387  0.39846842
   0.84613819  0.31617173  0.19699606
   0.91551492  0.18925200  0.49898162
   0.03971000  0.69194000  0.09637000
   0.31864607  0.94139549  0.29910055
   0.11884774  0.56289512  0.39875956
   0.17954556  0.81677438  0.19729072
   0.25722185  0.69608401  0.49409085
   0.37304000  0.69194000  0.09637000
   0.65065688  0.93935178  0.29582693
   0.45009327  0.56393549  0.39897455
   0.51315870  0.81504289  0.19502620
   0.58884456  0.69645424  0.49406513
   0.70637000  0.69194000  0.09637000
   0.98476772  0.94000369  0.29701475
   0.84735230  0.81509996  0.19553755
   0.91682325  0.70021031  0.49378777
   0.78532926  0.56371343  0.39821993
   0.17417000  0.33753000  0.11288000
   0.25092457  0.20909628  0.41317819
   0.05145316  0.33249960  0.51011799
   0.31395436  0.46065861  0.21375181
   0.11804785  0.08481224  0.31565510
   0.23858000  0.04636000  0.07986000
   0.04686677  0.17024282  0.17988487
   0.31665394  0.41960123  0.38204124
   0.14212399  0.04452730  0.48701992
   0.18360656  0.29330444  0.27982888
   0.50750000  0.33753000  0.11288000
   0.58417935  0.21166085  0.42028557
   0.38501425  0.33404385  0.51276858
   0.64692057  0.46092435  0.21421870
   0.45324732  0.08636998  0.31830878
   0.57191000  0.04636000  0.07986000
   0.38028503  0.17093198  0.18009105
   0.65090563  0.41912341  0.38160941
   0.47511086  0.04260814  0.48811428
   0.51612560  0.29287658  0.28043141
   0.84083000  0.33753000  0.11288000
   0.91727643  0.20744235  0.41501731
   0.71725577  0.34385486  0.51216563
   0.98082609  0.46106341  0.21415729
   0.78476357  0.08451899  0.31458184
   0.90524000  0.04636000  0.07986000
   0.71371414  0.17081189  0.18009808
   0.98153568  0.41891473  0.38203163
   0.80692086  0.03604910  0.48214644
   0.84953180  0.29348218  0.28016543
   0.17417000  0.83753000  0.11288000
   0.25548608  0.70830322  0.41087371
   0.07198290  0.82470128  0.51288798
   0.31595391  0.96198136  0.21472957
   0.11621683  0.58447154  0.31508569
   0.23858000  0.54636000  0.07986000
   0.04561995  0.67113337  0.18042848
   0.32284250  0.92075717  0.38328223
   0.12476672  0.55027497  0.48489851
   0.18308030  0.79494237  0.28055514
   0.50619000  0.83294000  0.10916000
   0.58808479  0.70818960  0.41079762
   0.40405335  0.82533281  0.51418369
   0.64851294  0.95997777  0.21176615
   0.45004194  0.58472671  0.31474657
   0.57191000  0.54636000  0.07986000
   0.37908769  0.67029612  0.17996030
   0.65380974  0.91790629  0.37926970
   0.45278052  0.55350506  0.48646914
   0.51522486  0.79366679  0.27831767
   0.83992000  0.83287000  0.10930000
   0.74113241  0.82119727  0.51435419
   0.98206871  0.96012594  0.21267382
   0.78321742  0.58426469  0.31398769
   0.90524000  0.54636000  0.07986000
   0.71229832  0.67065694  0.18026313
   0.98892793  0.91937916  0.38134449
   0.78845646  0.55362238  0.48545355
   0.84962462  0.79426915  0.27918967
   0.92140361  0.70859763  0.40968162
   0.78691056  0.56159126  0.65925593
   0.74630729  0.16872055  0.59011200
   0.75117240  0.39996095  0.60237250
   0.80497018  0.67942273  0.67436392
   0.77421701  0.59087922  0.71877565
   0.65458770  0.56369281  0.73691056
   0.87003023  0.57618630  0.74620268
   0.71050641  0.71796440  0.65948200
   0.92400284  0.72943445  0.66876518
