   0.18220588  0.06442911  0.19400338
   0.24725153  0.44418045  0.49852837
   0.03971000  0.44194000  0.09637000
   0.31970021  0.19035368  0.29746969
   0.11834152  0.31688378  0.39868582
   0.51547491  0.06415440  0.19369049
   0.58090464  0.44842896  0.49893128
   0.37304000  0.44194000  0.09637000
   0.65285040  0.18973020  0.29616560
   0.44969280  0.31734687  0.40245097
   0.84890452  0.06416299  0.19403807
   0.91673274  0.44227613  0.50082869
   0.70637000  0.44194000  0.09637000
   0.98641310  0.18943381  0.29707575
   0.78269727  0.31583256  0.39780815
   0.18062778  0.56420319  0.19389815
   0.28377122  0.93196258  0.50115259
   0.03971000  0.94194000  0.09637000
   0.31736200  0.68960955  0.29620169
   0.12701073  0.81523140  0.39602614
   0.51399244  0.56435574  0.19402764
   0.61779136  0.93316683  0.49976353
   0.37304000  0.94194000  0.09637000
   0.65093637  0.68953032  0.29649485
   0.45972598  0.81523829  0.39557072
   0.84725549  0.56437199  0.19394281
   0.95136003  0.93408498  0.50120075
   0.70637000  0.94194000  0.09637000
   0.98413339  0.68960725  0.29633713
   0.79388638  0.81506210  0.39602042
   0.57677400  0.18868166  0.50164072
   0.03971000  0.19194000  0.09637000
   0.31639262  0.43955370  0.29600501
   0.13013249  0.06245774  0.40057599
   0.18099084  0.31516811  0.19530420
   0.27476476  0.19322625  0.49973084
   0.37304000  0.19194000  0.09637000
   0.64880087  0.43952295  0.29631697
   0.46490200  0.06308691  0.39843986
   0.51435547  0.31550316  0.19501556
   0.70637000  0.19194000  0.09637000
   0.98284619  0.43962746  0.29587539
   0.79495458  0.06182904  0.39828340
   0.84783789  0.31522115  0.19503893
   0.93246286  0.19450180  0.49273744
   0.03971000  0.69194000  0.09637000
   0.32064690  0.94114940  0.29642749
   0.11655809  0.56434603  0.39687229
   0.18094527  0.81592929  0.19550280
   0.25613451  0.69635576  0.49248269
   0.37304000  0.69194000  0.09637000
   0.65401758  0.93992113  0.29625656
   0.44998414  0.56543273  0.39672099
   0.51434375  0.81555722  0.19539946
   0.58673094  0.70240170  0.49223247
   0.70637000  0.69194000  0.09637000
   0.98800975  0.94093444  0.29719974
   0.84789756  0.81603869  0.19569199
   0.92387675  0.69730360  0.49236291
   0.78442153  0.56406927  0.39708544
   0.17333000  0.33321000  0.10959000
   0.24856059  0.21008258  0.41618901
   0.04597857  0.33552092  0.51176184
   0.31509117  0.45989845  0.21176388
   0.12140419  0.08610201  0.31592523
   0.23858000  0.04636000  0.07986000
   0.04768970  0.17055417  0.17991784
   0.31562669  0.42046885  0.37977414
   0.15107622  0.04143979  0.48641433
   0.18480192  0.29352081  0.27875171
   0.50648000  0.33297000  0.10887000
   0.58714854  0.21185027  0.41791674
   0.38422761  0.34495516  0.50298038
   0.64842635  0.46014741  0.21191143
   0.45489283  0.08687581  0.31494494
   0.57191000  0.04636000  0.07986000
   0.38129742  0.17072317  0.17976265
   0.64866208  0.41979663  0.38084095
   0.48283595  0.03523680  0.48093083
   0.51846189  0.29392830  0.27845890
   0.83998000  0.33294000  0.10911000
   0.91728524  0.21028582  0.41114929
   0.71082156  0.33726477  0.51840774
   0.98165630  0.45997387  0.21170141
   0.78692369  0.08523318  0.31421558
   0.90524000  0.04636000  0.07986000
   0.71458446  0.17050982  0.17985220
   0.98170242  0.41989716  0.37997454
   0.81878491  0.04348153  0.48488783
   0.85192731  0.29348343  0.27851915
   0.17323000  0.83311000  0.10949000
   0.25961988  0.70761917  0.40813950
   0.08151561  0.82217526  0.51118582
   0.31693344  0.96067215  0.21238048
   0.11743961  0.58434720  0.31269573
   0.23858000  0.54636000  0.07986000
   0.04664031  0.67116374  0.18011816
   0.32564532  0.91989158  0.37971972
   0.11559429  0.55319014  0.48414060
   0.18423080  0.79518322  0.27905945
   0.50655000  0.83318000  0.10951000
   0.59421077  0.70814161  0.40750859
   0.41681470  0.82032147  0.51039005
   0.65012259  0.96014870  0.21215063
   0.45093852  0.58429224  0.31253295
   0.57191000  0.54636000  0.07986000
   0.37986862  0.67101506  0.18006520
   0.65943574  0.91944428  0.38018264
   0.44964524  0.55858348  0.48384334
   0.51758622  0.79473014  0.27900151
   0.83988000  0.83312000  0.10940000
   0.74995417  0.82458157  0.51083463
   0.98380613  0.96060470  0.21287489
   0.78413581  0.58392925  0.31298956
   0.90524000  0.54636000  0.07986000
   0.71337170  0.67136856  0.18016683
   0.99273668  0.92004872  0.38117444
   0.78635225  0.55223917  0.48462091
   0.85109636  0.79521485  0.27945900
   0.92668077  0.70735549  0.40840580
   0.78851935  0.54018556  0.66753439
   0.42626612  0.16559897  0.58602704
   0.70793743  0.40075873  0.60388365
   0.79418592  0.65948303  0.67165966
   0.76419261  0.58786211  0.72308667
   0.64394198  0.56345475  0.74006781
   0.85983478  0.58726346  0.75355986
   0.69588289  0.68743106  0.65120885
   0.91134788  0.71158304  0.66425833
