   0.18065433  0.06444149  0.19422617
   0.26088246  0.44057715  0.50098348
   0.03971000  0.44194000  0.09637000
   0.31669822  0.19017027  0.29744098
   0.11678928  0.31534056  0.40269832
   0.51403610  0.06471877  0.19440911
   0.58744848  0.43873444  0.50121608
   0.37304000  0.44194000  0.09637000
   0.64983605  0.18912979  0.29771400
   0.44896441  0.31530677  0.40166361
   0.84759207  0.06442349  0.19398052
   0.92865911  0.44319674  0.49757930
   0.70637000  0.44194000  0.09637000
   0.98325939  0.18986785  0.29786128
   0.78499956  0.31369274  0.39852446
   0.18050734  0.56395605  0.19439488
   0.26919180  0.93281419  0.50222817
   0.03971000  0.94194000  0.09637000
   0.31698123  0.68951919  0.29681826
   0.12087508  0.81550637  0.39664263
   0.51371046  0.56408141  0.19434941
   0.60439437  0.93493497  0.50388099
   0.37304000  0.94194000  0.09637000
   0.64949652  0.68904723  0.29691484
   0.45466255  0.81600009  0.39711577
   0.84704296  0.56386634  0.19446412
   0.93647990  0.93210957  0.50391432
   0.70637000  0.94194000  0.09637000
   0.98316671  0.68915621  0.29675272
   0.78813735  0.81566470  0.39676514
   0.94055228  0.18990945  0.50046661
   0.03971000  0.19194000  0.09637000
   0.31546124  0.43876956  0.29700000
   0.12477657  0.06141729  0.39810034
   0.18005724  0.31526990  0.19549351
   0.24417604  0.18786144  0.50023838
   0.37304000  0.19194000  0.09637000
   0.64885304  0.43853708  0.29704210
   0.45516185  0.06327417  0.40070905
   0.51309317  0.31501222  0.19555031
   0.58695956  0.19243665  0.49857897
   0.70637000  0.19194000  0.09637000
   0.98286291  0.43902662  0.29675860
   0.78976617  0.06267687  0.40163233
   0.84634293  0.31506418  0.19558811
   0.03971000  0.69194000  0.09637000
   0.31809763  0.94036071  0.29719051
   0.12113449  0.56398256  0.39747678
   0.18045420  0.81553772  0.19545912
   0.25511975  0.69927011  0.49363336
   0.37304000  0.69194000  0.09637000
   0.65128642  0.94085944  0.29758310
   0.45172118  0.56298081  0.39803065
   0.51336718  0.81576864  0.19553851
   0.58937653  0.69642854  0.49430886
   0.70637000  0.69194000  0.09637000
   0.98379636  0.93952909  0.29609918
   0.84676929  0.81499364  0.19495880
   0.92054056  0.69547391  0.49436071
   0.78539532  0.56265681  0.39800384
   0.17387376  0.33303005  0.10932749
   0.25189099  0.20751307  0.41558601
   0.05827563  0.34116850  0.50222087
   0.31513094  0.45996681  0.21249270
   0.11783250  0.08522888  0.31410005
   0.23858000  0.04636000  0.07986000
   0.04646098  0.17079232  0.17977245
   0.31539485  0.41871726  0.38121926
   0.13539352  0.03480422  0.48108640
   0.18201771  0.29396669  0.27903865
   0.50721726  0.33296771  0.10971217
   0.58575603  0.20990941  0.41587745
   0.39126314  0.33023839  0.51053500
   0.64805730  0.45967279  0.21237082
   0.45051188  0.08586862  0.31633212
   0.57191000  0.04636000  0.07986000
   0.37925943  0.17063899  0.17991693
   0.64991765  0.41807866  0.38185252
   0.47083006  0.04392458  0.48770053
   0.51613003  0.29356003  0.27905743
   0.84027416  0.33300986  0.10956108
   0.91481546  0.20827052  0.41643954
   0.72141184  0.33305332  0.52024146
   0.98181396  0.45957508  0.21226377
   0.78438452  0.08578825  0.31654936
   0.90524000  0.04636000  0.07986000
   0.71271371  0.17069826  0.18005857
   0.98259583  0.41903389  0.38072185
   0.80450440  0.04126151  0.48735709
   0.84846915  0.29379844  0.27925159
   0.17402328  0.83280960  0.10952908
   0.25562429  0.71006089  0.40984311
   0.06952128  0.82222066  0.51448749
   0.31548197  0.96078403  0.21276851
   0.11769262  0.58438825  0.31380852
   0.23858000  0.54636000  0.07986000
   0.04611089  0.67050383  0.18015501
   0.32037750  0.92054292  0.38147051
   0.12700727  0.55397351  0.48394235
   0.18309771  0.79438351  0.27898246
   0.50737359  0.83290493  0.10982157
   0.58829574  0.70909570  0.41082223
   0.40376816  0.82670763  0.51377628
   0.64863223  0.96109978  0.21287316
   0.45019371  0.58425030  0.31442251
   0.57191000  0.54636000  0.07986000
   0.37934222  0.67055871  0.17998024
   0.65321275  0.92028458  0.38217299
   0.46071732  0.54872797  0.48480417
   0.51658726  0.79454684  0.27914904
   0.84063065  0.83299764  0.10932780
   0.73393076  0.82520240  0.51555115
   0.98184294  0.96007177  0.21200280
   0.78310209  0.58393128  0.31413916
   0.90524000  0.54636000  0.07986000
   0.71249057  0.67024978  0.17997011
   0.98631785  0.91826038  0.37953453
   0.79122232  0.54719123  0.48524559
   0.84879162  0.79349034  0.27842150
   0.92109324  0.70820362  0.41067805
   0.77814107  0.56126944  0.66029473
   0.07912417  0.15941836  0.58470965
   0.75136017  0.42018240  0.59962319
   0.79967638  0.67836191  0.67346379
   0.76796473  0.59303637  0.71972807
   0.64900918  0.56928717  0.73742495
   0.86520694  0.57877165  0.74625608
   0.70452238  0.71652960  0.65818316
   0.92118145  0.72626820  0.66685689
