   0.29352686  0.42981844  0.49094019
   0.17891996  0.06436012  0.18501998
   0.03971000  0.44194000  0.08602000
   0.31551996  0.18812041  0.28846971
   0.13116073  0.31185043  0.38851957
   0.51228971  0.06428995  0.18485000
   0.62568021  0.42839701  0.48972026
   0.37304000  0.44194000  0.08602000
   0.64897976  0.18819997  0.28835978
   0.46425929  0.31133027  0.38766954
   0.84560036  0.06439014  0.18502989
   0.96234137  0.43025892  0.49250142
   0.70637000  0.44194000  0.08602000
   0.98232093  0.18835041  0.28856961
   0.79770003  0.31162981  0.38811968
   0.18129039  0.56408971  0.18479993
   0.24573173  0.93942185  0.49372961
   0.03971000  0.94194000  0.08602000
   0.31626041  0.68903986  0.28849967
   0.10785139  0.81728087  0.39087916
   0.51483938  0.56403970  0.18469003
   0.57892755  0.94144184  0.49101991
   0.37304000  0.94194000  0.08602000
   0.65006912  0.68924972  0.28859966
   0.44216910  0.81682117  0.39067937
   0.84805016  0.56392008  0.18476985
   0.91488233  0.94303214  0.49231974
   0.70637000  0.94194000  0.08602000
   0.98314063  0.68905029  0.28844948
   0.77399102  0.81755100  0.39262906
   0.03971000  0.19194000  0.08602000
   0.32095000  0.43869987  0.28783969
   0.11425032  0.06289044  0.38932922
   0.17973036  0.31567025  0.18688016
   0.26175965  0.19359033  0.48443947
   0.37304000  0.19194000  0.08602000
   0.65464915  0.43865973  0.28811938
   0.44657982  0.06298018  0.38930913
   0.51328969  0.31559006  0.18702993
   0.59475048  0.19314065  0.48455909
   0.70637000  0.19194000  0.08602000
   0.98746018  0.43860964  0.28805951
   0.78017044  0.06301065  0.38888922
   0.84645010  0.31565995  0.18698986
   0.92763071  0.19521083  0.48377944
   0.03971000  0.69194000  0.08602000
   0.31088000  0.93951007  0.28787942
   0.12937023  0.55990914  0.39000914
   0.17897007  0.81562009  0.18668997
   0.26455884  0.69333886  0.48483948
   0.37304000  0.69194000  0.08602000
   0.64421981  0.93936998  0.28771932
   0.46290837  0.55986874  0.38992795
   0.51232987  0.81539995  0.18671977
   0.60578338  0.68784533  0.48805278
   0.70637000  0.69194000  0.08602000
   0.97705014  0.93956005  0.28809935
   0.84567010  0.81563003  0.18677981
   0.92387733  0.69372944  0.48763806
   0.79775868  0.55991957  0.38996845
   0.17417000  0.33753000  0.10253000
   0.26404014  0.20343954  0.39917074
   0.09431985  0.31868019  0.49660991
   0.31575041  0.46073044  0.20444969
   0.11513997  0.08288962  0.30484048
   0.23858000  0.04636000  0.06951000
   0.04552937  0.17092941  0.16984991
   0.33072915  0.41618913  0.37095134
   0.11705923  0.05175858  0.47680060
   0.18308917  0.29341923  0.27014036
   0.50750000  0.33753000  0.10253000
   0.59665040  0.20333000  0.39923097
   0.42556025  0.31813121  0.49967026
   0.64907039  0.46072002  0.20443023
   0.44846053  0.08279010  0.30485031
   0.57191000  0.04636000  0.06951000
   0.37870016  0.17077990  0.16986992
   0.66374107  0.41632079  0.37170082
   0.44758000  0.05196859  0.47666080
   0.51606054  0.29338002  0.27042028
   0.84083000  0.33753000  0.10253000
   0.93030995  0.20318977  0.39865067
   0.75915899  0.31857049  0.49860999
   0.98258970  0.46066006  0.20431022
   0.78197972  0.08272977  0.30445044
   0.90524000  0.04636000  0.06951000
   0.71203997  0.17074008  0.16983999
   0.99695912  0.41632044  0.37167058
   0.78189964  0.05438791  0.47625079
   0.84949982  0.29335012  0.27029037
   0.17417000  0.83753000  0.10253000
   0.24165033  0.71073038  0.40345078
   0.04434617  0.83475787  0.50391062
   0.31299011  0.96077003  0.20408992
   0.11765965  0.58483022  0.30626060
   0.23858000  0.54636000  0.06951000
   0.04740956  0.67004986  0.16959008
   0.30697943  0.92025919  0.37189106
   0.16076091  0.54000084  0.47557000
   0.18161947  0.79272946  0.26978046
   0.50750000  0.83753000  0.10253000
   0.57313261  0.70959025  0.40601087
   0.37884125  0.83396958  0.50346061
   0.64626997  0.96058986  0.20379026
   0.45104124  0.58511125  0.30669996
   0.57191000  0.54636000  0.06951000
   0.38061015  0.66990017  0.16955012
   0.63971960  0.92033905  0.37168087
   0.49136962  0.53513759  0.47323533
   0.51486021  0.79237022  0.26983041
   0.84083000  0.83753000  0.10253000
   0.71429777  0.83915497  0.49523404
   0.97962987  0.96085983  0.20415012
   0.78453064  0.58520000  0.30652070
   0.90524000  0.54636000  0.06951000
   0.71408005  0.66999004  0.16955018
   0.97307956  0.92049907  0.37222101
   0.82729641  0.53754478  0.47538226
   0.84829999  0.79263989  0.26988037
   0.90860894  0.71054990  0.40533081
   0.72336567  0.62554197  0.63549606
   0.01299405  0.45642293  0.63314862
   0.82569653  0.54525415  0.59785295
   0.63291941  0.70876395  0.65133051
   0.66116936  0.62684952  0.69399981
   0.56758961  0.55391052  0.70329045
   0.74999513  0.65245998  0.72722009
   0.51884866  0.69617100  0.62946070
   0.70240116  0.79423930  0.65323934
