   0.18030303  0.06474782  0.19463689
   0.26391299  0.43976021  0.50169683
   0.03971000  0.44194000  0.09637000
   0.31676956  0.19038372  0.29805709
   0.11799094  0.31498908  0.40324167
   0.51367337  0.06470556  0.19475799
   0.58958198  0.43830496  0.50056186
   0.37304000  0.44194000  0.09637000
   0.65002899  0.18935684  0.29815091
   0.45011231  0.31476807  0.40178993
   0.84698573  0.06456029  0.19439894
   0.93220921  0.44209027  0.49735992
   0.70637000  0.44194000  0.09637000
   0.98341203  0.19002188  0.29832580
   0.78596751  0.31332182  0.39879161
   0.18037063  0.56450107  0.19480130
   0.26574056  0.93311907  0.50269024
   0.03971000  0.94194000  0.09637000
   0.31683224  0.69002608  0.29775303
   0.12053447  0.81571220  0.39716126
   0.51335185  0.56414905  0.19449599
   0.60105275  0.93608786  0.50513883
   0.37304000  0.94194000  0.09637000
   0.64927097  0.68907323  0.29714843
   0.45461038  0.81649335  0.39831703
   0.84688761  0.56405350  0.19454996
   0.93316026  0.93256657  0.50414845
   0.70637000  0.94194000  0.09637000
   0.98305503  0.68924209  0.29708284
   0.78750949  0.81548462  0.39723070
   0.94039511  0.18963878  0.50110237
   0.03971000  0.19194000  0.09637000
   0.31587585  0.43923588  0.29773925
   0.12328447  0.06130782  0.39833935
   0.18015591  0.31568624  0.19588066
   0.24410052  0.18715928  0.50060785
   0.37304000  0.19194000  0.09637000
   0.64896240  0.43814156  0.29689607
   0.45418106  0.06392028  0.40167796
   0.51327036  0.31502207  0.19552059
   0.58483118  0.19399178  0.49940462
   0.70637000  0.19194000  0.09637000
   0.98329424  0.43915901  0.29717401
   0.78851753  0.06296601  0.40231354
   0.84676344  0.31528510  0.19579740
   0.03971000  0.69194000  0.09637000
   0.31774404  0.94105024  0.29809949
   0.12255587  0.56360409  0.39815156
   0.18043518  0.81594145  0.19604340
   0.25640756  0.69892639  0.49420788
   0.37304000  0.69194000  0.09637000
   0.65091811  0.94106977  0.29823272
   0.45307711  0.56303904  0.39905502
   0.51340655  0.81604652  0.19608764
   0.59076662  0.69667892  0.49503346
   0.70637000  0.69194000  0.09637000
   0.98329240  0.93970722  0.29631687
   0.84665836  0.81512126  0.19515918
   0.92275074  0.69387583  0.49338013
   0.78651036  0.56184400  0.39745651
   0.17347662  0.33282582  0.10962995
   0.25257831  0.20709903  0.41602860
   0.06163584  0.33996199  0.50259018
   0.31478518  0.46044816  0.21317918
   0.11767952  0.08531551  0.31445207
   0.23858000  0.04636000  0.07986000
   0.04629502  0.17101447  0.18003456
   0.31699398  0.41876410  0.38197857
   0.13226517  0.03505028  0.48106164
   0.18244242  0.29432943  0.27957871
   0.50678542  0.33265045  0.10954020
   0.58669079  0.20995565  0.41665940
   0.39445877  0.32855673  0.51149158
   0.64773904  0.45971481  0.21238929
   0.45077010  0.08634779  0.31716899
   0.57191000  0.04636000  0.07986000
   0.37931783  0.17063901  0.17991470
   0.65099347  0.41740414  0.38160864
   0.46772439  0.04589633  0.48873113
   0.51623378  0.29330426  0.27908261
   0.83992736  0.33279199  0.10966849
   0.91571092  0.20806473  0.41699209
   0.72427765  0.33177343  0.52010281
   0.98153055  0.45989067  0.21268480
   0.78425713  0.08603551  0.31712513
   0.90524000  0.04636000  0.07986000
   0.71269008  0.17088097  0.18017075
   0.98380747  0.41901980  0.38123101
   0.80162912  0.04224287  0.48805694
   0.84887255  0.29384555  0.27956992
   0.17359327  0.83270417  0.10990117
   0.25508861  0.71046965  0.41066622
   0.06577802  0.82201994  0.51414822
   0.31500420  0.96111380  0.21359221
   0.11744778  0.58464094  0.31441399
   0.23858000  0.54636000  0.07986000
   0.04616073  0.67096680  0.18040787
   0.32010296  0.92082397  0.38236171
   0.13110190  0.55314666  0.48456234
   0.18296951  0.79492667  0.27982580
   0.50692962  0.83278736  0.11007914
   0.58790416  0.70943810  0.41219646
   0.40062989  0.82784589  0.51454445
   0.64823163  0.96114559  0.21359485
   0.45004756  0.58471862  0.31524829
   0.57191000  0.54636000  0.07986000
   0.37958746  0.67097671  0.18027935
   0.65278396  0.92045003  0.38260148
   0.46409303  0.54862858  0.48564234
   0.51648714  0.79472777  0.27978306
   0.84007164  0.83266854  0.10944911
   0.73054949  0.82625838  0.51673259
   0.98139938  0.96020112  0.21224711
   0.78281385  0.58361432  0.31380374
   0.90524000  0.54636000  0.07986000
   0.71249842  0.67033122  0.18004951
   0.98567239  0.91807035  0.37964860
   0.79453470  0.54600494  0.48439489
   0.84865698  0.79342786  0.27858484
   0.92075965  0.70789263  0.41046487
   0.77752553  0.56556635  0.65668169
   0.07922815  0.15881944  0.58536543
   0.75301358  0.42239586  0.59846012
   0.80018484  0.68262558  0.67417434
   0.76770460  0.59250486  0.71720417
   0.64786098  0.56522291  0.73466610
   0.86514267  0.57373922  0.74292135
   0.70457346  0.72164201  0.66023540
   0.92092889  0.73034536  0.66829655
