   0.18086502  0.06414055  0.19482990
   0.24739899  0.44042634  0.50253443
   0.03971000  0.44194000  0.09637000
   0.31754042  0.18898174  0.29877618
   0.11476337  0.31641818  0.40093154
   0.51397566  0.06422270  0.19456507
   0.57972186  0.44676975  0.49985080
   0.37304000  0.44194000  0.09637000
   0.65070824  0.18897845  0.29819458
   0.45047835  0.31713876  0.40101888
   0.84741686  0.06405860  0.19432358
   0.91919684  0.44764413  0.49961064
   0.70637000  0.44194000  0.09637000
   0.98396419  0.18873048  0.29802515
   0.78204288  0.31614466  0.40091659
   0.17910348  0.56397520  0.19487996
   0.28043342  0.93459312  0.50338682
   0.03971000  0.94194000  0.09637000
   0.31604466  0.68903894  0.29731494
   0.12419495  0.81559937  0.39820469
   0.51258284  0.56404328  0.19481648
   0.61297267  0.93273398  0.50292949
   0.37304000  0.94194000  0.09637000
   0.64921639  0.68915737  0.29736255
   0.45729129  0.81549952  0.39776004
   0.84611411  0.56433849  0.19500062
   0.94716627  0.93568134  0.50220434
   0.70637000  0.94194000  0.09637000
   0.98272099  0.68928214  0.29786825
   0.78991592  0.81461686  0.39737748
   0.60380797  0.19278165  0.50119313
   0.03971000  0.19194000  0.09637000
   0.31444716  0.43941339  0.29781434
   0.12630094  0.06167775  0.40000141
   0.17949433  0.31549167  0.19699018
   0.26193634  0.19634021  0.49484618
   0.37304000  0.19194000  0.09637000
   0.64814596  0.44010656  0.29800222
   0.46102148  0.06290139  0.40195648
   0.51267377  0.31590091  0.19717629
   0.70637000  0.19194000  0.09637000
   0.98121617  0.43958347  0.29778441
   0.79409412  0.06081858  0.39933694
   0.84581138  0.31566821  0.19704844
   0.91663468  0.19292015  0.49885892
   0.03971000  0.69194000  0.09637000
   0.31923203  0.94100439  0.29839086
   0.11655939  0.56428786  0.39883073
   0.17997211  0.81594748  0.19729182
   0.25592048  0.69736328  0.49411955
   0.37304000  0.69194000  0.09637000
   0.65192109  0.93960053  0.29673499
   0.44813970  0.56463228  0.39871988
   0.51293447  0.81530799  0.19557003
   0.58633950  0.69738007  0.49421703
   0.70637000  0.69194000  0.09637000
   0.98525916  0.93991001  0.29723720
   0.84688384  0.81539377  0.19590239
   0.91915143  0.70334468  0.49481836
   0.78332071  0.56574204  0.39920463
   0.17417000  0.33753000  0.11288000
   0.24942271  0.20999743  0.41294945
   0.04433792  0.33622839  0.51119860
   0.31368120  0.46061621  0.21404595
   0.11869113  0.08455803  0.31583111
   0.23858000  0.04636000  0.07986000
   0.04664505  0.17027552  0.18000661
   0.31409504  0.42014889  0.38205042
   0.14904797  0.04521690  0.48691093
   0.18288713  0.29277107  0.28009600
   0.50750000  0.33753000  0.11288000
   0.58216620  0.21085014  0.41808874
   0.38112658  0.33579688  0.51350797
   0.64723158  0.46111928  0.21429523
   0.45323367  0.08595585  0.31734496
   0.57191000  0.04636000  0.07986000
   0.37968868  0.17047184  0.18006158
   0.64851939  0.42071441  0.38212998
   0.48123358  0.04262573  0.48777563
   0.51619133  0.29320092  0.28037803
   0.84083000  0.33753000  0.11288000
   0.91576233  0.20918008  0.41538247
   0.71569151  0.34603571  0.50888203
   0.98020201  0.46076209  0.21411322
   0.78522583  0.08457066  0.31528829
   0.90524000  0.04636000  0.07986000
   0.71317259  0.17038394  0.17996555
   0.98023285  0.42024181  0.38201534
   0.81259545  0.03914230  0.48402269
   0.84947213  0.29293642  0.28022161
   0.17417000  0.83753000  0.11288000
   0.25712523  0.70833124  0.41050164
   0.07890669  0.82697752  0.51318459
   0.31592834  0.96116383  0.21435715
   0.11601793  0.58442542  0.31462048
   0.23858000  0.54636000  0.07986000
   0.04559526  0.67085808  0.18030724
   0.32323285  0.92048609  0.38242713
   0.12064152  0.55312506  0.48588198
   0.18302897  0.79459529  0.28065881
   0.50619000  0.83294000  0.10916000
   0.58980810  0.70787429  0.41017843
   0.41171464  0.82329280  0.51291245
   0.64857295  0.96003637  0.21261185
   0.44961470  0.58424952  0.31439239
   0.57191000  0.54636000  0.07986000
   0.37865743  0.67051022  0.18004323
   0.65588876  0.91875619  0.38051971
   0.44764649  0.55438651  0.48609513
   0.51578611  0.79399929  0.27917602
   0.83992000  0.83287000  0.10930000
   0.74627960  0.82115443  0.51282451
   0.98183358  0.96029880  0.21323153
   0.78307909  0.58478572  0.31506702
   0.90524000  0.54636000  0.07986000
   0.71227116  0.67092328  0.18016476
   0.98929043  0.91975590  0.38152161
   0.78349639  0.55910079  0.48653473
   0.84948083  0.79422835  0.27970835
   0.92497477  0.70891478  0.41034041
   0.78700980  0.54732695  0.66287627
   0.73640844  0.17044291  0.59366674
   0.75726535  0.38007317  0.60778335
   0.80342393  0.66748392  0.67219140
   0.77304524  0.58979921  0.72100099
   0.65498333  0.56794977  0.73929494
   0.87152543  0.58315623  0.74946398
   0.70728163  0.70257313  0.65511306
   0.92321781  0.71745010  0.66523850
