   0.18111964  0.06381578  0.19359136
   0.25336474  0.44258697  0.49931113
   0.03971000  0.44194000  0.09637000
   0.31659426  0.18980397  0.29682187
   0.11443973  0.31585846  0.40151404
   0.51455010  0.06403645  0.19357613
   0.57976702  0.44055570  0.50056390
   0.37304000  0.44194000  0.09637000
   0.65008623  0.18926343  0.29676714
   0.44679660  0.31608456  0.40151294
   0.84760569  0.06379666  0.19347962
   0.92202871  0.44540498  0.49773103
   0.70637000  0.44194000  0.09637000
   0.98317842  0.18936353  0.29690676
   0.78326935  0.31498512  0.39782635
   0.18070058  0.56335233  0.19343842
   0.27650673  0.93157589  0.50108913
   0.03971000  0.94194000  0.09637000
   0.31673344  0.68869927  0.29549676
   0.12193056  0.81494143  0.39578195
   0.51413133  0.56369918  0.19396941
   0.61126229  0.93224600  0.50185832
   0.37304000  0.94194000  0.09637000
   0.65019303  0.68896237  0.29633765
   0.45594769  0.81504162  0.39561548
   0.84728502  0.56351873  0.19377010
   0.94435320  0.93267471  0.50268383
   0.70637000  0.94194000  0.09637000
   0.98323447  0.68869689  0.29595383
   0.78921601  0.81509740  0.39641900
   0.94072900  0.19053844  0.49914971
   0.03971000  0.19194000  0.09637000
   0.31470940  0.43835227  0.29594900
   0.12651347  0.06061737  0.39735096
   0.18001437  0.31471451  0.19474316
   0.24443899  0.18872299  0.49914847
   0.37304000  0.19194000  0.09637000
   0.64853708  0.43940048  0.29733678
   0.45763120  0.06261181  0.39897326
   0.51364731  0.31553211  0.19560782
   0.59032515  0.19147544  0.49710966
   0.70637000  0.19194000  0.09637000
   0.98194102  0.43889222  0.29590556
   0.79202876  0.06175178  0.40012479
   0.84648335  0.31501198  0.19515483
   0.03971000  0.69194000  0.09637000
   0.31860278  0.94005858  0.29589713
   0.11753705  0.56411640  0.39654179
   0.18081050  0.81497248  0.19489597
   0.25212792  0.70025364  0.49232328
   0.37304000  0.69194000  0.09637000
   0.65228686  0.94050878  0.29651915
   0.44982321  0.56291712  0.39665672
   0.51440917  0.81549482  0.19526659
   0.58671631  0.69671643  0.49223315
   0.70637000  0.69194000  0.09637000
   0.98479027  0.93979791  0.29556260
   0.84713661  0.81490142  0.19506903
   0.91860038  0.69784753  0.49465300
   0.78350056  0.56414589  0.39858646
   0.17311062  0.33255273  0.10866382
   0.24889431  0.20820285  0.41488352
   0.05128098  0.34286432  0.50184465
   0.31506389  0.45918112  0.21150545
   0.11789428  0.08529747  0.31373648
   0.23858000  0.04636000  0.07986000
   0.04662833  0.17004525  0.17965570
   0.31364843  0.41908255  0.38005226
   0.14431215  0.03364406  0.47987164
   0.18181868  0.29333369  0.27810392
   0.50651163  0.33275563  0.10919389
   0.58393360  0.21104152  0.41526278
   0.38371939  0.33341886  0.50938665
   0.64868481  0.45994817  0.21286294
   0.45150751  0.08572782  0.31481064
   0.57191000  0.04636000  0.07986000
   0.38029906  0.17073816  0.18005312
   0.64789249  0.41961175  0.38205010
   0.47833372  0.04251244  0.48562072
   0.51601804  0.29398830  0.27923904
   0.83969341  0.33270613  0.10890618
   0.91244888  0.20893074  0.41553215
   0.71501930  0.33321558  0.52068593
   0.98149310  0.45926136  0.21167852
   0.78453383  0.08573965  0.31537032
   0.90524000  0.04636000  0.07986000
   0.71344098  0.17052717  0.17984739
   0.98030310  0.41974201  0.37973912
   0.80997766  0.03981533  0.48577925
   0.84861107  0.29344036  0.27878231
   0.17311101  0.83255217  0.10882262
   0.25627451  0.70884656  0.40820413
   0.07571563  0.82123088  0.51468422
   0.31603550  0.95984518  0.21170510
   0.11658921  0.58380641  0.31247557
   0.23858000  0.54636000  0.07986000
   0.04672466  0.67020430  0.17985839
   0.32198479  0.91949542  0.37963989
   0.12176019  0.55525301  0.48327670
   0.18346687  0.79406893  0.27835738
   0.50647786  0.83262430  0.10898168
   0.58905478  0.70762881  0.40868936
   0.40977625  0.82442067  0.51169641
   0.64928823  0.96027189  0.21227834
   0.45005189  0.58338726  0.31243856
   0.57191000  0.54636000  0.07986000
   0.38028148  0.67071555  0.18013848
   0.65506741  0.91926100  0.38024930
   0.45354265  0.55146405  0.48368484
   0.51721178  0.79438005  0.27887354
   0.83976521  0.83256935  0.10895616
   0.74217353  0.82111986  0.51303561
   0.98216823  0.95965793  0.21152848
   0.78347323  0.58424858  0.31451214
   0.90524000  0.54636000  0.07986000
   0.71344448  0.67024283  0.18001147
   0.98748265  0.91794678  0.37877060
   0.78402406  0.55071345  0.48680045
   0.85018227  0.79360168  0.27855899
   0.92224412  0.70833902  0.41085974
   0.78057560  0.54932960  0.66706910
   0.07858524  0.16114589  0.58318316
   0.74480124  0.41379805  0.60183436
   0.80013746  0.66987903  0.67304936
   0.76895801  0.59701581  0.72392797
   0.65016525  0.57715951  0.74260934
   0.86631433  0.58990377  0.75271221
   0.70482008  0.70381171  0.65439198
   0.92030078  0.71692389  0.66416354
