   0.18159280  0.06406683  0.19361537
   0.24949223  0.44311837  0.49954718
   0.03971000  0.44194000  0.09637000
   0.31739779  0.19030571  0.29705122
   0.11322600  0.31595654  0.40128751
   0.51475894  0.06391047  0.19349311
   0.57659597  0.44211029  0.50008147
   0.37304000  0.44194000  0.09637000
   0.65088180  0.18975511  0.29647519
   0.44563972  0.31668889  0.40114747
   0.84799469  0.06377323  0.19357252
   0.91876319  0.44605495  0.49781717
   0.70637000  0.44194000  0.09637000
   0.98406782  0.18965136  0.29672897
   0.78221110  0.31557900  0.39782660
   0.18080314  0.56362460  0.19347340
   0.28037658  0.93148000  0.49978618
   0.03971000  0.94194000  0.09637000
   0.31680262  0.68890979  0.29595711
   0.12380262  0.81450934  0.39495878
   0.51402236  0.56382489  0.19422093
   0.61548676  0.93285885  0.50106634
   0.37304000  0.94194000  0.09637000
   0.65000035  0.68879430  0.29641995
   0.45772940  0.81480668  0.39535774
   0.84720683  0.56346557  0.19354095
   0.94848108  0.93202146  0.50133932
   0.70637000  0.94194000  0.09637000
   0.98323360  0.68865881  0.29601188
   0.79100096  0.81416077  0.39588580
   0.93957656  0.19064010  0.49842823
   0.03971000  0.19194000  0.09637000
   0.31426180  0.43847695  0.29585305
   0.12753352  0.06030939  0.39689271
   0.18030440  0.31480662  0.19482214
   0.24404889  0.18901903  0.49849525
   0.37304000  0.19194000  0.09637000
   0.64780161  0.43976760  0.29713145
   0.45968174  0.06312602  0.39902042
   0.51390899  0.31552709  0.19539763
   0.58852524  0.19215146  0.49703043
   0.70637000  0.19194000  0.09637000
   0.98173501  0.43946584  0.29561425
   0.79291619  0.06155976  0.39966842
   0.84696378  0.31499295  0.19484615
   0.03971000  0.69194000  0.09637000
   0.31958761  0.94064962  0.29625075
   0.11658749  0.56427212  0.39650897
   0.18102072  0.81532877  0.19519194
   0.25212306  0.70011638  0.49218935
   0.37304000  0.69194000  0.09637000
   0.65285227  0.94034557  0.29660852
   0.44867262  0.56346444  0.39655280
   0.51446684  0.81529910  0.19544717
   0.58661584  0.69735947  0.49217739
   0.70637000  0.69194000  0.09637000
   0.98518217  0.93949918  0.29533987
   0.84751174  0.81485084  0.19490922
   0.91907869  0.69762115  0.49403484
   0.78274913  0.56411279  0.39812088
   0.17306687  0.33240235  0.10889542
   0.24770284  0.20835807  0.41421378
   0.04751217  0.34309041  0.50199528
   0.31494697  0.45921452  0.21138911
   0.11842883  0.08507289  0.31322350
   0.23858000  0.04636000  0.07986000
   0.04713175  0.17021770  0.17957046
   0.31231838  0.41939980  0.37990690
   0.14728844  0.03363418  0.47939638
   0.18262343  0.29339233  0.27812255
   0.50661504  0.33254126  0.10921308
   0.58236034  0.21180060  0.41545004
   0.38064058  0.33426395  0.50945520
   0.64846858  0.45977931  0.21247689
   0.45226462  0.08649648  0.31516927
   0.57191000  0.04636000  0.07986000
   0.38088025  0.17072183  0.17989093
   0.64664707  0.42009081  0.38212057
   0.48161158  0.04219174  0.48577124
   0.51650648  0.29445026  0.27916622
   0.83962259  0.33243497  0.10899518
   0.91075664  0.20915302  0.41511269
   0.71042918  0.33508031  0.52033290
   0.98179262  0.45937746  0.21129033
   0.78497525  0.08576196  0.31491923
   0.90524000  0.04636000  0.07986000
   0.71375407  0.17029754  0.17983025
   0.97963933  0.41991752  0.37944796
   0.81413775  0.03959636  0.48491217
   0.84948537  0.29364305  0.27832634
   0.17328577  0.83255874  0.10923066
   0.25781109  0.70831996  0.40763087
   0.07951600  0.82002410  0.51320739
   0.31634127  0.96010683  0.21211871
   0.11698869  0.58384095  0.31236251
   0.23858000  0.54636000  0.07986000
   0.04700900  0.67053385  0.17988104
   0.32410631  0.92036835  0.38002467
   0.11790681  0.55629154  0.48319676
   0.18364815  0.79455887  0.27886791
   0.50664822  0.83261283  0.10945077
   0.59090264  0.70704811  0.40819893
   0.41400918  0.82335577  0.51014690
   0.64927744  0.96003488  0.21231420
   0.44979110  0.58318066  0.31247088
   0.57191000  0.54636000  0.07986000
   0.38027128  0.67068128  0.17999165
   0.65670917  0.91917072  0.38044563
   0.45119742  0.55263554  0.48360164
   0.51727054  0.79428570  0.27911677
   0.83967254  0.83247573  0.10917345
   0.74547504  0.82080965  0.51175594
   0.98268706  0.95958255  0.21154080
   0.78333411  0.58391372  0.31391890
   0.90524000  0.54636000  0.07986000
   0.71333811  0.67023073  0.17980599
   0.98919278  0.91777581  0.37841303
   0.78178715  0.55171586  0.48581816
   0.84982595  0.79338384  0.27824438
   0.92408300  0.70731678  0.40978390
   0.78406626  0.54356619  0.67005870
   0.07807207  0.16085877  0.58192908
   0.73699773  0.41043096  0.60329345
   0.80060273  0.66430605  0.67238133
   0.76954662  0.59727938  0.72515663
   0.65091903  0.57974921  0.74345555
   0.86671441  0.59530371  0.75484456
   0.70409478  0.69526251  0.65249839
   0.92008800  0.71165526  0.66334613
