   0.61975015  0.42834340  0.49190759
   0.17897021  0.06404315  0.18496435
   0.28854016  0.43084253  0.49171164
   0.03971000  0.44194000  0.08602000
   0.31521222  0.18776592  0.28846879
   0.12768268  0.31182223  0.38893358
   0.51235318  0.06402033  0.18487960
   0.37304000  0.44194000  0.08602000
   0.64867226  0.18785017  0.28850341
   0.46106861  0.31133003  0.38850495
   0.84564881  0.06405348  0.18496160
   0.95547678  0.43165743  0.49308353
   0.70637000  0.44194000  0.08602000
   0.98198562  0.18795803  0.28856260
   0.79453474  0.31159739  0.38883996
   0.18067954  0.56380280  0.18469126
   0.24679227  0.93861010  0.49491536
   0.03971000  0.94194000  0.08602000
   0.31621327  0.68844693  0.28834095
   0.10970749  0.81677612  0.39084231
   0.51416667  0.56381891  0.18472571
   0.58106641  0.93806277  0.49230025
   0.37304000  0.94194000  0.08602000
   0.64998826  0.68875163  0.28851035
   0.44333202  0.81642913  0.39015538
   0.84746018  0.56383544  0.18474669
   0.91463890  0.94007942  0.49319389
   0.70637000  0.94194000  0.08602000
   0.98322999  0.68868283  0.28841503
   0.77653485  0.81728779  0.39197469
   0.03971000  0.19194000  0.08602000
   0.31933285  0.43819561  0.28790638
   0.11419331  0.06255079  0.39016841
   0.17941868  0.31531411  0.18688219
   0.26018285  0.19263362  0.48537543
   0.37304000  0.19194000  0.08602000
   0.65303764  0.43836782  0.28818823
   0.44667784  0.06258807  0.39010598
   0.51288564  0.31542546  0.18697368
   0.59261857  0.19236932  0.48549162
   0.70637000  0.19194000  0.08602000
   0.98615195  0.43851901  0.28843525
   0.78058186  0.06285704  0.38983970
   0.84624590  0.31554211  0.18706050
   0.92501568  0.19505909  0.48525859
   0.03971000  0.69194000  0.08602000
   0.31162579  0.93926756  0.28824788
   0.12829980  0.55991242  0.39037218
   0.17911662  0.81545622  0.18682259
   0.26322222  0.69377767  0.48540462
   0.37304000  0.69194000  0.08602000
   0.64499652  0.93922274  0.28811728
   0.46097831  0.55857692  0.38968446
   0.51248932  0.81534249  0.18680985
   0.59951761  0.68945890  0.48350329
   0.70637000  0.69194000  0.08602000
   0.97799985  0.93923965  0.28844241
   0.84588113  0.81545299  0.18686843
   0.93000986  0.69366075  0.48623889
   0.79502302  0.55977702  0.39001720
   0.17417000  0.33753000  0.10253000
   0.26067863  0.20402612  0.40115057
   0.08677752  0.32139741  0.49972334
   0.31504556  0.46047575  0.20442117
   0.11509332  0.08293082  0.30583492
   0.23858000  0.04636000  0.06951000
   0.04533151  0.17040870  0.16990164
   0.32707804  0.41593921  0.37190309
   0.11760297  0.05004934  0.47780375
   0.18227686  0.29280904  0.27042828
   0.50750000  0.33753000  0.10253000
   0.59368853  0.20397225  0.40124833
   0.41891061  0.31993296  0.50073751
   0.64849602  0.46057341  0.20468976
   0.44842412  0.08305978  0.30575087
   0.57191000  0.04636000  0.06951000
   0.37872715  0.17047829  0.16994223
   0.66092588  0.41659371  0.37226194
   0.44902747  0.05030931  0.47771983
   0.51567714  0.29295959  0.27063227
   0.84083000  0.33753000  0.10253000
   0.92767344  0.20414682  0.40077915
   0.75419510  0.31978500  0.49950252
   0.98177121  0.46068108  0.20481050
   0.78188853  0.08299754  0.30553660
   0.90524000  0.04636000  0.06951000
   0.71207516  0.17057651  0.16999776
   0.99346601  0.41688180  0.37256722
   0.78280368  0.05102042  0.47747299
   0.84893091  0.29316697  0.27074406
   0.17417000  0.83753000  0.10253000
   0.24354490  0.71026575  0.40397233
   0.04556372  0.83326162  0.50479411
   0.31311264  0.96064556  0.20447495
   0.11729247  0.58453031  0.30696091
   0.23858000  0.54636000  0.06951000
   0.04690376  0.66999940  0.16983272
   0.30832581  0.91983580  0.37265359
   0.15549293  0.54109416  0.47687661
   0.18188865  0.79241001  0.27023010
   0.50750000  0.83753000  0.10253000
   0.57491949  0.70864887  0.40254034
   0.38008330  0.83276676  0.50518173
   0.64643582  0.96057346  0.20434872
   0.45061059  0.58419719  0.30623761
   0.57191000  0.54636000  0.06951000
   0.38020098  0.66998191  0.16979653
   0.64153266  0.91989959  0.37249882
   0.49026538  0.53838387  0.47672345
   0.51511549  0.79241189  0.27023635
   0.84083000  0.83753000  0.10253000
   0.71563030  0.83134007  0.49880953
   0.97983420  0.96066212  0.20457649
   0.78447727  0.58456541  0.30673232
   0.90524000  0.54636000  0.06951000
   0.71353380  0.66999855  0.16984008
   0.97491372  0.91994411  0.37298677
   0.81980425  0.54100991  0.47906383
   0.84857459  0.79245329  0.27028508
   0.90968350  0.70945977  0.40466317
   0.61873729  0.61814200  0.63210448
   0.81190449  0.37807513  0.68066020
   0.77079860  0.48975952  0.60033966
   0.53524092  0.70833426  0.63072737
   0.47811263  0.60929543  0.66636578
   0.37602420  0.54340441  0.65192661
   0.49920370  0.60910079  0.71251846
   0.47933128  0.72054403  0.58999618
   0.60408097  0.78556940  0.65023242
