   0.18009072  0.06502035  0.19514139
   0.26716583  0.43851998  0.50258432
   0.03971000  0.44194000  0.09637000
   0.31700418  0.19064805  0.29885271
   0.11912347  0.31482604  0.40377380
   0.51335276  0.06458319  0.19507652
   0.59233036  0.43735434  0.49963166
   0.37304000  0.44194000  0.09637000
   0.65021013  0.18941922  0.29857545
   0.45138213  0.31449789  0.40209149
   0.84661966  0.06474760  0.19483436
   0.93593188  0.44123825  0.49693792
   0.70637000  0.44194000  0.09637000
   0.98344825  0.19000913  0.29891134
   0.78707176  0.31325294  0.39934194
   0.18030716  0.56495875  0.19526976
   0.26246346  0.93353674  0.50304443
   0.03971000  0.94194000  0.09637000
   0.31695181  0.69069748  0.29880482
   0.12030254  0.81621771  0.39772300
   0.51302336  0.56422743  0.19454646
   0.59816483  0.93712347  0.50617373
   0.37304000  0.94194000  0.09637000
   0.64914942  0.68911039  0.29737997
   0.45467826  0.81749692  0.39990172
   0.84678274  0.56426753  0.19457925
   0.92957062  0.93259338  0.50428006
   0.70637000  0.94194000  0.09637000
   0.98296240  0.68946614  0.29733846
   0.78686154  0.81549316  0.39773723
   0.94030425  0.18934221  0.50161447
   0.03971000  0.19194000  0.09637000
   0.31626005  0.43979372  0.29858787
   0.12149572  0.06114156  0.39858017
   0.18014816  0.31599001  0.19649190
   0.24340473  0.18654253  0.50089538
   0.37304000  0.19194000  0.09637000
   0.64930897  0.43780956  0.29660452
   0.45319129  0.06485240  0.40271832
   0.51336970  0.31477996  0.19536787
   0.58186356  0.19475050  0.50033167
   0.70637000  0.19194000  0.09637000
   0.98384176  0.43938087  0.29751578
   0.78733273  0.06324074  0.40292721
   0.84711813  0.31524811  0.19594643
   0.03971000  0.69194000  0.09637000
   0.31765828  0.94193557  0.29912113
   0.12388919  0.56327787  0.39871493
   0.18066883  0.81634838  0.19677540
   0.25739747  0.69882783  0.49489550
   0.37304000  0.69194000  0.09637000
   0.65059078  0.94133976  0.29896692
   0.45439293  0.56304989  0.39996044
   0.51348954  0.81621600  0.19666580
   0.59079691  0.69684944  0.49575983
   0.70637000  0.69194000  0.09637000
   0.98294063  0.93988427  0.29651869
   0.84650723  0.81529055  0.19548647
   0.92687075  0.69198951  0.49238956
   0.78778905  0.56091928  0.39701388
   0.17350958  0.33292646  0.10993426
   0.25363406  0.20645958  0.41618928
   0.06522331  0.33874482  0.50292947
   0.31448701  0.46102824  0.21403488
   0.11771995  0.08537570  0.31481140
   0.23858000  0.04636000  0.07986000
   0.04582260  0.17138266  0.18039245
   0.31846433  0.41882338  0.38282285
   0.12917326  0.03484217  0.48108433
   0.18270275  0.29458701  0.28023844
   0.50667764  0.33263927  0.10913191
   0.58793086  0.20984744  0.41727540
   0.39748053  0.32718873  0.51256852
   0.64743472  0.45964389  0.21228524
   0.45121459  0.08700388  0.31822253
   0.57191000  0.04636000  0.07986000
   0.37918732  0.17055711  0.17998116
   0.65190804  0.41679160  0.38122660
   0.46346812  0.04683090  0.49016295
   0.51623384  0.29299646  0.27898615
   0.84011288  0.33270599  0.10951976
   0.91674429  0.20795596  0.41743517
   0.72776775  0.33109746  0.51943685
   0.98132310  0.46026971  0.21309287
   0.78428922  0.08621365  0.31772895
   0.90524000  0.04636000  0.07986000
   0.71240423  0.17092761  0.18023246
   0.98499054  0.41922487  0.38168068
   0.79816355  0.04336194  0.48886128
   0.84929023  0.29391095  0.27985065
   0.17359613  0.83286631  0.11010542
   0.25515960  0.71041476  0.41139676
   0.06275356  0.82235948  0.51373592
   0.31476395  0.96151302  0.21464512
   0.11729666  0.58504898  0.31497065
   0.23858000  0.54636000  0.07986000
   0.04613886  0.67152919  0.18070452
   0.31987442  0.92145233  0.38329182
   0.13540686  0.55196493  0.48545965
   0.18303140  0.79559311  0.28085421
   0.50678858  0.83293178  0.11006173
   0.58749974  0.70964838  0.41299136
   0.39770059  0.82916508  0.51525606
   0.64789351  0.96130627  0.21440874
   0.45002591  0.58526844  0.31632824
   0.57191000  0.54636000  0.07986000
   0.37951074  0.67142622  0.18056719
   0.65278893  0.92033650  0.38305418
   0.46632407  0.54803054  0.48664249
   0.51640704  0.79502977  0.28062645
   0.84002175  0.83268998  0.10930057
   0.72723047  0.82732955  0.51791773
   0.98093929  0.96043768  0.21260182
   0.78257784  0.58333971  0.31356197
   0.90524000  0.54636000  0.07986000
   0.71236672  0.67060800  0.18008565
   0.98441948  0.91797851  0.37958291
   0.79748539  0.54509700  0.48382409
   0.84851524  0.79345469  0.27901471
   0.92002977  0.70770284  0.40968593
   0.77785309  0.57092739  0.65358430
   0.07940634  0.15823534  0.58595529
   0.75390655  0.42419167  0.59727877
   0.79991571  0.68538558  0.67429950
   0.76721281  0.59018823  0.71462620
   0.64802711  0.56226233  0.73201970
   0.86383530  0.56958759  0.73940297
   0.70522528  0.72684504  0.66260968
   0.92035586  0.73456706  0.66990331
