   0.29101554  0.43188731  0.49192201
   0.18082802  0.06375057  0.18381552
   0.03971000  0.44194000  0.08602000
   0.31683969  0.18775851  0.28730853
   0.13082281  0.31201775  0.38763966
   0.51415594  0.06342673  0.18375486
   0.62357630  0.42832722  0.48848108
   0.37304000  0.44194000  0.08602000
   0.64999200  0.18724456  0.28701769
   0.46349403  0.31161223  0.38708521
   0.84771190  0.06392420  0.18385487
   0.95734154  0.42952006  0.48832220
   0.70637000  0.44194000  0.08602000
   0.98377073  0.18804038  0.28757904
   0.79663899  0.31109764  0.38621489
   0.18136656  0.56386297  0.18468847
   0.24634352  0.93963161  0.49213185
   0.03971000  0.94194000  0.08602000
   0.31829908  0.68890090  0.28779309
   0.11113285  0.81674933  0.38998555
   0.51430448  0.56348010  0.18407290
   0.57927760  0.94204524  0.49228757
   0.37304000  0.94194000  0.08602000
   0.65125816  0.68848903  0.28654455
   0.44568842  0.81704348  0.38931767
   0.84789900  0.56358440  0.18422712
   0.91434932  0.94129485  0.49108568
   0.70637000  0.94194000  0.08602000
   0.98514998  0.68890359  0.28663395
   0.77877382  0.81595272  0.38894603
   0.03971000  0.19194000  0.08602000
   0.32154240  0.43966810  0.28858441
   0.11539966  0.06223823  0.38770780
   0.18038437  0.31619531  0.18715702
   0.25936354  0.19442080  0.48286617
   0.37304000  0.19194000  0.08602000
   0.65365619  0.43773235  0.28600500
   0.44830367  0.06227703  0.38790061
   0.51308119  0.31490572  0.18632377
   0.59267646  0.19303451  0.48319089
   0.70637000  0.19194000  0.08602000
   0.98833968  0.43850757  0.28739738
   0.78217412  0.06236995  0.38779137
   0.84699962  0.31543079  0.18673051
   0.92534947  0.19558756  0.48305149
   0.03971000  0.69194000  0.08602000
   0.31335307  0.93854552  0.28623340
   0.13020447  0.56018952  0.38922727
   0.18041398  0.81452950  0.18491863
   0.26237071  0.69429873  0.48436368
   0.37304000  0.69194000  0.08602000
   0.64703063  0.93856789  0.28605633
   0.46449969  0.56125264  0.39093566
   0.51352585  0.81451902  0.18487045
   0.60152252  0.69566664  0.48716467
   0.70637000  0.69194000  0.08602000
   0.98009920  0.93887222  0.28597565
   0.84686689  0.81466578  0.18481389
   0.91788384  0.68827201  0.48498943
   0.79781051  0.55881926  0.38585265
   0.17417000  0.33753000  0.10253000
   0.26297417  0.20326046  0.39833962
   0.08968445  0.32046424  0.49780115
   0.31608673  0.46109004  0.20481571
   0.11683516  0.08226294  0.30323575
   0.23858000  0.04636000  0.06951000
   0.04738820  0.17086347  0.16983447
   0.33056278  0.41797659  0.37259493
   0.11671881  0.05071289  0.47536302
   0.18430220  0.29397247  0.27065017
   0.50750000  0.33753000  0.10253000
   0.59612543  0.20318265  0.39851151
   0.42228613  0.32018863  0.49695405
   0.64876451  0.45993124  0.20288168
   0.44990322  0.08193298  0.30338012
   0.57191000  0.04636000  0.06951000
   0.38028980  0.16981424  0.16946926
   0.66220133  0.41523525  0.36908472
   0.44841747  0.05086415  0.47568684
   0.51680465  0.29221555  0.26929214
   0.84083000  0.33753000  0.10253000
   0.93011952  0.20346525  0.39819412
   0.75609717  0.31804635  0.49832086
   0.98265534  0.46039697  0.20389198
   0.78357548  0.08205256  0.30326136
   0.90524000  0.04636000  0.06951000
   0.71371203  0.17027658  0.16965420
   0.99673162  0.41643671  0.37112542
   0.78267642  0.05276464  0.47535984
   0.85045875  0.29308342  0.27003411
   0.17316000  0.83290000  0.09904000
   0.24616793  0.71034770  0.40276019
   0.04386341  0.83184401  0.49915889
   0.31484467  0.95912727  0.20181287
   0.11925849  0.58475084  0.30568117
   0.23858000  0.54636000  0.06951000
   0.04712543  0.66977379  0.16949551
   0.30986693  0.91957941  0.37075007
   0.15748454  0.54110943  0.47560835
   0.18380503  0.79227743  0.26840080
   0.50645000  0.83283000  0.09878000
   0.57897478  0.71103231  0.40541621
   0.37875911  0.83398407  0.50367907
   0.64834563  0.95909446  0.20172465
   0.45335322  0.58564234  0.30710392
   0.57191000  0.54636000  0.06951000
   0.38047211  0.66978850  0.16942235
   0.64379261  0.91925611  0.37038421
   0.49331868  0.54223532  0.47857196
   0.51674276  0.79220638  0.26843337
   0.83986000  0.83290000  0.09896000
   0.71306173  0.83864063  0.50289950
   0.98159317  0.95936931  0.20164370
   0.78598085  0.58425798  0.30333906
   0.90524000  0.54636000  0.06951000
   0.71364607  0.66978033  0.16942464
   0.97620199  0.91958498  0.37030710
   0.82154616  0.53332668  0.46899387
   0.85008222  0.79257095  0.26827057
   0.91196425  0.70894952  0.40285802
   0.78999111  0.64986411  0.64132204
   0.44631080  0.43223279  0.65715380
   0.62860706  0.53474380  0.59974424
   0.91108813  0.74054578  0.65314071
   0.80908081  0.67724055  0.70013187
   0.71373424  0.71083463  0.71766732
   0.85517341  0.61776135  0.72559556
   0.88490897  0.81670954  0.63757530
   0.02552578  0.72274852  0.64539279
