   0.18149589  0.06476672  0.19508537
   0.24459209  0.44179932  0.50346839
   0.03971000  0.44194000  0.09637000
   0.31864981  0.19006211  0.29902176
   0.11359468  0.31771849  0.40068663
   0.51455362  0.06442324  0.19484400
   0.57699281  0.44748489  0.50046047
   0.37304000  0.44194000  0.09637000
   0.65202809  0.18983630  0.29854246
   0.44876110  0.31763690  0.40076002
   0.84785897  0.06437960  0.19476209
   0.91680951  0.44801071  0.50082920
   0.70637000  0.44194000  0.09637000
   0.98510026  0.18926465  0.29802099
   0.78062338  0.31738179  0.40128336
   0.17958590  0.56489089  0.19529168
   0.28210557  0.93505101  0.50283790
   0.03971000  0.94194000  0.09637000
   0.31615385  0.69004615  0.29807806
   0.12553050  0.81622308  0.39735567
   0.51285897  0.56459519  0.19525207
   0.61581139  0.93429472  0.50317133
   0.37304000  0.94194000  0.09637000
   0.64910965  0.68944556  0.29776929
   0.45855374  0.81616533  0.39817736
   0.84636387  0.56471356  0.19514156
   0.94872168  0.93518467  0.50194309
   0.70637000  0.94194000  0.09637000
   0.98265541  0.68971694  0.29805922
   0.79151659  0.81576324  0.39743807
   0.60412838  0.19182641  0.50216132
   0.03971000  0.19194000  0.09637000
   0.31389186  0.44015506  0.29792842
   0.12675256  0.06248905  0.39987385
   0.17963204  0.31605447  0.19715619
   0.26245912  0.19697188  0.49483397
   0.37304000  0.19194000  0.09637000
   0.64767184  0.44043405  0.29817459
   0.46259251  0.06420124  0.40215292
   0.51326330  0.31599997  0.19719522
   0.70637000  0.19194000  0.09637000
   0.98052885  0.44041975  0.29799052
   0.79498469  0.06238931  0.39956068
   0.84646753  0.31601830  0.19707809
   0.91806362  0.19332555  0.49919242
   0.03971000  0.69194000  0.09637000
   0.32026180  0.94195462  0.29894592
   0.11552149  0.56539578  0.39898766
   0.18007022  0.81681013  0.19757813
   0.25675901  0.69801018  0.49428229
   0.37304000  0.69194000  0.09637000
   0.65229596  0.93995516  0.29736976
   0.44702441  0.56548164  0.39893051
   0.51356219  0.81551255  0.19586219
   0.58741098  0.69913746  0.49439333
   0.70637000  0.69194000  0.09637000
   0.98570276  0.93991704  0.29736309
   0.84706336  0.81560618  0.19585954
   0.92125253  0.70200850  0.49398724
   0.78170461  0.56646945  0.39895939
   0.17417000  0.33753000  0.11288000
   0.24833063  0.21115447  0.41301749
   0.04166618  0.33752379  0.51396972
   0.31377294  0.46119493  0.21417538
   0.11966165  0.08495053  0.31570583
   0.23858000  0.04636000  0.07986000
   0.04698958  0.17072823  0.18017933
   0.31264656  0.42081781  0.38193432
   0.14938169  0.04547079  0.48672817
   0.18387967  0.29334606  0.28032176
   0.50750000  0.33753000  0.11288000
   0.58159407  0.21261193  0.41929901
   0.37845243  0.33721461  0.51399375
   0.64737521  0.46118222  0.21419677
   0.45400481  0.08728193  0.31783799
   0.57191000  0.04636000  0.07986000
   0.38062719  0.17076584  0.18013620
   0.64643763  0.42140129  0.38255139
   0.48221992  0.04203963  0.48733915
   0.51763117  0.29385259  0.28059959
   0.84083000  0.33753000  0.11288000
   0.91496573  0.21143837  0.41590634
   0.71213336  0.34609459  0.51137602
   0.98068480  0.46128538  0.21415303
   0.78630004  0.08536936  0.31563163
   0.90524000  0.04636000  0.07986000
   0.71367776  0.17062500  0.18013671
   0.97884016  0.42126996  0.38218470
   0.81561835  0.03964179  0.48355791
   0.85073431  0.29347890  0.28027836
   0.17417000  0.83753000  0.11288000
   0.25815878  0.70900401  0.41020815
   0.08108107  0.82632407  0.51302535
   0.31639401  0.96188785  0.21495930
   0.11642621  0.58487727  0.31483770
   0.23858000  0.54636000  0.07986000
   0.04596410  0.67154314  0.18054843
   0.32477994  0.92144303  0.38287578
   0.11773434  0.55451146  0.48594304
   0.18288092  0.79563614  0.28115107
   0.50619000  0.83294000  0.10916000
   0.59182811  0.70826929  0.41010603
   0.41424265  0.82361434  0.51207932
   0.64893285  0.96025113  0.21317821
   0.44926903  0.58470006  0.31481428
   0.57191000  0.54636000  0.07986000
   0.37911422  0.67113220  0.18015178
   0.65688512  0.91967782  0.38117460
   0.44608045  0.55565770  0.48604771
   0.51602943  0.79439722  0.27969566
   0.83992000  0.83287000  0.10930000
   0.74740950  0.82307054  0.51291771
   0.98240426  0.96049288  0.21327627
   0.78282817  0.58475027  0.31487197
   0.90524000  0.54636000  0.07986000
   0.71234505  0.67111828  0.18024190
   0.99058189  0.92017186  0.38155506
   0.78317097  0.55831251  0.48563619
   0.84908087  0.79437431  0.27971284
   0.92596831  0.70927938  0.40962856
   0.78657361  0.53909894  0.66449662
   0.72674038  0.16088917  0.59160024
   0.75773223  0.37360517  0.60741903
   0.80324987  0.65896581  0.66983879
   0.77338000  0.58669007  0.72105404
   0.65505721  0.56655713  0.73963031
   0.87062371  0.58262130  0.75016385
   0.70635780  0.69202357  0.65122217
   0.92208572  0.70828880  0.66146840
