   0.18198975  0.06438820  0.19408353
   0.24847210  0.44357801  0.49844960
   0.03971000  0.44194000  0.09637000
   0.31933168  0.19049924  0.29746961
   0.11873052  0.31635922  0.39858295
   0.51526375  0.06400787  0.19365676
   0.58241463  0.44756759  0.49811389
   0.37304000  0.44194000  0.09637000
   0.65244195  0.18959752  0.29609925
   0.44971556  0.31681204  0.40243851
   0.84864043  0.06406164  0.19420315
   0.91820087  0.44174887  0.50057004
   0.70637000  0.44194000  0.09637000
   0.98612148  0.18915230  0.29697915
   0.78296158  0.31544391  0.39769773
   0.18080311  0.56423482  0.19404745
   0.28155870  0.93193021  0.50125838
   0.03971000  0.94194000  0.09637000
   0.31748747  0.68951497  0.29643210
   0.12635828  0.81540817  0.39601089
   0.51401599  0.56434417  0.19424777
   0.61608574  0.93330435  0.49966819
   0.37304000  0.94194000  0.09637000
   0.65081841  0.68924156  0.29658780
   0.45875022  0.81542434  0.39587190
   0.84724642  0.56416021  0.19377081
   0.94905698  0.93386064  0.50125326
   0.70637000  0.94194000  0.09637000
   0.98446349  0.68937384  0.29638760
   0.79311397  0.81530105  0.39655715
   0.57583546  0.18841876  0.50169435
   0.03971000  0.19194000  0.09637000
   0.31654261  0.43945127  0.29600032
   0.12923375  0.06229265  0.40059526
   0.18075714  0.31525933  0.19533039
   0.27441492  0.19236796  0.49965554
   0.37304000  0.19194000  0.09637000
   0.64878647  0.43947908  0.29634417
   0.46487752  0.06352332  0.39855004
   0.51434988  0.31547920  0.19500696
   0.70637000  0.19194000  0.09637000
   0.98281765  0.43947495  0.29583359
   0.79363875  0.06181186  0.39832771
   0.84777326  0.31521276  0.19499437
   0.93217216  0.19432626  0.49245253
   0.03971000  0.69194000  0.09637000
   0.32023443  0.94123063  0.29655080
   0.11688091  0.56410518  0.39692114
   0.18082504  0.81586428  0.19550580
   0.25647449  0.69596552  0.49249488
   0.37304000  0.69194000  0.09637000
   0.65345798  0.93958689  0.29634748
   0.45049420  0.56493859  0.39698948
   0.51441424  0.81524818  0.19541582
   0.58704537  0.70172248  0.49221454
   0.70637000  0.69194000  0.09637000
   0.98721735  0.94070890  0.29726023
   0.84786293  0.81586374  0.19562710
   0.92456557  0.69702551  0.49215057
   0.78490180  0.56363785  0.39702823
   0.17333000  0.33321000  0.10959000
   0.24864768  0.20961747  0.41613460
   0.04716985  0.33489677  0.51167486
   0.31516174  0.45984808  0.21182703
   0.12114607  0.08592834  0.31582328
   0.23858000  0.04636000  0.07986000
   0.04752600  0.17058672  0.18002660
   0.31601177  0.42006076  0.37971393
   0.14908614  0.04126874  0.48637984
   0.18433482  0.29358906  0.27880226
   0.50648000  0.33297000  0.10887000
   0.58754351  0.21181508  0.41789124
   0.38507821  0.34421242  0.50268508
   0.64840809  0.46001376  0.21182770
   0.45429513  0.08720835  0.31509170
   0.57191000  0.04636000  0.07986000
   0.38123626  0.17071786  0.17983683
   0.64874151  0.41965666  0.38088426
   0.48070336  0.03547656  0.48090919
   0.51842507  0.29398994  0.27850604
   0.83998000  0.33294000  0.10911000
   0.91740174  0.21003783  0.41076158
   0.71216323  0.33618562  0.51783427
   0.98179542  0.45997471  0.21168203
   0.78626256  0.08490508  0.31410936
   0.90524000  0.04636000  0.07986000
   0.71450936  0.17040702  0.17991354
   0.98226299  0.41949518  0.37988548
   0.81686989  0.04361161  0.48478918
   0.85173069  0.29329989  0.27842638
   0.17323000  0.83311000  0.10949000
   0.25880717  0.70784576  0.40820425
   0.07953590  0.82227882  0.51181058
   0.31667101  0.96069659  0.21257287
   0.11778387  0.58401846  0.31283878
   0.23858000  0.54636000  0.07986000
   0.04668789  0.67098188  0.18006318
   0.32484899  0.92018229  0.37974871
   0.11731582  0.55243768  0.48393175
   0.18414450  0.79489363  0.27909565
   0.50655000  0.83318000  0.10951000
   0.59340725  0.70804691  0.40766975
   0.41501551  0.82086059  0.51053380
   0.64966443  0.95991723  0.21221568
   0.45097216  0.58412611  0.31280731
   0.57191000  0.54636000  0.07986000
   0.37994558  0.67084418  0.18002552
   0.65846536  0.91930710  0.38040300
   0.45045023  0.55807851  0.48396115
   0.51761303  0.79435469  0.27903237
   0.83988000  0.83312000  0.10940000
   0.74838768  0.82482818  0.51062965
   0.98349087  0.96049067  0.21292091
   0.78427970  0.58377179  0.31286874
   0.90524000  0.54636000  0.07986000
   0.71329126  0.67117151  0.18010426
   0.99199166  0.92009800  0.38120358
   0.78790121  0.55169374  0.48459297
   0.85105558  0.79484548  0.27935638
   0.92566624  0.70761635  0.40823229
   0.78712313  0.54435965  0.66612339
   0.42527903  0.16473594  0.58580201
   0.71146350  0.40413834  0.60251722
   0.79480224  0.66336120  0.67240157
   0.76528700  0.58967697  0.72296427
   0.64558766  0.56459519  0.74039352
   0.86140180  0.58526748  0.75281535
   0.69766743  0.69402640  0.65291568
   0.91247042  0.71531784  0.66457869
