   0.18218296  0.06445230  0.19402181
   0.24742237  0.44408698  0.49851804
   0.03971000  0.44194000  0.09637000
   0.31964348  0.19034269  0.29747319
   0.11835757  0.31685867  0.39866448
   0.51544118  0.06414843  0.19369994
   0.58101582  0.44837097  0.49891528
   0.37304000  0.44194000  0.09637000
   0.65278930  0.18970825  0.29616435
   0.44973260  0.31729765  0.40244714
   0.84887721  0.06415743  0.19405118
   0.91688363  0.44225739  0.50077127
   0.70637000  0.44194000  0.09637000
   0.98634814  0.18940717  0.29707618
   0.78273164  0.31582438  0.39779851
   0.18063194  0.56421161  0.19389821
   0.28356163  0.93193122  0.50118758
   0.03971000  0.94194000  0.09637000
   0.31739872  0.68960212  0.29621815
   0.12687896  0.81523407  0.39600529
   0.51399868  0.56433307  0.19400351
   0.61757191  0.93314416  0.49974564
   0.37304000  0.94194000  0.09637000
   0.65097870  0.68952039  0.29651618
   0.45962719  0.81524848  0.39562044
   0.84727408  0.56437643  0.19395008
   0.95113518  0.93409756  0.50121539
   0.70637000  0.94194000  0.09637000
   0.98414192  0.68960907  0.29632750
   0.79378233  0.81507029  0.39604955
   0.57672952  0.18863534  0.50164680
   0.03971000  0.19194000  0.09637000
   0.31639107  0.43953291  0.29603204
   0.13001934  0.06244079  0.40056980
   0.18100294  0.31518227  0.19531152
   0.27473049  0.19320498  0.49973673
   0.37304000  0.19194000  0.09637000
   0.64882254  0.43949628  0.29629899
   0.46472215  0.06307410  0.39843607
   0.51433194  0.31549261  0.19501092
   0.70637000  0.19194000  0.09637000
   0.98288269  0.43959897  0.29586937
   0.79489523  0.06180658  0.39825419
   0.84783174  0.31519568  0.19504086
   0.93246234  0.19447559  0.49272659
   0.03971000  0.69194000  0.09637000
   0.32058142  0.94115886  0.29643157
   0.11662442  0.56431496  0.39686158
   0.18096419  0.81593171  0.19552466
   0.25618664  0.69632756  0.49247403
   0.37304000  0.69194000  0.09637000
   0.65394100  0.93989644  0.29626214
   0.45001920  0.56541698  0.39672453
   0.51433748  0.81554554  0.19541609
   0.58673403  0.70232824  0.49224012
   0.70637000  0.69194000  0.09637000
   0.98796448  0.94092232  0.29719227
   0.84789196  0.81603325  0.19570277
   0.92399631  0.69721630  0.49235738
   0.78450556  0.56407517  0.39704573
   0.17333000  0.33321000  0.10959000
   0.24859819  0.21002099  0.41615379
   0.04612440  0.33548805  0.51175774
   0.31508785  0.45991008  0.21179086
   0.12135806  0.08606292  0.31591883
   0.23858000  0.04636000  0.07986000
   0.04763496  0.17056158  0.17992266
   0.31564265  0.42045554  0.37979420
   0.15085347  0.04146929  0.48644812
   0.18474517  0.29352432  0.27876723
   0.50648000  0.33297000  0.10887000
   0.58720406  0.21176785  0.41791015
   0.38447344  0.34481535  0.50295317
   0.64844376  0.46013703  0.21191041
   0.45482482  0.08682429  0.31492609
   0.57191000  0.04636000  0.07986000
   0.38128854  0.17072062  0.17975389
   0.64870377  0.41977718  0.38082052
   0.48259653  0.03521063  0.48092464
   0.51837729  0.29392156  0.27844251
   0.83998000  0.33294000  0.10911000
   0.91728906  0.21027716  0.41114989
   0.71096474  0.33726992  0.51843500
   0.98165611  0.45994684  0.21168408
   0.78690192  0.08519016  0.31418776
   0.90524000  0.04636000  0.07986000
   0.71454239  0.17048488  0.17985414
   0.98173683  0.41990905  0.37999010
   0.81851816  0.04353226  0.48487736
   0.85185225  0.29348562  0.27853011
   0.17323000  0.83311000  0.10949000
   0.25949308  0.70761006  0.40816198
   0.08129474  0.82225797  0.51118575
   0.31687811  0.96064757  0.21238135
   0.11743157  0.58431893  0.31268145
   0.23858000  0.54636000  0.07986000
   0.04664313  0.67119575  0.18013645
   0.32551127  0.91988621  0.37972485
   0.11577388  0.55312108  0.48417818
   0.18425099  0.79520586  0.27911350
   0.50655000  0.83318000  0.10951000
   0.59405196  0.70816871  0.40755119
   0.41671448  0.82026801  0.51038816
   0.65008875  0.96013116  0.21216028
   0.45096718  0.58425383  0.31254596
   0.57191000  0.54636000  0.07986000
   0.37987242  0.67101327  0.18007467
   0.65932816  0.91943303  0.38017287
   0.44980737  0.55844565  0.48380168
   0.51764119  0.79468218  0.27902546
   0.83988000  0.83312000  0.10940000
   0.74975155  0.82459009  0.51080902
   0.98377045  0.96061184  0.21287537
   0.78420898  0.58392888  0.31299021
   0.90524000  0.54636000  0.07986000
   0.71339582  0.67136476  0.18016860
   0.99257631  0.92005101  0.38114339
   0.78645495  0.55217758  0.48451186
   0.85111247  0.79520719  0.27947063
   0.92664872  0.70739229  0.40845461
   0.78826691  0.54037682  0.66736743
   0.42610940  0.16548216  0.58600564
   0.70843061  0.40127336  0.60376293
   0.79392544  0.65994005  0.67175411
   0.76421232  0.58807186  0.72302267
   0.64420463  0.56389223  0.74000927
   0.86040033  0.58736826  0.75338166
   0.69588601  0.68799250  0.65155246
   0.91179892  0.71190595  0.66443268
