   0.18172753  0.06492312  0.19511606
   0.24377546  0.44214608  0.50348291
   0.03971000  0.44194000  0.09637000
   0.31891785  0.19015510  0.29895660
   0.11329705  0.31825486  0.40073058
   0.51474544  0.06475200  0.19495208
   0.57654477  0.44798468  0.50100868
   0.37304000  0.44194000  0.09637000
   0.65222260  0.19008827  0.29850221
   0.44851147  0.31849558  0.40126687
   0.84804169  0.06444599  0.19458879
   0.91602817  0.44765890  0.50091410
   0.70637000  0.44194000  0.09637000
   0.98530206  0.18960955  0.29797216
   0.77992722  0.31764792  0.40133464
   0.17954125  0.56502398  0.19518518
   0.28238845  0.93465291  0.50259406
   0.03971000  0.94194000  0.09637000
   0.31609354  0.69036457  0.29807346
   0.12583334  0.81635395  0.39776552
   0.51298046  0.56472099  0.19513071
   0.61617083  0.93408896  0.50276787
   0.37304000  0.94194000  0.09637000
   0.64918863  0.68986711  0.29755241
   0.45911712  0.81648845  0.39828994
   0.84644192  0.56495289  0.19530119
   0.94941327  0.93487375  0.50184894
   0.70637000  0.94194000  0.09637000
   0.98254107  0.69006276  0.29794063
   0.79179068  0.81608491  0.39744266
   0.60305818  0.19204846  0.50245296
   0.03971000  0.19194000  0.09637000
   0.31403110  0.44056843  0.29793546
   0.12732070  0.06265218  0.39988943
   0.18002028  0.31615077  0.19705818
   0.26217961  0.19732786  0.49499834
   0.37304000  0.19194000  0.09637000
   0.64748245  0.44059049  0.29812706
   0.46300091  0.06450981  0.40229672
   0.51336799  0.31607040  0.19732781
   0.70637000  0.19194000  0.09637000
   0.98061884  0.44060614  0.29806959
   0.79585814  0.06262620  0.39955368
   0.84668858  0.31613342  0.19715905
   0.91816641  0.19346979  0.49937355
   0.03971000  0.69194000  0.09637000
   0.32046099  0.94212487  0.29906909
   0.11522413  0.56560708  0.39901907
   0.18017103  0.81701129  0.19765005
   0.25649408  0.69803722  0.49424463
   0.37304000  0.69194000  0.09637000
   0.65250616  0.94023460  0.29730566
   0.44715901  0.56584204  0.39909545
   0.51343917  0.81573771  0.19585422
   0.58775407  0.69902561  0.49448836
   0.70637000  0.69194000  0.09637000
   0.98612778  0.94005323  0.29736727
   0.84729746  0.81564819  0.19587322
   0.92086177  0.70164726  0.49405129
   0.78174346  0.56637643  0.39874930
   0.17417000  0.33753000  0.11288000
   0.24793413  0.21160437  0.41306808
   0.04117781  0.33761385  0.51477547
   0.31394953  0.46148048  0.21412186
   0.11970315  0.08524061  0.31570964
   0.23858000  0.04636000  0.07986000
   0.04713554  0.17080512  0.18012144
   0.31240556  0.42125671  0.38200717
   0.15035942  0.04504726  0.48684023
   0.18423513  0.29352352  0.28013130
   0.50750000  0.33753000  0.11288000
   0.58087374  0.21336373  0.41977409
   0.37774417  0.33808109  0.51390575
   0.64732887  0.46134146  0.21432977
   0.45452602  0.08738735  0.31796485
   0.57191000  0.04636000  0.07986000
   0.38064772  0.17095557  0.18011685
   0.64630451  0.42140411  0.38215632
   0.48174474  0.04165428  0.48730421
   0.51750191  0.29384708  0.28062169
   0.84083000  0.33753000  0.11288000
   0.91464551  0.21202034  0.41601277
   0.71144064  0.34662760  0.51151083
   0.98068048  0.46144177  0.21424133
   0.78660368  0.08571650  0.31571485
   0.90524000  0.04636000  0.07986000
   0.71400924  0.17074903  0.18009909
   0.97843906  0.42135858  0.38217715
   0.81624637  0.03942285  0.48359066
   0.85098870  0.29369171  0.28032033
   0.17417000  0.83753000  0.11288000
   0.25877954  0.70883404  0.41012978
   0.08085362  0.82567290  0.51266784
   0.31663933  0.96210655  0.21509705
   0.11599003  0.58527674  0.31486529
   0.23858000  0.54636000  0.07986000
   0.04584270  0.67183166  0.18054453
   0.32506945  0.92155577  0.38290204
   0.11756780  0.55411348  0.48611292
   0.18294900  0.79604147  0.28114783
   0.50619000  0.83294000  0.10916000
   0.59213194  0.70857282  0.41013641
   0.41426235  0.82392651  0.51205801
   0.64911242  0.96050683  0.21315179
   0.44954047  0.58525418  0.31488599
   0.57191000  0.54636000  0.07986000
   0.37913728  0.67123726  0.18012790
   0.65762684  0.92006919  0.38102890
   0.44585015  0.55589264  0.48660181
   0.51588411  0.79489890  0.27963399
   0.83992000  0.83287000  0.10930000
   0.74837035  0.82300645  0.51283266
   0.98258192  0.96057941  0.21315790
   0.78280610  0.58504197  0.31473031
   0.90524000  0.54636000  0.07986000
   0.71240614  0.67125574  0.18022759
   0.99098624  0.92038934  0.38151266
   0.78201882  0.55782681  0.48562381
   0.84934404  0.79478380  0.27970009
   0.92593309  0.70932802  0.40963432
   0.78662147  0.53573615  0.66479966
   0.72449566  0.15973927  0.59128193
   0.75737102  0.37201236  0.60822125
   0.80264769  0.65619634  0.66893952
   0.77363548  0.58543423  0.72076123
   0.65464208  0.56560932  0.73952993
   0.87073631  0.58235015  0.75011053
   0.70661298  0.68841522  0.65005790
   0.92177453  0.70504769  0.66035186
