   0.18164797  0.06519847  0.19557030
   0.25648391  0.43600288  0.50266329
   0.03971000  0.44194000  0.09637000
   0.31845654  0.19074551  0.30001994
   0.11882205  0.31483225  0.40080157
   0.51431746  0.06444024  0.19463475
   0.58675413  0.43962113  0.49874240
   0.37304000  0.44194000  0.09637000
   0.65098414  0.18941895  0.29784900
   0.45462720  0.31685759  0.40201514
   0.84813666  0.06457560  0.19419928
   0.92798376  0.43592509  0.49928158
   0.70637000  0.44194000  0.09637000
   0.98505669  0.18949672  0.29741682
   0.78576512  0.31312757  0.39930060
   0.18023566  0.56556384  0.19546425
   0.26352536  0.93552088  0.50408666
   0.03971000  0.94194000  0.09637000
   0.31700543  0.69127746  0.29908566
   0.12142312  0.81617195  0.40026829
   0.51306536  0.56446683  0.19447558
   0.59711646  0.93765949  0.50330905
   0.37304000  0.94194000  0.09637000
   0.64930172  0.68997020  0.29668293
   0.45631047  0.81768618  0.40093639
   0.84719282  0.56519295  0.19486709
   0.93217900  0.93413998  0.50033942
   0.70637000  0.94194000  0.09637000
   0.98416307  0.69098921  0.29737529
   0.78704615  0.81416101  0.39911668
   0.60353450  0.19451907  0.50933942
   0.03971000  0.19194000  0.09637000
   0.31738409  0.44125784  0.29882581
   0.12200157  0.06118090  0.39943127
   0.18050591  0.31683712  0.19736037
   0.25484843  0.19412892  0.49502755
   0.37304000  0.19194000  0.09637000
   0.64948907  0.43854180  0.29547617
   0.45864310  0.06828195  0.40570219
   0.51286456  0.31524919  0.19633741
   0.70637000  0.19194000  0.09637000
   0.98424641  0.43972232  0.29741000
   0.79034211  0.06089878  0.39717585
   0.84699553  0.31606593  0.19677787
   0.91071068  0.18605379  0.49965308
   0.03971000  0.69194000  0.09637000
   0.31977391  0.94375367  0.30105643
   0.12015434  0.56267144  0.39893154
   0.18106902  0.81811676  0.19813065
   0.26350849  0.69344815  0.49411376
   0.37304000  0.69194000  0.09637000
   0.65098123  0.93928944  0.29609826
   0.45296104  0.56567412  0.40094620
   0.51303379  0.81555002  0.19531565
   0.60887504  0.68979209  0.49961709
   0.70637000  0.69194000  0.09637000
   0.98470691  0.93943348  0.29709881
   0.84742715  0.81569636  0.19545757
   0.91515735  0.68595868  0.49523257
   0.78927803  0.56136839  0.39360985
   0.17417000  0.33753000  0.11288000
   0.25325304  0.20765717  0.41220978
   0.05503349  0.32775736  0.51009663
   0.31460030  0.46214123  0.21476353
   0.11843481  0.08461548  0.31519417
   0.23858000  0.04636000  0.07986000
   0.04738596  0.17137169  0.18023783
   0.31956374  0.42005747  0.38261815
   0.13341946  0.04414812  0.48649904
   0.18452486  0.29453423  0.28057663
   0.50750000  0.33753000  0.11288000
   0.58833249  0.21503714  0.42401277
   0.38843008  0.33018854  0.51243852
   0.64750946  0.46057998  0.21250298
   0.45404814  0.08908894  0.32060747
   0.57191000  0.04636000  0.07986000
   0.38031325  0.17039409  0.17973174
   0.65291488  0.41610321  0.37813825
   0.46697418  0.04733877  0.49122119
   0.51695661  0.29270488  0.27904134
   0.84083000  0.33753000  0.11288000
   0.91857790  0.20741229  0.41501370
   0.72180127  0.34762689  0.52497485
   0.98141483  0.46160549  0.21375187
   0.78513457  0.08503844  0.31392057
   0.90524000  0.04636000  0.07986000
   0.71357931  0.17070760  0.17991118
   0.98506835  0.41789768  0.38096861
   0.79935008  0.03689834  0.47920710
   0.85062845  0.29360538  0.27972165
   0.17417000  0.83753000  0.11288000
   0.25542144  0.70887267  0.41149424
   0.05950373  0.82446503  0.51092186
   0.31699222  0.96306573  0.21634339
   0.11682136  0.58570453  0.31513363
   0.23858000  0.54636000  0.07986000
   0.04681053  0.67256037  0.18073949
   0.32192860  0.92303089  0.38515476
   0.12964513  0.54700905  0.48530093
   0.18425868  0.79713685  0.28181237
   0.50619000  0.83294000  0.10916000
   0.58716633  0.71001813  0.41631558
   0.39458853  0.82919625  0.51387563
   0.64877619  0.96020024  0.21220600
   0.45104225  0.58688252  0.31672586
   0.57191000  0.54636000  0.07986000
   0.37946283  0.67110027  0.17987246
   0.65374465  0.91752639  0.37894099
   0.45957038  0.54903552  0.48699466
   0.51580925  0.79414700  0.27871618
   0.83992000  0.83287000  0.10930000
   0.73001027  0.83262684  0.51071549
   0.98247905  0.96062180  0.21279461
   0.78340225  0.58484959  0.31163997
   0.90524000  0.54636000  0.07986000
   0.71256664  0.67111178  0.17995736
   0.98612528  0.91830994  0.38092104
   0.79404018  0.53826724  0.47547839
   0.84923807  0.79457142  0.27898549
   0.92189776  0.70712637  0.41149990
   0.78395276  0.58019735  0.65474750
   0.75855596  0.14939604  0.58668698
   0.74396358  0.44878486  0.59524694
   0.80470887  0.68214164  0.67343446
   0.77177100  0.58448065  0.71185644
   0.65320322  0.55460709  0.72878801
   0.86889025  0.56213558  0.73591797
   0.71018392  0.72392432  0.66245228
   0.92578104  0.73058276  0.66929827
