   0.17993729  0.06496357  0.19536191
   0.26752920  0.43854515  0.50293894
   0.03971000  0.44194000  0.09637000
   0.31711815  0.19071741  0.29912683
   0.11956814  0.31476119  0.40380110
   0.51318317  0.06455076  0.19526130
   0.59220273  0.43685262  0.49934767
   0.37304000  0.44194000  0.09637000
   0.65030321  0.18941789  0.29874321
   0.45178497  0.31464422  0.40198666
   0.84647139  0.06471920  0.19499939
   0.93680647  0.44094850  0.49689774
   0.70637000  0.44194000  0.09637000
   0.98358677  0.19006258  0.29912748
   0.78742010  0.31318052  0.39926575
   0.18024799  0.56503039  0.19547239
   0.26129315  0.93384364  0.50319158
   0.03971000  0.94194000  0.09637000
   0.31719921  0.69099421  0.29929243
   0.12040127  0.81632259  0.39798206
   0.51285105  0.56424060  0.19466866
   0.59707147  0.93750771  0.50618139
   0.37304000  0.94194000  0.09637000
   0.64929769  0.68936446  0.29761594
   0.45475791  0.81785526  0.40034388
   0.84666735  0.56431017  0.19475884
   0.92874093  0.93262435  0.50417707
   0.70637000  0.94194000  0.09637000
   0.98307886  0.68975287  0.29747504
   0.78685742  0.81569904  0.39808488
   0.93996940  0.18937186  0.50168218
   0.03971000  0.19194000  0.09637000
   0.31655739  0.44004028  0.29896644
   0.12166438  0.06116377  0.39867892
   0.18016530  0.31630393  0.19659527
   0.24315831  0.18617221  0.50083878
   0.37304000  0.19194000  0.09637000
   0.64936876  0.43780886  0.29638117
   0.45289097  0.06523015  0.40312727
   0.51303368  0.31475692  0.19522478
   0.58101324  0.19525429  0.50084578
   0.70637000  0.19194000  0.09637000
   0.98403545  0.43939947  0.29757855
   0.78724923  0.06349220  0.40307747
   0.84701417  0.31535734  0.19589418
   0.03971000  0.69194000  0.09637000
   0.31785997  0.94197487  0.29954996
   0.12447032  0.56320240  0.39888571
   0.18069298  0.81656269  0.19681333
   0.25843539  0.69889086  0.49510929
   0.37304000  0.69194000  0.09637000
   0.65053007  0.94123065  0.29924066
   0.45440874  0.56304805  0.40053750
   0.51323155  0.81641794  0.19666824
   0.59103221  0.69662768  0.49584957
   0.70637000  0.69194000  0.09637000
   0.98283777  0.93985878  0.29679952
   0.84641433  0.81560442  0.19542659
   0.92816459  0.69129963  0.49199815
   0.78792017  0.56071259  0.39683211
   0.17368210  0.33289190  0.10990752
   0.25411317  0.20634551  0.41610403
   0.06598112  0.33844885  0.50297148
   0.31441711  0.46107569  0.21433766
   0.11777178  0.08527072  0.31492249
   0.23858000  0.04636000  0.07986000
   0.04597592  0.17155159  0.18049047
   0.31884760  0.41895492  0.38325431
   0.12762927  0.03516356  0.48112483
   0.18295770  0.29485750  0.28055150
   0.50678771  0.33249518  0.10897356
   0.58804196  0.21010551  0.41786109
   0.39823541  0.32637475  0.51269485
   0.64718543  0.45940099  0.21201724
   0.45141264  0.08713275  0.31868038
   0.57191000  0.04636000  0.07986000
   0.37911708  0.17053710  0.17997333
   0.65225887  0.41682186  0.38114028
   0.46185449  0.04695745  0.49048557
   0.51628257  0.29295546  0.27897326
   0.84025044  0.33261877  0.10938238
   0.91728098  0.20798710  0.41739514
   0.72847303  0.33013262  0.51937544
   0.98121944  0.46008013  0.21309779
   0.78433953  0.08614857  0.31788641
   0.90524000  0.04636000  0.07986000
   0.71241395  0.17102563  0.18030067
   0.98536612  0.41935877  0.38183814
   0.79756686  0.04362203  0.48890967
   0.84930262  0.29390662  0.27993801
   0.17380412  0.83285844  0.11007534
   0.25508103  0.71068712  0.41169397
   0.06211846  0.82220177  0.51353085
   0.31466118  0.96147311  0.21490913
   0.11750188  0.58515909  0.31511752
   0.23858000  0.54636000  0.07986000
   0.04621895  0.67167119  0.18083075
   0.32005216  0.92180663  0.38393727
   0.13587416  0.55196476  0.48557406
   0.18328048  0.79577633  0.28105344
   0.50699702  0.83290903  0.11001742
   0.58721667  0.70964305  0.41325804
   0.39714490  0.82948760  0.51523455
   0.64772804  0.96116376  0.21451463
   0.45020233  0.58544980  0.31677964
   0.57191000  0.54636000  0.07986000
   0.37953125  0.67153278  0.18062124
   0.65263997  0.92066592  0.38355570
   0.46747791  0.54754876  0.48711239
   0.51624487  0.79517332  0.28073967
   0.84019164  0.83260097  0.10920877
   0.72614169  0.82747992  0.51776096
   0.98084702  0.96036934  0.21273954
   0.78272864  0.58325350  0.31333766
   0.90524000  0.54636000  0.07986000
   0.71240086  0.67077788  0.18020857
   0.98465011  0.91803107  0.38001730
   0.79857667  0.54471070  0.48387202
   0.84836600  0.79364968  0.27903547
   0.91994832  0.70729519  0.40947691
   0.77758941  0.57164497  0.65265790
   0.07952581  0.15794277  0.58602710
   0.75356142  0.42579122  0.59650680
   0.79982455  0.68600740  0.67462992
   0.76665970  0.58993243  0.71398185
   0.64808390  0.56114956  0.73123300
   0.86394413  0.56815265  0.73863214
   0.70490127  0.72770800  0.66285362
   0.92085707  0.73541472  0.67001003
