3.630000000000000000e+02 -4.964549499999999966e+02 -5.026342278210818790e+02
3.640000000000000000e+02 -4.968908700000000067e+02 -5.026410939074987141e+02
3.650000000000000000e+02 -4.980523000000000025e+02 -5.026613940463078052e+02
3.660000000000000000e+02 -4.998364900000000262e+02 -5.027002801313877285e+02
3.670000000000000000e+02 -5.019471100000000092e+02 -5.027788255514425373e+02
3.680000000000000000e+02 -5.031010299999999802e+02 -5.029016045919954649e+02
3.690000000000000000e+02 -5.031936699999999973e+02 -5.029098681179815458e+02
3.700000000000000000e+02 -5.034371300000000247e+02 -5.029391211862975410e+02
3.710000000000000000e+02 -5.037986799999999903e+02 -5.029971894585311247e+02
3.720000000000000000e+02 -5.041649499999999762e+02 -5.031066182930660489e+02
3.730000000000000000e+02 -5.042251699999999914e+02 -5.031530878168749723e+02
3.740000000000000000e+02 -5.042341299999999933e+02 -5.031782324128574260e+02
3.750000000000000000e+02 -5.043814399999999978e+02 -5.032236864639127134e+02
3.760000000000000000e+02 -5.045550499999999943e+02 -5.033276093865448502e+02
3.770000000000000000e+02 -5.046693500000000085e+02 -5.033604305838942423e+02
4.770000000000000000e+02 -4.979737000000000080e+02 -5.043764529971021489e+02
4.780000000000000000e+02 -4.984713100000000168e+02 -5.043721488832288742e+02
4.790000000000000000e+02 -4.997810200000000123e+02 -5.043606712462336077e+02
4.800000000000000000e+02 -5.017323200000000156e+02 -5.043382376830154499e+02
4.810000000000000000e+02 -5.038728399999999965e+02 -5.042879019097316586e+02
4.820000000000000000e+02 -5.046658300000000281e+02 -5.041777464066207699e+02
4.830000000000000000e+02 -5.047321200000000090e+02 -5.041969099612468881e+02
5.370000000000000000e+02 -4.969552199999999971e+02 -5.028831397571540265e+02
5.380000000000000000e+02 -4.973396999999999935e+02 -5.028874718198186429e+02
5.390000000000000000e+02 -4.983713000000000193e+02 -5.029001326223158799e+02
5.400000000000000000e+02 -4.999834299999999985e+02 -5.029247927725809859e+02
5.410000000000000000e+02 -5.019485799999999927e+02 -5.029742900821232752e+02
5.420000000000000000e+02 -5.031275800000000231e+02 -5.030594221006811040e+02
5.430000000000000000e+02 -5.032122299999999768e+02 -5.030654776721477788e+02
5.440000000000000000e+02 -5.034364299999999730e+02 -5.030786695016813610e+02
5.450000000000000000e+02 -5.037758699999999976e+02 -5.031015036642426139e+02
5.460000000000000000e+02 -5.041401200000000244e+02 -5.031541126058924078e+02
5.470000000000000000e+02 -5.041293699999999944e+02 -5.032397477026951265e+02
5.480000000000000000e+02 -5.042248500000000035e+02 -5.032047744484090686e+02
5.490000000000000000e+02 -5.044019099999999867e+02 -5.032248137318318868e+02
5.500000000000000000e+02 -5.045375700000000165e+02 -5.032601503204059554e+02
5.510000000000000000e+02 -5.046786999999999921e+02 -5.032874749221164166e+02
6.590000000000000000e+02 -4.993646699999999896e+02 -5.023575534189009772e+02
6.600000000000000000e+02 -4.993682800000000270e+02 -5.023600315450703988e+02
6.610000000000000000e+02 -4.993787300000000187e+02 -5.023608420600205591e+02
6.620000000000000000e+02 -4.993994799999999827e+02 -5.023602830841928721e+02
6.630000000000000000e+02 -4.994397999999999911e+02 -5.023616525749707193e+02
6.640000000000000000e+02 -4.995172000000000025e+02 -5.023684907125962127e+02
6.650000000000000000e+02 -4.996565100000000257e+02 -5.023734190161436572e+02
6.660000000000000000e+02 -4.998762899999999831e+02 -5.023909056432867146e+02
6.670000000000000000e+02 -5.000727899999999977e+02 -5.024397508143633786e+02
6.680000000000000000e+02 -5.001445800000000190e+02 -5.024442133047211314e+02
6.690000000000000000e+02 -5.003472600000000057e+02 -5.024502968249792048e+02
6.700000000000000000e+02 -5.006979999999999791e+02 -5.024744538969993641e+02
6.710000000000000000e+02 -5.011419099999999958e+02 -5.025412608246725767e+02
6.720000000000000000e+02 -5.006353700000000231e+02 -5.027333808166509925e+02
6.730000000000000000e+02 -5.012113600000000133e+02 -5.025815909306406866e+02
6.740000000000000000e+02 -5.015409099999999967e+02 -5.025799233194214253e+02
6.750000000000000000e+02 -5.023122700000000123e+02 -5.025696195316642729e+02
6.760000000000000000e+02 -5.025461700000000178e+02 -5.025806127229422486e+02
6.770000000000000000e+02 -5.027110200000000191e+02 -5.025656321707600682e+02
6.780000000000000000e+02 -5.032238899999999830e+02 -5.026084963004803967e+02
6.790000000000000000e+02 -5.036372900000000072e+02 -5.027068201485717509e+02
6.800000000000000000e+02 -5.042068300000000249e+02 -5.027187263337016248e+02
6.810000000000000000e+02 -5.045192599999999743e+02 -5.027244837847268855e+02
7.550000000000000000e+02 -4.982590000000000146e+02 -5.007567398110234649e+02
7.560000000000000000e+02 -4.982639800000000037e+02 -5.007552585250800803e+02
7.570000000000000000e+02 -4.982778000000000134e+02 -5.007616494820433672e+02
7.580000000000000000e+02 -4.983017199999999889e+02 -5.007705651464951302e+02
7.590000000000000000e+02 -4.983510499999999865e+02 -5.007908187039852237e+02
7.600000000000000000e+02 -4.984418900000000008e+02 -5.008266956358593802e+02
7.610000000000000000e+02 -4.986043700000000172e+02 -5.009034337007379918e+02
7.620000000000000000e+02 -4.988449400000000082e+02 -5.010594438542473199e+02
7.630000000000000000e+02 -4.989992399999999861e+02 -5.013713244173091539e+02
7.640000000000000000e+02 -4.990720200000000091e+02 -5.014002141513371384e+02
7.650000000000000000e+02 -4.992762299999999982e+02 -5.014971312435955042e+02
7.660000000000000000e+02 -4.996241699999999923e+02 -5.016955769786906103e+02
7.670000000000000000e+02 -5.000653699999999731e+02 -5.020605602453833853e+02
7.680000000000000000e+02 -4.996336200000000076e+02 -5.027022644955760597e+02
7.690000000000000000e+02 -5.001416699999999764e+02 -5.022218154554092848e+02
7.700000000000000000e+02 -5.005838600000000156e+02 -5.022602170947718605e+02
7.710000000000000000e+02 -5.014988099999999918e+02 -5.023777231300169319e+02
7.720000000000000000e+02 -5.006185699999999770e+02 -5.026551148845100556e+02
7.730000000000000000e+02 -5.017034899999999880e+02 -5.024327636165172066e+02
7.740000000000000000e+02 -5.023435299999999870e+02 -5.024461138225352670e+02
7.750000000000000000e+02 -5.029458399999999756e+02 -5.025015455921149510e+02
7.760000000000000000e+02 -5.034711199999999849e+02 -5.025318048169207827e+02
7.770000000000000000e+02 -5.037439400000000091e+02 -5.025754328802722739e+02
7.780000000000000000e+02 -5.041300499999999829e+02 -5.025679985017639524e+02
7.790000000000000000e+02 -5.041773499999999899e+02 -5.025667314898878431e+02
7.800000000000000000e+02 -5.043731999999999971e+02 -5.026762348545331065e+02
7.810000000000000000e+02 -5.044255899999999997e+02 -5.027541747174412308e+02
7.820000000000000000e+02 -5.045952599999999961e+02 -5.028291054271435883e+02
7.830000000000000000e+02 -5.046823800000000233e+02 -5.029147498402101064e+02
8.470000000000000000e+02 -4.990286100000000147e+02 -5.017967702360308522e+02
8.480000000000000000e+02 -4.990347699999999804e+02 -5.017953727964616064e+02
8.490000000000000000e+02 -4.990529700000000162e+02 -5.017970217751532687e+02
8.500000000000000000e+02 -4.990889399999999796e+02 -5.018000775096780330e+02
8.510000000000000000e+02 -4.991591999999999985e+02 -5.018059560721326307e+02
8.520000000000000000e+02 -4.992937400000000139e+02 -5.018227160306996097e+02
8.530000000000000000e+02 -4.995412900000000036e+02 -5.018525653398984900e+02
8.540000000000000000e+02 -4.999386299999999892e+02 -5.019103820730096004e+02
8.550000000000000000e+02 -5.003614499999999907e+02 -5.020407445522916419e+02
8.560000000000000000e+02 -5.005601800000000026e+02 -5.020747954964620021e+02
8.570000000000000000e+02 -5.010210900000000152e+02 -5.021777402113956441e+02
8.580000000000000000e+02 -5.014282999999999788e+02 -5.023877940111792100e+02
8.590000000000000000e+02 -5.017743300000000204e+02 -5.024719571383023435e+02
8.600000000000000000e+02 -5.025249400000000151e+02 -5.027182884693032747e+02
8.610000000000000000e+02 -5.019047100000000228e+02 -5.031681708479589474e+02
8.620000000000000000e+02 -5.026936799999999721e+02 -5.028410861423838014e+02
8.630000000000000000e+02 -5.030949899999999957e+02 -5.028844160852938785e+02
8.640000000000000000e+02 -5.032498800000000188e+02 -5.029258548266536195e+02
8.650000000000000000e+02 -5.035715599999999768e+02 -5.029715417843037812e+02
8.660000000000000000e+02 -5.039869100000000230e+02 -5.030939854393601536e+02
8.670000000000000000e+02 -5.043177499999999895e+02 -5.031631680143010499e+02
8.680000000000000000e+02 -5.045504399999999805e+02 -5.032893381748754109e+02
9.820000000000000000e+02 -5.031337599999999952e+02 -5.029693524623119743e+02
9.830000000000000000e+02 -5.031412199999999757e+02 -5.029695015225327097e+02
9.840000000000000000e+02 -5.031632299999999987e+02 -5.029725945221126153e+02
9.850000000000000000e+02 -5.032063999999999737e+02 -5.029796096687501858e+02
9.860000000000000000e+02 -5.032895100000000070e+02 -5.029907612365126397e+02
9.870000000000000000e+02 -5.034430899999999838e+02 -5.030122445408237013e+02
9.880000000000000000e+02 -5.037015000000000100e+02 -5.030570744022047620e+02
9.890000000000000000e+02 -5.040453899999999976e+02 -5.031412375293278956e+02
9.900000000000000000e+02 -5.041494299999999953e+02 -5.032879686840975637e+02
9.910000000000000000e+02 -5.041945200000000114e+02 -5.032442101930528793e+02
9.920000000000000000e+02 -5.043195200000000114e+02 -5.032578492032486110e+02
9.930000000000000000e+02 -5.045267999999999802e+02 -5.033033312030953539e+02
9.940000000000000000e+02 -5.045403000000000020e+02 -5.033143057618457306e+02
9.950000000000000000e+02 -5.046421700000000214e+02 -5.033336649580115250e+02
9.960000000000000000e+02 -5.047001999999999953e+02 -5.033627503335791857e+02
9.990000000000000000e+02 -5.047259099999999989e+02 -5.038437862983649893e+02
1.081000000000000000e+03 -5.045708000000000197e+02 -5.025419688607209991e+02
1.082000000000000000e+03 -5.045754200000000083e+02 -5.025462077607476772e+02
1.083000000000000000e+03 -5.045891700000000242e+02 -5.025556637684994712e+02
1.084000000000000000e+03 -5.046162899999999922e+02 -5.025742403985065039e+02
1.085000000000000000e+03 -5.046693200000000274e+02 -5.026145891370022127e+02
1.158000000000000000e+03 -3.930885700000000043e+02 -3.999483872367540016e+02
1.159000000000000000e+03 -4.700911300000000210e+02 -4.749182126035642568e+02
1.160000000000000000e+03 -4.815092700000000150e+02 -4.901056696883827613e+02
1.161000000000000000e+03 -4.925048100000000204e+02 -4.981917581142205336e+02
1.162000000000000000e+03 -4.980315299999999752e+02 -5.011047861101371268e+02
1.163000000000000000e+03 -4.982626700000000142e+02 -5.012533712014019329e+02
1.164000000000000000e+03 -4.986623700000000099e+02 -5.014847685615396813e+02
1.165000000000000000e+03 -4.995650200000000041e+02 -5.017874632884997368e+02
1.166000000000000000e+03 -5.004581200000000081e+02 -5.021351928346443287e+02
1.167000000000000000e+03 -5.005174000000000092e+02 -5.022040866054076105e+02
1.168000000000000000e+03 -5.005210999999999899e+02 -5.022219458831024212e+02
1.169000000000000000e+03 -5.005814300000000117e+02 -5.022244146930080433e+02
1.170000000000000000e+03 -5.007568800000000238e+02 -5.022198497237485526e+02
1.171000000000000000e+03 -5.010835999999999899e+02 -5.022104402973156994e+02
1.172000000000000000e+03 -5.016510900000000106e+02 -5.022015618979191913e+02
1.173000000000000000e+03 -5.024767400000000066e+02 -5.021954131638145782e+02
1.174000000000000000e+03 -5.031181599999999889e+02 -5.021983384706461493e+02
1.175000000000000000e+03 -5.034117100000000278e+02 -5.022628815462172156e+02
1.176000000000000000e+03 -5.040037100000000123e+02 -5.024360895226919865e+02
1.177000000000000000e+03 -5.039140199999999936e+02 -5.027684006522559912e+02
1.178000000000000000e+03 -5.041726699999999823e+02 -5.025879912038677730e+02
1.179000000000000000e+03 -5.044856599999999958e+02 -5.027215584778952575e+02
1.180000000000000000e+03 -5.046458400000000211e+02 -5.028651500517660224e+02
