0.000000000000000000e+00 -5.067082199999999830e+02 -5.067654927783671610e+02
1.000000000000000000e+00 -5.067086800000000153e+02 -5.067653798782072272e+02
2.000000000000000000e+00 -5.067099400000000173e+02 -5.067651574933543088e+02
3.000000000000000000e+00 -5.067122899999999959e+02 -5.067648728711023409e+02
4.000000000000000000e+00 -5.067163699999999835e+02 -5.067640795340119553e+02
5.000000000000000000e+00 -5.067220100000000116e+02 -5.067620057762839565e+02
6.000000000000000000e+00 -5.067232099999999946e+02 -5.067589051014708161e+02
7.000000000000000000e+00 -5.067285999999999717e+02 -5.067596868639229228e+02
8.000000000000000000e+00 -5.067322100000000091e+02 -5.067609684230495759e+02
9.000000000000000000e+00 -5.067348499999999945e+02 -5.067596669403653209e+02
1.000000000000000000e+01 -5.067407600000000230e+02 -5.067574783849956930e+02
1.100000000000000000e+01 -5.067429900000000202e+02 -5.067502728880643872e+02
1.200000000000000000e+01 -5.067493799999999737e+02 -5.067502060967092348e+02
1.300000000000000000e+01 -5.067496499999999742e+02 -5.067505189914382413e+02
1.400000000000000000e+01 -5.067506900000000201e+02 -5.067501909168557859e+02
1.500000000000000000e+01 -5.067517900000000282e+02 -5.067488292840022837e+02
1.600000000000000000e+01 -5.067523800000000165e+02 -5.067492655150405199e+02
1.700000000000000000e+01 -5.067540200000000254e+02 -5.067497482343798652e+02
1.800000000000000000e+01 -5.067567199999999730e+02 -5.067509068366936162e+02
1.900000000000000000e+01 -5.067596599999999967e+02 -5.067536357948457066e+02
2.000000000000000000e+01 -5.067614199999999869e+02 -5.067525952158924269e+02
2.100000000000000000e+01 -5.067615999999999872e+02 -5.067518434336508335e+02
2.200000000000000000e+01 -5.067626599999999826e+02 -5.067532906429281070e+02
2.300000000000000000e+01 -5.067632399999999961e+02 -5.067548972406664802e+02
2.400000000000000000e+01 -5.067644099999999980e+02 -5.067561850614826540e+02
2.500000000000000000e+01 -5.067658099999999877e+02 -5.067597174133779845e+02
2.600000000000000000e+01 -5.067667900000000145e+02 -5.067609352171201635e+02
2.700000000000000000e+01 -5.067692900000000122e+02 -5.067636013686285992e+02
2.800000000000000000e+01 -5.067722999999999729e+02 -5.067693867902706870e+02
2.900000000000000000e+01 -5.067719500000000039e+02 -5.067710622665940718e+02
3.000000000000000000e+01 -5.067743899999999826e+02 -5.067697698918218521e+02
3.100000000000000000e+01 -5.067760499999999979e+02 -5.067690974243145092e+02
3.200000000000000000e+01 -5.067763299999999731e+02 -5.067679528633651671e+02
3.300000000000000000e+01 -5.067773700000000190e+02 -5.067681600683646366e+02
3.400000000000000000e+01 -5.067774699999999939e+02 -5.067685048407858517e+02
3.500000000000000000e+01 -5.067781600000000140e+02 -5.067699537577966566e+02
3.600000000000000000e+01 -5.067784800000000018e+02 -5.067710127423222275e+02
3.700000000000000000e+01 -5.067789999999999964e+02 -5.067712040084755358e+02
3.800000000000000000e+01 -5.067804100000000176e+02 -5.067722906962336538e+02
3.900000000000000000e+01 -5.067806800000000180e+02 -5.067719315029516451e+02
4.000000000000000000e+01 -5.067807500000000118e+02 -5.067720831117378566e+02
4.100000000000000000e+01 -5.063760899999999765e+02 -5.064655939013746888e+02
4.200000000000000000e+01 -5.063768299999999840e+02 -5.064656682826565657e+02
4.300000000000000000e+01 -5.063788599999999747e+02 -5.064655669571348540e+02
4.400000000000000000e+01 -5.063827499999999873e+02 -5.064656661954267065e+02
4.500000000000000000e+01 -5.063897799999999734e+02 -5.064659348788325701e+02
4.600000000000000000e+01 -5.064009100000000103e+02 -5.064661661818493599e+02
4.700000000000000000e+01 -5.064113600000000019e+02 -5.064670701421216563e+02
4.800000000000000000e+01 -5.064193700000000149e+02 -5.064680319755852338e+02
4.900000000000000000e+01 -5.064377099999999814e+02 -5.064712850181772410e+02
5.000000000000000000e+01 -5.064477400000000102e+02 -5.064790851858670635e+02
5.100000000000000000e+01 -5.064543100000000209e+02 -5.064802711119170340e+02
5.200000000000000000e+01 -5.064656899999999951e+02 -5.064840360950663012e+02
5.300000000000000000e+01 -5.064496100000000069e+02 -5.064914914903348517e+02
5.400000000000000000e+01 -5.064667999999999779e+02 -5.064860580515444326e+02
5.500000000000000000e+01 -5.064715600000000109e+02 -5.064860646927302810e+02
5.600000000000000000e+01 -5.064771900000000073e+02 -5.064847138755223455e+02
5.700000000000000000e+01 -5.064815300000000207e+02 -5.064855455417426811e+02
5.800000000000000000e+01 -5.064861000000000217e+02 -5.064867305190517754e+02
5.900000000000000000e+01 -5.064895599999999831e+02 -5.064873984326031291e+02
6.000000000000000000e+01 -5.064928800000000138e+02 -5.064881230808566670e+02
6.100000000000000000e+01 -5.064956300000000056e+02 -5.064897866030454452e+02
6.200000000000000000e+01 -5.064959000000000060e+02 -5.064906755732125134e+02
6.300000000000000000e+01 -5.064978600000000029e+02 -5.064912032628676570e+02
6.400000000000000000e+01 -5.065023199999999974e+02 -5.064928462922543417e+02
6.500000000000000000e+01 -5.065045700000000011e+02 -5.064978201609819166e+02
6.600000000000000000e+01 -5.065061699999999973e+02 -5.064992351130705970e+02
6.700000000000000000e+01 -5.065083399999999756e+02 -5.065013225326666770e+02
6.800000000000000000e+01 -5.065105599999999981e+02 -5.065016143653490417e+02
6.900000000000000000e+01 -5.065147000000000048e+02 -5.065016665460952368e+02
7.000000000000000000e+01 -5.065161499999999819e+02 -5.065024160513588072e+02
7.100000000000000000e+01 -5.065167400000000271e+02 -5.065022063796332077e+02
7.200000000000000000e+01 -5.065178900000000226e+02 -5.065029754289580524e+02
7.300000000000000000e+01 -5.065199900000000071e+02 -5.065047666516638856e+02
7.400000000000000000e+01 -5.065211699999999837e+02 -5.065051161677893106e+02
7.500000000000000000e+01 -5.065238299999999754e+02 -5.065072149722755057e+02
7.600000000000000000e+01 -5.065251299999999901e+02 -5.065080749109728231e+02
7.700000000000000000e+01 -5.065251900000000091e+02 -5.065080582131340634e+02
7.800000000000000000e+01 -5.065262700000000109e+02 -5.065091978406310318e+02
7.900000000000000000e+01 -5.065277300000000196e+02 -5.065118867619196408e+02
8.000000000000000000e+01 -5.065289000000000215e+02 -5.065113205533863265e+02
8.100000000000000000e+01 -5.065289999999999964e+02 -5.065115985344524461e+02
8.200000000000000000e+01 -5.061287300000000187e+02 -5.061574282659473170e+02
8.300000000000000000e+01 -5.061291200000000003e+02 -5.061575373711439170e+02
8.400000000000000000e+01 -5.061301300000000083e+02 -5.061573406022937434e+02
8.500000000000000000e+01 -5.061306099999999901e+02 -5.061574248504803109e+02
8.600000000000000000e+01 -5.061319599999999923e+02 -5.061573070168680033e+02
8.700000000000000000e+01 -5.061344300000000089e+02 -5.061574893648574403e+02
8.800000000000000000e+01 -5.061384300000000280e+02 -5.061577870797329979e+02
8.900000000000000000e+01 -5.061426900000000160e+02 -5.061577396426910127e+02
9.000000000000000000e+01 -5.061441899999999805e+02 -5.061587001479173864e+02
9.100000000000000000e+01 -5.061478700000000117e+02 -5.061611437248247967e+02
9.200000000000000000e+01 -5.061516700000000242e+02 -5.061656893319371875e+02
9.300000000000000000e+01 -5.061531400000000076e+02 -5.061658912239879555e+02
9.400000000000000000e+01 -5.061570699999999761e+02 -5.061666361752954799e+02
9.500000000000000000e+01 -5.061634999999999991e+02 -5.061692186478618396e+02
9.600000000000000000e+01 -5.061704799999999977e+02 -5.061744712566481894e+02
9.700000000000000000e+01 -5.061725799999999822e+02 -5.061757516772858025e+02
9.800000000000000000e+01 -5.061739799999999718e+02 -5.061772140664165249e+02
9.900000000000000000e+01 -5.061757400000000189e+02 -5.061780962056494673e+02
1.000000000000000000e+02 -5.061796199999999999e+02 -5.061784994205064550e+02
1.010000000000000000e+02 -5.061809499999999957e+02 -5.061804297286194583e+02
1.020000000000000000e+02 -5.061859400000000164e+02 -5.061842165328080796e+02
1.030000000000000000e+02 -5.061859699999999975e+02 -5.061842818061778644e+02
1.040000000000000000e+02 -5.061886499999999955e+02 -5.061854487574109953e+02
1.050000000000000000e+02 -5.061892000000000280e+02 -5.061866314577420667e+02
1.060000000000000000e+02 -5.061918400000000133e+02 -5.061887854789451353e+02
1.070000000000000000e+02 -5.061965099999999893e+02 -5.061959644111329339e+02
1.080000000000000000e+02 -5.061997900000000072e+02 -5.061968991106084559e+02
1.090000000000000000e+02 -5.062003000000000270e+02 -5.061980594206557384e+02
1.100000000000000000e+02 -5.062024900000000116e+02 -5.061989212568347511e+02
1.110000000000000000e+02 -5.062029099999999744e+02 -5.061992202999475126e+02
1.120000000000000000e+02 -5.062044700000000148e+02 -5.062005781378376241e+02
1.130000000000000000e+02 -5.062076700000000073e+02 -5.062040714016103493e+02
1.140000000000000000e+02 -5.062096500000000106e+02 -5.062060309309412105e+02
1.150000000000000000e+02 -5.062116399999999885e+02 -5.062095217279877488e+02
1.160000000000000000e+02 -5.062131200000000035e+02 -5.062093158512254831e+02
1.170000000000000000e+02 -5.062131499999999846e+02 -5.062092187001634898e+02
1.180000000000000000e+02 -5.062144400000000246e+02 -5.062100556793324699e+02
1.190000000000000000e+02 -5.062157500000000141e+02 -5.062124309468994170e+02
1.200000000000000000e+02 -5.062174400000000105e+02 -5.062139789124539107e+02
1.210000000000000000e+02 -5.062184700000000248e+02 -5.062168403148272091e+02
1.220000000000000000e+02 -5.062191799999999944e+02 -5.062174924792805655e+02
1.230000000000000000e+02 -5.062209399999999846e+02 -5.062189004106870698e+02
1.240000000000000000e+02 -5.062221000000000117e+02 -5.062194895787487212e+02
1.250000000000000000e+02 -5.062234300000000076e+02 -5.062193296210430731e+02
1.260000000000000000e+02 -5.062242800000000216e+02 -5.062205476145334160e+02
1.270000000000000000e+02 -5.062251600000000167e+02 -5.062226135925865265e+02
1.280000000000000000e+02 -5.062261700000000246e+02 -5.062229915709371539e+02
1.290000000000000000e+02 -5.062287000000000035e+02 -5.062249873421681059e+02
1.300000000000000000e+02 -5.062314600000000269e+02 -5.062287555510362154e+02
1.310000000000000000e+02 -5.062332900000000109e+02 -5.062271540764983797e+02
1.320000000000000000e+02 -5.062337699999999927e+02 -5.062275622248077411e+02
1.330000000000000000e+02 -5.060620299999999929e+02 -5.060859713828597251e+02
1.340000000000000000e+02 -5.060624099999999999e+02 -5.060858662623746227e+02
1.350000000000000000e+02 -5.060634099999999762e+02 -5.060857541212073443e+02
1.360000000000000000e+02 -5.060638799999999833e+02 -5.060856188307635648e+02
1.370000000000000000e+02 -5.060652299999999855e+02 -5.060856941607862609e+02
1.380000000000000000e+02 -5.060676900000000273e+02 -5.060853968254070310e+02
1.390000000000000000e+02 -5.060717000000000212e+02 -5.060850454117999107e+02
1.400000000000000000e+02 -5.060760000000000218e+02 -5.060841786421685242e+02
1.410000000000000000e+02 -5.060776299999999992e+02 -5.060842960962845041e+02
1.420000000000000000e+02 -5.060815400000000182e+02 -5.060853275673256917e+02
1.430000000000000000e+02 -5.060848199999999792e+02 -5.060863375968239097e+02
1.440000000000000000e+02 -5.060861699999999814e+02 -5.060861457614261099e+02
1.450000000000000000e+02 -5.060898199999999747e+02 -5.060857212947743164e+02
1.460000000000000000e+02 -5.060957700000000159e+02 -5.060854140924902822e+02
1.470000000000000000e+02 -5.061023000000000138e+02 -5.060834961180082701e+02
1.480000000000000000e+02 -5.061041799999999853e+02 -5.060831278168141694e+02
1.490000000000000000e+02 -5.061078099999999722e+02 -5.060819244339327838e+02
1.500000000000000000e+02 -5.061098299999999881e+02 -5.060826699544847997e+02
1.510000000000000000e+02 -5.061121800000000235e+02 -5.060849628713468178e+02
1.520000000000000000e+02 -5.061127799999999866e+02 -5.060850061339291415e+02
1.530000000000000000e+02 -5.061143900000000144e+02 -5.060851317472163373e+02
1.540000000000000000e+02 -5.061153299999999717e+02 -5.060847423839755947e+02
1.550000000000000000e+02 -5.061169300000000248e+02 -5.060837006665333320e+02
1.560000000000000000e+02 -5.060492699999999786e+02 -5.061222047442785197e+02
1.570000000000000000e+02 -5.060498299999999858e+02 -5.061221184088620930e+02
1.580000000000000000e+02 -5.060513799999999947e+02 -5.061222041750340281e+02
1.590000000000000000e+02 -5.060543200000000184e+02 -5.061220083549246738e+02
1.600000000000000000e+02 -5.060596300000000269e+02 -5.061219867236335404e+02
1.610000000000000000e+02 -5.060680199999999900e+02 -5.061218533306713994e+02
1.620000000000000000e+02 -5.060758200000000215e+02 -5.061221952568701568e+02
1.630000000000000000e+02 -5.060819799999999873e+02 -5.061237158986884310e+02
1.640000000000000000e+02 -5.060959799999999973e+02 -5.061286723105845340e+02
1.650000000000000000e+02 -5.061047500000000241e+02 -5.061382857117676508e+02
1.660000000000000000e+02 -5.061086099999999988e+02 -5.061389416711843978e+02
1.670000000000000000e+02 -5.061187899999999900e+02 -5.061405021601179897e+02
1.680000000000000000e+02 -5.061331999999999880e+02 -5.061437582386807321e+02
1.690000000000000000e+02 -5.061381700000000023e+02 -5.061501745729813706e+02
1.700000000000000000e+02 -5.061399400000000242e+02 -5.061479342163618753e+02
1.710000000000000000e+02 -5.061446700000000192e+02 -5.061480021462060108e+02
1.720000000000000000e+02 -5.061541500000000156e+02 -5.061479882945897657e+02
1.730000000000000000e+02 -5.061532599999999888e+02 -5.061472955240284364e+02
1.740000000000000000e+02 -5.061643399999999815e+02 -5.061507648795319483e+02
1.750000000000000000e+02 -5.061675999999999931e+02 -5.061543628842934481e+02
1.760000000000000000e+02 -5.061694100000000276e+02 -5.061544245524480061e+02
1.770000000000000000e+02 -5.061716599999999744e+02 -5.061555192096291762e+02
1.780000000000000000e+02 -5.061737600000000157e+02 -5.061571506643775820e+02
1.790000000000000000e+02 -5.061790899999999738e+02 -5.061610869901225556e+02
1.800000000000000000e+02 -5.061853399999999965e+02 -5.061698053491972473e+02
1.810000000000000000e+02 -5.061805299999999761e+02 -5.061861963651928704e+02
1.820000000000000000e+02 -5.061864699999999857e+02 -5.061757389641585405e+02
1.830000000000000000e+02 -5.061881500000000074e+02 -5.061773827525378238e+02
1.840000000000000000e+02 -5.061923499999999763e+02 -5.061825765393921301e+02
1.850000000000000000e+02 -5.061970299999999838e+02 -5.061928424845249879e+02
1.860000000000000000e+02 -5.062001399999999762e+02 -5.061942591443471997e+02
1.870000000000000000e+02 -5.062061699999999860e+02 -5.061981239350328678e+02
1.880000000000000000e+02 -5.062034100000000194e+02 -5.062063087222591662e+02
1.890000000000000000e+02 -5.062171999999999912e+02 -5.062101425839934450e+02
1.900000000000000000e+02 -5.062173099999999977e+02 -5.062103666765798380e+02
1.910000000000000000e+02 -5.062195199999999886e+02 -5.062101482764384741e+02
1.920000000000000000e+02 -5.062197300000000268e+02 -5.062100386019973826e+02
1.930000000000000000e+02 -5.062217400000000112e+02 -5.062113922654278326e+02
1.940000000000000000e+02 -5.062256600000000049e+02 -5.062146881911058358e+02
1.950000000000000000e+02 -5.062247600000000034e+02 -5.062211538599301548e+02
1.960000000000000000e+02 -5.062311900000000264e+02 -5.062235397533945047e+02
1.970000000000000000e+02 -5.062316500000000019e+02 -5.062246266309007297e+02
1.980000000000000000e+02 -5.062350200000000200e+02 -5.062256173060858373e+02
1.990000000000000000e+02 -5.062356599999999958e+02 -5.062262123563406249e+02
2.000000000000000000e+02 -5.062380999999999744e+02 -5.062293731813230693e+02
2.010000000000000000e+02 -5.062384099999999876e+02 -5.062308425911359677e+02
2.020000000000000000e+02 -5.062405899999999974e+02 -5.062326241366852742e+02
2.030000000000000000e+02 -5.062414999999999736e+02 -5.062343280752338046e+02
2.040000000000000000e+02 -5.062442199999999843e+02 -5.062371727797683434e+02
2.050000000000000000e+02 -5.062515000000000214e+02 -5.062450095688545844e+02
2.060000000000000000e+02 -5.062613099999999804e+02 -5.062596148648412395e+02
2.070000000000000000e+02 -5.062613900000000058e+02 -5.062852944331563663e+02
2.080000000000000000e+02 -5.062650499999999738e+02 -5.062710181604929858e+02
2.090000000000000000e+02 -5.062667900000000145e+02 -5.062720342619326175e+02
2.100000000000000000e+02 -5.062713800000000219e+02 -5.062763796847277717e+02
2.110000000000000000e+02 -5.062788300000000277e+02 -5.062844714953517951e+02
2.120000000000000000e+02 -5.062869400000000155e+02 -5.063001536121917638e+02
2.130000000000000000e+02 -5.062918799999999919e+02 -5.063027104687554925e+02
2.140000000000000000e+02 -5.062978499999999826e+02 -5.063110772244749000e+02
2.150000000000000000e+02 -5.063019699999999830e+02 -5.063151754054071603e+02
2.160000000000000000e+02 -5.063048299999999813e+02 -5.063227438905838653e+02
2.170000000000000000e+02 -5.063086799999999812e+02 -5.063242085566926107e+02
2.180000000000000000e+02 -5.063100900000000024e+02 -5.063258362164776258e+02
2.190000000000000000e+02 -5.063128199999999879e+02 -5.063261345005977319e+02
2.200000000000000000e+02 -5.063131700000000137e+02 -5.063264555544979544e+02
2.210000000000000000e+02 -5.063152499999999918e+02 -5.063271663511352472e+02
2.220000000000000000e+02 -5.063161499999999933e+02 -5.063277946073194471e+02
2.230000000000000000e+02 -5.063177099999999768e+02 -5.063279686063895042e+02
2.240000000000000000e+02 -5.063195400000000177e+02 -5.063285640361406763e+02
2.250000000000000000e+02 -5.063204200000000128e+02 -5.063286143194051760e+02
2.260000000000000000e+02 -5.063219500000000153e+02 -5.063286687771293941e+02
2.270000000000000000e+02 -5.063225499999999784e+02 -5.063287456251374579e+02
2.280000000000000000e+02 -5.063233099999999922e+02 -5.063290558633921137e+02
2.290000000000000000e+02 -5.063238499999999931e+02 -5.063288664947204438e+02
2.300000000000000000e+02 -5.063243100000000254e+02 -5.063288689614466307e+02
2.310000000000000000e+02 -5.063246100000000069e+02 -5.063289632662861095e+02
2.320000000000000000e+02 -5.063254499999999894e+02 -5.063288636484979293e+02
2.330000000000000000e+02 -5.063258500000000026e+02 -5.063289361322981108e+02
2.340000000000000000e+02 -5.063261899999999969e+02 -5.063292070926819974e+02
2.350000000000000000e+02 -5.067708499999999958e+02 -5.067969941999726302e+02
2.360000000000000000e+02 -5.067712999999999965e+02 -5.067970203852198097e+02
2.370000000000000000e+02 -5.067725399999999922e+02 -5.067970304418727210e+02
2.380000000000000000e+02 -5.067748199999999770e+02 -5.067971071001325640e+02
2.390000000000000000e+02 -5.067785299999999893e+02 -5.067971399265656487e+02
2.400000000000000000e+02 -5.067826499999999896e+02 -5.067972685758235230e+02
2.410000000000000000e+02 -5.067834399999999846e+02 -5.067972230362632331e+02
2.420000000000000000e+02 -5.067853700000000003e+02 -5.067972010254757151e+02
2.430000000000000000e+02 -5.067859399999999823e+02 -5.067972854634105033e+02
2.440000000000000000e+02 -5.067874899999999911e+02 -5.067970987512131842e+02
2.450000000000000000e+02 -5.067899300000000267e+02 -5.067970655452837718e+02
2.460000000000000000e+02 -5.067907799999999838e+02 -5.067970182979899505e+02
2.470000000000000000e+02 -5.067920700000000238e+02 -5.067970820533744245e+02
2.480000000000000000e+02 -5.067925700000000120e+02 -5.067970875560712898e+02
2.490000000000000000e+02 -5.067939000000000078e+02 -5.067971281621792059e+02
2.500000000000000000e+02 -5.067941799999999830e+02 -5.067971509319593792e+02
2.510000000000000000e+02 -5.067945000000000277e+02 -5.067972243645003800e+02
2.520000000000000000e+02 -5.069980100000000220e+02 -5.069587290869309868e+02
2.530000000000000000e+02 -5.069983899999999721e+02 -5.069587247227231046e+02
2.540000000000000000e+02 -5.069994199999999864e+02 -5.069587380050948582e+02
2.550000000000000000e+02 -5.069998699999999872e+02 -5.069587448360289272e+02
2.560000000000000000e+02 -5.070011600000000271e+02 -5.069587757649803166e+02
2.570000000000000000e+02 -5.070033999999999992e+02 -5.069587522362074878e+02
2.580000000000000000e+02 -5.070065999999999917e+02 -5.069588057451908298e+02
2.590000000000000000e+02 -5.070078700000000254e+02 -5.069588662748564616e+02
2.600000000000000000e+02 -5.070090999999999894e+02 -5.069588687415826485e+02
2.610000000000000000e+02 -5.070102200000000039e+02 -5.069588695005753038e+02
2.620000000000000000e+02 -5.070108099999999922e+02 -5.069588784187391752e+02
2.630000000000000000e+02 -5.070123699999999758e+02 -5.069588863881622274e+02
2.640000000000000000e+02 -5.070128599999999892e+02 -5.069589653234001503e+02
2.650000000000000000e+02 -5.070131499999999960e+02 -5.069589803135054353e+02
2.660000000000000000e+02 -5.065174000000000092e+02 -5.065197880653829543e+02
2.670000000000000000e+02 -5.065184600000000046e+02 -5.065239549351520623e+02
2.680000000000000000e+02 -5.065300399999999854e+02 -5.065263377926456769e+02
2.690000000000000000e+02 -5.065341399999999794e+02 -5.065324892385037856e+02
2.700000000000000000e+02 -5.065431300000000192e+02 -5.065423107934272480e+02
2.710000000000000000e+02 -5.065490399999999909e+02 -5.065450241922295049e+02
2.720000000000000000e+02 -5.065524899999999775e+02 -5.065546933793740436e+02
2.730000000000000000e+02 -5.065598600000000147e+02 -5.065719318106878859e+02
2.740000000000000000e+02 -5.065615399999999795e+02 -5.065711115293576654e+02
2.750000000000000000e+02 -5.065718400000000088e+02 -5.065710217784742326e+02
2.760000000000000000e+02 -5.065744100000000003e+02 -5.065710079268579307e+02
2.770000000000000000e+02 -5.065790700000000015e+02 -5.065702605088242194e+02
2.780000000000000000e+02 -5.065806099999999788e+02 -5.065720139716446511e+02
2.790000000000000000e+02 -5.065832899999999768e+02 -5.065738270153897815e+02
2.800000000000000000e+02 -5.065852300000000241e+02 -5.065763664151220382e+02
2.810000000000000000e+02 -5.065884500000000230e+02 -5.065840362258203982e+02
2.820000000000000000e+02 -5.065942999999999756e+02 -5.065853599090403350e+02
2.830000000000000000e+02 -5.065957500000000095e+02 -5.065849944540687488e+02
2.840000000000000000e+02 -5.065968799999999987e+02 -5.065865851129610746e+02
2.850000000000000000e+02 -5.065992200000000025e+02 -5.065893093274088983e+02
2.860000000000000000e+02 -5.066014799999999809e+02 -5.065919898997781274e+02
2.870000000000000000e+02 -5.066041500000000042e+02 -5.065926375102754946e+02
2.880000000000000000e+02 -5.066042499999999791e+02 -5.065948006393905985e+02
2.890000000000000000e+02 -5.066063599999999951e+02 -5.065977142225100920e+02
2.900000000000000000e+02 -5.066075999999999908e+02 -5.065988758607945215e+02
2.910000000000000000e+02 -5.066090599999999995e+02 -5.066027736676614381e+02
2.920000000000000000e+02 -5.066132200000000125e+02 -5.066104903461572917e+02
2.930000000000000000e+02 -5.066204299999999989e+02 -5.066251907059761379e+02
2.940000000000000000e+02 -5.066306500000000028e+02 -5.066530891893677904e+02
2.950000000000000000e+02 -5.066344599999999900e+02 -5.066439249220982788e+02
2.960000000000000000e+02 -5.066358200000000238e+02 -5.066451417770995818e+02
2.970000000000000000e+02 -5.066367000000000189e+02 -5.066480652271238796e+02
2.980000000000000000e+02 -5.066390900000000101e+02 -5.066534085355344814e+02
2.990000000000000000e+02 -5.066437799999999925e+02 -5.066632259159982254e+02
3.000000000000000000e+02 -5.066528299999999945e+02 -5.066849718150427293e+02
3.010000000000000000e+02 -5.066683899999999880e+02 -5.067248790804902114e+02
3.020000000000000000e+02 -5.066902200000000107e+02 -5.067906533854428517e+02
3.030000000000000000e+02 -5.066980599999999981e+02 -5.068096815214772164e+02
3.040000000000000000e+02 -5.067348400000000197e+02 -5.068334044066840534e+02
3.050000000000000000e+02 -5.067542900000000259e+02 -5.068351557822746258e+02
3.060000000000000000e+02 -5.067686400000000049e+02 -5.068363200770334061e+02
3.070000000000000000e+02 -5.067743300000000204e+02 -5.068371900723836347e+02
3.080000000000000000e+02 -5.067832199999999716e+02 -5.068391934335413112e+02
3.090000000000000000e+02 -5.067899800000000141e+02 -5.068399082148901016e+02
3.100000000000000000e+02 -5.067937600000000202e+02 -5.068417320742808556e+02
3.110000000000000000e+02 -5.068019199999999955e+02 -5.068460228496036279e+02
3.120000000000000000e+02 -5.068037199999999984e+02 -5.068443278292189689e+02
3.130000000000000000e+02 -5.068053699999999822e+02 -5.068451509567717039e+02
3.140000000000000000e+02 -5.068107299999999782e+02 -5.068467784268086120e+02
3.150000000000000000e+02 -5.068165700000000129e+02 -5.068476102827770546e+02
3.160000000000000000e+02 -5.068217200000000275e+02 -5.068489079704979758e+02
3.170000000000000000e+02 -5.068256999999999834e+02 -5.068502104019230501e+02
3.180000000000000000e+02 -5.068297000000000025e+02 -5.068533010200832791e+02
3.190000000000000000e+02 -5.068363800000000197e+02 -5.068552309486999548e+02
3.200000000000000000e+02 -5.068421000000000163e+02 -5.068607051833465107e+02
3.210000000000000000e+02 -5.068529300000000148e+02 -5.068710586023847782e+02
3.220000000000000000e+02 -5.068457599999999843e+02 -5.068642346890193267e+02
3.230000000000000000e+02 -5.068548999999999864e+02 -5.068649669271995890e+02
3.240000000000000000e+02 -5.068565399999999954e+02 -5.068669746525650908e+02
3.250000000000000000e+02 -5.068611399999999776e+02 -5.068713415169032714e+02
3.260000000000000000e+02 -5.068684700000000021e+02 -5.068789037403903990e+02
3.270000000000000000e+02 -5.068750800000000254e+02 -5.068817951229742675e+02
3.280000000000000000e+02 -5.068865400000000250e+02 -5.068845641179897825e+02
3.290000000000000000e+02 -5.068941199999999867e+02 -5.068898410145416165e+02
3.300000000000000000e+02 -5.068983400000000188e+02 -5.068928967190389585e+02
3.310000000000000000e+02 -5.069047499999999786e+02 -5.068948598535849897e+02
3.320000000000000000e+02 -5.069067900000000009e+02 -5.068960290817961436e+02
3.330000000000000000e+02 -5.069139299999999935e+02 -5.068978098683527946e+02
3.340000000000000000e+02 -5.069177300000000059e+02 -5.068989485471088869e+02
3.350000000000000000e+02 -5.069231199999999831e+02 -5.069007807554190208e+02
3.360000000000000000e+02 -5.069266099999999824e+02 -5.069017488505721190e+02
3.370000000000000000e+02 -5.069311000000000149e+02 -5.069048123347443493e+02
3.380000000000000000e+02 -5.069373400000000061e+02 -5.069055271160931397e+02
3.390000000000000000e+02 -5.069411600000000249e+02 -5.069077255383675151e+02
3.400000000000000000e+02 -5.069475499999999784e+02 -5.069077538108445538e+02
3.410000000000000000e+02 -5.069497499999999945e+02 -5.069081796057334941e+02
3.420000000000000000e+02 -5.069530700000000252e+02 -5.069083454456323352e+02
3.430000000000000000e+02 -5.069548500000000217e+02 -5.069090401136753599e+02
3.440000000000000000e+02 -5.069577899999999886e+02 -5.069092209436794292e+02
3.450000000000000000e+02 -5.069588100000000281e+02 -5.069091850812757230e+02
3.460000000000000000e+02 -5.069589700000000221e+02 -5.069095774804870871e+02
3.470000000000000000e+02 -5.069603599999999801e+02 -5.069102975747846358e+02
3.480000000000000000e+02 -5.069614500000000135e+02 -5.069108563831393894e+02
3.490000000000000000e+02 -5.069632199999999784e+02 -5.069110635881388021e+02
3.500000000000000000e+02 -5.069635700000000043e+02 -5.069112290485413155e+02
3.510000000000000000e+02 -5.069643300000000181e+02 -5.069119795025457051e+02
3.520000000000000000e+02 -5.069659800000000018e+02 -5.069121051158329010e+02
3.530000000000000000e+02 -5.069672299999999723e+02 -5.069124768324940078e+02
3.540000000000000000e+02 -5.069683600000000183e+02 -5.069127064277772661e+02
3.550000000000000000e+02 -5.069693700000000263e+02 -5.069133751003212751e+02
3.560000000000000000e+02 -5.069702599999999961e+02 -5.069138953897979150e+02
3.570000000000000000e+02 -5.069716700000000174e+02 -5.069151475379584895e+02
3.580000000000000000e+02 -5.069739999999999895e+02 -5.069153750460119454e+02
3.590000000000000000e+02 -5.069750700000000165e+02 -5.069160425800669145e+02
3.600000000000000000e+02 -5.069775099999999952e+02 -5.069159719937484283e+02
3.610000000000000000e+02 -5.069778900000000021e+02 -5.069159680090368738e+02
3.620000000000000000e+02 -5.069782000000000153e+02 -5.069159680090368738e+02
3.780000000000000000e+02 -5.048509199999999737e+02 -5.049277935560847368e+02
3.790000000000000000e+02 -5.048579799999999977e+02 -5.049376189398550991e+02
3.800000000000000000e+02 -5.049369599999999991e+02 -5.049567232123418989e+02
3.810000000000000000e+02 -5.049597400000000107e+02 -5.049737123552233129e+02
3.820000000000000000e+02 -5.050371000000000095e+02 -5.050004602192777270e+02
3.830000000000000000e+02 -5.050988199999999892e+02 -5.050594206742944721e+02
3.840000000000000000e+02 -5.051382699999999772e+02 -5.050829963420297872e+02
3.850000000000000000e+02 -5.051728699999999890e+02 -5.051378005192912610e+02
3.860000000000000000e+02 -5.052180000000000177e+02 -5.051783506921922253e+02
3.870000000000000000e+02 -5.052423299999999813e+02 -5.052338090940300503e+02
3.880000000000000000e+02 -5.052731400000000122e+02 -5.052588182820676934e+02
3.890000000000000000e+02 -5.052741300000000138e+02 -5.052642288290970214e+02
3.900000000000000000e+02 -5.053005999999999744e+02 -5.052830410181628054e+02
3.910000000000000000e+02 -5.053174399999999764e+02 -5.053232224832664770e+02
3.920000000000000000e+02 -5.053193400000000111e+02 -5.053140173930339643e+02
3.930000000000000000e+02 -5.053491999999999962e+02 -5.053295789113597607e+02
3.940000000000000000e+02 -5.053871500000000196e+02 -5.053747896923164262e+02
3.950000000000000000e+02 -5.054210499999999797e+02 -5.053901385164993485e+02
3.960000000000000000e+02 -5.054432199999999966e+02 -5.054056964160565144e+02
3.970000000000000000e+02 -5.054341699999999946e+02 -5.054537822883614240e+02
3.980000000000000000e+02 -5.054486200000000053e+02 -5.054166690104738677e+02
3.990000000000000000e+02 -5.054821699999999964e+02 -5.054376504683633016e+02
4.000000000000000000e+02 -5.054939200000000028e+02 -5.054690327281192594e+02
4.010000000000000000e+02 -5.055217900000000100e+02 -5.054961557107483259e+02
4.020000000000000000e+02 -5.055573899999999981e+02 -5.055775379410072787e+02
4.030000000000000000e+02 -5.055893699999999740e+02 -5.055961562209987505e+02
4.040000000000000000e+02 -5.056193400000000224e+02 -5.056195312978136371e+02
4.050000000000000000e+02 -5.056270599999999718e+02 -5.056666939639606539e+02
4.060000000000000000e+02 -5.056327900000000000e+02 -5.056476677254079277e+02
4.070000000000000000e+02 -5.056571000000000140e+02 -5.056591357251850241e+02
4.080000000000000000e+02 -5.056899700000000166e+02 -5.056903819355045471e+02
4.090000000000000000e+02 -5.057117600000000266e+02 -5.057033686796182224e+02
4.100000000000000000e+02 -5.057444300000000226e+02 -5.057361740506341334e+02
4.110000000000000000e+02 -5.057714300000000094e+02 -5.057489839494552371e+02
4.120000000000000000e+02 -5.058280700000000252e+02 -5.057893547696771748e+02
4.130000000000000000e+02 -5.058279999999999745e+02 -5.058609941905024243e+02
4.140000000000000000e+02 -5.058474400000000060e+02 -5.058249938398338372e+02
4.150000000000000000e+02 -5.058713300000000004e+02 -5.058422007729518555e+02
4.160000000000000000e+02 -5.059159300000000030e+02 -5.058871963252722139e+02
4.170000000000000000e+02 -5.058802099999999768e+02 -5.059704910273163136e+02
4.180000000000000000e+02 -5.059230499999999893e+02 -5.059108307878327082e+02
4.190000000000000000e+02 -5.059514699999999721e+02 -5.059286130373960759e+02
4.200000000000000000e+02 -5.059569700000000125e+02 -5.059421109630742990e+02
4.210000000000000000e+02 -5.059863399999999842e+02 -5.059626238785232317e+02
4.220000000000000000e+02 -5.060082499999999754e+02 -5.060038278829507590e+02
4.230000000000000000e+02 -5.060334100000000035e+02 -5.060243969638573844e+02
4.240000000000000000e+02 -5.060505600000000186e+02 -5.060608825005915037e+02
4.250000000000000000e+02 -5.060793199999999956e+02 -5.060818749096609395e+02
4.260000000000000000e+02 -5.060947499999999764e+02 -5.061124473242359159e+02
4.270000000000000000e+02 -5.061106800000000021e+02 -5.061241014669657829e+02
4.280000000000000000e+02 -5.061120700000000170e+02 -5.061287318915092897e+02
4.290000000000000000e+02 -5.061223400000000083e+02 -5.061327425985361401e+02
4.300000000000000000e+02 -5.061436899999999923e+02 -5.061471795878977673e+02
4.310000000000000000e+02 -5.061444299999999998e+02 -5.061751721863807347e+02
4.320000000000000000e+02 -5.061511699999999792e+02 -5.061610627023570714e+02
4.330000000000000000e+02 -5.061642699999999877e+02 -5.061676249529988922e+02
4.340000000000000000e+02 -5.061744100000000230e+02 -5.061836309699616550e+02
4.350000000000000000e+02 -5.061864100000000235e+02 -5.061930278684851032e+02
4.360000000000000000e+02 -5.062030300000000125e+02 -5.062171640252017824e+02
4.370000000000000000e+02 -5.062168199999999842e+02 -5.062227602679203642e+02
4.380000000000000000e+02 -5.062197300000000268e+02 -5.062269988624969415e+02
4.390000000000000000e+02 -5.062300500000000056e+02 -5.062317567978093393e+02
4.400000000000000000e+02 -5.062337600000000180e+02 -5.062369031476216037e+02
4.410000000000000000e+02 -5.062428600000000074e+02 -5.062416783500173096e+02
4.420000000000000000e+02 -5.062509499999999889e+02 -5.062518300667530298e+02
4.430000000000000000e+02 -5.062569100000000049e+02 -5.062557155399890121e+02
4.440000000000000000e+02 -5.062658500000000004e+02 -5.062646737407480373e+02
4.450000000000000000e+02 -5.062727499999999736e+02 -5.062674507051866044e+02
4.460000000000000000e+02 -5.062737500000000068e+02 -5.062687939324678155e+02
4.470000000000000000e+02 -5.062778400000000261e+02 -5.062710785004104537e+02
4.480000000000000000e+02 -5.062818399999999883e+02 -5.062764071982121550e+02
4.490000000000000000e+02 -5.062850099999999998e+02 -5.062777202555346321e+02
4.500000000000000000e+02 -5.062879100000000108e+02 -5.062804319466034144e+02
4.510000000000000000e+02 -5.062911700000000224e+02 -5.062821561882059314e+02
4.520000000000000000e+02 -5.062914599999999723e+02 -5.062823595982420670e+02
4.530000000000000000e+02 -5.062939999999999827e+02 -5.062839466519191092e+02
4.540000000000000000e+02 -5.062960600000000113e+02 -5.062886713813020947e+02
4.550000000000000000e+02 -5.062986799999999903e+02 -5.062913272864095120e+02
4.560000000000000000e+02 -5.063000900000000115e+02 -5.062943841293958371e+02
4.570000000000000000e+02 -5.063040300000000116e+02 -5.062966561739593772e+02
4.580000000000000000e+02 -5.063047599999999875e+02 -5.062973927763475217e+02
4.590000000000000000e+02 -5.063078100000000177e+02 -5.063000551328926235e+02
4.600000000000000000e+02 -5.063103600000000029e+02 -5.063092455854092577e+02
4.610000000000000000e+02 -5.063128500000000258e+02 -5.063116144015384634e+02
4.620000000000000000e+02 -5.063150299999999788e+02 -5.063161226282617804e+02
4.630000000000000000e+02 -5.063188400000000229e+02 -5.063169630228978235e+02
4.640000000000000000e+02 -5.063229200000000105e+02 -5.063195259514029090e+02
4.650000000000000000e+02 -5.063243200000000002e+02 -5.063201276428436017e+02
4.660000000000000000e+02 -5.063243400000000065e+02 -5.063202502201601192e+02
4.670000000000000000e+02 -5.063254900000000021e+02 -5.063209397650026062e+02
4.680000000000000000e+02 -5.063260799999999904e+02 -5.063216418332241915e+02
4.690000000000000000e+02 -5.063272499999999923e+02 -5.063225106900853802e+02
4.700000000000000000e+02 -5.063283299999999940e+02 -5.063241554272055396e+02
4.710000000000000000e+02 -5.063288699999999949e+02 -5.063246341618333872e+02
4.720000000000000000e+02 -5.063299099999999839e+02 -5.063253897390383713e+02
4.730000000000000000e+02 -5.063304899999999975e+02 -5.063258119287121417e+02
4.740000000000000000e+02 -5.063312399999999798e+02 -5.063262289951853745e+02
4.750000000000000000e+02 -5.063315799999999740e+02 -5.063265417001662172e+02
4.760000000000000000e+02 -5.063320899999999938e+02 -5.063272606559747260e+02
4.840000000000000000e+02 -5.047392600000000016e+02 -5.049638888621578872e+02
4.850000000000000000e+02 -5.048357199999999807e+02 -5.049796742968753733e+02
4.860000000000000000e+02 -5.050942499999999882e+02 -5.050368789578799351e+02
4.870000000000000000e+02 -5.054858300000000213e+02 -5.051771792683236981e+02
4.880000000000000000e+02 -5.058540300000000229e+02 -5.056525391301248078e+02
4.890000000000000000e+02 -5.058725499999999897e+02 -5.058334858293441698e+02
4.900000000000000000e+02 -5.060090000000000146e+02 -5.059452687520860650e+02
4.910000000000000000e+02 -5.062319200000000023e+02 -5.062279280592755981e+02
4.920000000000000000e+02 -5.062513900000000149e+02 -5.063024601909219200e+02
4.930000000000000000e+02 -5.063587800000000243e+02 -5.063352008578125378e+02
4.940000000000000000e+02 -5.064004400000000032e+02 -5.063632981972842231e+02
4.950000000000000000e+02 -5.064637299999999982e+02 -5.064193657449550301e+02
4.960000000000000000e+02 -5.064957699999999932e+02 -5.064814088419323070e+02
4.970000000000000000e+02 -5.065461199999999735e+02 -5.065284033912024597e+02
4.980000000000000000e+02 -5.065897800000000188e+02 -5.066028364743050361e+02
4.990000000000000000e+02 -5.066284699999999930e+02 -5.066215536130920327e+02
5.000000000000000000e+02 -5.066294100000000071e+02 -5.066255895566252434e+02
5.010000000000000000e+02 -5.066503299999999967e+02 -5.066436845111694538e+02
5.020000000000000000e+02 -5.066634399999999800e+02 -5.066593662485130949e+02
5.030000000000000000e+02 -5.066534700000000271e+02 -5.066898045111333317e+02
5.040000000000000000e+02 -5.066657799999999838e+02 -5.066688384770592393e+02
5.050000000000000000e+02 -5.066817100000000096e+02 -5.066910830342892496e+02
5.060000000000000000e+02 -5.066826100000000110e+02 -5.066988118566678736e+02
5.070000000000000000e+02 -5.066957899999999881e+02 -5.067089768557753473e+02
5.080000000000000000e+02 -5.066990000000000123e+02 -5.067188359808360474e+02
5.090000000000000000e+02 -5.067073199999999815e+02 -5.067211755757473384e+02
5.100000000000000000e+02 -5.067117099999999823e+02 -5.067243291902993860e+02
5.110000000000000000e+02 -5.067187700000000063e+02 -5.067305193447837723e+02
5.120000000000000000e+02 -5.067200599999999895e+02 -5.067343721813348338e+02
5.130000000000000000e+02 -5.067267299999999750e+02 -5.067374119469860716e+02
5.140000000000000000e+02 -5.067330299999999852e+02 -5.067438074089882321e+02
5.150000000000000000e+02 -5.067370599999999854e+02 -5.067450011147130908e+02
5.160000000000000000e+02 -5.067371800000000235e+02 -5.067448747424331827e+02
5.170000000000000000e+02 -5.067416000000000054e+02 -5.067481423956341473e+02
5.180000000000000000e+02 -5.067426199999999881e+02 -5.067514159310283617e+02
5.190000000000000000e+02 -5.067471199999999953e+02 -5.067565871378506586e+02
5.200000000000000000e+02 -5.067494899999999802e+02 -5.067626264425414888e+02
5.210000000000000000e+02 -5.067529999999999859e+02 -5.067644835078615984e+02
5.220000000000000000e+02 -5.067537300000000187e+02 -5.067660185705406661e+02
5.230000000000000000e+02 -5.067566100000000233e+02 -5.067685870017426168e+02
5.240000000000000000e+02 -5.067586299999999824e+02 -5.067721497133447883e+02
5.250000000000000000e+02 -5.067613400000000183e+02 -5.067751384367388710e+02
5.260000000000000000e+02 -5.067625699999999824e+02 -5.067788132895083208e+02
5.270000000000000000e+02 -5.067643400000000042e+02 -5.067800847919820626e+02
5.280000000000000000e+02 -5.067674200000000155e+02 -5.067833632608285939e+02
5.290000000000000000e+02 -5.067684199999999919e+02 -5.067830869874960058e+02
5.300000000000000000e+02 -5.067694599999999809e+02 -5.067836410521465496e+02
5.310000000000000000e+02 -5.067704600000000141e+02 -5.067845173091863558e+02
5.320000000000000000e+02 -5.067712000000000216e+02 -5.067862929725424124e+02
5.330000000000000000e+02 -5.067717099999999846e+02 -5.067864544482333713e+02
5.340000000000000000e+02 -5.067730000000000246e+02 -5.067874701701766185e+02
5.350000000000000000e+02 -5.067738299999999754e+02 -5.067873504390826156e+02
5.360000000000000000e+02 -5.067741700000000264e+02 -5.067865922054033376e+02
5.520000000000000000e+02 -5.047520499999999970e+02 -5.049665174096455189e+02
5.530000000000000000e+02 -5.047899100000000203e+02 -5.049534547323810330e+02
5.540000000000000000e+02 -5.048933900000000108e+02 -5.049610814905754523e+02
5.550000000000000000e+02 -5.049033699999999953e+02 -5.049661281480555886e+02
5.560000000000000000e+02 -5.049822199999999839e+02 -5.049901091382079130e+02
5.570000000000000000e+02 -5.050652400000000171e+02 -5.050622083052907669e+02
5.580000000000000000e+02 -5.051141200000000140e+02 -5.050939028227640506e+02
5.590000000000000000e+02 -5.051148600000000215e+02 -5.050969746694091214e+02
5.600000000000000000e+02 -5.051600199999999745e+02 -5.051190971779067240e+02
5.610000000000000000e+02 -5.051814499999999839e+02 -5.051536449927958756e+02
5.620000000000000000e+02 -5.052170100000000161e+02 -5.051855171552147112e+02
5.630000000000000000e+02 -5.052392199999999889e+02 -5.052405294320027451e+02
5.640000000000000000e+02 -5.052587800000000016e+02 -5.052487940083336753e+02
5.650000000000000000e+02 -5.052791199999999776e+02 -5.052669357493547295e+02
5.660000000000000000e+02 -5.052908100000000218e+02 -5.052702397257764346e+02
5.670000000000000000e+02 -5.053072599999999852e+02 -5.052779964953494982e+02
5.680000000000000000e+02 -5.053123499999999808e+02 -5.052805903392525124e+02
5.690000000000000000e+02 -5.053251799999999889e+02 -5.052898658938225367e+02
5.700000000000000000e+02 -5.053389000000000237e+02 -5.053086263629591031e+02
5.710000000000000000e+02 -5.053394499999999994e+02 -5.053152922567609266e+02
5.720000000000000000e+02 -5.053443599999999947e+02 -5.053196782450037290e+02
5.730000000000000000e+02 -5.053570000000000277e+02 -5.053310886697652791e+02
5.740000000000000000e+02 -5.053741899999999987e+02 -5.053523745514833649e+02
5.750000000000000000e+02 -5.053739800000000173e+02 -5.053894180969192576e+02
5.760000000000000000e+02 -5.053800800000000208e+02 -5.053712593192233840e+02
5.770000000000000000e+02 -5.053971199999999726e+02 -5.053788830888841517e+02
5.780000000000000000e+02 -5.054122300000000223e+02 -5.053871677514140401e+02
5.790000000000000000e+02 -5.054219400000000064e+02 -5.054037778181161684e+02
5.800000000000000000e+02 -5.054377600000000257e+02 -5.054093756872476320e+02
5.810000000000000000e+02 -5.054725599999999872e+02 -5.054286554564596372e+02
5.820000000000000000e+02 -5.054776299999999765e+02 -5.054935221959247542e+02
5.830000000000000000e+02 -5.054866299999999910e+02 -5.054628761590606132e+02
5.840000000000000000e+02 -5.055181600000000230e+02 -5.054900084393498787e+02
5.850000000000000000e+02 -5.055425099999999929e+02 -5.055472400920313589e+02
5.860000000000000000e+02 -5.055634999999999764e+02 -5.055628370119439410e+02
5.870000000000000000e+02 -5.055964999999999918e+02 -5.056099970216165502e+02
5.880000000000000000e+02 -5.056326999999999998e+02 -5.056292477322519971e+02
5.890000000000000000e+02 -5.056961600000000203e+02 -5.056827855573471879e+02
5.900000000000000000e+02 -5.057015099999999848e+02 -5.057035597560234237e+02
5.910000000000000000e+02 -5.057255299999999920e+02 -5.057212389723314914e+02
5.920000000000000000e+02 -5.057521199999999908e+02 -5.057798041751376559e+02
5.930000000000000000e+02 -5.057693699999999808e+02 -5.057904928791887755e+02
5.940000000000000000e+02 -5.057840199999999982e+02 -5.058039649991162037e+02
5.950000000000000000e+02 -5.057985699999999838e+02 -5.058312386417906055e+02
5.960000000000000000e+02 -5.058208599999999819e+02 -5.058439836467383088e+02
5.970000000000000000e+02 -5.058487499999999955e+02 -5.058735860686784918e+02
5.980000000000000000e+02 -5.058769699999999716e+02 -5.058820507344526050e+02
5.990000000000000000e+02 -5.059267399999999952e+02 -5.059097522592458631e+02
6.000000000000000000e+02 -5.059321499999999787e+02 -5.059230953504190325e+02
6.010000000000000000e+02 -5.059540200000000141e+02 -5.059414717014963685e+02
6.020000000000000000e+02 -5.059600899999999797e+02 -5.059567498444866942e+02
6.030000000000000000e+02 -5.059760999999999740e+02 -5.059671402644177647e+02
6.040000000000000000e+02 -5.060049900000000207e+02 -5.059976083175003509e+02
6.050000000000000000e+02 -5.059761199999999803e+02 -5.060550885402818722e+02
6.060000000000000000e+02 -5.060087800000000016e+02 -5.060110825246575814e+02
6.070000000000000000e+02 -5.060285299999999893e+02 -5.060247104278309394e+02
6.080000000000000000e+02 -5.060515599999999949e+02 -5.060561572019640266e+02
6.090000000000000000e+02 -5.060688299999999913e+02 -5.060652368415505862e+02
6.100000000000000000e+02 -5.060926299999999856e+02 -5.060913740824469187e+02
6.110000000000000000e+02 -5.061047500000000241e+02 -5.061023066128939263e+02
6.120000000000000000e+02 -5.061065800000000081e+02 -5.061087997952026285e+02
6.130000000000000000e+02 -5.061176399999999944e+02 -5.061139909255825273e+02
6.140000000000000000e+02 -5.061372999999999820e+02 -5.061289041828458153e+02
6.150000000000000000e+02 -5.061142800000000079e+02 -5.061569203101016114e+02
6.160000000000000000e+02 -5.061396599999999921e+02 -5.061356413812985124e+02
6.170000000000000000e+02 -5.061554499999999734e+02 -5.061409220728137370e+02
6.180000000000000000e+02 -5.061635999999999740e+02 -5.061512430449153044e+02
6.190000000000000000e+02 -5.061780999999999722e+02 -5.061646280704335936e+02
6.200000000000000000e+02 -5.061853699999999776e+02 -5.061817776996048792e+02
6.210000000000000000e+02 -5.061984600000000114e+02 -5.061896129707057526e+02
6.220000000000000000e+02 -5.062008999999999901e+02 -5.061963199991997158e+02
6.230000000000000000e+02 -5.062112799999999879e+02 -5.062054093159428589e+02
6.240000000000000000e+02 -5.062226600000000190e+02 -5.062298769627090564e+02
6.250000000000000000e+02 -5.062347300000000132e+02 -5.062380234208054617e+02
6.260000000000000000e+02 -5.062404500000000098e+02 -5.062488893496454807e+02
6.270000000000000000e+02 -5.062490999999999985e+02 -5.062549990509066333e+02
6.280000000000000000e+02 -5.062493299999999863e+02 -5.062563124877254950e+02
6.290000000000000000e+02 -5.062580100000000130e+02 -5.062640141761161203e+02
6.300000000000000000e+02 -5.062593600000000151e+02 -5.062720936531092093e+02
6.310000000000000000e+02 -5.062672800000000279e+02 -5.062696337578593671e+02
6.320000000000000000e+02 -5.062674099999999839e+02 -5.062696565276394836e+02
6.330000000000000000e+02 -5.062703500000000076e+02 -5.062710149347741435e+02
6.340000000000000000e+02 -5.062704800000000205e+02 -5.062713598969435793e+02
6.350000000000000000e+02 -5.062729499999999803e+02 -5.062711208142519013e+02
6.360000000000000000e+02 -5.062756499999999846e+02 -5.062707031785341201e+02
6.370000000000000000e+02 -5.062777600000000007e+02 -5.062711268861932581e+02
6.380000000000000000e+02 -5.062798700000000167e+02 -5.062726906008456922e+02
6.390000000000000000e+02 -5.062836199999999849e+02 -5.062735260620293616e+02
6.400000000000000000e+02 -5.062850500000000125e+02 -5.062742231967985731e+02
6.410000000000000000e+02 -5.062876099999999724e+02 -5.062761937315231648e+02
6.420000000000000000e+02 -5.062899100000000203e+02 -5.062803662937373019e+02
6.430000000000000000e+02 -5.062927999999999997e+02 -5.062829248580345052e+02
6.440000000000000000e+02 -5.062939900000000080e+02 -5.062855875940759347e+02
6.450000000000000000e+02 -5.062958899999999858e+02 -5.062875321333015108e+02
6.460000000000000000e+02 -5.062984599999999773e+02 -5.062920948177490459e+02
6.470000000000000000e+02 -5.063003899999999931e+02 -5.062929708850406314e+02
6.480000000000000000e+02 -5.063007400000000189e+02 -5.062935131853047324e+02
6.490000000000000000e+02 -5.063018900000000144e+02 -5.062941344208067562e+02
6.500000000000000000e+02 -5.063038399999999797e+02 -5.062970527476304596e+02
6.510000000000000000e+02 -5.063054700000000139e+02 -5.062975328104955111e+02
6.520000000000000000e+02 -5.063067599999999970e+02 -5.062984297500855746e+02
6.530000000000000000e+02 -5.063078800000000115e+02 -5.062979587951326153e+02
6.540000000000000000e+02 -5.063082200000000057e+02 -5.062978413410166354e+02
6.550000000000000000e+02 -5.063088099999999940e+02 -5.062977561440891918e+02
6.560000000000000000e+02 -5.063102099999999837e+02 -5.062979906728248807e+02
6.570000000000000000e+02 -5.063108899999999721e+02 -5.062984434119536559e+02
6.580000000000000000e+02 -5.063110199999999850e+02 -5.062988113336514289e+02
6.820000000000000000e+02 -5.047924600000000055e+02 -5.049151963175228843e+02
6.830000000000000000e+02 -5.048588500000000181e+02 -5.049321388840058376e+02
6.840000000000000000e+02 -5.049663300000000277e+02 -5.049574188291257428e+02
6.850000000000000000e+02 -5.050202499999999759e+02 -5.049944588777739227e+02
6.860000000000000000e+02 -5.050880199999999718e+02 -5.050253636904789118e+02
6.870000000000000000e+02 -5.051396300000000110e+02 -5.050880685951824489e+02
6.880000000000000000e+02 -5.051850499999999897e+02 -5.051107348948227127e+02
6.890000000000000000e+02 -5.052459000000000060e+02 -5.051618791145458545e+02
6.900000000000000000e+02 -5.052378600000000120e+02 -5.052608271865825600e+02
6.910000000000000000e+02 -5.052643800000000169e+02 -5.052058288562849384e+02
6.920000000000000000e+02 -5.053087499999999750e+02 -5.052416669451629332e+02
6.930000000000000000e+02 -5.053245299999999816e+02 -5.052771332767195531e+02
6.940000000000000000e+02 -5.053696499999999787e+02 -5.053123781721641308e+02
6.950000000000000000e+02 -5.054107200000000262e+02 -5.053583967110719186e+02
6.960000000000000000e+02 -5.053879499999999894e+02 -5.054702780453457649e+02
6.970000000000000000e+02 -5.054196999999999775e+02 -5.053867199186307175e+02
6.980000000000000000e+02 -5.054595400000000041e+02 -5.054061606349495150e+02
6.990000000000000000e+02 -5.054821299999999837e+02 -5.054441345427599117e+02
7.000000000000000000e+02 -5.055262900000000172e+02 -5.054849810616389618e+02
7.010000000000000000e+02 -5.055502299999999991e+02 -5.055227566961672210e+02
7.020000000000000000e+02 -5.055466299999999933e+02 -5.055927525183613511e+02
7.030000000000000000e+02 -5.055573099999999727e+02 -5.055507682694669711e+02
7.040000000000000000e+02 -5.056061199999999758e+02 -5.055764837001859178e+02
7.050000000000000000e+02 -5.056404400000000123e+02 -5.056636951839137168e+02
7.060000000000000000e+02 -5.056877299999999877e+02 -5.056761753004188336e+02
7.070000000000000000e+02 -5.057310200000000009e+02 -5.056966436250482957e+02
7.080000000000000000e+02 -5.057101299999999924e+02 -5.057361085875161848e+02
7.090000000000000000e+02 -5.057403600000000097e+02 -5.057115246251229905e+02
7.100000000000000000e+02 -5.057892299999999750e+02 -5.057288258630804876e+02
7.110000000000000000e+02 -5.058345499999999788e+02 -5.057650791480569978e+02
7.120000000000000000e+02 -5.058676300000000197e+02 -5.057882659946891977e+02
7.130000000000000000e+02 -5.058848800000000097e+02 -5.058091282365153916e+02
7.140000000000000000e+02 -5.058757200000000012e+02 -5.058502411618223391e+02
7.150000000000000000e+02 -5.058886200000000031e+02 -5.058229014867853834e+02
7.160000000000000000e+02 -5.059151699999999892e+02 -5.058401503542485216e+02
7.170000000000000000e+02 -5.059605300000000057e+02 -5.058893205560128763e+02
7.180000000000000000e+02 -5.059640600000000177e+02 -5.059061626034037999e+02
7.190000000000000000e+02 -5.059979200000000219e+02 -5.059477413604631124e+02
7.200000000000000000e+02 -5.060177600000000098e+02 -5.059872543292175351e+02
7.210000000000000000e+02 -5.060186699999999860e+02 -5.060590861546851329e+02
7.220000000000000000e+02 -5.060483399999999961e+02 -5.060485232536693729e+02
7.230000000000000000e+02 -5.060699500000000057e+02 -5.060528887897703498e+02
7.240000000000000000e+02 -5.060987499999999955e+02 -5.060663258062866703e+02
7.250000000000000000e+02 -5.061097899999999754e+02 -5.060799009594693416e+02
7.260000000000000000e+02 -5.061302800000000275e+02 -5.060911112812342481e+02
7.270000000000000000e+02 -5.061411699999999882e+02 -5.061059535726827221e+02
7.280000000000000000e+02 -5.061588100000000168e+02 -5.061191484705366861e+02
7.290000000000000000e+02 -5.061689200000000142e+02 -5.061322380581574407e+02
7.300000000000000000e+02 -5.061661700000000224e+02 -5.061571791266027844e+02
7.310000000000000000e+02 -5.061715399999999931e+02 -5.061422687155619542e+02
7.320000000000000000e+02 -5.061840500000000134e+02 -5.061526289655343476e+02
7.330000000000000000e+02 -5.062114799999999946e+02 -5.061813705000363370e+02
7.340000000000000000e+02 -5.062201699999999960e+02 -5.062290054493734601e+02
7.350000000000000000e+02 -5.062243900000000281e+02 -5.062112560262431771e+02
7.360000000000000000e+02 -5.062422599999999875e+02 -5.062266984911470331e+02
7.370000000000000000e+02 -5.062431199999999762e+02 -5.062298595058775845e+02
7.380000000000000000e+02 -5.062540099999999939e+02 -5.062395309700001462e+02
7.390000000000000000e+02 -5.062581900000000132e+02 -5.062456810876211080e+02
7.400000000000000000e+02 -5.062617399999999748e+02 -5.062564618195336834e+02
7.410000000000000000e+02 -5.062693899999999871e+02 -5.062634733938373301e+02
7.420000000000000000e+02 -5.062697999999999752e+02 -5.062642722336245811e+02
7.430000000000000000e+02 -5.062751900000000091e+02 -5.062667178977617937e+02
7.440000000000000000e+02 -5.062793399999999906e+02 -5.062711680615457226e+02
7.450000000000000000e+02 -5.062833299999999781e+02 -5.062718325596300133e+02
7.460000000000000000e+02 -5.062846900000000119e+02 -5.062727898391375447e+02
7.470000000000000000e+02 -5.062863699999999767e+02 -5.062726486665005723e+02
7.480000000000000000e+02 -5.062870700000000284e+02 -5.062724980064551801e+02
7.490000000000000000e+02 -5.062881699999999796e+02 -5.062731562428499501e+02
7.500000000000000000e+02 -5.062894200000000069e+02 -5.062755531417080306e+02
7.510000000000000000e+02 -5.062900200000000268e+02 -5.062759449716749032e+02
7.520000000000000000e+02 -5.062915699999999788e+02 -5.062768013051570506e+02
7.530000000000000000e+02 -5.062918700000000172e+02 -5.062769445650238822e+02
7.540000000000000000e+02 -5.062921499999999924e+02 -5.062768698042456776e+02
7.840000000000000000e+02 -5.048251200000000267e+02 -5.048948770942931787e+02
7.850000000000000000e+02 -5.048954400000000078e+02 -5.049325187327312392e+02
7.860000000000000000e+02 -5.050031099999999924e+02 -5.049816531330823182e+02
7.870000000000000000e+02 -5.050262900000000172e+02 -5.050162278447742779e+02
7.880000000000000000e+02 -5.050995399999999904e+02 -5.050560052072706299e+02
7.890000000000000000e+02 -5.052025600000000054e+02 -5.051845191882786139e+02
7.900000000000000000e+02 -5.052650100000000180e+02 -5.052270524463901324e+02
7.910000000000000000e+02 -5.052992600000000039e+02 -5.052810677727500774e+02
7.920000000000000000e+02 -5.053630200000000059e+02 -5.053181846287459962e+02
7.930000000000000000e+02 -5.054369800000000055e+02 -5.054074622125078236e+02
7.940000000000000000e+02 -5.054977900000000091e+02 -5.054700757737987260e+02
7.950000000000000000e+02 -5.055256899999999973e+02 -5.055403294637530962e+02
7.960000000000000000e+02 -5.054982800000000225e+02 -5.055139649045515284e+02
7.970000000000000000e+02 -5.055295800000000099e+02 -5.054732513991382348e+02
7.980000000000000000e+02 -5.055960600000000227e+02 -5.055207288574958966e+02
7.990000000000000000e+02 -5.056711900000000242e+02 -5.056511571942173191e+02
8.000000000000000000e+02 -5.057542799999999943e+02 -5.057065501871509241e+02
8.010000000000000000e+02 -5.057905299999999897e+02 -5.057503626596438835e+02
8.020000000000000000e+02 -5.057669200000000274e+02 -5.058387919471138616e+02
8.030000000000000000e+02 -5.057974300000000198e+02 -5.057744215888562280e+02
8.040000000000000000e+02 -5.058796199999999885e+02 -5.058499404109760462e+02
8.050000000000000000e+02 -5.058836999999999762e+02 -5.058689810703895091e+02
8.060000000000000000e+02 -5.059618899999999826e+02 -5.059088073133692660e+02
8.070000000000000000e+02 -5.060011400000000208e+02 -5.059460383706554012e+02
8.080000000000000000e+02 -5.060061400000000162e+02 -5.059630764279038999e+02
8.090000000000000000e+02 -5.060684299999999780e+02 -5.060239248704154420e+02
8.100000000000000000e+02 -5.060806099999999788e+02 -5.060606627722129929e+02
8.110000000000000000e+02 -5.061279599999999732e+02 -5.060925934041744654e+02
8.120000000000000000e+02 -5.061539700000000153e+02 -5.061377145697820197e+02
8.130000000000000000e+02 -5.061856000000000222e+02 -5.061657109632283209e+02
8.140000000000000000e+02 -5.062050199999999904e+02 -5.062075067921918503e+02
8.150000000000000000e+02 -5.062379199999999742e+02 -5.062332546698474971e+02
8.160000000000000000e+02 -5.062465000000000259e+02 -5.062493819358895735e+02
8.170000000000000000e+02 -5.062698599999999942e+02 -5.062638075403611424e+02
8.180000000000000000e+02 -5.062841000000000236e+02 -5.062885372293473552e+02
8.190000000000000000e+02 -5.062990399999999909e+02 -5.062993130278076137e+02
8.200000000000000000e+02 -5.063136700000000019e+02 -5.063211344466229775e+02
8.210000000000000000e+02 -5.063283999999999878e+02 -5.063318872855548989e+02
8.220000000000000000e+02 -5.063355000000000246e+02 -5.063449673857672337e+02
8.230000000000000000e+02 -5.063503900000000044e+02 -5.063531624193946072e+02
8.240000000000000000e+02 -5.063555900000000065e+02 -5.063605624081981205e+02
8.250000000000000000e+02 -5.063690399999999840e+02 -5.063702638525311954e+02
8.260000000000000000e+02 -5.063713599999999815e+02 -5.063757591492243932e+02
8.270000000000000000e+02 -5.063819199999999796e+02 -5.063792440640777386e+02
8.280000000000000000e+02 -5.063848699999999781e+02 -5.063811920187703208e+02
8.290000000000000000e+02 -5.063907100000000128e+02 -5.063841042736526674e+02
8.300000000000000000e+02 -5.063908299999999940e+02 -5.063843773212664132e+02
8.310000000000000000e+02 -5.063955799999999954e+02 -5.063853063282969060e+02
8.320000000000000000e+02 -5.063964700000000221e+02 -5.063854480701783700e+02
8.330000000000000000e+02 -5.064002300000000218e+02 -5.063857340206675417e+02
8.340000000000000000e+02 -5.064007399999999848e+02 -5.063859343947329421e+02
8.350000000000000000e+02 -5.064037900000000150e+02 -5.063857178920732736e+02
8.360000000000000000e+02 -5.064057599999999866e+02 -5.063846086242832030e+02
8.370000000000000000e+02 -5.064068100000000072e+02 -5.063847547303725491e+02
8.380000000000000000e+02 -5.064090400000000045e+02 -5.063846427789534346e+02
8.390000000000000000e+02 -5.064101800000000253e+02 -5.063847917312652953e+02
8.400000000000000000e+02 -5.064112700000000018e+02 -5.063854387725181709e+02
8.410000000000000000e+02 -5.064118199999999774e+02 -5.063850044389616301e+02
8.420000000000000000e+02 -5.064129199999999855e+02 -5.063849615558756341e+02
8.430000000000000000e+02 -5.064134199999999737e+02 -5.063849644020981486e+02
8.440000000000000000e+02 -5.064140600000000063e+02 -5.063857550827141836e+02
8.450000000000000000e+02 -5.064142299999999750e+02 -5.063851655351562613e+02
8.460000000000000000e+02 -5.064146999999999821e+02 -5.063849773049735745e+02
8.690000000000000000e+02 -5.047651799999999866e+02 -5.048780539573401711e+02
8.700000000000000000e+02 -5.048778500000000236e+02 -5.049314000452999949e+02
8.710000000000000000e+02 -5.050200699999999756e+02 -5.049923700147364229e+02
8.720000000000000000e+02 -5.050461599999999862e+02 -5.050389131734450530e+02
8.730000000000000000e+02 -5.051488899999999944e+02 -5.050814674326127829e+02
8.740000000000000000e+02 -5.051872500000000059e+02 -5.051417111477129538e+02
8.750000000000000000e+02 -5.052558700000000158e+02 -5.052053420302530640e+02
8.760000000000000000e+02 -5.052663900000000012e+02 -5.052772413111943592e+02
8.770000000000000000e+02 -5.052712599999999838e+02 -5.052533854125217658e+02
8.780000000000000000e+02 -5.053320400000000063e+02 -5.052955159301467347e+02
8.790000000000000000e+02 -5.053482300000000009e+02 -5.053567403722066160e+02
8.800000000000000000e+02 -5.053542299999999727e+02 -5.053385765119705866e+02
8.810000000000000000e+02 -5.053994700000000080e+02 -5.053529246449758148e+02
8.820000000000000000e+02 -5.054125900000000229e+02 -5.053681028991092035e+02
8.830000000000000000e+02 -5.054388599999999769e+02 -5.053824564805975683e+02
8.840000000000000000e+02 -5.054595899999999915e+02 -5.054091635623492493e+02
8.850000000000000000e+02 -5.054808800000000133e+02 -5.054205223078419067e+02
8.860000000000000000e+02 -5.055144199999999728e+02 -5.054836499782404644e+02
8.870000000000000000e+02 -5.055149799999999800e+02 -5.055029729829279290e+02
8.880000000000000000e+02 -5.055489000000000033e+02 -5.055324450478767062e+02
8.890000000000000000e+02 -5.055909700000000271e+02 -5.055868991668751278e+02
8.900000000000000000e+02 -5.056250800000000254e+02 -5.056188937439691813e+02
8.910000000000000000e+02 -5.056341699999999832e+02 -5.056588884833221300e+02
8.920000000000000000e+02 -5.056544499999999971e+02 -5.056750817817267034e+02
8.930000000000000000e+02 -5.056886799999999766e+02 -5.057209609912654287e+02
8.940000000000000000e+02 -5.056908099999999990e+02 -5.057296901659856871e+02
8.950000000000000000e+02 -5.057142499999999927e+02 -5.057301768700365869e+02
8.960000000000000000e+02 -5.057257399999999734e+02 -5.057294886534313036e+02
8.970000000000000000e+02 -5.057466600000000199e+02 -5.057377187904697848e+02
8.980000000000000000e+02 -5.057779100000000199e+02 -5.057650019205526064e+02
8.990000000000000000e+02 -5.058000799999999799e+02 -5.057729282707741163e+02
9.000000000000000000e+02 -5.058181700000000092e+02 -5.057861005885961276e+02
9.010000000000000000e+02 -5.058377500000000282e+02 -5.058016550049190414e+02
9.020000000000000000e+02 -5.058761799999999766e+02 -5.058459659458492865e+02
9.030000000000000000e+02 -5.058611300000000028e+02 -5.059214151303914946e+02
9.040000000000000000e+02 -5.058851799999999912e+02 -5.058747991287164609e+02
9.050000000000000000e+02 -5.059057700000000182e+02 -5.058875308512923539e+02
9.060000000000000000e+02 -5.059483799999999860e+02 -5.059311771043901445e+02
9.070000000000000000e+02 -5.059466400000000021e+02 -5.060161537341953704e+02
9.080000000000000000e+02 -5.059618800000000078e+02 -5.059682747687141955e+02
9.090000000000000000e+02 -5.060018000000000029e+02 -5.060101518098936140e+02
9.100000000000000000e+02 -5.060244299999999953e+02 -5.060546115133875560e+02
9.110000000000000000e+02 -5.060802600000000098e+02 -5.060807709548195703e+02
9.120000000000000000e+02 -5.061050900000000183e+02 -5.060983237988477867e+02
9.130000000000000000e+02 -5.061244599999999991e+02 -5.061308544145164205e+02
9.140000000000000000e+02 -5.061480599999999868e+02 -5.061464196464849579e+02
9.150000000000000000e+02 -5.061692600000000084e+02 -5.061636742063931251e+02
9.160000000000000000e+02 -5.062017200000000230e+02 -5.061949336990844017e+02
9.170000000000000000e+02 -5.062249499999999784e+02 -5.062550132820192630e+02
9.180000000000000000e+02 -5.062688600000000179e+02 -5.062697096571265547e+02
9.190000000000000000e+02 -5.063232300000000237e+02 -5.063720364799165736e+02
9.200000000000000000e+02 -5.063770900000000097e+02 -5.063934930130048997e+02
9.210000000000000000e+02 -5.063936899999999923e+02 -5.064079679520001491e+02
9.220000000000000000e+02 -5.063841699999999832e+02 -5.064421330583878671e+02
9.230000000000000000e+02 -5.063969799999999850e+02 -5.064184118809145616e+02
9.240000000000000000e+02 -5.064285199999999918e+02 -5.064403042655447393e+02
9.250000000000000000e+02 -5.064363099999999918e+02 -5.064716320675765360e+02
9.260000000000000000e+02 -5.064390399999999772e+02 -5.064618014047410384e+02
9.270000000000000000e+02 -5.064605900000000247e+02 -5.064759063348087125e+02
9.280000000000000000e+02 -5.064951100000000110e+02 -5.065212221820366381e+02
9.290000000000000000e+02 -5.065125800000000140e+02 -5.065288838335637820e+02
9.300000000000000000e+02 -5.065254600000000096e+02 -5.065385683903099334e+02
9.310000000000000000e+02 -5.065254100000000221e+02 -5.065567766245104053e+02
9.320000000000000000e+02 -5.065494199999999978e+02 -5.065613043952949965e+02
9.330000000000000000e+02 -5.065499699999999734e+02 -5.065603537569733703e+02
9.340000000000000000e+02 -5.065581999999999994e+02 -5.065626037907494492e+02
9.350000000000000000e+02 -5.065588000000000193e+02 -5.065632013077304237e+02
9.360000000000000000e+02 -5.065679200000000151e+02 -5.065679351450255012e+02
9.370000000000000000e+02 -5.065846500000000106e+02 -5.065823634059714209e+02
9.380000000000000000e+02 -5.065706700000000069e+02 -5.066088074696554031e+02
9.390000000000000000e+02 -5.065871900000000210e+02 -5.065907358541358576e+02
9.400000000000000000e+02 -5.065906899999999951e+02 -5.065925629392454539e+02
9.410000000000000000e+02 -5.065995100000000093e+02 -5.065988563167332472e+02
9.420000000000000000e+02 -5.066101199999999949e+02 -5.066117698180540856e+02
9.430000000000000000e+02 -5.066025700000000143e+02 -5.066341737637451956e+02
9.440000000000000000e+02 -5.066268299999999840e+02 -5.066355847311223783e+02
9.450000000000000000e+02 -5.066311699999999973e+02 -5.066368566130923909e+02
9.460000000000000000e+02 -5.066417799999999829e+02 -5.066379785940097804e+02
9.470000000000000000e+02 -5.066482599999999934e+02 -5.066401217995672255e+02
9.480000000000000000e+02 -5.066559500000000185e+02 -5.066432139357128221e+02
9.490000000000000000e+02 -5.066573500000000081e+02 -5.066448567753512862e+02
9.500000000000000000e+02 -5.066613300000000208e+02 -5.066464588191336134e+02
9.510000000000000000e+02 -5.066620899999999779e+02 -5.066469948577081936e+02
9.520000000000000000e+02 -5.066660299999999779e+02 -5.066488488870576816e+02
9.530000000000000000e+02 -5.066692400000000021e+02 -5.066543045263837257e+02
9.540000000000000000e+02 -5.066706599999999980e+02 -5.066558712770068382e+02
9.550000000000000000e+02 -5.066721699999999942e+02 -5.066579685635076657e+02
9.560000000000000000e+02 -5.066737400000000093e+02 -5.066584520418397233e+02
9.570000000000000000e+02 -5.066760699999999815e+02 -5.066595324679082637e+02
9.580000000000000000e+02 -5.066771400000000085e+02 -5.066602648958366899e+02
9.590000000000000000e+02 -5.066793499999999995e+02 -5.066622599080749865e+02
9.600000000000000000e+02 -5.066800700000000006e+02 -5.066631650068362660e+02
9.610000000000000000e+02 -5.066818900000000099e+02 -5.066655985270907649e+02
9.620000000000000000e+02 -5.066828499999999735e+02 -5.066664837022944425e+02
9.630000000000000000e+02 -5.066830600000000118e+02 -5.066674015141830409e+02
9.640000000000000000e+02 -5.066834900000000061e+02 -5.066679582353079354e+02
9.650000000000000000e+02 -5.066847599999999829e+02 -5.066699636836954141e+02
9.660000000000000000e+02 -5.066857699999999909e+02 -5.066705987708136831e+02
9.670000000000000000e+02 -5.066866499999999860e+02 -5.066720989198298639e+02
9.680000000000000000e+02 -5.066873899999999935e+02 -5.066722825960564478e+02
9.690000000000000000e+02 -5.066877600000000257e+02 -5.066727045959820543e+02
9.700000000000000000e+02 -5.066883799999999951e+02 -5.066737007738640273e+02
9.710000000000000000e+02 -5.066902299999999855e+02 -5.066762942518241175e+02
9.720000000000000000e+02 -5.066935700000000224e+02 -5.066813774154964563e+02
9.730000000000000000e+02 -5.066989300000000185e+02 -5.066901206315811805e+02
9.740000000000000000e+02 -5.067046700000000214e+02 -5.067065949470225519e+02
9.750000000000000000e+02 -5.067050600000000031e+02 -5.067066340351451572e+02
9.760000000000000000e+02 -5.067061299999999733e+02 -5.067075279387645423e+02
9.770000000000000000e+02 -5.067066100000000120e+02 -5.067076359054721593e+02
9.780000000000000000e+02 -5.067079699999999889e+02 -5.067075626626793223e+02
9.790000000000000000e+02 -5.067103900000000181e+02 -5.067076091509804883e+02
9.800000000000000000e+02 -5.067140800000000240e+02 -5.067075617139384462e+02
9.810000000000000000e+02 -5.067167999999999779e+02 -5.067073440727897946e+02
9.970000000000000000e+02 -5.047992300000000228e+02 -5.048531866128348611e+02
9.980000000000000000e+02 -5.049934799999999768e+02 -5.049481016993767639e+02
1.000000000000000000e+03 -5.050220100000000230e+02 -5.049990818140415172e+02
1.001000000000000000e+03 -5.051326999999999998e+02 -5.050781206205421086e+02
1.002000000000000000e+03 -5.051495699999999829e+02 -5.051306329584401169e+02
1.003000000000000000e+03 -5.052639199999999846e+02 -5.052159158282350404e+02
1.004000000000000000e+03 -5.053421700000000101e+02 -5.053476104629089605e+02
1.005000000000000000e+03 -5.054406000000000176e+02 -5.053910007999418781e+02
1.006000000000000000e+03 -5.054605700000000184e+02 -5.054158717428857130e+02
1.007000000000000000e+03 -5.055461099999999988e+02 -5.054786030564682164e+02
1.008000000000000000e+03 -5.056364800000000059e+02 -5.056170814592167062e+02
1.009000000000000000e+03 -5.057092299999999909e+02 -5.056590896163801858e+02
1.010000000000000000e+03 -5.057834799999999973e+02 -5.057276175467467283e+02
1.011000000000000000e+03 -5.057188499999999749e+02 -5.058409575429551523e+02
1.012000000000000000e+03 -5.057942400000000021e+02 -5.057594973261991527e+02
1.013000000000000000e+03 -5.058459100000000035e+02 -5.057959974735422293e+02
1.014000000000000000e+03 -5.059035799999999767e+02 -5.058757989118136038e+02
1.015000000000000000e+03 -5.059558299999999917e+02 -5.059090854841835494e+02
1.016000000000000000e+03 -5.060296599999999785e+02 -5.060007209464480979e+02
1.017000000000000000e+03 -5.060807300000000168e+02 -5.060413169977454118e+02
1.018000000000000000e+03 -5.061064700000000016e+02 -5.060796787643645871e+02
1.019000000000000000e+03 -5.060839100000000030e+02 -5.061454337150040601e+02
1.020000000000000000e+03 -5.061102799999999888e+02 -5.060976826397881609e+02
1.021000000000000000e+03 -5.061432899999999790e+02 -5.061213412003660324e+02
1.022000000000000000e+03 -5.061905399999999986e+02 -5.061849798896878951e+02
1.023000000000000000e+03 -5.062162500000000023e+02 -5.061964577563696821e+02
1.024000000000000000e+03 -5.062426100000000133e+02 -5.062199753340587449e+02
1.025000000000000000e+03 -5.062670400000000086e+02 -5.062314108868990843e+02
1.026000000000000000e+03 -5.062811599999999999e+02 -5.062483612804939526e+02
1.027000000000000000e+03 -5.063034299999999917e+02 -5.062652898530495236e+02
1.028000000000000000e+03 -5.063104400000000282e+02 -5.062819912970479663e+02
1.029000000000000000e+03 -5.063265999999999849e+02 -5.062964888160752253e+02
1.030000000000000000e+03 -5.063383999999999787e+02 -5.063200551590434202e+02
1.031000000000000000e+03 -5.063525000000000205e+02 -5.063393923948434576e+02
1.032000000000000000e+03 -5.063539200000000164e+02 -5.063477644635115666e+02
1.033000000000000000e+03 -5.063639699999999948e+02 -5.063606641132161599e+02
1.034000000000000000e+03 -5.063675700000000006e+02 -5.063674405895396262e+02
1.035000000000000000e+03 -5.063710199999999872e+02 -5.063804660422795791e+02
1.036000000000000000e+03 -5.063779400000000237e+02 -5.063875770446232423e+02
1.037000000000000000e+03 -5.063782800000000179e+02 -5.063889392467212360e+02
1.038000000000000000e+03 -5.063852800000000229e+02 -5.063924057560022902e+02
1.039000000000000000e+03 -5.063873800000000074e+02 -5.063935823843920048e+02
1.040000000000000000e+03 -5.063895099999999729e+02 -5.063930628539080772e+02
1.041000000000000000e+03 -5.063897600000000239e+02 -5.063928362945954973e+02
1.042000000000000000e+03 -5.063916899999999828e+02 -5.063925406669497420e+02
1.043000000000000000e+03 -5.063940600000000245e+02 -5.063906790476735864e+02
1.044000000000000000e+03 -5.063949700000000007e+02 -5.063908629136483341e+02
1.045000000000000000e+03 -5.063969500000000039e+02 -5.063908946015924357e+02
1.046000000000000000e+03 -5.063980399999999804e+02 -5.063911257148610048e+02
1.047000000000000000e+03 -5.063994099999999889e+02 -5.063921896328389494e+02
1.048000000000000000e+03 -5.064002899999999840e+02 -5.063926791831123637e+02
1.049000000000000000e+03 -5.064017000000000053e+02 -5.063953929614110052e+02
1.050000000000000000e+03 -5.064023900000000253e+02 -5.063965836311651287e+02
1.051000000000000000e+03 -5.064040899999999965e+02 -5.063994583159102376e+02
1.052000000000000000e+03 -5.064049499999999853e+02 -5.064001448247819894e+02
1.053000000000000000e+03 -5.064064300000000003e+02 -5.064017540789947702e+02
1.054000000000000000e+03 -5.064075300000000084e+02 -5.064024225617905586e+02
1.055000000000000000e+03 -5.064075799999999958e+02 -5.064024303414654469e+02
1.056000000000000000e+03 -5.064086699999999723e+02 -5.064028694187261976e+02
1.057000000000000000e+03 -5.064116700000000151e+02 -5.064041771630999733e+02
1.058000000000000000e+03 -5.064165100000000166e+02 -5.064074670168366197e+02
1.059000000000000000e+03 -5.064212899999999991e+02 -5.064150550460745990e+02
1.060000000000000000e+03 -5.064215399999999931e+02 -5.064154127213712968e+02
1.061000000000000000e+03 -5.064223200000000134e+02 -5.064158887995247937e+02
1.062000000000000000e+03 -5.064226899999999887e+02 -5.064159749451930566e+02
1.063000000000000000e+03 -5.064237200000000030e+02 -5.064160140333156619e+02
1.064000000000000000e+03 -5.064241799999999785e+02 -5.064160337671251000e+02
1.065000000000000000e+03 -5.064254599999999868e+02 -5.064163764523165128e+02
1.066000000000000000e+03 -5.064277099999999905e+02 -5.064171918001943595e+02
1.067000000000000000e+03 -5.064309400000000210e+02 -5.064178481391074342e+02
1.068000000000000000e+03 -5.064323299999999790e+02 -5.064197790164649291e+02
1.069000000000000000e+03 -5.064333199999999806e+02 -5.064203084138536610e+02
1.070000000000000000e+03 -5.064349100000000021e+02 -5.064204958850436356e+02
1.071000000000000000e+03 -5.064355899999999906e+02 -5.064211328696435430e+02
1.072000000000000000e+03 -5.064373499999999808e+02 -5.064231508414101768e+02
1.073000000000000000e+03 -5.064378600000000006e+02 -5.064232772136900280e+02
1.074000000000000000e+03 -5.064391899999999964e+02 -5.064245297413469302e+02
1.075000000000000000e+03 -5.064398699999999849e+02 -5.064246553546341829e+02
1.076000000000000000e+03 -5.064409499999999866e+02 -5.064255177600576872e+02
1.077000000000000000e+03 -5.064413700000000063e+02 -5.064258763840952042e+02
1.078000000000000000e+03 -5.064425800000000208e+02 -5.064269790106993696e+02
1.079000000000000000e+03 -5.064430399999999963e+02 -5.064272505403278046e+02
1.080000000000000000e+03 -5.064437599999999975e+02 -5.064276600168743130e+02
1.086000000000000000e+03 -5.047708000000000084e+02 -5.049533463116331973e+02
1.087000000000000000e+03 -5.049550899999999842e+02 -5.049956264795721950e+02
1.088000000000000000e+03 -5.052370900000000233e+02 -5.050939707255013218e+02
1.089000000000000000e+03 -5.054090699999999856e+02 -5.053132870116750723e+02
1.090000000000000000e+03 -5.054182000000000130e+02 -5.052729990165285017e+02
1.091000000000000000e+03 -5.055082600000000070e+02 -5.053206895078650405e+02
1.092000000000000000e+03 -5.055622999999999934e+02 -5.053945732971282041e+02
1.093000000000000000e+03 -5.056243699999999990e+02 -5.054388217838043147e+02
1.094000000000000000e+03 -5.056767100000000141e+02 -5.055534036817722381e+02
1.095000000000000000e+03 -5.056800299999999879e+02 -5.055866141651267753e+02
1.096000000000000000e+03 -5.057076700000000073e+02 -5.056177470957900368e+02
1.097000000000000000e+03 -5.057331500000000233e+02 -5.056610529406744377e+02
1.098000000000000000e+03 -5.057295899999999733e+02 -5.057389787183052476e+02
1.099000000000000000e+03 -5.057406899999999723e+02 -5.056969737868605534e+02
1.100000000000000000e+03 -5.057607399999999984e+02 -5.057158770686004345e+02
1.101000000000000000e+03 -5.057977900000000204e+02 -5.057644450096795481e+02
1.102000000000000000e+03 -5.057680500000000166e+02 -5.058498872814890319e+02
1.103000000000000000e+03 -5.058036799999999857e+02 -5.057909706650757471e+02
1.104000000000000000e+03 -5.058285900000000197e+02 -5.058031209992649337e+02
1.105000000000000000e+03 -5.058779099999999858e+02 -5.058372396173515426e+02
1.106000000000000000e+03 -5.058599399999999946e+02 -5.058913075988280639e+02
1.107000000000000000e+03 -5.058897799999999734e+02 -5.058569927811357729e+02
1.108000000000000000e+03 -5.059164099999999848e+02 -5.058762875133461989e+02
1.109000000000000000e+03 -5.059400899999999979e+02 -5.059100272043413042e+02
1.110000000000000000e+03 -5.059726400000000126e+02 -5.059301883266867321e+02
1.111000000000000000e+03 -5.060345500000000243e+02 -5.059844143683872062e+02
1.112000000000000000e+03 -5.059797800000000052e+02 -5.060771644113905268e+02
1.113000000000000000e+03 -5.060446200000000090e+02 -5.060110868888654636e+02
1.114000000000000000e+03 -5.060747000000000071e+02 -5.060323534840376283e+02
1.115000000000000000e+03 -5.061085100000000239e+02 -5.060850178983155274e+02
1.116000000000000000e+03 -5.061378199999999765e+02 -5.061078487773846177e+02
1.117000000000000000e+03 -5.061962899999999763e+02 -5.061715944846732782e+02
1.118000000000000000e+03 -5.061705000000000041e+02 -5.062776678850402732e+02
1.119000000000000000e+03 -5.062100800000000049e+02 -5.062121353192536617e+02
1.120000000000000000e+03 -5.062459000000000060e+02 -5.062329973713316917e+02
1.121000000000000000e+03 -5.062655300000000125e+02 -5.062605155993946937e+02
1.122000000000000000e+03 -5.062928200000000061e+02 -5.062792099684015739e+02
1.123000000000000000e+03 -5.063085599999999999e+02 -5.063043588110908217e+02
1.124000000000000000e+03 -5.063330199999999763e+02 -5.063179001890995323e+02
1.125000000000000000e+03 -5.063520300000000134e+02 -5.063420923215257972e+02
1.126000000000000000e+03 -5.063785300000000120e+02 -5.063575566074689505e+02
1.127000000000000000e+03 -5.063931999999999789e+02 -5.063840678420044128e+02
1.128000000000000000e+03 -5.064113500000000272e+02 -5.063976985914002853e+02
1.129000000000000000e+03 -5.064144299999999816e+02 -5.064077565725410182e+02
1.130000000000000000e+03 -5.064307900000000018e+02 -5.064184374969172495e+02
1.131000000000000000e+03 -5.064450800000000186e+02 -5.064407179165509660e+02
1.132000000000000000e+03 -5.064587599999999838e+02 -5.064519504388516111e+02
1.133000000000000000e+03 -5.064605199999999741e+02 -5.064598853277406647e+02
1.134000000000000000e+03 -5.064750500000000102e+02 -5.064692190401241874e+02
1.135000000000000000e+03 -5.064805400000000191e+02 -5.064813189013006536e+02
1.136000000000000000e+03 -5.064900200000000154e+02 -5.064898201884711852e+02
1.137000000000000000e+03 -5.064899199999999837e+02 -5.064902281470323828e+02
1.138000000000000000e+03 -5.064960800000000063e+02 -5.064898366965617811e+02
1.139000000000000000e+03 -5.064969100000000140e+02 -5.064898583278529713e+02
1.140000000000000000e+03 -5.065038499999999999e+02 -5.064909896064305030e+02
1.141000000000000000e+03 -5.065063499999999976e+02 -5.064918651044776539e+02
1.142000000000000000e+03 -5.065128700000000208e+02 -5.064932403991992373e+02
1.143000000000000000e+03 -5.065134800000000155e+02 -5.064930123219012899e+02
1.144000000000000000e+03 -5.065188200000000052e+02 -5.064946098117276279e+02
1.145000000000000000e+03 -5.065204499999999825e+02 -5.064950671048125059e+02
1.146000000000000000e+03 -5.065231400000000122e+02 -5.064959665111287563e+02
1.147000000000000000e+03 -5.065246999999999957e+02 -5.064978953012563920e+02
1.148000000000000000e+03 -5.065259899999999789e+02 -5.064982945314018821e+02
1.149000000000000000e+03 -5.065289099999999962e+02 -5.064996495230694791e+02
1.150000000000000000e+03 -5.065301600000000235e+02 -5.064994743855104389e+02
1.151000000000000000e+03 -5.065312200000000189e+02 -5.064994500977449547e+02
1.152000000000000000e+03 -5.065319299999999885e+02 -5.064992058918527391e+02
1.153000000000000000e+03 -5.065330000000000155e+02 -5.064993542749201083e+02
1.154000000000000000e+03 -5.065334100000000035e+02 -5.064991093100352373e+02
1.155000000000000000e+03 -5.065346299999999928e+02 -5.064993415617928463e+02
1.156000000000000000e+03 -5.065350999999999999e+02 -5.064992787551492484e+02
1.157000000000000000e+03 -5.065356499999999755e+02 -5.064994309331799514e+02
1.181000000000000000e+03 -5.049734000000000265e+02 -5.049868470419175424e+02
1.182000000000000000e+03 -5.050781900000000064e+02 -5.050702949113936029e+02
1.183000000000000000e+03 -5.052912600000000225e+02 -5.051857271251160455e+02
1.184000000000000000e+03 -5.053870099999999752e+02 -5.053134070409447531e+02
1.185000000000000000e+03 -5.055457999999999856e+02 -5.054381766400331344e+02
1.186000000000000000e+03 -5.055511999999999944e+02 -5.054822439443156554e+02
1.187000000000000000e+03 -5.056569000000000074e+02 -5.056042531548233114e+02
1.188000000000000000e+03 -5.056745700000000170e+02 -5.056596935847989016e+02
1.189000000000000000e+03 -5.057577999999999747e+02 -5.057336456562956641e+02
1.190000000000000000e+03 -5.057714100000000030e+02 -5.057731815845783672e+02
1.191000000000000000e+03 -5.058351900000000114e+02 -5.058162407568444223e+02
1.192000000000000000e+03 -5.058706999999999994e+02 -5.058689148482788482e+02
1.193000000000000000e+03 -5.059304999999999950e+02 -5.059036856308188135e+02
1.194000000000000000e+03 -5.059848600000000260e+02 -5.059591025320216318e+02
1.195000000000000000e+03 -5.060531399999999849e+02 -5.060069351989498045e+02
1.196000000000000000e+03 -5.060636099999999828e+02 -5.060283964757423405e+02
1.197000000000000000e+03 -5.061037499999999909e+02 -5.060630014183834646e+02
1.198000000000000000e+03 -5.061522299999999746e+02 -5.061523547794315618e+02
1.199000000000000000e+03 -5.061862399999999980e+02 -5.061771567624697354e+02
1.200000000000000000e+03 -5.062201699999999960e+02 -5.062116653130415784e+02
1.201000000000000000e+03 -5.062244600000000219e+02 -5.062736317517589555e+02
1.202000000000000000e+03 -5.062333899999999858e+02 -5.062444976282973244e+02
1.203000000000000000e+03 -5.062740900000000011e+02 -5.062714001235551677e+02
1.204000000000000000e+03 -5.062774299999999812e+02 -5.062815129419164464e+02
1.205000000000000000e+03 -5.063086099999999874e+02 -5.062973037844567443e+02
1.206000000000000000e+03 -5.063229999999999791e+02 -5.063181891755593824e+02
1.207000000000000000e+03 -5.063431199999999990e+02 -5.063309499296050262e+02
1.208000000000000000e+03 -5.063451999999999771e+02 -5.063373877054486343e+02
1.209000000000000000e+03 -5.063655200000000036e+02 -5.063519708008996076e+02
1.210000000000000000e+03 -5.063730899999999906e+02 -5.063698716430679383e+02
1.211000000000000000e+03 -5.063846599999999967e+02 -5.063842105326267529e+02
1.212000000000000000e+03 -5.063877800000000207e+02 -5.063960914244173637e+02
1.213000000000000000e+03 -5.063968899999999849e+02 -5.064116689900168353e+02
1.214000000000000000e+03 -5.063971300000000042e+02 -5.064097734058185551e+02
1.215000000000000000e+03 -5.064060600000000250e+02 -5.064192598654773292e+02
1.216000000000000000e+03 -5.064065499999999815e+02 -5.064224390960320079e+02
1.217000000000000000e+03 -5.064124400000000037e+02 -5.064260629065443027e+02
1.218000000000000000e+03 -5.064135499999999865e+02 -5.064275277624012119e+02
1.219000000000000000e+03 -5.064182400000000257e+02 -5.064298796909434941e+02
1.220000000000000000e+03 -5.064186500000000137e+02 -5.064299221945331055e+02
1.221000000000000000e+03 -5.064223000000000070e+02 -5.064323689971593581e+02
1.222000000000000000e+03 -5.064230999999999767e+02 -5.064330080689891247e+02
1.223000000000000000e+03 -5.064253400000000056e+02 -5.064342044311883342e+02
1.224000000000000000e+03 -5.064275799999999776e+02 -5.064363878633574245e+02
1.225000000000000000e+03 -5.064284499999999980e+02 -5.064371455277922109e+02
1.226000000000000000e+03 -5.064293599999999742e+02 -5.064384409385351091e+02
1.227000000000000000e+03 -5.064302299999999946e+02 -5.064393282009686459e+02
1.228000000000000000e+03 -5.064317399999999907e+02 -5.064415541367273477e+02
1.229000000000000000e+03 -5.064321699999999851e+02 -5.064419922652472223e+02
1.230000000000000000e+03 -5.064323999999999728e+02 -5.064422474765331685e+02
