1 -.46312086E+03
2 -.46312429E+03
3 -.46313446E+03
4 -.46315466E+03
5 -.46319400E+03
6 -.46326898E+03
7 -.46340424E+03
8 -.46361861E+03
9 -.46382841E+03
10 -.46383516E+03
11 -.46398092E+03
12 -.46414771E+03
13 -.46416086E+03
14 -.46424368E+03
15 -.46430681E+03
16 -.46436351E+03
17 -.46438641E+03
18 -.46442381E+03
19 -.46443243E+03
20 -.46446021E+03
21 -.46446938E+03
22 -.46449303E+03
23 -.46451187E+03
24 -.46453032E+03
25 -.46454914E+03
26 -.46456917E+03
27 -.46457768E+03
28 -.46457982E+03
29 -.46459648E+03
30 -.46460967E+03
31 -.46461230E+03
32 -.46463227E+03
33 -.46465168E+03
34 -.46466655E+03
35 -.46469519E+03
36 -.46470065E+03
37 -.46473644E+03
38 -.46477390E+03
39 -.46479371E+03
40 -.46484261E+03
41 -.46490507E+03
42 -.46498909E+03
43 -.46518527E+03
44 -.46522953E+03
45 -.46528182E+03
46 -.46536292E+03
47 -.46551303E+03
48 -.46563506E+03
49 -.46581095E+03
50 -.46582947E+03
51 -.46595521E+03
52 -.46606456E+03
53 -.46618759E+03
54 -.46620118E+03
55 -.46622805E+03
56 -.46627876E+03
57 -.46629352E+03
58 -.46633212E+03
59 -.46634396E+03
60 -.46636797E+03
61 -.46636961E+03
62 -.46638913E+03
63 -.46639300E+03
64 -.46640839E+03
65 -.46640909E+03
66 -.46641635E+03
67 -.46641667E+03
68 -.46642344E+03
69 -.46642357E+03
70 -.46642543E+03
71 -.46643059E+03
72 -.46643080E+03
73 -.46643464E+03
74 -.46643592E+03
75 -.46644170E+03
76 -.46644354E+03
77 -.46644971E+03
78 -.46645388E+03
79 -.46645847E+03
80 -.46646793E+03
81 -.46647800E+03
82 -.46647860E+03
83 -.46648147E+03
84 -.46648936E+03
85 -.46650438E+03
86 -.46652490E+03
87 -.46654695E+03
88 -.46658079E+03
89 -.46660157E+03
90 -.46663030E+03
91 -.46665382E+03
92 -.46666754E+03
93 -.46667978E+03
94 -.46668298E+03
95 -.46669303E+03
96 -.46669845E+03
97 -.46670841E+03
98 -.46671102E+03
99 -.46671776E+03
100 -.46671808E+03
101 -.46672202E+03
102 -.46672223E+03
103 -.46672520E+03
104 -.46672550E+03
105 -.46672789E+03
106 -.46672839E+03
107 -.46672977E+03
108 -.46673062E+03
109 -.46673119E+03
110 -.46673210E+03
111 -.46673235E+03
112 -.46673249E+03
1 -.46344962E+03
2 -.46345244E+03
3 -.46346078E+03
4 -.46347727E+03
5 -.46350931E+03
6 -.46357023E+03
7 -.46367874E+03
8 -.46384637E+03
9 -.46398793E+03
10 -.46406184E+03
11 -.46420555E+03
12 -.46413901E+03
13 -.46423565E+03
14 -.46432202E+03
15 -.46437364E+03
16 -.46437549E+03
17 -.46443122E+03
18 -.46444896E+03
19 -.46448454E+03
20 -.46449148E+03
21 -.46448595E+03
22 -.46450573E+03
23 -.46451356E+03
24 -.46452994E+03
25 -.46453383E+03
26 -.46454608E+03
27 -.46455751E+03
28 -.46457061E+03
29 -.46458006E+03
30 -.46458333E+03
31 -.46458467E+03
32 -.46460110E+03
33 -.46461044E+03
34 -.46461448E+03
35 -.46463196E+03
36 -.46465690E+03
37 -.46467173E+03
38 -.46470372E+03
39 -.46470015E+03
40 -.46471271E+03
41 -.46473872E+03
42 -.46475992E+03
43 -.46475443E+03
44 -.46476542E+03
45 -.46480326E+03
46 -.46485444E+03
47 -.46488379E+03
48 -.46496605E+03
49 -.46507930E+03
50 -.46469124E+03
51 -.46508657E+03
52 -.46515450E+03
53 -.46525377E+03
54 -.46534725E+03
55 -.46551625E+03
56 -.46553531E+03
57 -.46565555E+03
58 -.46573624E+03
59 -.46582168E+03
60 -.46585274E+03
61 -.46591745E+03
62 -.46593076E+03
63 -.46598886E+03
64 -.46599708E+03
65 -.46604641E+03
66 -.46605488E+03
67 -.46609900E+03
68 -.46610909E+03
69 -.46612889E+03
70 -.46616807E+03
71 -.46614472E+03
72 -.46617657E+03
73 -.46622292E+03
74 -.46626776E+03
75 -.46630266E+03
76 -.46632231E+03
77 -.46632972E+03
78 -.46636392E+03
79 -.46638534E+03
80 -.46637096E+03
81 -.46638903E+03
82 -.46642109E+03
83 -.46644518E+03
84 -.46647350E+03
85 -.46651189E+03
86 -.46654454E+03
87 -.46656425E+03
88 -.46663031E+03
89 -.46662199E+03
90 -.46664473E+03
91 -.46667410E+03
92 -.46667667E+03
93 -.46669807E+03
94 -.46669951E+03
95 -.46671444E+03
96 -.46671189E+03
97 -.46671639E+03
98 -.46672812E+03
99 -.46672952E+03
100 -.46673664E+03
101 -.46673787E+03
102 -.46674410E+03
103 -.46674545E+03
104 -.46674921E+03
105 -.46674981E+03
106 -.46675174E+03
107 -.46675297E+03
108 -.46675362E+03
109 -.46675506E+03
110 -.46675582E+03
111 -.46675648E+03
1 -.46334346E+03
2 -.46334670E+03
3 -.46335633E+03
4 -.46337538E+03
5 -.46341233E+03
6 -.46348163E+03
7 -.46360427E+03
8 -.46378698E+03
9 -.46391922E+03
10 -.46401114E+03
11 -.46418710E+03
12 -.46410016E+03
13 -.46422215E+03
14 -.46431352E+03
15 -.46436362E+03
16 -.46436594E+03
17 -.46442348E+03
18 -.46444420E+03
19 -.46444574E+03
20 -.46448739E+03
21 -.46449471E+03
22 -.46452512E+03
23 -.46453546E+03
24 -.46455716E+03
25 -.46457907E+03
26 -.46459923E+03
27 -.46461638E+03
28 -.46461849E+03
29 -.46463978E+03
30 -.46465454E+03
31 -.46467536E+03
32 -.46468008E+03
33 -.46469048E+03
34 -.46470060E+03
35 -.46471802E+03
36 -.46472745E+03
37 -.46472537E+03
38 -.46473022E+03
39 -.46474565E+03
40 -.46475485E+03
41 -.46475598E+03
42 -.46477080E+03
43 -.46479087E+03
44 -.46480273E+03
45 -.46483355E+03
46 -.46487130E+03
47 -.46484768E+03
48 -.46487857E+03
49 -.46489613E+03
50 -.46494206E+03
51 -.46500865E+03
52 -.46503459E+03
53 -.46504268E+03
54 -.46508592E+03
55 -.46519992E+03
56 -.46536419E+03
57 -.46471180E+03
58 -.46537407E+03
59 -.46552672E+03
60 -.46559865E+03
61 -.46572901E+03
62 -.46593697E+03
63 -.46594385E+03
64 -.46605536E+03
65 -.46610472E+03
66 -.46617676E+03
67 -.46621835E+03
68 -.46629199E+03
69 -.46634729E+03
70 -.46640370E+03
71 -.46640567E+03
72 -.46645258E+03
73 -.46646251E+03
74 -.46651223E+03
75 -.46652059E+03
76 -.46654908E+03
77 -.46656431E+03
78 -.46659730E+03
79 -.46660155E+03
80 -.46662653E+03
81 -.46678029E+03
82 -.46678053E+03
83 -.46680878E+03
84 -.46681763E+03
85 -.46683233E+03
86 -.46683808E+03
87 -.46685328E+03
88 -.46686324E+03
89 -.46688437E+03
90 -.46689633E+03
91 -.46689740E+03
92 -.46691741E+03
93 -.46692392E+03
94 -.46693963E+03
95 -.46694801E+03
96 -.46695578E+03
97 -.46695692E+03
98 -.46696354E+03
99 -.46696530E+03
100 -.46696883E+03
101 -.46696916E+03
102 -.46697200E+03
103 -.46697670E+03
104 -.46698075E+03
105 -.46698093E+03
106 -.46698414E+03
107 -.46698454E+03
108 -.46698732E+03
109 -.46699295E+03
110 -.46699211E+03
111 -.46699464E+03
112 -.46699521E+03
113 -.46699644E+03
114 -.46699728E+03
115 -.46699933E+03
116 -.46699977E+03
117 -.46700093E+03
118 -.46700134E+03
119 -.46700231E+03
1 -.46470762E+03
2 -.46471133E+03
3 -.46472065E+03
4 -.46474028E+03
5 -.46477839E+03
6 -.46485101E+03
7 -.46498571E+03
8 -.46520884E+03
9 -.46545358E+03
10 -.46547106E+03
11 -.46561824E+03
12 -.46584812E+03
13 -.46585521E+03
14 -.46595756E+03
15 -.46603329E+03
16 -.46610566E+03
17 -.46613671E+03
18 -.46618556E+03
19 -.46619656E+03
20 -.46618876E+03
21 -.46619862E+03
22 -.46623663E+03
23 -.46624198E+03
24 -.46626234E+03
25 -.46626507E+03
26 -.46627738E+03
27 -.46628053E+03
28 -.46628973E+03
29 -.46629346E+03
30 -.46630025E+03
31 -.46630028E+03
32 -.46630486E+03
33 -.46630623E+03
34 -.46630980E+03
35 -.46631429E+03
36 -.46631885E+03
37 -.46632668E+03
38 -.46632775E+03
39 -.46633265E+03
40 -.46634476E+03
41 -.46635728E+03
42 -.46636587E+03
43 -.46638464E+03
44 -.46639346E+03
45 -.46639664E+03
46 -.46639702E+03
47 -.46640984E+03
48 -.46642978E+03
49 -.46645417E+03
50 -.46648860E+03
51 -.46651626E+03
52 -.46653912E+03
53 -.46654077E+03
54 -.46656297E+03
55 -.46657107E+03
56 -.46656912E+03
57 -.46657343E+03
58 -.46659022E+03
59 -.46659237E+03
60 -.46660118E+03
61 -.46660338E+03
62 -.46660983E+03
63 -.46661200E+03
64 -.46661739E+03
65 -.46661868E+03
66 -.46662344E+03
67 -.46662407E+03
68 -.46662738E+03
69 -.46662746E+03
70 -.46662925E+03
71 -.46662929E+03
72 -.46663085E+03
73 -.46663073E+03
74 -.46663131E+03
75 -.46663119E+03
1 -.46459230E+03
2 -.46459598E+03
3 -.46460580E+03
4 -.46462605E+03
5 -.46466535E+03
6 -.46474031E+03
7 -.46487778E+03
8 -.46510175E+03
9 -.46533546E+03
10 -.46534466E+03
11 -.46548503E+03
12 -.46568998E+03
13 -.46569301E+03
14 -.46578673E+03
15 -.46583809E+03
16 -.46584625E+03
17 -.46590121E+03
18 -.46592092E+03
19 -.46590553E+03
20 -.46592406E+03
21 -.46595674E+03
22 -.46597013E+03
23 -.46599170E+03
24 -.46599480E+03
25 -.46600653E+03
26 -.46601074E+03
27 -.46602022E+03
28 -.46602226E+03
29 -.46602804E+03
30 -.46602990E+03
31 -.46603413E+03
32 -.46603562E+03
33 -.46603901E+03
34 -.46604010E+03
35 -.46604210E+03
36 -.46604541E+03
37 -.46604797E+03
38 -.46604939E+03
39 -.46605097E+03
40 -.46605317E+03
41 -.46605402E+03
42 -.46605620E+03
43 -.46605689E+03
44 -.46605833E+03
45 -.46605913E+03
46 -.46606044E+03
47 -.46606126E+03
48 -.46606156E+03
49 -.46606203E+03
50 -.46606377E+03
51 -.46606677E+03
52 -.46607181E+03
53 -.46607561E+03
54 -.46607575E+03
55 -.46607634E+03
1 -.46335263E+03
2 -.46335489E+03
3 -.46336158E+03
4 -.46337486E+03
5 -.46340087E+03
6 -.46345085E+03
7 -.46354231E+03
8 -.46369092E+03
9 -.46383376E+03
10 -.46392642E+03
11 -.46410795E+03
12 -.46405443E+03
13 -.46415039E+03
14 -.46423878E+03
15 -.46427742E+03
16 -.46428042E+03
17 -.46431534E+03
18 -.46432651E+03
19 -.46435129E+03
20 -.46436144E+03
21 -.46438195E+03
22 -.46438855E+03
23 -.46440851E+03
24 -.46441402E+03
25 -.46442232E+03
26 -.46443413E+03
27 -.46444604E+03
28 -.46445419E+03
29 -.46446408E+03
30 -.46447196E+03
31 -.46448014E+03
32 -.46449352E+03
33 -.46450650E+03
34 -.46451621E+03
35 -.46451810E+03
36 -.46452506E+03
37 -.46453942E+03
38 -.46454274E+03
39 -.46454606E+03
40 -.46456536E+03
41 -.46459292E+03
42 -.46462026E+03
43 -.46467233E+03
44 -.46464149E+03
45 -.46468244E+03
46 -.46471284E+03
47 -.46477004E+03
48 -.46474120E+03
49 -.46478112E+03
50 -.46482987E+03
51 -.46490288E+03
52 -.46496971E+03
53 -.46502053E+03
54 -.46507495E+03
55 -.46519279E+03
56 -.46512683E+03
57 -.46522563E+03
58 -.46532906E+03
59 -.46553718E+03
60 -.46567756E+03
61 -.46580555E+03
62 -.46593425E+03
63 -.46596383E+03
64 -.46605839E+03
65 -.46610645E+03
66 -.46617538E+03
67 -.46619151E+03
68 -.46625741E+03
69 -.46632004E+03
70 -.46632519E+03
71 -.46637702E+03
72 -.46646164E+03
73 -.46651269E+03
74 -.46658868E+03
75 -.46662749E+03
76 -.46665024E+03
77 -.46668692E+03
78 -.46671795E+03
79 -.46672104E+03
80 -.46675206E+03
81 -.46674798E+03
82 -.46676088E+03
83 -.46678314E+03
84 -.46678936E+03
85 -.46680549E+03
86 -.46681159E+03
87 -.46682582E+03
88 -.46682842E+03
89 -.46683536E+03
90 -.46683567E+03
91 -.46683893E+03
92 -.46683939E+03
93 -.46684154E+03
94 -.46684230E+03
95 -.46684411E+03
96 -.46684569E+03
97 -.46684700E+03
98 -.46684761E+03
99 -.46684871E+03
100 -.46684939E+03
101 -.46685047E+03
102 -.46685168E+03
103 -.46685278E+03
104 -.46685373E+03
105 -.46685458E+03
106 -.46685495E+03
107 -.46685553E+03
108 -.46685587E+03
1 -.46339801E+03
2 -.46340186E+03
3 -.46341345E+03
4 -.46343651E+03
5 -.46348170E+03
6 -.46356891E+03
7 -.46373168E+03
8 -.46399623E+03
9 -.46428385E+03
10 -.46431269E+03
11 -.46446788E+03
12 -.46473046E+03
13 -.46475572E+03
14 -.46493064E+03
15 -.46507130E+03
16 -.46521688E+03
17 -.46533859E+03
18 -.46546322E+03
19 -.46547678E+03
20 -.46555458E+03
21 -.46559225E+03
22 -.46564898E+03
23 -.46565922E+03
24 -.46568619E+03
25 -.46568693E+03
26 -.46570824E+03
27 -.46571461E+03
28 -.46571181E+03
29 -.46571624E+03
30 -.46573137E+03
31 -.46573689E+03
32 -.46573822E+03
33 -.46575145E+03
34 -.46575358E+03
35 -.46575998E+03
36 -.46577066E+03
37 -.46577111E+03
38 -.46577791E+03
39 -.46577973E+03
40 -.46578434E+03
41 -.46578820E+03
42 -.46579349E+03
43 -.46579747E+03
44 -.46580360E+03
45 -.46580981E+03
46 -.46581612E+03
47 -.46582149E+03
48 -.46582230E+03
49 -.46582743E+03
50 -.46583867E+03
51 -.46584565E+03
52 -.46585068E+03
53 -.46586375E+03
54 -.46588269E+03
55 -.46587305E+03
56 -.46588790E+03
57 -.46591266E+03
58 -.46593665E+03
59 -.46595279E+03
60 -.46597919E+03
61 -.46601105E+03
62 -.46601036E+03
63 -.46604444E+03
64 -.46608766E+03
65 -.46611714E+03
66 -.46617229E+03
67 -.46611871E+03
68 -.46617896E+03
69 -.46621973E+03
70 -.46623884E+03
71 -.46626460E+03
72 -.46627453E+03
73 -.46629263E+03
74 -.46629506E+03
75 -.46630579E+03
76 -.46630720E+03
77 -.46631624E+03
78 -.46631747E+03
79 -.46632457E+03
80 -.46632488E+03
81 -.46633138E+03
82 -.46633175E+03
83 -.46633589E+03
84 -.46634075E+03
85 -.46634602E+03
86 -.46634922E+03
87 -.46635295E+03
88 -.46635499E+03
89 -.46635980E+03
90 -.46636225E+03
91 -.46636640E+03
92 -.46636725E+03
93 -.46636981E+03
94 -.46637109E+03
95 -.46637479E+03
96 -.46637637E+03
97 -.46637907E+03
98 -.46638010E+03
99 -.46638283E+03
100 -.46638379E+03
101 -.46638542E+03
102 -.46638585E+03
103 -.46638657E+03
104 -.46638665E+03
1 -.46370729E+03
2 -.46371232E+03
3 -.46372636E+03
4 -.46375427E+03
5 -.46380951E+03
6 -.46391434E+03
7 -.46410463E+03
8 -.46440645E+03
9 -.46471633E+03
10 -.46473537E+03
11 -.46492230E+03
12 -.46523130E+03
13 -.46525108E+03
14 -.46544327E+03
15 -.46550837E+03
16 -.46559939E+03
17 -.46562677E+03
18 -.46563044E+03
19 -.46568730E+03
20 -.46570524E+03
21 -.46574994E+03
22 -.46576869E+03
23 -.46581000E+03
24 -.46582279E+03
25 -.46587085E+03
26 -.46588305E+03
27 -.46588571E+03
28 -.46592369E+03
29 -.46593492E+03
30 -.46593721E+03
31 -.46597388E+03
32 -.46597919E+03
33 -.46598639E+03
34 -.46602366E+03
35 -.46602979E+03
36 -.46607338E+03
37 -.46609021E+03
38 -.46614343E+03
39 -.46616918E+03
40 -.46620393E+03
41 -.46623146E+03
42 -.46624482E+03
43 -.46624805E+03
44 -.46628568E+03
45 -.46630227E+03
46 -.46630545E+03
47 -.46633789E+03
48 -.46634083E+03
49 -.46634582E+03
50 -.46636367E+03
51 -.46636561E+03
52 -.46637752E+03
53 -.46637991E+03
54 -.46638990E+03
55 -.46639275E+03
56 -.46639908E+03
57 -.46640211E+03
58 -.46641101E+03
59 -.46641403E+03
60 -.46641709E+03
61 -.46642386E+03
62 -.46643408E+03
63 -.46644332E+03
64 -.46644815E+03
65 -.46645061E+03
66 -.46645690E+03
67 -.46646465E+03
68 -.46647214E+03
69 -.46647640E+03
70 -.46646500E+03
1 -.46490394E+03
2 -.46483077E+03
3 -.46483781E+03
4 -.46485177E+03
5 -.46487916E+03
6 -.46493175E+03
7 -.46502855E+03
8 -.46519198E+03
9 -.46537521E+03
10 -.46538580E+03
11 -.46549454E+03
12 -.46561751E+03
13 -.46573905E+03
14 -.46580302E+03
15 -.46581820E+03
16 -.46590932E+03
17 -.46592912E+03
18 -.46599181E+03
19 -.46603524E+03
20 -.46603928E+03
21 -.46609528E+03
22 -.46611690E+03
23 -.46615758E+03
24 -.46617516E+03
25 -.46620497E+03
26 -.46622672E+03
27 -.46625817E+03
28 -.46626366E+03
29 -.46628379E+03
30 -.46628603E+03
31 -.46629718E+03
32 -.46629865E+03
33 -.46630849E+03
34 -.46631006E+03
35 -.46631808E+03
36 -.46631855E+03
37 -.46632347E+03
38 -.46632442E+03
39 -.46632824E+03
40 -.46632918E+03
41 -.46633295E+03
42 -.46633348E+03
43 -.46633586E+03
44 -.46633559E+03
45 -.46633776E+03
46 -.46633817E+03
47 -.46634226E+03
48 -.46633763E+03
49 -.46634400E+03
50 -.46634830E+03
51 -.46634426E+03
52 -.46634998E+03
53 -.46635430E+03
54 -.46635488E+03
55 -.46635938E+03
56 -.46636092E+03
57 -.46636381E+03
58 -.46636404E+03
59 -.46636632E+03
60 -.46636666E+03
61 -.46636804E+03
62 -.46636865E+03
63 -.46636969E+03
64 -.46637019E+03
65 -.46637137E+03
66 -.46637221E+03
67 -.46637236E+03
68 -.46637246E+03
1 -.46408913E+03
2 -.46409240E+03
3 -.46410137E+03
4 -.46411967E+03
5 -.46415535E+03
6 -.46422435E+03
7 -.46435180E+03
8 -.46455650E+03
9 -.46474381E+03
10 -.46487159E+03
11 -.46509713E+03
12 -.46512381E+03
13 -.46518321E+03
14 -.46531029E+03
15 -.46539120E+03
16 -.46547925E+03
17 -.46553161E+03
18 -.46553565E+03
19 -.46559399E+03
20 -.46560054E+03
21 -.46563987E+03
22 -.46565630E+03
23 -.46568529E+03
24 -.46569294E+03
25 -.46568539E+03
26 -.46569422E+03
27 -.46572454E+03
28 -.46574117E+03
29 -.46576227E+03
30 -.46580027E+03
31 -.46580390E+03
32 -.46584150E+03
33 -.46588012E+03
34 -.46591791E+03
35 -.46594053E+03
36 -.46593163E+03
37 -.46594568E+03
38 -.46598974E+03
39 -.46601501E+03
40 -.46606387E+03
41 -.46607785E+03
42 -.46606485E+03
43 -.46607990E+03
44 -.46612975E+03
45 -.46613926E+03
46 -.46618203E+03
47 -.46618569E+03
48 -.46622146E+03
49 -.46622246E+03
50 -.46625199E+03
51 -.46625543E+03
52 -.46627493E+03
53 -.46629627E+03
54 -.46632915E+03
55 -.46634898E+03
56 -.46639261E+03
57 -.46642728E+03
58 -.46645071E+03
59 -.46649159E+03
60 -.46649291E+03
61 -.46652547E+03
62 -.46656030E+03
63 -.46658446E+03
64 -.46658766E+03
65 -.46660528E+03
66 -.46661220E+03
67 -.46662681E+03
68 -.46664423E+03
69 -.46665948E+03
70 -.46668750E+03
71 -.46671626E+03
72 -.46674993E+03
73 -.46675213E+03
74 -.46677151E+03
75 -.46677717E+03
76 -.46677994E+03
77 -.46679184E+03
78 -.46679751E+03
79 -.46680657E+03
80 -.46680982E+03
81 -.46681113E+03
82 -.46681920E+03
83 -.46682132E+03
84 -.46682663E+03
85 -.46682754E+03
86 -.46683039E+03
87 -.46683225E+03
88 -.46683374E+03
89 -.46683593E+03
90 -.46683704E+03
91 -.46683817E+03
92 -.46683916E+03
93 -.46684006E+03
94 -.46684115E+03
95 -.46684244E+03
96 -.46684319E+03
97 -.46684320E+03
1 -.46406129E+03
2 -.46406571E+03
3 -.46407813E+03
4 -.46410318E+03
5 -.46415233E+03
6 -.46424712E+03
7 -.46442061E+03
8 -.46469749E+03
9 -.46495091E+03
10 -.46508747E+03
11 -.46535708E+03
12 -.46522806E+03
13 -.46541659E+03
14 -.46554802E+03
15 -.46563352E+03
16 -.46564065E+03
17 -.46573208E+03
18 -.46577864E+03
19 -.46578133E+03
20 -.46585640E+03
21 -.46587152E+03
22 -.46592440E+03
23 -.46594999E+03
24 -.46598032E+03
25 -.46601756E+03
26 -.46605899E+03
27 -.46610235E+03
28 -.46613866E+03
29 -.46618360E+03
30 -.46617051E+03
31 -.46619461E+03
32 -.46625955E+03
33 -.46629761E+03
34 -.46630123E+03
35 -.46635578E+03
36 -.46636621E+03
37 -.46641690E+03
38 -.46643356E+03
39 -.46648214E+03
40 -.46649370E+03
41 -.46652518E+03
42 -.46653543E+03
43 -.46652570E+03
44 -.46653662E+03
45 -.46657202E+03
46 -.46658043E+03
47 -.46660722E+03
48 -.46660937E+03
49 -.46663386E+03
50 -.46663780E+03
51 -.46665586E+03
52 -.46666265E+03
53 -.46667933E+03
54 -.46668022E+03
55 -.46669026E+03
56 -.46669082E+03
57 -.46669621E+03
58 -.46669665E+03
59 -.46670117E+03
60 -.46670229E+03
61 -.46670580E+03
62 -.46670608E+03
63 -.46670861E+03
64 -.46670928E+03
65 -.46671119E+03
66 -.46671148E+03
67 -.46671268E+03
68 -.46671286E+03
69 -.46671383E+03
70 -.46671408E+03
71 -.46671490E+03
72 -.46671495E+03
1 -.46391908E+03
2 -.46392298E+03
3 -.46393370E+03
4 -.46395552E+03
5 -.46399834E+03
6 -.46408272E+03
7 -.46423986E+03
8 -.46450108E+03
9 -.46476580E+03
10 -.46477652E+03
11 -.46494346E+03
12 -.46523964E+03
13 -.46526427E+03
14 -.46542298E+03
15 -.46549348E+03
16 -.46559741E+03
17 -.46562156E+03
18 -.46569524E+03
19 -.46570744E+03
20 -.46575070E+03
21 -.46573396E+03
22 -.46576408E+03
23 -.46579820E+03
24 -.46582805E+03
25 -.46585905E+03
26 -.46589485E+03
27 -.46594486E+03
28 -.46597818E+03
29 -.46598231E+03
30 -.46604072E+03
31 -.46607872E+03
32 -.46605579E+03
33 -.46608602E+03
34 -.46614642E+03
35 -.46622803E+03
36 -.46630577E+03
37 -.46628569E+03
38 -.46633193E+03
39 -.46637931E+03
40 -.46639771E+03
41 -.46643669E+03
42 -.46644468E+03
43 -.46647033E+03
44 -.46647540E+03
45 -.46649321E+03
46 -.46649719E+03
47 -.46650586E+03
48 -.46650845E+03
49 -.46650938E+03
50 -.46651627E+03
51 -.46651729E+03
52 -.46652197E+03
53 -.46652236E+03
54 -.46652650E+03
55 -.46652708E+03
56 -.46653055E+03
57 -.46653070E+03
58 -.46653335E+03
59 -.46653360E+03
60 -.46653611E+03
61 -.46653655E+03
62 -.46653802E+03
63 -.46653805E+03
64 -.46653882E+03
65 -.46653886E+03
