   0.60043635  0.93247485  0.49394584
   0.03971000  0.19194000  0.08602000
   0.31207003  0.43875965  0.28822774
   0.12050428  0.06043033  0.39119664
   0.17791444  0.31560873  0.18713310
   0.25872187  0.19258972  0.48621223
   0.37304000  0.19194000  0.08602000
   0.64442209  0.43784164  0.28761242
   0.45471155  0.06154165  0.39304424
   0.51130438  0.31494043  0.18684977
   0.58618623  0.19012871  0.49472324
   0.70637000  0.19194000  0.08602000
   0.97747232  0.43920796  0.28897279
   0.78786181  0.06238333  0.39233766
   0.84484092  0.31577175  0.18730261
   0.92177057  0.19148898  0.48864643
   0.03971000  0.69194000  0.08602000
   0.31712205  0.93966876  0.28929650
   0.11482572  0.56171225  0.39060467
   0.17909722  0.81585776  0.18757619
   0.25638145  0.69301200  0.48586650
   0.37304000  0.69194000  0.08602000
   0.65016790  0.94012771  0.28951873
   0.44581580  0.56194794  0.39000853
   0.51224820  0.81637051  0.18770542
   0.58706643  0.69461824  0.48497439
   0.70637000  0.69194000  0.08602000
   0.98271371  0.93892902  0.28890220
   0.84526404  0.81571240  0.18745417
   0.91907397  0.69673401  0.48436838
   0.77901361  0.56206822  0.38904937
   0.17919838  0.06401647  0.18558865
   0.24740872  0.43934677  0.49735520
   0.03971000  0.44194000  0.08602000
   0.31411954  0.18805515  0.28897957
   0.11175894  0.31523228  0.38882392
   0.51275323  0.06440888  0.18576402
   0.57962308  0.44130242  0.49243137
   0.37304000  0.44194000  0.08602000
   0.64753781  0.18920760  0.28947852
   0.44559495  0.31542047  0.39251229
   0.84622851  0.06421993  0.18537158
   0.91428320  0.44507066  0.49345623
   0.70637000  0.44194000  0.08602000
   0.98038527  0.18856284  0.28881901
   0.77636611  0.31586879  0.39451003
   0.17827283  0.56448666  0.18553261
   0.26759602  0.93162835  0.49453697
   0.03971000  0.94194000  0.08602000
   0.31401709  0.68809995  0.28866271
   0.12144983  0.81329549  0.38913774
   0.51159887  0.56441246  0.18532466
   0.37304000  0.94194000  0.08602000
   0.64736366  0.68819104  0.28861058
   0.45392765  0.81349023  0.38888831
   0.84514527  0.56423043  0.18544783
   0.93749359  0.93392330  0.49317452
   0.70637000  0.94194000  0.08602000
   0.98084102  0.68814025  0.28873047
   0.78725837  0.81391196  0.38978366
   0.17417000  0.33753000  0.10253000
   0.24387479  0.20912324  0.40444197
   0.03937811  0.33265358  0.51588558
   0.31231485  0.46078577  0.20444067
   0.11467170  0.08449975  0.30734495
   0.23858000  0.04636000  0.06951000
   0.04553437  0.17015232  0.16947360
   0.31046433  0.41842380  0.37221973
   0.13781427  0.04357483  0.47789968
   0.17972081  0.29215638  0.27019460
   0.50750000  0.33753000  0.10253000
   0.57661423  0.20895503  0.41078377
   0.37795489  0.33291134  0.50371812
   0.64550113  0.46023270  0.20398409
   0.44932480  0.08549998  0.30850267
   0.57191000  0.04636000  0.06951000
   0.37824388  0.16982280  0.16940238
   0.64379900  0.41740083  0.37133503
   0.46529331  0.03873654  0.47774587
   0.51253887  0.29177465  0.26976479
   0.84083000  0.33753000  0.10253000
   0.91461972  0.21125416  0.40732699
   0.71637096  0.33972514  0.49941756
   0.97934031  0.46081541  0.20492386
   0.78194863  0.08621500  0.30866525
   0.90524000  0.04636000  0.06951000
   0.71224501  0.17048468  0.16952700
   0.97630969  0.41878183  0.37348660
   0.80519521  0.04202509  0.47744640
   0.84641908  0.29295702  0.27043809
   0.17417000  0.83753000  0.10253000
   0.25401864  0.70593988  0.40275814
   0.06727387  0.82529263  0.50243868
   0.31396981  0.96094735  0.20545919
   0.11413601  0.58322304  0.30647045
   0.23858000  0.54636000  0.06951000
   0.04488704  0.67093147  0.16967423
   0.31985942  0.91759254  0.37281983
   0.11787761  0.54798447  0.47814501
   0.18105059  0.79311058  0.27095831
   0.50750000  0.83753000  0.10253000
   0.58653970  0.70578220  0.40136070
   0.39977741  0.82242164  0.50662808
   0.64748884  0.96147484  0.20559307
   0.44731134  0.58323657  0.30576887
   0.57191000  0.54636000  0.06951000
   0.37833792  0.67119577  0.16979558
   0.65305309  0.91856995  0.37318700
   0.44761143  0.55011195  0.47746359
   0.51440852  0.79350807  0.27104206
   0.84083000  0.83753000  0.10253000
   0.73573007  0.82496046  0.50096486
   0.98044983  0.96076908  0.20509687
   0.78050182  0.58236852  0.30471050
   0.90524000  0.54636000  0.06951000
   0.71161321  0.67061432  0.16958854
   0.98667450  0.91750453  0.37264357
   0.78211662  0.55296523  0.47629178
   0.84742547  0.79302740  0.27067458
   0.92022743  0.70589593  0.40124932
   0.60496039  0.15936008  0.59674739
   0.86372226  0.27666937  0.58650931
