   0.93970581  0.93164682  0.48974491
   0.03971000  0.19194000  0.08602000
   0.31470066  0.44249723  0.28862783
   0.12661706  0.06189720  0.38912080
   0.18036997  0.31767826  0.18586402
   0.25465809  0.19613010  0.48549234
   0.37304000  0.19194000  0.08602000
   0.64919460  0.44035231  0.28662438
   0.45944149  0.06502248  0.39126734
   0.51301713  0.31668055  0.18634701
   0.59127395  0.19317491  0.48902335
   0.70637000  0.19194000  0.08602000
   0.98232445  0.44176068  0.28696153
   0.79146153  0.05928427  0.38559104
   0.84692806  0.31735255  0.18622619
   0.92057933  0.18450044  0.48576019
   0.03971000  0.69194000  0.08602000
   0.31970926  0.94244931  0.28812790
   0.11685916  0.56367575  0.38896184
   0.18021884  0.81851555  0.18590231
   0.25794710  0.69870806  0.48447238
   0.37304000  0.69194000  0.08602000
   0.65246272  0.93949507  0.28463100
   0.45054071  0.56652462  0.39069801
   0.51248646  0.81548167  0.18566377
   0.59310587  0.69873042  0.48583820
   0.70637000  0.69194000  0.08602000
   0.98764767  0.94135978  0.28656491
   0.84657648  0.81704255  0.18627224
   0.92273413  0.69391878  0.48445985
   0.78250872  0.56253441  0.38930039
   0.18180188  0.06702231  0.18441819
   0.25160746  0.44278183  0.49167411
   0.03971000  0.44194000  0.08602000
   0.31848268  0.19190565  0.28807845
   0.11468313  0.31786474  0.39184426
   0.51464993  0.06542476  0.18338661
   0.57975488  0.44497836  0.49638848
   0.37304000  0.44194000  0.08602000
   0.65090024  0.18991888  0.28668857
   0.45038300  0.31969502  0.39130767
   0.84866198  0.06565519  0.18335942
   0.91889278  0.43992846  0.49205796
   0.70637000  0.44194000  0.08602000
   0.98537400  0.19142495  0.28749711
   0.78444104  0.31525490  0.38752597
   0.18047871  0.56634306  0.18471651
   0.27559328  0.93489711  0.49275904
   0.03971000  0.94194000  0.08602000
   0.31615637  0.69139834  0.28818626
   0.12619533  0.81446195  0.38898989
   0.51327812  0.56463296  0.18399427
   0.60835729  0.93425842  0.49349359
   0.37304000  0.94194000  0.08602000
   0.64891194  0.68912481  0.28654099
   0.45964451  0.81570286  0.38810814
   0.84769023  0.56680543  0.18463013
   0.70637000  0.94194000  0.08602000
   0.98310597  0.69117567  0.28770221
   0.79196148  0.81274971  0.38515197
   0.17333611  0.33259476  0.09917271
   0.25201274  0.21110998  0.40369056
   0.05166871  0.33351950  0.49338933
   0.31429967  0.46227011  0.20455937
   0.12024442  0.08713561  0.30566034
   0.23858000  0.04636000  0.06951000
   0.04738708  0.17307656  0.16989797
   0.31490520  0.42282749  0.37357532
   0.14282839  0.04277944  0.47545100
   0.18403493  0.29595288  0.26985359
   0.50750000  0.33753000  0.10253000
   0.58444746  0.21389054  0.40818927
   0.38047579  0.33499441  0.50466286
   0.64830127  0.46196473  0.20327696
   0.45279396  0.08846790  0.30784507
   0.57191000  0.04636000  0.06951000
   0.38048299  0.17189753  0.16977069
   0.64983402  0.41961162  0.37080019
   0.47730220  0.04484098  0.47794731
   0.51745470  0.29453331  0.26959102
   0.84083000  0.33753000  0.10253000
   0.91499567  0.20790636  0.40270875
   0.70651828  0.33787277  0.51321610
   0.98154896  0.46292572  0.20350802
   0.78526078  0.08578195  0.30305133
   0.90524000  0.04636000  0.06951000
   0.71401075  0.17199336  0.16987233
   0.98078533  0.42081513  0.37062075
   0.80460467  0.03454001  0.46772925
   0.84963720  0.29516134  0.26951110
   0.17326631  0.83263410  0.09891657
   0.25984523  0.70710897  0.40097641
   0.07421360  0.82368229  0.49834213
   0.31583019  0.96343011  0.20409774
   0.11624756  0.58664688  0.30550755
   0.23858000  0.54636000  0.06951000
   0.04696279  0.67357292  0.17029601
   0.32531357  0.92039816  0.37236862
   0.12271653  0.55210275  0.47589869
   0.18371783  0.79677438  0.27003341
   0.50750000  0.83753000  0.10253000
   0.59274991  0.70858554  0.40302915
   0.40773381  0.82727056  0.50275279
   0.64918255  0.96126154  0.20159648
   0.44953113  0.58681982  0.30672758
   0.57191000  0.54636000  0.06951000
   0.37954512  0.67049106  0.16941286
   0.65739850  0.91520005  0.36730566
   0.45407827  0.55413537  0.47893332
   0.51615602  0.79368110  0.26847399
   0.84083000  0.83753000  0.10253000
   0.74083984  0.82519227  0.50646016
   0.98385683  0.96250110  0.20293141
   0.78279729  0.58508377  0.30490699
   0.90524000  0.54636000  0.06951000
   0.71271071  0.67179238  0.16983609
   0.99267036  0.91725889  0.37010727
   0.78414568  0.54874288  0.47744195
   0.84942661  0.79565312  0.26979759
   0.92318205  0.70599177  0.40164494
   0.86736874  0.13575944  0.58432158
   0.70178127  0.27354889  0.60193102
