   0.60997131  0.68539903  0.50387708
   0.03971000  0.19194000  0.09637000
   0.31978493  0.44027100  0.29956335
   0.11576497  0.06095597  0.40110598
   0.17987233  0.31651013  0.19779254
   0.26178153  0.18985406  0.49639018
   0.37304000  0.19194000  0.09637000
   0.65182026  0.43813045  0.29704433
   0.45065260  0.06466334  0.40349562
   0.51248301  0.31518288  0.19698430
   0.59293697  0.19495303  0.50176193
   0.70637000  0.19194000  0.09637000
   0.98701828  0.43882177  0.29852220
   0.78224081  0.06229348  0.40197820
   0.84666755  0.31573112  0.19737242
   0.93125622  0.19116402  0.49691751
   0.03971000  0.69194000  0.09637000
   0.31351075  0.94081803  0.30069806
   0.12516439  0.56063466  0.40139459
   0.18008902  0.81666786  0.19797195
   0.25693041  0.69401594  0.49725395
   0.37304000  0.69194000  0.09637000
   0.64622743  0.93975848  0.29991926
   0.45822435  0.56271869  0.40291089
   0.51286867  0.81631777  0.19773166
   0.70637000  0.69194000  0.09637000
   0.97876965  0.93916870  0.29940807
   0.84630715  0.81600763  0.19740061
   0.90704653  0.68642518  0.49964420
   0.79424638  0.55926427  0.39693809
   0.17926327  0.06467037  0.19609065
   0.27852670  0.43035280  0.50403040
   0.03971000  0.44194000  0.09637000
   0.31546460  0.18873481  0.29984940
   0.12757577  0.31226705  0.39958069
   0.51264933  0.06435041  0.19578146
   0.60575024  0.42686070  0.49886710
   0.37304000  0.44194000  0.09637000
   0.64877900  0.18814478  0.29907031
   0.46023214  0.31252092  0.39975665
   0.84613840  0.06461946  0.19571137
   0.94733130  0.42857402  0.50210445
   0.70637000  0.44194000  0.09637000
   0.98221233  0.18824246  0.29926998
   0.79380495  0.31151781  0.39805800
   0.18138017  0.56495807  0.19582196
   0.24729535  0.93713058  0.50586461
   0.03971000  0.94194000  0.09637000
   0.31710837  0.69007534  0.30058069
   0.11055858  0.81646596  0.40383271
   0.51429963  0.56455552  0.19515338
   0.58165326  0.94027296  0.50575677
   0.37304000  0.94194000  0.09637000
   0.64977548  0.68973097  0.29926241
   0.44581685  0.81719340  0.40433563
   0.84805413  0.56456582  0.19517363
   0.91729227  0.93862690  0.50514323
   0.70637000  0.94194000  0.09637000
   0.98424308  0.68979145  0.29903971
   0.77680734  0.81486857  0.40429738
   0.17410457  0.33741972  0.11285386
   0.25961615  0.20458098  0.41258123
   0.07802205  0.32206815  0.51429789
   0.31567630  0.46176883  0.21582530
   0.11528870  0.08357655  0.31689207
   0.23858000  0.04636000  0.07986000
   0.04601488  0.17127814  0.18045878
   0.32700457  0.41684427  0.38305817
   0.11902363  0.04866735  0.48867588
   0.18267560  0.29382580  0.28140846
   0.50742561  0.33741382  0.11284581
   0.59509952  0.20844025  0.41702249
   0.40980646  0.31936127  0.51415600
   0.64830995  0.46051129  0.21405331
   0.44977850  0.08549384  0.31891966
   0.57191000  0.04636000  0.07986000
   0.37881879  0.17034932  0.18012819
   0.66008563  0.41508905  0.38015187
   0.45210375  0.05263346  0.49127051
   0.51558345  0.29257010  0.28033738
   0.84083000  0.33753000  0.11288000
   0.92613616  0.20576409  0.41364205
   0.74260475  0.32663246  0.52517170
   0.98208251  0.46103959  0.21491716
   0.78201273  0.08432841  0.31759067
   0.90524000  0.04636000  0.07986000
   0.71226036  0.17079943  0.18030849
   0.99318680  0.41580933  0.38229949
   0.78606833  0.05182306  0.48939306
   0.84916212  0.29309620  0.28092910
   0.17410433  0.83742110  0.11285494
   0.24510940  0.70953522  0.41506378
   0.04713126  0.82939357  0.51137960
   0.31384020  0.96188983  0.21627926
   0.11747777  0.58486333  0.31745787
   0.23858000  0.54636000  0.07986000
   0.04755932  0.67103273  0.18041840
   0.31103590  0.92160988  0.38519577
   0.14626506  0.54047401  0.48764882
   0.18305943  0.79401391  0.28152898
   0.50743179  0.83742039  0.11285259
   0.57615889  0.71039975  0.42043795
   0.38014630  0.83298284  0.51541806
   0.64699131  0.96154018  0.21569772
   0.45164640  0.58623506  0.31894421
   0.57191000  0.54636000  0.07986000
   0.38071803  0.67081282  0.18023783
   0.64367886  0.91994487  0.38414039
   0.47770414  0.53671724  0.48689123
   0.51553230  0.79343508  0.28111044
   0.84083000  0.83753000  0.11288000
   0.71560489  0.83807302  0.51189484
   0.98010087  0.96133014  0.21526840
   0.78392447  0.58431507  0.31501117
   0.90524000  0.54636000  0.07986000
   0.71389010  0.67044445  0.18006806
   0.97524239  0.91895255  0.38357312
   0.81042841  0.52870071  0.47822164
   0.84879322  0.79292334  0.28054157
   0.91186930  0.70656933  0.41547415
   0.43352607  0.69394836  0.58322035
   0.75947901  0.48953664  0.59283440
