   0.94044984  0.68982273  0.49925012
   0.03971000  0.19194000  0.09637000
   0.31956009  0.43970557  0.29910280
   0.11653492  0.06136907  0.40072888
   0.18006337  0.31591135  0.19696300
   0.25872903  0.19331967  0.49652674
   0.37304000  0.19194000  0.09637000
   0.65229812  0.43828640  0.29739439
   0.45054010  0.06434480  0.40325563
   0.51249136  0.31507255  0.19708396
   0.59052589  0.19560701  0.50092418
   0.70637000  0.19194000  0.09637000
   0.98611094  0.43870185  0.29844338
   0.78174919  0.06232639  0.40179230
   0.84625078  0.31564779  0.19749455
   0.92650619  0.19194141  0.49704220
   0.03971000  0.69194000  0.09637000
   0.31349930  0.94074408  0.30064917
   0.12807682  0.56039969  0.40036619
   0.17990342  0.81662288  0.19811799
   0.24418327  0.68854674  0.50154497
   0.37304000  0.69194000  0.09637000
   0.64615081  0.93959173  0.30001874
   0.45675255  0.56084418  0.40211772
   0.51271294  0.81620757  0.19790390
   0.59357384  0.69238432  0.49755754
   0.70637000  0.69194000  0.09637000
   0.97916559  0.93963451  0.29897485
   0.84613461  0.81595549  0.19754977
   0.79201478  0.56009008  0.40000874
   0.17937106  0.06441473  0.19627272
   0.27707828  0.42967163  0.50355981
   0.03971000  0.44194000  0.09637000
   0.31554354  0.18864775  0.29977685
   0.12637147  0.31219411  0.40007503
   0.51254343  0.06426028  0.19602318
   0.61001593  0.43059647  0.50230368
   0.37304000  0.44194000  0.09637000
   0.64902471  0.18808206  0.29921623
   0.46105910  0.31206255  0.39978584
   0.84569245  0.06425763  0.19591781
   0.94858418  0.42972523  0.50283046
   0.70637000  0.44194000  0.09637000
   0.98233677  0.18819921  0.29940206
   0.79329758  0.31135810  0.39859093
   0.18123320  0.56509635  0.19595279
   0.25226024  0.94243186  0.50426463
   0.03971000  0.94194000  0.09637000
   0.31726873  0.69052737  0.30052567
   0.11060003  0.81622432  0.40402123
   0.51388485  0.56436757  0.19526977
   0.57958938  0.93807512  0.50636088
   0.37304000  0.94194000  0.09637000
   0.64986161  0.68921780  0.29920914
   0.44298023  0.81777715  0.40460487
   0.84779849  0.56469073  0.19562023
   0.91502550  0.94190309  0.50262976
   0.70637000  0.94194000  0.09637000
   0.98324327  0.68984151  0.29925089
   0.77853488  0.81583833  0.40270998
   0.17403792  0.33332827  0.10963137
   0.26025294  0.20493672  0.41219279
   0.07906090  0.32112798  0.51393887
   0.31464578  0.46067671  0.21485444
   0.11586555  0.08398299  0.31657195
   0.23858000  0.04636000  0.07986000
   0.04571694  0.17138283  0.18042410
   0.32659809  0.41600090  0.38281639
   0.11835560  0.05261543  0.48855706
   0.18278123  0.29388337  0.28090408
   0.50750000  0.33753000  0.11288000
   0.59492435  0.20760140  0.41637676
   0.41272828  0.32128107  0.51336887
   0.64807513  0.46027283  0.21370125
   0.44998754  0.08535412  0.31844231
   0.57191000  0.04636000  0.07986000
   0.37866604  0.17035513  0.18000154
   0.65960821  0.41562129  0.38107822
   0.45448548  0.05014990  0.49125138
   0.51564752  0.29249102  0.28020667
   0.84083000  0.33753000  0.11288000
   0.92567027  0.20506059  0.41349502
   0.74342175  0.32520522  0.52072641
   0.98230022  0.46078734  0.21462761
   0.78205536  0.08432562  0.31729304
   0.90524000  0.04636000  0.07986000
   0.71215425  0.17073465  0.18006722
   0.99218391  0.41538294  0.38156746
   0.78326350  0.05094068  0.48983136
   0.84913965  0.29280292  0.28066015
   0.17417000  0.83753000  0.11288000
   0.24457072  0.70907732  0.41889759
   0.05244306  0.84027000  0.50230690
   0.31390141  0.96176013  0.21604424
   0.11767556  0.58544845  0.31679354
   0.23858000  0.54636000  0.07986000
   0.04713954  0.67102565  0.18027693
   0.31005630  0.92123341  0.38491700
   0.14658825  0.53456278  0.48342261
   0.18277744  0.79393537  0.28151790
   0.50750000  0.83753000  0.11288000
   0.57717828  0.70918383  0.41563121
   0.37864751  0.83289899  0.51361827
   0.64697203  0.96143894  0.21546712
   0.45033411  0.58526197  0.31829363
   0.57191000  0.54636000  0.07986000
   0.38037018  0.67069738  0.18016972
   0.64344608  0.91984051  0.38441708
   0.47890611  0.54049367  0.48806015
   0.51514212  0.79329900  0.28108545
   0.84083000  0.83753000  0.11288000
   0.71339169  0.83264929  0.51561972
   0.98027714  0.96121489  0.21493564
   0.78437141  0.58385970  0.31536955
   0.90524000  0.54636000  0.07986000
   0.71344211  0.67052365  0.18000365
   0.97560066  0.91940846  0.38261446
   0.81405185  0.53867498  0.48593621
   0.84848462  0.79286885  0.28052788
   0.90939548  0.70721984  0.41653207
   0.05921689  0.65891059  0.58831250
   0.78107850  0.49615339  0.59743597
