   0.57690527  0.68991109  0.50339182
   0.03971000  0.19194000  0.09637000
   0.31956812  0.44002019  0.29942844
   0.11607284  0.06090506  0.40075521
   0.17943776  0.31568253  0.19722775
   0.25964588  0.19077888  0.49639927
   0.37304000  0.19194000  0.09637000
   0.65183706  0.43805482  0.29690737
   0.45097177  0.06465180  0.40324223
   0.51218378  0.31460840  0.19622746
   0.59087070  0.19617920  0.50159735
   0.70637000  0.19194000  0.09637000
   0.98679098  0.43888154  0.29861786
   0.78192311  0.06236086  0.40175275
   0.84645180  0.31572311  0.19743363
   0.92969492  0.19208550  0.49676868
   0.03971000  0.69194000  0.09637000
   0.31355337  0.94065771  0.30064344
   0.12627770  0.56122383  0.40150281
   0.17966449  0.81594267  0.19743380
   0.27403205  0.69324041  0.50307082
   0.37304000  0.69194000  0.09637000
   0.64607074  0.93970496  0.29979208
   0.45946107  0.56123199  0.40155563
   0.51250277  0.81557086  0.19718477
   0.70637000  0.69194000  0.09637000
   0.97892623  0.93901522  0.29934956
   0.84611427  0.81586724  0.19745673
   0.92498439  0.68932671  0.49510389
   0.79126740  0.55923432  0.39830614
   0.17931740  0.06467862  0.19610394
   0.27958306  0.43133780  0.50452565
   0.03971000  0.44194000  0.09637000
   0.31562188  0.18878676  0.29975829
   0.12736875  0.31264995  0.39981479
   0.51268904  0.06444553  0.19588889
   0.60735136  0.42676792  0.49946691
   0.37304000  0.44194000  0.09637000
   0.64886443  0.18827614  0.29910097
   0.46009365  0.31240339  0.39967755
   0.84594072  0.06452286  0.19575599
   0.94686489  0.42965784  0.50312380
   0.70637000  0.44194000  0.09637000
   0.98238810  0.18840254  0.29923886
   0.79353279  0.31137209  0.39815234
   0.18116934  0.56484788  0.19596386
   0.24728522  0.94157349  0.50416887
   0.03971000  0.94194000  0.09637000
   0.31679233  0.68999584  0.30065229
   0.11221916  0.81593060  0.40302521
   0.51418195  0.56451928  0.19538150
   0.58553052  0.94061029  0.50547362
   0.37304000  0.94194000  0.09637000
   0.64959160  0.68962494  0.29938675
   0.44448219  0.81601112  0.40472011
   0.84769398  0.56441905  0.19543105
   0.91615765  0.93726630  0.50477966
   0.70637000  0.94194000  0.09637000
   0.98412157  0.68959140  0.29890852
   0.77634295  0.81599872  0.40409475
   0.17349038  0.33320335  0.11005182
   0.25923939  0.20384146  0.41267895
   0.07816619  0.32117414  0.51405879
   0.31510767  0.46089858  0.21510336
   0.11521861  0.08342095  0.31692394
   0.23858000  0.04636000  0.07986000
   0.04546131  0.17094424  0.18075231
   0.32585978  0.41620663  0.38260705
   0.11545789  0.04978633  0.48908455
   0.18258686  0.29369126  0.28123427
   0.50680840  0.33308205  0.10935666
   0.59518155  0.20768121  0.41684352
   0.40925829  0.31873841  0.51383319
   0.64755882  0.45971892  0.21331535
   0.44985842  0.08528158  0.31863019
   0.57191000  0.04636000  0.07986000
   0.37865252  0.17021681  0.18047677
   0.66056679  0.41511062  0.38050107
   0.45406712  0.05509533  0.49086347
   0.51548987  0.29232180  0.28014952
   0.84083000  0.33753000  0.11288000
   0.92586909  0.20517086  0.41376119
   0.74265782  0.32623076  0.52238097
   0.98230321  0.46084232  0.21473864
   0.78219246  0.08421963  0.31751968
   0.90524000  0.04636000  0.07986000
   0.71220670  0.17076652  0.18028955
   0.99225941  0.41601626  0.38230815
   0.78732684  0.04977298  0.48964226
   0.84927267  0.29290308  0.28091751
   0.17344568  0.83323874  0.11012783
   0.24415831  0.70945652  0.41787606
   0.04584204  0.83059310  0.51308264
   0.31346194  0.96108006  0.21572195
   0.11742881  0.58513193  0.31728310
   0.23858000  0.54636000  0.07986000
   0.04702901  0.67090015  0.18071249
   0.31039571  0.92203784  0.38464803
   0.14608380  0.53915167  0.48647482
   0.18291870  0.79426929  0.28141548
   0.50681325  0.83330775  0.10986929
   0.57955390  0.70908636  0.41898824
   0.37909463  0.84382117  0.50737645
   0.64640018  0.96087392  0.21510093
   0.45112165  0.58615631  0.31836029
   0.57191000  0.54636000  0.07986000
   0.38037240  0.67068874  0.18059905
   0.64326461  0.92010048  0.38403309
   0.47891969  0.53294038  0.48365830
   0.51539917  0.79372910  0.28107096
   0.84083000  0.83753000  0.11288000
   0.71762817  0.83407744  0.51233388
   0.98028497  0.96112642  0.21512235
   0.78415263  0.58397489  0.31460887
   0.90524000  0.54636000  0.07986000
   0.71364095  0.67060331  0.18007557
   0.97615488  0.91924464  0.38370256
   0.81166939  0.53739620  0.48595628
   0.84883291  0.79322492  0.28065217
   0.90959870  0.70769532  0.41301707
   0.43267751  0.67311542  0.58734815
   0.76192855  0.48872168  0.59506001
