   0.93553453  0.68925234  0.50017474
   0.03971000  0.19194000  0.09637000
   0.31902514  0.43852624  0.29812570
   0.11590272  0.06268841  0.40043089
   0.18007906  0.31524493  0.19628585
   0.25211008  0.19760082  0.49646787
   0.37304000  0.19194000  0.09637000
   0.65230343  0.43890499  0.29883355
   0.44985224  0.06343319  0.40239161
   0.51336005  0.31585928  0.19758844
   0.58777401  0.19637770  0.49905962
   0.70637000  0.19194000  0.09637000
   0.98576509  0.43872647  0.29821263
   0.78140458  0.06239378  0.40147416
   0.84609714  0.31567635  0.19739950
   0.92286483  0.19242310  0.49699645
   0.03971000  0.69194000  0.09637000
   0.31252831  0.94018365  0.30016857
   0.12695216  0.55962706  0.39992983
   0.17929356  0.81633493  0.19791965
   0.25255088  0.68918096  0.49905859
   0.37304000  0.69194000  0.09637000
   0.64568670  0.93968196  0.29946946
   0.45763295  0.56052439  0.40079966
   0.51267627  0.81587666  0.19767783
   0.59503296  0.69389052  0.49631435
   0.70637000  0.69194000  0.09637000
   0.97929909  0.93957615  0.29885984
   0.84582696  0.81566041  0.19753136
   0.79162328  0.56057502  0.40080416
   0.17955035  0.06460103  0.19597247
   0.28051885  0.43159943  0.50277074
   0.03971000  0.44194000  0.09637000
   0.31603844  0.18881740  0.29947508
   0.12631016  0.31208190  0.39907378
   0.51259970  0.06449479  0.19598411
   0.61234032  0.43295662  0.50401891
   0.37304000  0.44194000  0.09637000
   0.64914768  0.18845598  0.29942101
   0.46030060  0.31266257  0.39998094
   0.84582105  0.06424760  0.19564799
   0.94927669  0.42957344  0.50257400
   0.70637000  0.44194000  0.09637000
   0.98234373  0.18833105  0.29877731
   0.79316960  0.31223126  0.39921687
   0.18071024  0.56464646  0.19539875
   0.25143371  0.94159272  0.50432977
   0.03971000  0.94194000  0.09637000
   0.31627722  0.68935620  0.29951726
   0.10968089  0.81690987  0.40430556
   0.51400247  0.56440899  0.19543847
   0.58192516  0.93838052  0.50607737
   0.37304000  0.94194000  0.09637000
   0.64953638  0.68881218  0.29937481
   0.44341355  0.81698273  0.40293649
   0.84748406  0.56458924  0.19561646
   0.91621322  0.94064690  0.50257212
   0.70637000  0.94194000  0.09637000
   0.98307613  0.68958835  0.29995407
   0.77808578  0.81610886  0.40128471
   0.17313619  0.33279540  0.10950685
   0.26011967  0.20518002  0.41189645
   0.08104021  0.31906000  0.51327187
   0.31466279  0.46032112  0.21383973
   0.11578129  0.08388160  0.31613437
   0.23858000  0.04636000  0.07986000
   0.04548948  0.17061689  0.18011174
   0.32585910  0.41635392  0.38207966
   0.11882791  0.05214920  0.48797364
   0.18267307  0.29303882  0.28001852
   0.50750000  0.33753000  0.11288000
   0.59398964  0.20611406  0.41489379
   0.41312472  0.32304258  0.51283245
   0.64835035  0.46121157  0.21504769
   0.44945657  0.08440347  0.31784480
   0.57191000  0.04636000  0.07986000
   0.37912597  0.17080227  0.18021919
   0.65882717  0.41612169  0.38242067
   0.45396407  0.05011237  0.49026692
   0.51622854  0.29300943  0.28091217
   0.84083000  0.33753000  0.11288000
   0.92530578  0.20491328  0.41338563
   0.74501334  0.32390737  0.51842235
   0.98185204  0.46091818  0.21445132
   0.78216698  0.08401978  0.31710417
   0.90524000  0.04636000  0.07986000
   0.71217969  0.17053539  0.18010364
   0.99195363  0.41527652  0.38152934
   0.78374174  0.04905724  0.48928151
   0.84914080  0.29277406  0.28061337
   0.17417000  0.83753000  0.11288000
   0.24465014  0.70939691  0.41634045
   0.05178059  0.83936095  0.50524865
   0.31370089  0.96147006  0.21577181
   0.11710884  0.58495921  0.31668636
   0.23858000  0.54636000  0.07986000
   0.04675767  0.67099589  0.18014301
   0.30960552  0.92103142  0.38450796
   0.14811314  0.53550625  0.48335274
   0.18207362  0.79366146  0.28127045
   0.50750000  0.83753000  0.11288000
   0.57739668  0.70979327  0.41460285
   0.37992647  0.83218406  0.51435526
   0.64677845  0.96112249  0.21535519
   0.45004851  0.58446247  0.31685893
   0.57191000  0.54636000  0.07986000
   0.38014048  0.67069304  0.18010955
   0.64263127  0.91996992  0.38360902
   0.48026078  0.54241616  0.48754258
   0.51529211  0.79292663  0.28092914
   0.84083000  0.83753000  0.11288000
   0.71523201  0.83295855  0.51504872
   0.98011680  0.96088294  0.21480671
   0.78391545  0.58481013  0.31705557
   0.90524000  0.54636000  0.07986000
   0.71324335  0.67057281  0.18001207
   0.97586607  0.92036263  0.38263540
   0.81350658  0.53740978  0.48540314
   0.84830665  0.79291334  0.28079906
   0.90834882  0.70902361  0.41690484
   0.03995631  0.65365884  0.59139664
   0.80152295  0.49678300  0.60291015
