   0.93240222  0.18819174  0.49894827
   0.03971000  0.19194000  0.09637000
   0.31976318  0.44002940  0.29954623
   0.11615476  0.06100976  0.40158952
   0.17990618  0.31644698  0.19783290
   0.25722705  0.18760923  0.49871223
   0.37304000  0.19194000  0.09637000
   0.65182196  0.43802225  0.29712317
   0.45064644  0.06491640  0.40350592
   0.51256832  0.31523767  0.19709271
   0.59274501  0.19528903  0.50182701
   0.70637000  0.19194000  0.09637000
   0.98680367  0.43867617  0.29844713
   0.78259554  0.06264199  0.40213657
   0.84653228  0.31571842  0.19740930
   0.03971000  0.69194000  0.09637000
   0.31354284  0.94090471  0.30063088
   0.12486181  0.56028330  0.40109516
   0.18004349  0.81661529  0.19795572
   0.25704120  0.69400018  0.49707306
   0.37304000  0.69194000  0.09637000
   0.64622917  0.93985561  0.29979898
   0.45789301  0.56201819  0.40237938
   0.51281014  0.81625445  0.19768049
   0.60462472  0.68830999  0.50110403
   0.70637000  0.69194000  0.09637000
   0.97886786  0.93929877  0.29933577
   0.84621056  0.81595208  0.19735164
   0.91383513  0.68790435  0.49776412
   0.79362995  0.55906014  0.39648084
   0.17937622  0.06471013  0.19610902
   0.27936750  0.42991947  0.50408739
   0.03971000  0.44194000  0.09637000
   0.31550140  0.18879168  0.29988967
   0.12784234  0.31177975  0.39932596
   0.51261620  0.06440223  0.19581068
   0.60476167  0.42526831  0.49900865
   0.37304000  0.44194000  0.09637000
   0.64871007  0.18826290  0.29908854
   0.46042114  0.31242421  0.39975073
   0.84612504  0.06462686  0.19574048
   0.94659545  0.42914173  0.50218343
   0.70637000  0.44194000  0.09637000
   0.98234910  0.18819192  0.29930144
   0.79343517  0.31140635  0.39798785
   0.18137772  0.56491050  0.19582570
   0.24810352  0.93942506  0.50571066
   0.03971000  0.94194000  0.09637000
   0.31699570  0.69007772  0.30044113
   0.11069278  0.81689803  0.40361522
   0.51433899  0.56440232  0.19520358
   0.58125630  0.94168345  0.50555763
   0.37304000  0.94194000  0.09637000
   0.64997396  0.68950130  0.29915816
   0.44538147  0.81789905  0.40414972
   0.84783208  0.56443669  0.19525824
   0.91899118  0.94127940  0.50508557
   0.70637000  0.94194000  0.09637000
   0.98385571  0.68962194  0.29899696
   0.77738697  0.81561180  0.40395621
   0.17417000  0.33753000  0.11288000
   0.26033710  0.20485596  0.41257050
   0.07897419  0.33240812  0.51153155
   0.31559000  0.46178642  0.21574291
   0.11510982  0.08343619  0.31680130
   0.23858000  0.04636000  0.07986000
   0.04582818  0.17122765  0.18044211
   0.32667384  0.41732789  0.38318220
   0.11879537  0.04290065  0.48582144
   0.18258490  0.29388388  0.28139116
   0.50750000  0.33753000  0.11288000
   0.59519690  0.20816768  0.41712395
   0.41305422  0.32295175  0.51341480
   0.64830409  0.46059309  0.21386379
   0.44980022  0.08520894  0.31888614
   0.57191000  0.04636000  0.07986000
   0.37878938  0.17033386  0.18009091
   0.65955322  0.41465492  0.38027080
   0.45255208  0.05137913  0.49112672
   0.51540456  0.29230880  0.28026825
   0.84083000  0.33753000  0.11288000
   0.92567317  0.20636492  0.41367043
   0.74268546  0.32733546  0.52436150
   0.98222428  0.46106978  0.21488825
   0.78196074  0.08415714  0.31759540
   0.90524000  0.04636000  0.07986000
   0.71227784  0.17078150  0.18028801
   0.99361475  0.41621093  0.38255609
   0.78402778  0.04941146  0.48886867
   0.84930484  0.29310379  0.28092398
   0.17417000  0.83753000  0.11288000
   0.24532280  0.70960301  0.41521843
   0.04308459  0.82554805  0.51172250
   0.31384828  0.96181658  0.21628898
   0.11762395  0.58502834  0.31758270
   0.23858000  0.54636000  0.07986000
   0.04754859  0.67111326  0.18042516
   0.31101606  0.92100871  0.38527628
   0.14591528  0.53997809  0.48772994
   0.18308940  0.79399302  0.28157753
   0.50750000  0.83753000  0.11288000
   0.57741424  0.70985071  0.42074839
   0.38015835  0.83249963  0.51553325
   0.64699276  0.96147306  0.21567218
   0.45171578  0.58657389  0.31903457
   0.57191000  0.54636000  0.07986000
   0.38065075  0.67090475  0.18023783
   0.64333859  0.91907125  0.38422738
   0.48053975  0.53914702  0.48792440
   0.51558093  0.79346742  0.28125846
   0.84083000  0.83753000  0.11288000
   0.71551889  0.83131745  0.51289887
   0.98009167  0.96126987  0.21522689
   0.78433503  0.58490007  0.31472707
   0.90524000  0.54636000  0.07986000
   0.71386377  0.67058725  0.18006070
   0.97473082  0.91810221  0.38360719
   0.81065993  0.53218147  0.48114972
   0.84875013  0.79291967  0.28063975
   0.91078635  0.70755112  0.41559817
   0.09539171  0.18621563  0.58824804
   0.76049709  0.48938819  0.59327046
