   0.94256249  0.93339666  0.49257343
   0.03971000  0.19194000  0.08602000
   0.31292626  0.43936046  0.28726691
   0.12471401  0.06230775  0.39025009
   0.17997231  0.31526147  0.18524495
   0.25922895  0.19473409  0.48671933
   0.37304000  0.19194000  0.08602000
   0.64691793  0.43946671  0.28738022
   0.45840614  0.06181547  0.38938827
   0.51284877  0.31562608  0.18661391
   0.58830128  0.19355094  0.48711513
   0.70637000  0.19194000  0.08602000
   0.98012128  0.43976015  0.28802818
   0.79149871  0.06176932  0.39086164
   0.84636096  0.31598898  0.18680939
   0.92961394  0.18535902  0.49120965
   0.03971000  0.69194000  0.08602000
   0.31743610  0.93908133  0.28723719
   0.11374756  0.56366445  0.38963204
   0.17967861  0.81517138  0.18551270
   0.25097438  0.69833597  0.48481175
   0.37304000  0.69194000  0.08602000
   0.65145062  0.94062173  0.28813379
   0.44488781  0.56372379  0.38898641
   0.51306754  0.81628281  0.18699561
   0.58706487  0.69730699  0.48399899
   0.70637000  0.69194000  0.08602000
   0.98426024  0.94029775  0.28805180
   0.84606628  0.81622272  0.18693730
   0.91732598  0.69787075  0.48519901
   0.77958247  0.56426499  0.38970647
   0.18103250  0.06398303  0.18431523
   0.24395856  0.44182703  0.49391516
   0.03971000  0.44194000  0.08602000
   0.31620352  0.18907214  0.28776844
   0.11176447  0.31703055  0.39234010
   0.51464333  0.06436428  0.18461658
   0.57180730  0.44477678  0.49484684
   0.37304000  0.44194000  0.08602000
   0.64990171  0.18945640  0.28888682
   0.44672567  0.31701641  0.38918576
   0.84792147  0.06449726  0.18460349
   0.91151751  0.44423239  0.49206420
   0.70637000  0.44194000  0.08602000
   0.98379241  0.18977361  0.28810079
   0.78055460  0.31518710  0.38989077
   0.17961652  0.56427265  0.18446099
   0.27728512  0.93438651  0.49193168
   0.03971000  0.94194000  0.08602000
   0.31446972  0.68911057  0.28744587
   0.12220469  0.81445928  0.38853394
   0.51294260  0.56450177  0.18448093
   0.60855627  0.93326897  0.49287460
   0.37304000  0.94194000  0.08602000
   0.64770266  0.68909050  0.28788945
   0.45533316  0.81490936  0.38802112
   0.84637600  0.56445371  0.18472168
   0.70637000  0.94194000  0.08602000
   0.98128328  0.68935155  0.28777280
   0.78905998  0.81464533  0.38788960
   0.17326124  0.33246769  0.09885321
   0.24760985  0.21101744  0.40401234
   0.04210344  0.33833471  0.50067116
   0.31324766  0.46010131  0.20273938
   0.11795221  0.08573720  0.30651084
   0.23858000  0.04636000  0.06951000
   0.04706043  0.17037572  0.16934516
   0.31025575  0.41994145  0.37148566
   0.14540597  0.04278555  0.47598858
   0.18254290  0.29293050  0.26880675
   0.50750000  0.33753000  0.10253000
   0.58098295  0.21119106  0.40188948
   0.37528468  0.33624133  0.50552645
   0.64716707  0.46107173  0.20376407
   0.45033639  0.08450525  0.30540150
   0.57191000  0.04636000  0.06951000
   0.38016709  0.17035311  0.16963752
   0.64673043  0.42005362  0.37137643
   0.47684801  0.04172035  0.47533891
   0.51549513  0.29310178  0.26980518
   0.84083000  0.33753000  0.10253000
   0.91305331  0.20936883  0.40924410
   0.70513855  0.34233524  0.50831992
   0.98052093  0.46077391  0.20397196
   0.78537514  0.08627319  0.30710860
   0.90524000  0.04636000  0.06951000
   0.71382016  0.17085424  0.16976130
   0.97770717  0.41957158  0.37215920
   0.80717355  0.03711801  0.47477000
   0.84848940  0.29335324  0.27009826
   0.17323203  0.83244219  0.09900325
   0.25523393  0.70683883  0.40105826
   0.07545167  0.82449153  0.50013871
   0.31489110  0.95985869  0.20279000
   0.11481233  0.58460619  0.30551109
   0.23858000  0.54636000  0.06951000
   0.04569614  0.67076307  0.16953069
   0.32069013  0.91847212  0.37119475
   0.11434849  0.55150924  0.47686272
   0.18138415  0.79377126  0.26919924
   0.50750000  0.83753000  0.10253000
   0.58799732  0.70664447  0.40058141
   0.40769645  0.82438990  0.50183235
   0.64870938  0.96123247  0.20458981
   0.44787515  0.58436946  0.30467837
   0.57191000  0.54636000  0.06951000
   0.37962322  0.67136820  0.16996411
   0.65485973  0.91882860  0.37158524
   0.44501176  0.55373129  0.47629632
   0.51468577  0.79413048  0.27024878
   0.84083000  0.83753000  0.10253000
   0.74108064  0.82289837  0.50387893
   0.98229056  0.96088800  0.20405294
   0.78130561  0.58457384  0.30496818
   0.90524000  0.54636000  0.06951000
   0.71275939  0.67084924  0.16979058
   0.98910818  0.91902319  0.37169421
   0.77871167  0.55288620  0.47756929
   0.84785951  0.79411759  0.27037965
   0.92051464  0.70720178  0.40178857
   0.94395961  0.13482119  0.59556747
   0.77324529  0.25709796  0.58134269
