   0.91971982  0.69838976  0.49599245
   0.03971000  0.19194000  0.09637000
   0.31229408  0.44058442  0.29840830
   0.13110795  0.06140491  0.40061989
   0.17989841  0.31609194  0.19719364
   0.26021294  0.19533705  0.49739494
   0.37304000  0.19194000  0.09637000
   0.64616982  0.44063239  0.29852799
   0.46468048  0.06230495  0.40098757
   0.51315331  0.31614110  0.19725900
   0.59260319  0.19411873  0.49795310
   0.70637000  0.19194000  0.09637000
   0.97936040  0.44050297  0.29792436
   0.79814057  0.06128625  0.40054152
   0.84648241  0.31595399  0.19705333
   0.93948008  0.18654450  0.49984374
   0.03971000  0.69194000  0.09637000
   0.32131095  0.94039720  0.29885180
   0.11313606  0.56543152  0.39935989
   0.17957139  0.81664203  0.19754752
   0.25428601  0.70100827  0.49501927
   0.37304000  0.69194000  0.09637000
   0.65465014  0.94003589  0.29842426
   0.44545794  0.56544995  0.40000368
   0.51278867  0.81645587  0.19739244
   0.58832031  0.69784472  0.49561802
   0.70637000  0.69194000  0.09637000
   0.98791791  0.93980213  0.29858978
   0.84610003  0.81645644  0.19744209
   0.77877876  0.56497195  0.40033283
   0.18143813  0.06469346  0.19529979
   0.24311255  0.44506436  0.50393252
   0.03971000  0.44194000  0.09637000
   0.31874369  0.18986840  0.29891315
   0.11046163  0.31870919  0.40251150
   0.51472012  0.06461883  0.19511666
   0.57019177  0.44611971  0.50684759
   0.37304000  0.44194000  0.09637000
   0.65228711  0.18965111  0.29856682
   0.44490572  0.31886480  0.40096277
   0.84815021  0.06465962  0.19525734
   0.91027871  0.44685523  0.50181106
   0.70637000  0.44194000  0.09637000
   0.98565230  0.18982660  0.29890932
   0.77999245  0.31745665  0.40057813
   0.17886850  0.56509620  0.19536523
   0.29078303  0.93369788  0.50233573
   0.03971000  0.94194000  0.09637000
   0.31489324  0.68982617  0.29871854
   0.12960850  0.81354884  0.39858114
   0.51219558  0.56506693  0.19549767
   0.62462155  0.93178934  0.50217639
   0.37304000  0.94194000  0.09637000
   0.64810661  0.68964838  0.29883193
   0.46342736  0.81404626  0.39830133
   0.84550341  0.56508959  0.19529365
   0.95755317  0.93192467  0.50269800
   0.70637000  0.94194000  0.09637000
   0.98137857  0.68959376  0.29874035
   0.79649613  0.81341331  0.39857670
   0.17417000  0.33753000  0.11288000
   0.24606468  0.21215645  0.41563159
   0.04284679  0.34138809  0.50950904
   0.31315920  0.46152564  0.21452952
   0.12033092  0.08580826  0.31720750
   0.23858000  0.04636000  0.07986000
   0.04732946  0.17075818  0.18018264
   0.30953965  0.42149636  0.38281098
   0.15790865  0.04163872  0.48633942
   0.18412640  0.29338135  0.28053014
   0.50750000  0.33753000  0.11288000
   0.57953872  0.21332403  0.41654582
   0.37212499  0.33748546  0.51620191
   0.64655045  0.46157260  0.21463327
   0.45388587  0.08645218  0.31761947
   0.57191000  0.04636000  0.07986000
   0.38060940  0.17078927  0.18025223
   0.64398249  0.42080815  0.38310115
   0.49157606  0.04215799  0.48724486
   0.51745423  0.29352888  0.28067080
   0.84083000  0.33753000  0.11288000
   0.91157086  0.21114811  0.41782168
   0.69856932  0.33937746  0.52152545
   0.97972219  0.46145412  0.21417225
   0.78707063  0.08608326  0.31702471
   0.90524000  0.04636000  0.07986000
   0.71387521  0.17068283  0.18016034
   0.97619407  0.42116943  0.38189577
   0.82289227  0.03608911  0.48413684
   0.85070155  0.29325736  0.28037339
   0.17417000  0.83753000  0.11288000
   0.26330785  0.70636690  0.40991925
   0.08951862  0.82088876  0.51090349
   0.31624262  0.96166277  0.21510197
   0.11476095  0.58471105  0.31513188
   0.23858000  0.54636000  0.07986000
   0.04517791  0.67161071  0.18044030
   0.32935447  0.91922480  0.38287539
   0.11574529  0.55634556  0.48633637
   0.18192747  0.79527643  0.28123556
   0.50750000  0.83753000  0.11288000
   0.59551099  0.70574200  0.41101121
   0.42226514  0.82339146  0.51114913
   0.64933889  0.96144241  0.21476051
   0.44811068  0.58467162  0.31571326
   0.57191000  0.54636000  0.07986000
   0.37843053  0.67148518  0.18043471
   0.66257310  0.91796144  0.38200245
   0.44455733  0.55478738  0.48814240
   0.51533280  0.79488304  0.28096429
   0.84083000  0.83753000  0.11288000
   0.75582048  0.81958352  0.51168375
   0.98278784  0.96143999  0.21490036
   0.78121633  0.58474145  0.31593486
   0.90524000  0.54636000  0.07986000
   0.71172961  0.67146477  0.18041620
   0.99599909  0.91795772  0.38240802
   0.77500462  0.55430181  0.48850819
   0.84861834  0.79483063  0.28105220
   0.92898232  0.70517822  0.41111607
   0.97875658  0.14297534  0.60264681
   0.80426892  0.26600225  0.59038320
