   0.27987916  0.43292838  0.49151288
   0.03971000  0.19194000  0.08602000
   0.31711270  0.43860061  0.28773782
   0.11688778  0.05773290  0.38826677
   0.17840017  0.31467306  0.18695675
   0.25543898  0.19277493  0.48204566
   0.37304000  0.19194000  0.08602000
   0.65127871  0.43724226  0.28678258
   0.44938233  0.06035184  0.38837949
   0.51119153  0.31394859  0.18692978
   0.59297761  0.19215433  0.48372525
   0.70637000  0.19194000  0.08602000
   0.98334577  0.43823483  0.28891874
   0.78389536  0.06144215  0.38864261
   0.84516686  0.31512882  0.18716779
   0.92893922  0.19389366  0.48326963
   0.03971000  0.69194000  0.08602000
   0.31195533  0.93696642  0.28648036
   0.12008774  0.55935151  0.39132976
   0.17910440  0.81419585  0.18471482
   0.26293044  0.69073199  0.48542570
   0.37304000  0.69194000  0.08602000
   0.64615425  0.93790140  0.28662199
   0.45890595  0.56019523  0.38901520
   0.51089009  0.81466862  0.18515286
   0.59741222  0.68968378  0.48498080
   0.70637000  0.69194000  0.08602000
   0.97892336  0.93688792  0.28651726
   0.84527429  0.81458922  0.18463619
   0.92909347  0.69325603  0.49479475
   0.78777270  0.56431681  0.38530663
   0.17887330  0.06232017  0.18372942
   0.03971000  0.44194000  0.08602000
   0.31389034  0.18604875  0.28760098
   0.12488141  0.31249888  0.38806386
   0.51262446  0.06318171  0.18426362
   0.61366808  0.43158862  0.49283453
   0.37304000  0.44194000  0.08602000
   0.64731016  0.18704807  0.28869877
   0.45785316  0.31409648  0.38936291
   0.84542852  0.06347082  0.18421801
   0.94834549  0.43284940  0.50051552
   0.70637000  0.44194000  0.08602000
   0.98086782  0.18721171  0.28795354
   0.79159377  0.31397411  0.39007310
   0.17848806  0.56300212  0.18486151
   0.25763777  0.93708503  0.49272743
   0.03971000  0.94194000  0.08602000
   0.31445481  0.68757268  0.28812723
   0.10858729  0.81173170  0.39254701
   0.51203595  0.56266218  0.18434842
   0.59054681  0.93570948  0.49246855
   0.37304000  0.94194000  0.08602000
   0.64799429  0.68871765  0.28568479
   0.44452641  0.81618359  0.38957581
   0.84477158  0.56319143  0.18561801
   0.92337667  0.93786990  0.49258826
   0.70637000  0.94194000  0.08602000
   0.98274193  0.68822260  0.28538845
   0.77910341  0.81335493  0.39228892
   0.17417000  0.33753000  0.10253000
   0.25563588  0.20286400  0.39868735
   0.07795118  0.32318037  0.50251826
   0.31278785  0.45986681  0.20389694
   0.11351309  0.08069641  0.30393344
   0.23858000  0.04636000  0.06951000
   0.04555362  0.16952030  0.16937174
   0.32268901  0.41727435  0.37095481
   0.12475983  0.04629123  0.47580154
   0.18081410  0.29160298  0.27003754
   0.50750000  0.33753000  0.10253000
   0.58968354  0.20407575  0.40021213
   0.41082823  0.32205975  0.49294653
   0.64551188  0.45852724  0.20270948
   0.44755088  0.08108258  0.30412347
   0.57191000  0.04636000  0.06951000
   0.37783666  0.16922388  0.16953127
   0.65800375  0.41804567  0.37053619
   0.45776127  0.04487169  0.47552985
   0.51408495  0.29105151  0.27015253
   0.84083000  0.33753000  0.10253000
   0.92487632  0.20516221  0.40032140
   0.74313783  0.32125853  0.49835358
   0.98008181  0.46000790  0.20457164
   0.78190389  0.08191729  0.30425071
   0.90524000  0.04636000  0.06951000
   0.71218586  0.16984499  0.16939329
   0.99042299  0.41649900  0.37247408
   0.79154901  0.04768301  0.47622394
   0.84714545  0.29209976  0.27037711
   0.17309418  0.83256186  0.09874738
   0.24602188  0.70725345  0.40361916
   0.05713891  0.83418512  0.50344956
   0.31356641  0.95845781  0.20194432
   0.11483286  0.58446872  0.30669489
   0.23858000  0.54636000  0.06951000
   0.04490122  0.66942637  0.16905329
   0.30702951  0.91797152  0.37116991
   0.14434410  0.54198596  0.47853786
   0.18181332  0.79153618  0.26776191
   0.50613448  0.83279097  0.09903832
   0.57634054  0.70907329  0.40317086
   0.38799134  0.82979801  0.50249660
   0.64645779  0.95911206  0.20210733
   0.45021496  0.58421949  0.30492851
   0.57191000  0.54636000  0.06951000
   0.37810618  0.66911010  0.16889795
   0.64508269  0.91856795  0.37104467
   0.48408528  0.54005488  0.47413076
   0.51287244  0.79284481  0.26838524
   0.83965714  0.83264154  0.09864526
   0.72220882  0.82958703  0.50143640
   0.97983971  0.95918436  0.20171547
   0.78341072  0.58475138  0.29776075
   0.90524000  0.54636000  0.06951000
   0.71147062  0.66953998  0.16903890
   0.97644131  0.91419719  0.37103270
   0.82383692  0.54558733  0.50765431
   0.84784799  0.79323327  0.26776505
   0.90655459  0.70309073  0.41197520
   0.48931860  0.49633929  0.64395421
   0.72112113  0.51898093  0.59436352
