   0.27708266  0.43548911  0.49247016
   0.03971000  0.19194000  0.08602000
   0.31725876  0.44002644  0.28932926
   0.12097999  0.06089452  0.39067647
   0.17893900  0.31609906  0.18765994
   0.26294190  0.19501003  0.48524132
   0.37304000  0.19194000  0.08602000
   0.65006483  0.43797321  0.28652749
   0.45413694  0.06228978  0.39103129
   0.51137211  0.31423422  0.18682952
   0.59843940  0.19365575  0.48565814
   0.70637000  0.19194000  0.08602000
   0.98348487  0.43951692  0.28873548
   0.78650946  0.06143981  0.39040159
   0.84557331  0.31575610  0.18731216
   0.93179409  0.19342151  0.48457762
   0.03971000  0.69194000  0.08602000
   0.31444228  0.93960012  0.28930043
   0.12095790  0.56145564  0.39132081
   0.17937174  0.81590548  0.18747793
   0.26444350  0.69193077  0.48666983
   0.37304000  0.69194000  0.08602000
   0.64850320  0.93915154  0.28880706
   0.46059587  0.56129318  0.39164320
   0.51209032  0.81581501  0.18743268
   0.59904017  0.69427465  0.48730987
   0.70637000  0.69194000  0.08602000
   0.98121840  0.93946656  0.28904384
   0.84543338  0.81631344  0.18728674
   0.93218052  0.69387834  0.49250732
   0.78840241  0.56387650  0.38541730
   0.17901407  0.06431018  0.18568391
   0.03971000  0.44194000  0.08602000
   0.31605888  0.18888297  0.28990382
   0.12359484  0.31477498  0.39019936
   0.51234944  0.06359589  0.18526822
   0.61105449  0.43554429  0.49963949
   0.37304000  0.44194000  0.08602000
   0.64917313  0.18827167  0.28907331
   0.45787553  0.31701455  0.39144822
   0.84599122  0.06469293  0.18555714
   0.94361186  0.43294725  0.50020074
   0.70637000  0.44194000  0.08602000
   0.98295120  0.18884380  0.28946530
   0.79001738  0.31612924  0.39026718
   0.17946784  0.56455625  0.18576603
   0.26642696  0.93859174  0.49384092
   0.03971000  0.94194000  0.08602000
   0.31564930  0.68933732  0.28992513
   0.11434870  0.81360721  0.39337103
   0.51254852  0.56374375  0.18481847
   0.59799891  0.93719197  0.49436069
   0.37304000  0.94194000  0.08602000
   0.64839951  0.68889069  0.28731824
   0.44995588  0.81658464  0.39160127
   0.84592882  0.56446515  0.18617531
   0.93176945  0.93827648  0.49362232
   0.70637000  0.94194000  0.08602000
   0.98314971  0.68969401  0.28742834
   0.78351915  0.81366847  0.39226921
   0.17417000  0.33753000  0.10253000
   0.25705649  0.20692446  0.40183624
   0.07676471  0.32471301  0.50208050
   0.31372901  0.46129979  0.20539381
   0.11623059  0.08372082  0.30675821
   0.23858000  0.04636000  0.06951000
   0.04569854  0.17090915  0.16990508
   0.32190459  0.41950042  0.37337429
   0.13273710  0.04881966  0.47785390
   0.18248120  0.29341914  0.27102666
   0.50750000  0.33753000  0.10253000
   0.59001195  0.20813268  0.40309764
   0.40916548  0.32721710  0.49920639
   0.64574135  0.45891554  0.20278076
   0.44979052  0.08380904  0.30694767
   0.57191000  0.04636000  0.06951000
   0.37844979  0.16949482  0.16943931
   0.65669611  0.42006889  0.37065815
   0.46676248  0.04745604  0.47811970
   0.51510874  0.29184386  0.27001438
   0.84083000  0.33753000  0.10253000
   0.92244331  0.20652538  0.40208149
   0.74186288  0.32539651  0.50253760
   0.98096308  0.46072993  0.20476960
   0.78314439  0.08384858  0.30611538
   0.90524000  0.04636000  0.06951000
   0.71190877  0.17046638  0.16977293
   0.98890092  0.41795621  0.37246209
   0.79923755  0.04728229  0.47778990
   0.84881172  0.29289272  0.27046463
   0.17417000  0.83753000  0.10253000
   0.25024140  0.70834127  0.40443820
   0.06621922  0.83351120  0.50069328
   0.31322600  0.96109422  0.20518627
   0.11612835  0.58524191  0.30690449
   0.23858000  0.54636000  0.06951000
   0.04564166  0.67074268  0.16989647
   0.31375638  0.91965659  0.37359613
   0.14105668  0.54329170  0.47766791
   0.18189969  0.79384172  0.27082187
   0.50750000  0.83753000  0.10253000
   0.58267004  0.70966140  0.40482714
   0.39705337  0.82956578  0.50252153
   0.64702997  0.96073822  0.20482441
   0.45052089  0.58507474  0.30741706
   0.57191000  0.54636000  0.06951000
   0.37908124  0.67046865  0.16966683
   0.64990719  0.91873374  0.37297081
   0.48025621  0.54486048  0.47860192
   0.51411828  0.79348004  0.27077444
   0.84083000  0.83753000  0.10253000
   0.73088868  0.83094573  0.50365210
   0.98033331  0.96152805  0.20477654
   0.78373918  0.58452412  0.29770351
   0.90524000  0.54636000  0.06951000
   0.71230261  0.67062201  0.16957421
   0.98174696  0.91687193  0.37326167
   0.81215553  0.54792745  0.50848935
   0.84819030  0.79452221  0.27046794
   0.91168237  0.70356647  0.40951600
   0.04670151  0.57690384  0.67734876
   0.90902320  0.56612904  0.59378431
