   0.92615286  0.68973608  0.49471524
   0.03971000  0.19194000  0.09637000
   0.31968934  0.43996557  0.29940984
   0.11570090  0.06064975  0.40122999
   0.17987217  0.31631526  0.19790188
   0.26096243  0.18990326  0.49651340
   0.37304000  0.19194000  0.09637000
   0.65217191  0.43815905  0.29722513
   0.45063601  0.06450250  0.40345075
   0.51249079  0.31513212  0.19708102
   0.59297521  0.19447605  0.50130247
   0.70637000  0.19194000  0.09637000
   0.98661179  0.43901858  0.29867441
   0.78205047  0.06185728  0.40215483
   0.84646834  0.31573358  0.19752130
   0.92972609  0.19026374  0.49700298
   0.03971000  0.69194000  0.09637000
   0.31370343  0.94072553  0.30059257
   0.12603302  0.56044763  0.40114373
   0.18001238  0.81662640  0.19807193
   0.25536180  0.69429742  0.49707660
   0.37304000  0.69194000  0.09637000
   0.64616485  0.93978042  0.29975030
   0.45680864  0.55988453  0.40168879
   0.51283109  0.81622519  0.19785424
   0.58727333  0.69006409  0.49668169
   0.70637000  0.69194000  0.09637000
   0.97909564  0.93931364  0.29924626
   0.84617997  0.81603502  0.19752716
   0.79062844  0.55872379  0.39843657
   0.17926189  0.06452867  0.19605851
   0.27697579  0.43023164  0.50449071
   0.03971000  0.44194000  0.09637000
   0.31546841  0.18849609  0.29975473
   0.12691347  0.31255132  0.39998421
   0.51251370  0.06428155  0.19586535
   0.60641261  0.42860509  0.50122815
   0.37304000  0.44194000  0.09637000
   0.64881800  0.18803592  0.29909477
   0.46050659  0.31240028  0.39971750
   0.84597195  0.06443763  0.19577270
   0.94723000  0.43046991  0.50369676
   0.70637000  0.44194000  0.09637000
   0.98231412  0.18810454  0.29930050
   0.79329484  0.31158798  0.39840569
   0.18116246  0.56486598  0.19579777
   0.25213893  0.93943019  0.50541789
   0.03971000  0.94194000  0.09637000
   0.31684111  0.69000364  0.30032474
   0.11073817  0.81716355  0.40389588
   0.51403435  0.56441716  0.19521945
   0.58320383  0.93934994  0.50563533
   0.37304000  0.94194000  0.09637000
   0.64990266  0.68932399  0.29910470
   0.44481555  0.81748104  0.40310971
   0.84771378  0.56455600  0.19541860
   0.91827412  0.93466450  0.51184052
   0.70637000  0.94194000  0.09637000
   0.98358632  0.68962746  0.29906165
   0.77718695  0.81704127  0.40357796
   0.17417000  0.33753000  0.11288000
   0.25942508  0.20449561  0.41243661
   0.07668769  0.32195669  0.51352499
   0.31543981  0.46155351  0.21556137
   0.11558720  0.08364620  0.31678092
   0.23858000  0.04636000  0.07986000
   0.04570726  0.17120680  0.18040359
   0.32559645  0.41595993  0.38312108
   0.11841239  0.04721948  0.48854891
   0.18270157  0.29374755  0.28141485
   0.50750000  0.33753000  0.11288000
   0.59469028  0.20768868  0.41660396
   0.40882022  0.32002134  0.51327976
   0.64816302  0.46027324  0.21371016
   0.44993290  0.08524317  0.31865444
   0.57191000  0.04636000  0.07986000
   0.37866824  0.17037188  0.18001984
   0.65960949  0.41529558  0.38127856
   0.45249686  0.05145853  0.49144093
   0.51559428  0.29236230  0.28034192
   0.84083000  0.33753000  0.11288000
   0.92576020  0.20551474  0.41362378
   0.74232223  0.32607837  0.52098009
   0.98217231  0.46092082  0.21479317
   0.78221795  0.08425744  0.31752248
   0.90524000  0.04636000  0.07986000
   0.71216136  0.17081196  0.18024197
   0.99215709  0.41630921  0.38265980
   0.78568416  0.04866175  0.48946677
   0.84931651  0.29302999  0.28096769
   0.17417000  0.83753000  0.11288000
   0.24565211  0.70913480  0.41482774
   0.05743845  0.82748339  0.50145128
   0.31390242  0.96181208  0.21611216
   0.11749222  0.58493202  0.31732365
   0.23858000  0.54636000  0.07986000
   0.04722018  0.67107792  0.18038341
   0.31137981  0.92184203  0.38495736
   0.14624021  0.54146284  0.48759448
   0.18296697  0.79407277  0.28139110
   0.50750000  0.83753000  0.11288000
   0.57500051  0.70777603  0.41446654
   0.38295019  0.83238665  0.51531413
   0.64703171  0.96142226  0.21547697
   0.45082784  0.58550535  0.31812709
   0.57191000  0.54636000  0.07986000
   0.38037411  0.67086708  0.18022556
   0.64308043  0.92027946  0.38376298
   0.47675564  0.53829562  0.48820408
   0.51532012  0.79346985  0.28102851
   0.84083000  0.83753000  0.11288000
   0.71302225  0.82953575  0.50606165
   0.98026689  0.96128271  0.21504482
   0.78402846  0.58358279  0.31487661
   0.90524000  0.54636000  0.07986000
   0.71344749  0.67058488  0.18005316
   0.97594657  0.91958201  0.38279301
   0.81096852  0.53880949  0.48755655
   0.84862037  0.79305696  0.28044484
   0.90744660  0.70591627  0.41232913
   0.88993655  0.86263769  0.61864882
   0.76660864  0.48996688  0.59673989
