   0.90685733  0.68637416  0.49970517
   0.03971000  0.19194000  0.09637000
   0.31978008  0.44026959  0.29955974
   0.11576073  0.06095082  0.40110980
   0.17987005  0.31650984  0.19778980
   0.26177927  0.18984007  0.49639001
   0.37304000  0.19194000  0.09637000
   0.65181997  0.43812984  0.29703997
   0.45065029  0.06466055  0.40349964
   0.51248018  0.31518015  0.19698000
   0.59293085  0.19493104  0.50176013
   0.70637000  0.19194000  0.09637000
   0.98701945  0.43881979  0.29851974
   0.78224030  0.06229090  0.40197998
   0.84666959  0.31572996  0.19736981
   0.93124984  0.19115000  0.49692012
   0.03971000  0.69194000  0.09637000
   0.31351004  0.94081998  0.30069948
   0.12515940  0.56063895  0.40138942
   0.18008978  0.81666973  0.19796969
   0.25685067  0.69412856  0.49718981
   0.37304000  0.69194000  0.09637000
   0.64622982  0.93975996  0.29991937
   0.45821987  0.56272869  0.40290921
   0.51286974  0.81631972  0.19772962
   0.61030546  0.68535763  0.50387361
   0.70637000  0.69194000  0.09637000
   0.97876997  0.93916998  0.29940934
   0.84630961  0.81600971  0.19739959
   0.79426796  0.55926915  0.39694883
   0.17926041  0.06467021  0.19608982
   0.27852770  0.43032843  0.50402041
   0.03971000  0.44194000  0.09637000
   0.31546053  0.18873047  0.29984974
   0.12757009  0.31226012  0.39957996
   0.51264998  0.06435024  0.19577990
   0.60578008  0.42686812  0.49887031
   0.37304000  0.44194000  0.09637000
   0.64877989  0.18814055  0.29906985
   0.46022152  0.31251048  0.39975949
   0.84613995  0.06462013  0.19570988
   0.94730031  0.42856921  0.50210066
   0.70637000  0.44194000  0.09637000
   0.98221025  0.18824026  0.29926982
   0.79380924  0.31151047  0.39805978
   0.18138005  0.56495997  0.19581988
   0.24724467  0.93709329  0.50587012
   0.03971000  0.94194000  0.09637000
   0.31710985  0.69007993  0.30057956
   0.11054116  0.81647058  0.40383921
   0.51430013  0.56455970  0.19515001
   0.58163748  0.94026282  0.50576014
   0.37304000  0.94194000  0.09637000
   0.64978025  0.68973934  0.29925973
   0.44581919  0.81720106  0.40433962
   0.84805946  0.56456974  0.19517009
   0.91733415  0.93862035  0.50515205
   0.70637000  0.94194000  0.09637000
   0.98424903  0.68979941  0.29903971
   0.77682993  0.81486113  0.40429886
   0.17417000  0.33753000  0.11288000
   0.25961978  0.20458959  0.41258026
   0.07803066  0.32208054  0.51429976
   0.31567971  0.46176993  0.21582996
   0.11528977  0.08357954  0.31689040
   0.23858000  0.04636000  0.07986000
   0.04601951  0.17127981  0.18046020
   0.32701922  0.41685053  0.38306038
   0.11903095  0.04868826  0.48866907
   0.18267974  0.29382981  0.28141022
   0.50750000  0.33753000  0.11288000
   0.59509988  0.20844934  0.41702025
   0.40980956  0.31937096  0.51415963
   0.64830998  0.46051012  0.21405969
   0.44977991  0.08549930  0.31892018
   0.57191000  0.04636000  0.07986000
   0.37881989  0.17034991  0.18013013
   0.66009812  0.41510825  0.38015050
   0.45212938  0.05266800  0.49127004
   0.51558936  0.29257911  0.28034006
   0.84083000  0.33753000  0.11288000
   0.92613984  0.20576972  0.41364023
   0.74261849  0.32663973  0.52518791
   0.98208036  0.46103998  0.21492011
   0.78201018  0.08432963  0.31759028
   0.90524000  0.04636000  0.07986000
   0.71226006  0.17079992  0.18031016
   0.99319051  0.41581055  0.38230035
   0.78606821  0.05183813  0.48938890
   0.84916035  0.29309976  0.28093024
   0.17417000  0.83753000  0.11288000
   0.24512982  0.70951062  0.41507030
   0.04722223  0.82946618  0.51136248
   0.31384001  0.96188984  0.21628027
   0.11748032  0.58486050  0.31746040
   0.23858000  0.54636000  0.07986000
   0.04755998  0.67103024  0.18042020
   0.31103941  0.92160914  0.38519044
   0.14632058  0.54050145  0.48767005
   0.18306005  0.79401011  0.28153035
   0.50750000  0.83753000  0.11288000
   0.57608419  0.71041020  0.42044946
   0.38018007  0.83270121  0.51548974
   0.64699006  0.96153986  0.21570016
   0.45164999  0.58623073  0.31895018
   0.57191000  0.54636000  0.07986000
   0.38071982  0.67081024  0.18024016
   0.64367984  0.91994824  0.38414055
   0.47760582  0.53676318  0.48692233
   0.51553021  0.79343028  0.28111054
   0.84083000  0.83753000  0.11288000
   0.71546472  0.83812783  0.51188535
   0.98010007  0.96132990  0.21527018
   0.78391122  0.58430155  0.31501936
   0.90524000  0.54636000  0.07986000
   0.71388997  0.67044040  0.18007016
   0.97523954  0.91895848  0.38357065
   0.81043015  0.52860934  0.47814758
   0.84879015  0.79292020  0.28054051
   0.91189770  0.70655278  0.41546133
   0.88867026  0.85895086  0.60212357
   0.75946305  0.48954069  0.59282169
