   0.94106369  0.93446057  0.49166275
   0.03971000  0.19194000  0.08602000
   0.31414013  0.43869049  0.28683109
   0.12420039  0.06239368  0.38983419
   0.18028095  0.31512778  0.18511423
   0.25343917  0.19732457  0.48610489
   0.37304000  0.19194000  0.08602000
   0.64822770  0.43985043  0.28832014
   0.45929641  0.06234900  0.38988446
   0.51362387  0.31623533  0.18697130
   0.58505814  0.19439412  0.48675187
   0.70637000  0.19194000  0.08602000
   0.98163844  0.44010205  0.28799610
   0.79304469  0.06165151  0.38995875
   0.84627541  0.31607465  0.18669989
   0.92185407  0.18571238  0.49214252
   0.03971000  0.69194000  0.08602000
   0.31822298  0.94021771  0.28732860
   0.11727920  0.56421147  0.38912903
   0.18076672  0.81535816  0.18539559
   0.25730029  0.69786408  0.48443401
   0.37304000  0.69194000  0.08602000
   0.65221492  0.94026678  0.28741535
   0.44772502  0.56364636  0.38801012
   0.51357479  0.81636942  0.18662621
   0.59277818  0.69600839  0.48276308
   0.70637000  0.69194000  0.08602000
   0.98517712  0.94020348  0.28774525
   0.84685508  0.81615202  0.18664162
   0.92184243  0.69866585  0.48532576
   0.78399851  0.56338420  0.39021020
   0.18131118  0.06447068  0.18427981
   0.24937667  0.44093289  0.49365986
   0.03971000  0.44194000  0.08602000
   0.31698302  0.18944329  0.28833303
   0.11334258  0.31641455  0.39168591
   0.51456359  0.06483726  0.18450696
   0.57751197  0.44472586  0.49321535
   0.37304000  0.44194000  0.08602000
   0.65077706  0.18945797  0.28812747
   0.44866964  0.31702790  0.38949311
   0.84791623  0.06512883  0.18488287
   0.91876599  0.44198775  0.49219660
   0.70637000  0.44194000  0.08602000
   0.98422217  0.18970778  0.28785303
   0.78326545  0.31547388  0.39042731
   0.17982420  0.56429381  0.18415498
   0.27742829  0.93693724  0.49227415
   0.03971000  0.94194000  0.08602000
   0.31573500  0.68878027  0.28663304
   0.12398848  0.81492136  0.38890747
   0.51334462  0.56497261  0.18483063
   0.60810861  0.93297268  0.49322170
   0.37304000  0.94194000  0.08602000
   0.64962781  0.68893106  0.28807526
   0.45710374  0.81505265  0.38698256
   0.84669110  0.56468091  0.18467808
   0.70637000  0.94194000  0.08602000
   0.98258139  0.68923649  0.28776193
   0.79098508  0.81422195  0.38740571
   0.17300767  0.33213986  0.09873314
   0.24965881  0.21068975  0.40340337
   0.04779893  0.33657045  0.50082292
   0.31372416  0.46030399  0.20238250
   0.11829727  0.08569151  0.30601732
   0.23858000  0.04636000  0.06951000
   0.04719690  0.17058601  0.16962946
   0.31252811  0.41964203  0.37146562
   0.14296271  0.04488583  0.47646670
   0.18304343  0.29307893  0.26888003
   0.50750000  0.33753000  0.10253000
   0.58212738  0.21128985  0.40398737
   0.38027871  0.33463766  0.50584161
   0.64733482  0.46182689  0.20440195
   0.45169896  0.08551327  0.30616986
   0.57191000  0.04636000  0.06951000
   0.38011476  0.17088030  0.17001399
   0.64932489  0.41947367  0.37262082
   0.47690068  0.04382329  0.47676638
   0.51603808  0.29396540  0.27048985
   0.84083000  0.33753000  0.10253000
   0.91504806  0.20904454  0.40820477
   0.70715811  0.33992540  0.50613512
   0.98096439  0.46126846  0.20381137
   0.78572345  0.08616682  0.30554480
   0.90524000  0.04636000  0.06951000
   0.71353877  0.17111447  0.16991990
   0.98021273  0.42025817  0.37210906
   0.80492126  0.03730410  0.47374190
   0.84910383  0.29386590  0.27024865
   0.17290059  0.83228570  0.09911941
   0.25773863  0.70766656  0.40103866
   0.07715599  0.82710047  0.49856746
   0.31530120  0.96058349  0.20300281
   0.11640418  0.58503971  0.30505678
   0.23858000  0.54636000  0.06951000
   0.04588498  0.67091946  0.16967336
   0.32245027  0.91963448  0.37151632
   0.12156695  0.55038959  0.47610401
   0.18265286  0.79426472  0.26937113
   0.50750000  0.83753000  0.10253000
   0.59017390  0.70731199  0.39978719
   0.40701958  0.82750373  0.50280442
   0.64863806  0.96162294  0.20358602
   0.44868659  0.58363750  0.30397327
   0.57191000  0.54636000  0.06951000
   0.37903309  0.67126377  0.17005881
   0.65666473  0.91885391  0.37060335
   0.45113564  0.55241933  0.47547080
   0.51599764  0.79397993  0.26999090
   0.84083000  0.83753000  0.10253000
   0.74242825  0.82256008  0.50395717
   0.98204978  0.96136110  0.20360786
   0.78301112  0.58446765  0.30564047
   0.90524000  0.54636000  0.06951000
   0.71264040  0.67097837  0.16979124
   0.98966738  0.91919071  0.37146821
   0.78519540  0.55218593  0.47845202
   0.84933753  0.79398190  0.27013474
   0.92262063  0.70724924  0.40211290
   0.89293389  0.13971513  0.59564576
   0.72331412  0.27020429  0.59210930
