   0.91939780  0.69837292  0.49603606
   0.03971000  0.19194000  0.09637000
   0.31249333  0.44056486  0.29843225
   0.13095470  0.06140530  0.40060852
   0.17992065  0.31606111  0.19717881
   0.26028780  0.19523384  0.49736428
   0.37304000  0.19194000  0.09637000
   0.64633485  0.44059356  0.29855360
   0.46469731  0.06236710  0.40098261
   0.51317514  0.31617861  0.19724446
   0.59261684  0.19408197  0.49797614
   0.70637000  0.19194000  0.09637000
   0.97950343  0.44055412  0.29794446
   0.79795890  0.06126319  0.40043710
   0.84652933  0.31598740  0.19704866
   0.93959486  0.18626264  0.49979704
   0.03971000  0.69194000  0.09637000
   0.32111531  0.94046758  0.29886077
   0.11328034  0.56535790  0.39938556
   0.17961794  0.81665302  0.19754810
   0.25401373  0.70093037  0.49503063
   0.37304000  0.69194000  0.09637000
   0.65453218  0.94005476  0.29837030
   0.44554731  0.56537566  0.40001808
   0.51281440  0.81644920  0.19738828
   0.58808346  0.69776783  0.49564008
   0.70637000  0.69194000  0.09637000
   0.98780061  0.93989973  0.29856837
   0.84615764  0.81646581  0.19741852
   0.77896508  0.56488881  0.40038962
   0.18145645  0.06473486  0.19531616
   0.24335990  0.44493140  0.50390676
   0.03971000  0.44194000  0.09637000
   0.31878563  0.18991198  0.29894591
   0.11086183  0.31861146  0.40245852
   0.51476477  0.06465231  0.19513490
   0.57051562  0.44605668  0.50694662
   0.37304000  0.44194000  0.09637000
   0.65226728  0.18967496  0.29855496
   0.44530885  0.31873742  0.40092364
   0.84816071  0.06468095  0.19525848
   0.91045570  0.44657350  0.50190466
   0.70637000  0.44194000  0.09637000
   0.98562613  0.18980344  0.29888479
   0.78033856  0.31738652  0.40057280
   0.17907223  0.56508908  0.19534412
   0.29015006  0.93377552  0.50235203
   0.03971000  0.94194000  0.09637000
   0.31492484  0.68987594  0.29873713
   0.12928488  0.81363950  0.39858063
   0.51241120  0.56509661  0.19549367
   0.62406550  0.93180148  0.50216964
   0.37304000  0.94194000  0.09637000
   0.64819572  0.68969653  0.29883924
   0.46298737  0.81409408  0.39834657
   0.84573798  0.56508998  0.19530857
   0.95693827  0.93196762  0.50282207
   0.70637000  0.94194000  0.09637000
   0.98138256  0.68965233  0.29876594
   0.79609749  0.81351080  0.39864042
   0.17417000  0.33753000  0.11288000
   0.24636260  0.21207827  0.41560144
   0.04310091  0.34111603  0.50956586
   0.31328098  0.46151925  0.21454922
   0.12035837  0.08580650  0.31718985
   0.23858000  0.04636000  0.07986000
   0.04729564  0.17076467  0.18020322
   0.30992249  0.42137404  0.38283060
   0.15727521  0.04161484  0.48627979
   0.18415862  0.29338621  0.28050661
   0.50750000  0.33753000  0.11288000
   0.57983034  0.21331640  0.41657079
   0.37258196  0.33737611  0.51617039
   0.64663098  0.46158770  0.21468217
   0.45385880  0.08642875  0.31761738
   0.57191000  0.04636000  0.07986000
   0.38066389  0.17083388  0.18024797
   0.64431092  0.42075970  0.38311379
   0.49113082  0.04221082  0.48722627
   0.51745929  0.29358019  0.28067575
   0.84083000  0.33753000  0.11288000
   0.91198709  0.21109014  0.41773679
   0.69864931  0.33927310  0.52169960
   0.97990376  0.46144178  0.21418103
   0.78702213  0.08608712  0.31696466
   0.90524000  0.04636000  0.07986000
   0.71391247  0.17074280  0.18017160
   0.97663108  0.42112622  0.38192245
   0.82230045  0.03611566  0.48400820
   0.85073422  0.29335031  0.28036994
   0.17417000  0.83753000  0.11288000
   0.26304336  0.70641359  0.41001517
   0.08901244  0.82094159  0.51100478
   0.31617124  0.96168457  0.21510178
   0.11479702  0.58476367  0.31519559
   0.23858000  0.54636000  0.07986000
   0.04539856  0.67163143  0.18042931
   0.32906489  0.91934115  0.38291295
   0.11597157  0.55611450  0.48629631
   0.18197101  0.79534211  0.28123969
   0.50750000  0.83753000  0.11288000
   0.59510017  0.70585298  0.41108683
   0.42168786  0.82344266  0.51122959
   0.64935585  0.96146130  0.21473489
   0.44809247  0.58475520  0.31573794
   0.57191000  0.54636000  0.07986000
   0.37863240  0.67147156  0.18039310
   0.66207725  0.91791756  0.38197024
   0.44483586  0.55451461  0.48810462
   0.51530384  0.79491324  0.28096409
   0.84083000  0.83753000  0.11288000
   0.75519367  0.81964286  0.51173619
   0.98275215  0.96140411  0.21485019
   0.78122379  0.58471409  0.31600729
   0.90524000  0.54636000  0.07986000
   0.71197628  0.67148041  0.18039638
   0.99560872  0.91802502  0.38241943
   0.77506921  0.55407395  0.48854512
   0.84858953  0.79483108  0.28103609
   0.92857727  0.70534789  0.41118824
   0.97866672  0.14204789  0.60247855
   0.80472426  0.26552593  0.59039999
