   0.92301532  0.69379190  0.49482785
   0.03971000  0.19194000  0.09637000
   0.31705039  0.43708623  0.29813309
   0.11341926  0.06001362  0.40215621
   0.17876870  0.31552074  0.19723584
   0.26148160  0.19164069  0.49776586
   0.37304000  0.19194000  0.09637000
   0.65083518  0.43721228  0.29850382
   0.45177740  0.06297013  0.40261823
   0.51291236  0.31548784  0.19736136
   0.59485142  0.19455144  0.49948499
   0.70637000  0.19194000  0.09637000
   0.98479025  0.43865504  0.29905075
   0.78397273  0.06011156  0.40259753
   0.84614710  0.31601580  0.19769316
   0.93264463  0.18882325  0.49774902
   0.03971000  0.69194000  0.09637000
   0.31237854  0.94080946  0.30004731
   0.12286954  0.56072716  0.40126425
   0.17924846  0.81624100  0.19807497
   0.25668346  0.69616568  0.49619196
   0.37304000  0.69194000  0.09637000
   0.64651870  0.93997314  0.29958403
   0.45383259  0.55908865  0.39931673
   0.51267931  0.81590404  0.19790324
   0.58719095  0.69039438  0.49399877
   0.70637000  0.69194000  0.09637000
   0.97884769  0.93900895  0.29893004
   0.84574117  0.81540603  0.19760761
   0.78753974  0.55863215  0.39993243
   0.17950926  0.06460571  0.19610785
   0.27409294  0.43247620  0.50286168
   0.03971000  0.44194000  0.09637000
   0.31527606  0.18834899  0.30005454
   0.12451798  0.31132770  0.40063779
   0.51255301  0.06433660  0.19590692
   0.60447572  0.43326372  0.50306220
   0.37304000  0.44194000  0.09637000
   0.64948860  0.18827801  0.29975864
   0.45723335  0.31121310  0.40124574
   0.84594146  0.06442559  0.19574970
   0.94380420  0.43240236  0.50380680
   0.70637000  0.44194000  0.09637000
   0.98217004  0.18792877  0.29974980
   0.79190316  0.31203659  0.40038836
   0.18037878  0.56466994  0.19575364
   0.25836172  0.93954252  0.50469885
   0.03971000  0.94194000  0.09637000
   0.31579425  0.68867138  0.29915127
   0.11022564  0.81771945  0.40318952
   0.51366472  0.56410467  0.19566611
   0.58990180  0.93744660  0.50469651
   0.37304000  0.94194000  0.09637000
   0.64933419  0.68836516  0.29943443
   0.44358223  0.81602382  0.40009684
   0.84729209  0.56446858  0.19574723
   0.92472206  0.93706103  0.51503774
   0.70637000  0.94194000  0.09637000
   0.98276318  0.68924189  0.30038071
   0.77723393  0.81676727  0.40280155
   0.17417000  0.33753000  0.11288000
   0.25660499  0.20287992  0.41367386
   0.07521393  0.32386891  0.51278132
   0.31396768  0.46040355  0.21434304
   0.11540746  0.08322164  0.31720500
   0.23858000  0.04636000  0.07986000
   0.04545277  0.17075723  0.18015030
   0.32282911  0.41371848  0.38209647
   0.12425336  0.04839319  0.49052451
   0.18133247  0.29188708  0.28034335
   0.50750000  0.33753000  0.11288000
   0.59368391  0.20643538  0.41556100
   0.40797533  0.32430166  0.51246453
   0.64808509  0.46035501  0.21479145
   0.45001820  0.08487061  0.31779243
   0.57191000  0.04636000  0.07986000
   0.37915328  0.17072973  0.18014113
   0.65608916  0.41475369  0.38284755
   0.45939053  0.05022087  0.49013539
   0.51547685  0.29219209  0.28054424
   0.84083000  0.33753000  0.11288000
   0.92397205  0.20467756  0.41461899
   0.73914903  0.32937285  0.51870726
   0.98149669  0.46110527  0.21509992
   0.78277882  0.08402407  0.31780586
   0.90524000  0.04636000  0.07986000
   0.71242764  0.17099598  0.18024865
   0.99040767  0.41543292  0.38315165
   0.79085494  0.04822340  0.49040345
   0.84893179  0.29304701  0.28101932
   0.17417000  0.83753000  0.11288000
   0.24509553  0.70927954  0.41350001
   0.06421679  0.82781241  0.50171521
   0.31358848  0.96132587  0.21572759
   0.11657351  0.58398504  0.31725733
   0.23858000  0.54636000  0.07986000
   0.04673139  0.67080869  0.18020499
   0.31035384  0.92193317  0.38399424
   0.14264747  0.54299720  0.48785015
   0.18194872  0.79343971  0.28140150
   0.50750000  0.83753000  0.11288000
   0.57521590  0.70677899  0.41143750
   0.38922246  0.83136490  0.51374303
   0.64684462  0.96111752  0.21515539
   0.44865855  0.58275513  0.31581029
   0.57191000  0.54636000  0.07986000
   0.38005925  0.67053712  0.18021524
   0.64250070  0.91986277  0.38351001
   0.47290833  0.53994766  0.48605594
   0.51542468  0.79284531  0.28116557
   0.84083000  0.83753000  0.11288000
   0.72203021  0.82703930  0.50401638
   0.97996029  0.96081448  0.21469923
   0.78233942  0.58247920  0.31626922
   0.90524000  0.54636000  0.07986000
   0.71300821  0.67007737  0.17991476
   0.97443470  0.91994896  0.38249229
   0.80681317  0.54315449  0.48914860
   0.84817223  0.79191574  0.28056260
   0.90800548  0.70595995  0.41177835
   0.89229088  0.87347112  0.61638736
   0.77960471  0.48851929  0.60103897
