   0.58612248  0.94394648  0.49573999
   0.03971000  0.19194000  0.08602000
   0.31981325  0.44006904  0.28906920
   0.11586089  0.06117668  0.39066480
   0.17990018  0.31645695  0.18738093
   0.26214772  0.18956664  0.48595109
   0.37304000  0.19194000  0.08602000
   0.65169415  0.43793210  0.28658546
   0.45116803  0.06522804  0.39361490
   0.51254079  0.31523179  0.18666025
   0.59272583  0.19417481  0.49144300
   0.70637000  0.19194000  0.08602000
   0.98671912  0.43871250  0.28806236
   0.78227752  0.06257015  0.39174614
   0.84654965  0.31571073  0.18697994
   0.93067130  0.19186778  0.48652806
   0.03971000  0.69194000  0.08602000
   0.31357885  0.94090544  0.29011488
   0.12453163  0.55991912  0.39061488
   0.18004068  0.81659078  0.18751880
   0.25109414  0.68753680  0.48765605
   0.37304000  0.69194000  0.08602000
   0.64617341  0.93982652  0.28932283
   0.45796947  0.56205612  0.39203437
   0.51278000  0.81625409  0.18725917
   0.60563592  0.68848038  0.49087610
   0.70637000  0.69194000  0.08602000
   0.97866586  0.93916451  0.28885141
   0.84618880  0.81592436  0.18694297
   0.91420945  0.68777014  0.48746283
   0.79367020  0.55903427  0.38615617
   0.17935286  0.06473613  0.18567883
   0.27808866  0.42948368  0.49384272
   0.03971000  0.44194000  0.08602000
   0.31572464  0.18879605  0.28938738
   0.12751520  0.31226610  0.38910199
   0.51256745  0.06443884  0.18540359
   0.60618944  0.42597637  0.48866136
   0.37304000  0.44194000  0.08602000
   0.64864757  0.18824934  0.28866681
   0.46050020  0.31270863  0.38937146
   0.84605023  0.06463460  0.18531815
   0.94662566  0.42807427  0.49200365
   0.70637000  0.44194000  0.08602000
   0.98225906  0.18830802  0.28883437
   0.79324693  0.31175687  0.38765654
   0.18137306  0.56495355  0.18539743
   0.24327151  0.94167754  0.49572000
   0.03971000  0.94194000  0.08602000
   0.31704069  0.69006519  0.29003643
   0.11068807  0.81657837  0.39307641
   0.51436974  0.56445478  0.18477200
   0.37304000  0.94194000  0.08602000
   0.65002774  0.68943664  0.28877523
   0.44617124  0.81772856  0.39305906
   0.84782943  0.56450254  0.18486049
   0.91851094  0.93935131  0.49465026
   0.70637000  0.94194000  0.08602000
   0.98366241  0.68954499  0.28859760
   0.77718917  0.81522697  0.39371042
   0.17417000  0.33753000  0.10253000
   0.25949320  0.20467910  0.40244968
   0.07823593  0.32234799  0.50387220
   0.31558928  0.46177799  0.20551582
   0.11525626  0.08343652  0.30665590
   0.23858000  0.04636000  0.06951000
   0.04589460  0.17122256  0.17016168
   0.32672180  0.41716405  0.37291503
   0.11837062  0.04755455  0.47808970
   0.18258257  0.29379602  0.27112506
   0.50750000  0.33753000  0.10253000
   0.59549226  0.20857139  0.40679090
   0.40927077  0.32014291  0.50367342
   0.64831587  0.46053968  0.20363098
   0.44959183  0.08524669  0.30847109
   0.57191000  0.04636000  0.06951000
   0.37870057  0.17020337  0.16980219
   0.65978654  0.41439431  0.36958516
   0.45209593  0.05458379  0.47689336
   0.51538842  0.29239193  0.27001789
   0.84083000  0.33753000  0.10253000
   0.92655476  0.20588117  0.40335947
   0.74230297  0.32660250  0.51385750
   0.98225690  0.46103083  0.20464138
   0.78209313  0.08415130  0.30728065
   0.90524000  0.04636000  0.06951000
   0.71229893  0.17070933  0.16997941
   0.99366742  0.41617786  0.37213331
   0.78732592  0.05043050  0.47882208
   0.84935010  0.29305775  0.27062488
   0.17417000  0.83753000  0.10253000
   0.24627014  0.71059266  0.40498102
   0.04279749  0.82585338  0.50121020
   0.31384199  0.96181541  0.20603632
   0.11767418  0.58503872  0.30728853
   0.23858000  0.54636000  0.06951000
   0.04759933  0.67109356  0.17010699
   0.31052635  0.92057499  0.37522686
   0.14770555  0.54190550  0.47712798
   0.18313657  0.79405282  0.27128162
   0.50750000  0.83753000  0.10253000
   0.57676859  0.71027825  0.41012551
   0.38121156  0.82792290  0.50062655
   0.64694457  0.96144898  0.20541784
   0.45163205  0.58656852  0.30876754
   0.57191000  0.54636000  0.06951000
   0.38069156  0.67085607  0.16993567
   0.64329801  0.91907922  0.37400168
   0.48027155  0.53889791  0.47760295
   0.51554819  0.79352235  0.27092086
   0.84083000  0.83753000  0.10253000
   0.71617869  0.83117371  0.50226726
   0.98014741  0.96130682  0.20499095
   0.78405061  0.58466432  0.30415216
   0.90524000  0.54636000  0.06951000
   0.71391114  0.67052885  0.16973167
   0.97521168  0.91876748  0.37336193
   0.81056857  0.53258472  0.47111317
   0.84894499  0.79312074  0.27033577
   0.91029790  0.70759606  0.40548347
   0.41441508  0.93875821  0.59155932
   0.76089592  0.49008489  0.58301255
