   0.57875804  0.68693200  0.49992892
   0.03971000  0.19194000  0.09637000
   0.31831920  0.43804770  0.29623675
   0.11545148  0.06191704  0.40013887
   0.17965013  0.31454416  0.19551211
   0.25317275  0.19446160  0.49587483
   0.37304000  0.19194000  0.09637000
   0.65230052  0.43894045  0.29788456
   0.45049963  0.06385003  0.40090811
   0.51374041  0.31512205  0.19616998
   0.58304061  0.20062864  0.49886812
   0.70637000  0.19194000  0.09637000
   0.98650724  0.44033174  0.29913933
   0.78189687  0.06226958  0.40054058
   0.84656907  0.31625181  0.19762787
   0.92496485  0.19296822  0.49604108
   0.03971000  0.69194000  0.09637000
   0.31332615  0.93976730  0.29860851
   0.12701763  0.56177277  0.40237269
   0.17969346  0.81536825  0.19635492
   0.27504650  0.68972576  0.50208659
   0.37304000  0.69194000  0.09637000
   0.64549020  0.93948386  0.29855960
   0.45940381  0.55975438  0.39739675
   0.51316033  0.81543884  0.19619614
   0.70637000  0.69194000  0.09637000
   0.97928734  0.93910967  0.29881315
   0.84605184  0.81564423  0.19732095
   0.93002881  0.69545321  0.49612815
   0.79120641  0.56143542  0.40031589
   0.17914006  0.06395176  0.19521403
   0.28147693  0.43046742  0.50318069
   0.03971000  0.44194000  0.09637000
   0.31554746  0.18829376  0.29819696
   0.12629126  0.31279263  0.39843918
   0.51274581  0.06431031  0.19511409
   0.61019081  0.43123322  0.49934054
   0.37304000  0.44194000  0.09637000
   0.64915271  0.18858050  0.29853980
   0.45904492  0.31227661  0.39797185
   0.84582562  0.06410805  0.19516499
   0.95120166  0.43259289  0.50381498
   0.70637000  0.44194000  0.09637000
   0.98229607  0.18829771  0.29817768
   0.79326092  0.31264876  0.39818491
   0.18048391  0.56418143  0.19481170
   0.24943350  0.94283613  0.50254585
   0.03971000  0.94194000  0.09637000
   0.31615106  0.68967757  0.29857981
   0.11285850  0.81630452  0.40178261
   0.51398947  0.56419959  0.19480489
   0.58486394  0.94241923  0.50368578
   0.37304000  0.94194000  0.09637000
   0.64935592  0.68965266  0.29850836
   0.44404694  0.81624866  0.40403260
   0.84748314  0.56445532  0.19529506
   0.91452148  0.93874270  0.50454699
   0.70637000  0.94194000  0.09637000
   0.98324814  0.68950860  0.29937664
   0.77644155  0.81634835  0.40277389
   0.17296250  0.33267246  0.10931339
   0.25874984  0.20504044  0.41178002
   0.07873141  0.32065191  0.51370830
   0.31461148  0.45950846  0.21239922
   0.11542324  0.08365823  0.31596254
   0.23858000  0.04636000  0.07986000
   0.04523788  0.17020267  0.17992820
   0.32465769  0.41478462  0.37917336
   0.11588481  0.05029084  0.48808221
   0.18206925  0.29225731  0.27898973
   0.50667032  0.33273544  0.10969314
   0.59446331  0.20737569  0.41370167
   0.41354735  0.31823024  0.51324353
   0.64830114  0.46016948  0.21374871
   0.44952352  0.08444349  0.31643583
   0.57191000  0.04636000  0.07986000
   0.37878659  0.17070776  0.18030049
   0.65946387  0.41698837  0.38222443
   0.45266662  0.05450646  0.48865387
   0.51617072  0.29337699  0.28005788
   0.84083000  0.33753000  0.11288000
   0.92504323  0.20580103  0.41288826
   0.74443517  0.32760220  0.51941000
   0.98209124  0.46142767  0.21516411
   0.78227895  0.08398638  0.31621683
   0.90524000  0.04636000  0.07986000
   0.71243778  0.17112379  0.18045894
   0.99207235  0.41743213  0.38288723
   0.78664430  0.04968141  0.48838358
   0.84956257  0.29409945  0.28121245
   0.17306720  0.83286109  0.10969707
   0.24302697  0.70986940  0.41880200
   0.04882278  0.83507960  0.51467964
   0.31371920  0.96032331  0.21389048
   0.11781046  0.58609358  0.31810546
   0.23858000  0.54636000  0.07986000
   0.04662524  0.67065031  0.18010112
   0.31044688  0.92088777  0.38275291
   0.14859627  0.53837563  0.48718472
   0.18165563  0.79355758  0.28012715
   0.50657799  0.83283592  0.10961816
   0.57882347  0.70818846  0.41570279
   0.38397120  0.84247925  0.50638778
   0.64671059  0.96059191  0.21393236
   0.45007551  0.58450938  0.31422050
   0.57191000  0.54636000  0.07986000
   0.37985114  0.67058179  0.18006982
   0.64259334  0.92007835  0.38279991
   0.47923291  0.53189501  0.47913583
   0.51501358  0.79357457  0.27973777
   0.84083000  0.83753000  0.11288000
   0.71375812  0.83331876  0.51098458
   0.98027853  0.96077450  0.21463325
   0.78329377  0.58472571  0.31660043
   0.90524000  0.54636000  0.07986000
   0.71326679  0.67048684  0.18015088
   0.97670427  0.91952245  0.38304830
   0.81650610  0.54302508  0.48869507
   0.84857243  0.79294184  0.28054504
   0.91179465  0.70924952  0.41444659
   0.42049953  0.65429017  0.58377191
   0.76653567  0.47166224  0.59907798
