   0.57796911  0.68823192  0.50238050
   0.03971000  0.19194000  0.09637000
   0.31868638  0.43898229  0.29810415
   0.11518937  0.06167058  0.40082913
   0.17980270  0.31523660  0.19647394
   0.25517471  0.19243866  0.49637726
   0.37304000  0.19194000  0.09637000
   0.65180735  0.43751252  0.29723699
   0.45087199  0.06417784  0.40231726
   0.51324084  0.31457278  0.19582707
   0.58753787  0.19918693  0.50030452
   0.70637000  0.19194000  0.09637000
   0.98697199  0.43975734  0.29900070
   0.78223400  0.06209389  0.40131030
   0.84639605  0.31550127  0.19743629
   0.92794393  0.19201037  0.49680222
   0.03971000  0.69194000  0.09637000
   0.31345025  0.94050081  0.29968734
   0.12673957  0.56134183  0.40272838
   0.18004614  0.81567467  0.19692045
   0.27499102  0.68991932  0.50315640
   0.37304000  0.69194000  0.09637000
   0.64552121  0.93946800  0.29935893
   0.45901663  0.56024194  0.39965208
   0.51325133  0.81547357  0.19669704
   0.70637000  0.69194000  0.09637000
   0.97912399  0.93891436  0.29920367
   0.84587560  0.81562157  0.19741935
   0.93124210  0.69370373  0.49484187
   0.79018452  0.55960600  0.39920410
   0.17905235  0.06465794  0.19582323
   0.27925190  0.42993857  0.50404288
   0.03971000  0.44194000  0.09637000
   0.31590273  0.18902678  0.29939835
   0.12680410  0.31243229  0.39969276
   0.51246436  0.06428210  0.19551812
   0.60911463  0.43022800  0.50041425
   0.37304000  0.44194000  0.09637000
   0.64892121  0.18826453  0.29893934
   0.45974368  0.31205177  0.39958541
   0.84597524  0.06434272  0.19559540
   0.94943960  0.43229477  0.50428168
   0.70637000  0.44194000  0.09637000
   0.98224054  0.18820609  0.29908089
   0.79408076  0.31217647  0.39865548
   0.18082525  0.56496973  0.19568995
   0.24947816  0.94178603  0.50264596
   0.03971000  0.94194000  0.09637000
   0.31693294  0.69034143  0.29976458
   0.11270228  0.81615114  0.40213917
   0.51384579  0.56433817  0.19508846
   0.58540240  0.94354747  0.50481294
   0.37304000  0.94194000  0.09637000
   0.64931281  0.68940208  0.29909533
   0.44385916  0.81704957  0.40564961
   0.84771465  0.56446420  0.19522211
   0.91425402  0.93745355  0.50532900
   0.70637000  0.94194000  0.09637000
   0.98345621  0.68919561  0.29938129
   0.77597986  0.81559280  0.40353087
   0.17282223  0.33263170  0.11000596
   0.25938229  0.20446794  0.41260699
   0.07762690  0.32111899  0.51374604
   0.31486238  0.46062813  0.21408520
   0.11566994  0.08357406  0.31658089
   0.23858000  0.04636000  0.07986000
   0.04520102  0.17078574  0.18026222
   0.32557434  0.41528790  0.38119574
   0.11609595  0.04956370  0.48898004
   0.18203074  0.29306328  0.28020551
   0.50625270  0.33240177  0.10946811
   0.59522772  0.20710937  0.41556629
   0.41246140  0.31894496  0.51384058
   0.64822020  0.45977413  0.21315793
   0.44962919  0.08519240  0.31791652
   0.57191000  0.04636000  0.07986000
   0.37850442  0.17036262  0.18009116
   0.65944635  0.41581426  0.38158874
   0.45276179  0.05486588  0.49037788
   0.51580182  0.29266558  0.27955155
   0.84083000  0.33753000  0.11288000
   0.92535396  0.20521289  0.41355666
   0.74437445  0.32817608  0.52019169
   0.98205148  0.46109354  0.21499797
   0.78204780  0.08391239  0.31714186
   0.90524000  0.04636000  0.07986000
   0.71192752  0.17060668  0.18040167
   0.99315788  0.41741573  0.38299429
   0.78672583  0.04975956  0.48932566
   0.84943315  0.29348491  0.28109470
   0.17280222  0.83266173  0.11011550
   0.24232241  0.70931676  0.41922932
   0.04822585  0.83298390  0.51330690
   0.31363351  0.96098631  0.21481313
   0.11842558  0.58584051  0.31821363
   0.23858000  0.54636000  0.07986000
   0.04673238  0.67082449  0.18036759
   0.31023948  0.92151318  0.38392601
   0.14669138  0.53873157  0.48858254
   0.18197512  0.79404977  0.28091466
   0.50632280  0.83262945  0.10992646
   0.57857811  0.70875062  0.41776345
   0.38438668  0.84149220  0.50547655
   0.64674848  0.96076420  0.21466816
   0.45044757  0.58520417  0.31669475
   0.57191000  0.54636000  0.07986000
   0.37990897  0.67069953  0.18027181
   0.64239834  0.91991040  0.38374384
   0.47741700  0.53269422  0.48177922
   0.51551622  0.79349891  0.28036154
   0.84083000  0.83753000  0.11288000
   0.71258995  0.83418039  0.51252887
   0.98011259  0.96105277  0.21507391
   0.78304745  0.58348934  0.31571685
   0.90524000  0.54636000  0.07986000
   0.71313737  0.67028714  0.18026238
   0.97622051  0.91862057  0.38358694
   0.81545730  0.54165637  0.48748687
   0.84846996  0.79261962  0.28077181
   0.91127430  0.70766645  0.41340725
   0.42455894  0.65974564  0.58642140
   0.76457825  0.48669126  0.59764870
