   0.57895384  0.18754901  0.49922691
   0.03971000  0.19194000  0.09637000
   0.31423256  0.44002791  0.29634682
   0.13042669  0.06302267  0.40065647
   0.18041429  0.31532238  0.19531996
   0.27409112  0.19314083  0.49986300
   0.37304000  0.19194000  0.09637000
   0.64675546  0.44015150  0.29670553
   0.46440467  0.06187592  0.39749998
   0.51370012  0.31552679  0.19530118
   0.70637000  0.19194000  0.09637000
   0.98062645  0.43992167  0.29633988
   0.79548982  0.06171933  0.39879877
   0.84706106  0.31552234  0.19523003
   0.93036719  0.19572677  0.49391781
   0.03971000  0.69194000  0.09637000
   0.32064531  0.94003370  0.29604419
   0.11431826  0.56466778  0.39750788
   0.18038067  0.81558619  0.19529375
   0.25308354  0.69770266  0.49332932
   0.37304000  0.69194000  0.09637000
   0.65425565  0.93984476  0.29646108
   0.44783375  0.56563384  0.39749879
   0.51396000  0.81565966  0.19539540
   0.58325118  0.70265056  0.49344032
   0.70637000  0.69194000  0.09637000
   0.98790772  0.94090671  0.29754666
   0.84743259  0.81614780  0.19595882
   0.91951689  0.69864625  0.49354758
   0.78177131  0.56443858  0.39799130
   0.18163361  0.06431565  0.19402956
   0.24529240  0.44513184  0.50012787
   0.03971000  0.44194000  0.09637000
   0.31858133  0.19031132  0.29740364
   0.11394716  0.31804561  0.39937850
   0.51505427  0.06434907  0.19386921
   0.58000537  0.44778992  0.50150481
   0.37304000  0.44194000  0.09637000
   0.65189686  0.18997519  0.29650865
   0.44560294  0.31871773  0.40230814
   0.84857345  0.06448211  0.19424358
   0.91344366  0.44329683  0.50274979
   0.70637000  0.44194000  0.09637000
   0.98538625  0.18981352  0.29740543
   0.77837095  0.31711943  0.39878500
   0.17992651  0.56419424  0.19404706
   0.28659084  0.93202434  0.50092627
   0.03971000  0.94194000  0.09637000
   0.31596521  0.68958574  0.29641952
   0.12797649  0.81479494  0.39690570
   0.51344019  0.56444786  0.19431712
   0.62070381  0.93262182  0.49970252
   0.37304000  0.94194000  0.09637000
   0.64957617  0.68984011  0.29691366
   0.46096746  0.81436868  0.39608417
   0.84658397  0.56448568  0.19426008
   0.95424800  0.93418381  0.50127445
   0.70637000  0.94194000  0.09637000
   0.98270750  0.68976802  0.29674350
   0.79486187  0.81438057  0.39685391
   0.17318630  0.33287597  0.10904442
   0.24526793  0.21202031  0.41685594
   0.04429332  0.33733356  0.51321519
   0.31437090  0.45995696  0.21184956
   0.12054448  0.08656489  0.31615876
   0.23858000  0.04636000  0.07986000
   0.04748741  0.17065827  0.17978063
   0.31128590  0.42167151  0.38022877
   0.15385530  0.04130644  0.48599237
   0.18359746  0.29374055  0.27873297
   0.50653455  0.33281811  0.10902434
   0.58140460  0.21190938  0.41632246
   0.38129945  0.34513102  0.50569662
   0.64779596  0.46019758  0.21213613
   0.45366605  0.08625003  0.31413936
   0.57191000  0.04636000  0.07986000
   0.38065550  0.17077013  0.17972986
   0.64425816  0.42098963  0.38106754
   0.48580694  0.03440555  0.47983527
   0.51712954  0.29402189  0.27863897
   0.83980379  0.33281377  0.10898248
   0.91318340  0.21151634  0.41236071
   0.70889629  0.33722369  0.51638642
   0.98088307  0.46010432  0.21192420
   0.78625458  0.08546885  0.31467826
   0.90524000  0.04636000  0.07986000
   0.71415870  0.17079136  0.17978318
   0.97749572  0.42085375  0.38050072
   0.82108923  0.04339901  0.48527336
   0.85061179  0.29357378  0.27863038
   0.17320376  0.83285671  0.10911751
   0.26040717  0.70668529  0.40850356
   0.08474506  0.82165860  0.50973578
   0.31640374  0.96024197  0.21192477
   0.11581513  0.58435215  0.31300263
   0.23858000  0.54636000  0.07986000
   0.04602398  0.67098419  0.17986141
   0.32691172  0.91850954  0.37918363
   0.11395782  0.55317456  0.48508221
   0.18280794  0.79472863  0.27866862
   0.50658447  0.83281375  0.10915540
   0.59480067  0.70692794  0.40825044
   0.41921804  0.81997008  0.50999434
   0.64986150  0.96035106  0.21211504
   0.44947176  0.58448542  0.31290008
   0.57191000  0.54636000  0.07986000
   0.37932957  0.67103334  0.17996718
   0.66084965  0.91878854  0.38026973
   0.44747115  0.55740846  0.48481431
   0.51642819  0.79498720  0.27890665
   0.83996988  0.83295214  0.10952569
   0.75306973  0.82324427  0.50955687
   0.98332235  0.96078555  0.21304363
   0.78268644  0.58442738  0.31341204
   0.90524000  0.54636000  0.07986000
   0.71290561  0.67144756  0.18016084
   0.99409406  0.91975125  0.38135180
   0.78330761  0.55220304  0.48576844
   0.84997096  0.79552513  0.27961666
   0.92749917  0.70631978  0.40903483
   0.41624157  0.15452712  0.58642929
   0.68805510  0.29819894  0.61129670
