   0.94543926  0.19204701  0.50424834
   0.03971000  0.19194000  0.09637000
   0.31995363  0.44012048  0.29961797
   0.11767908  0.06170011  0.39958569
   0.17984818  0.31633668  0.19796210
   0.24675686  0.18637713  0.50342624
   0.37304000  0.19194000  0.09637000
   0.65193976  0.43785187  0.29712276
   0.44989715  0.06550181  0.40375391
   0.51248614  0.31513088  0.19715705
   0.59090517  0.19550563  0.50150071
   0.70637000  0.19194000  0.09637000
   0.98685821  0.43882820  0.29880933
   0.78311512  0.06367969  0.40267119
   0.84648525  0.31579000  0.19758908
   0.03971000  0.69194000  0.09637000
   0.31353557  0.94081498  0.30069583
   0.12584890  0.55983735  0.40109472
   0.17994981  0.81658719  0.19809824
   0.25758654  0.69444255  0.49719300
   0.37304000  0.69194000  0.09637000
   0.64621801  0.93990127  0.29995105
   0.45779335  0.56067372  0.40217989
   0.51283115  0.81622440  0.19790513
   0.59275530  0.69252361  0.49804216
   0.70637000  0.69194000  0.09637000
   0.97875354  0.93922277  0.29930665
   0.84615276  0.81597728  0.19754043
   0.92543261  0.68927355  0.49473113
   0.79204927  0.55856656  0.39805927
   0.17933434  0.06477782  0.19627133
   0.27979468  0.43369270  0.50387900
   0.03971000  0.44194000  0.09637000
   0.31532224  0.18862354  0.30030953
   0.12630181  0.31077533  0.40123863
   0.51262950  0.06446267  0.19599800
   0.60644514  0.42851691  0.50006452
   0.37304000  0.44194000  0.09637000
   0.64892799  0.18807911  0.29937002
   0.45871454  0.31131664  0.40085197
   0.84604045  0.06460547  0.19593345
   0.94446343  0.43626507  0.50128062
   0.70637000  0.44194000  0.09637000
   0.98216461  0.18816210  0.29976492
   0.79434244  0.31047378  0.39884032
   0.18117921  0.56490107  0.19593702
   0.24816723  0.93605965  0.50508146
   0.03971000  0.94194000  0.09637000
   0.31683349  0.69008866  0.30031496
   0.11122055  0.81725223  0.40277391
   0.51411460  0.56447232  0.19532219
   0.58492173  0.93696626  0.50597453
   0.37304000  0.94194000  0.09637000
   0.64990430  0.68967305  0.29889020
   0.44520640  0.81775109  0.40365393
   0.84783911  0.56454238  0.19550733
   0.91630263  0.93616363  0.50501711
   0.70637000  0.94194000  0.09637000
   0.98409542  0.68980988  0.29887184
   0.77751692  0.81704196  0.40301683
   0.17417000  0.33753000  0.11288000
   0.26105007  0.20386699  0.41513506
   0.07565935  0.33689934  0.50355484
   0.31555153  0.46169205  0.21556493
   0.11530539  0.08346740  0.31659345
   0.23858000  0.04636000  0.07986000
   0.04567368  0.17111557  0.18025357
   0.32668947  0.41760301  0.38283624
   0.12006207  0.03791274  0.48245655
   0.18253726  0.29363356  0.28127152
   0.50750000  0.33753000  0.11288000
   0.59543217  0.20764346  0.41677469
   0.40970467  0.32127653  0.51168523
   0.64820512  0.46036652  0.21375028
   0.44981741  0.08498089  0.31854735
   0.57191000  0.04636000  0.07986000
   0.37873529  0.17031178  0.17991613
   0.66019162  0.41587047  0.38071992
   0.45394228  0.05091661  0.49080482
   0.51538597  0.29211211  0.28018401
   0.84083000  0.33753000  0.11288000
   0.92418303  0.20505474  0.41613716
   0.74081156  0.32773601  0.52184155
   0.98224347  0.46100693  0.21471526
   0.78195408  0.08402177  0.31735757
   0.90524000  0.04636000  0.07986000
   0.71215915  0.17069538  0.18008760
   0.99203858  0.41700542  0.38181586
   0.78567082  0.04629175  0.48870610
   0.84922938  0.29282648  0.28078236
   0.17417000  0.83753000  0.11288000
   0.24508589  0.70992241  0.41500193
   0.04657358  0.82719280  0.51339707
   0.31386463  0.96171400  0.21611580
   0.11754884  0.58532260  0.31736600
   0.23858000  0.54636000  0.07986000
   0.04726943  0.67113448  0.18029697
   0.31126272  0.92085281  0.38491604
   0.14841055  0.54634029  0.48694297
   0.18295248  0.79410060  0.28146047
   0.50750000  0.83753000  0.11288000
   0.57679406  0.70986772  0.41620197
   0.38120619  0.83208423  0.51568305
   0.64688407  0.96131309  0.21541154
   0.45151564  0.58643657  0.31866184
   0.57191000  0.54636000  0.07986000
   0.38049884  0.67092114  0.18012010
   0.64345041  0.91901854  0.38400330
   0.48120641  0.54084495  0.48870967
   0.51548907  0.79354188  0.28112721
   0.84083000  0.83753000  0.11288000
   0.71583527  0.82907998  0.51549848
   0.98024764  0.96119228  0.21498363
   0.78416358  0.58419046  0.31460590
   0.90524000  0.54636000  0.07986000
   0.71351316  0.67059879  0.17995447
   0.97497677  0.91752487  0.38270955
   0.80899592  0.54096327  0.48657592
   0.84875125  0.79311505  0.28049208
   0.90867959  0.70749152  0.41314139
   0.09315577  0.17229553  0.59009919
   0.76383577  0.48663866  0.59508184
