   0.60908108  0.43442938  0.49726890
   0.03971000  0.19194000  0.08602000
   0.31616031  0.43913106  0.28892718
   0.11885987  0.05982449  0.39003514
   0.17812736  0.31560162  0.18747032
   0.26566759  0.19294754  0.48409061
   0.37304000  0.19194000  0.08602000
   0.64921061  0.43715351  0.28640232
   0.45188928  0.06179987  0.39031981
   0.51059386  0.31387169  0.18672777
   0.59696816  0.19324047  0.48507452
   0.70637000  0.19194000  0.08602000
   0.98263199  0.43898558  0.28888437
   0.78513187  0.06169009  0.39014516
   0.84532144  0.31530477  0.18715519
   0.93022035  0.19388984  0.48461446
   0.03971000  0.69194000  0.08602000
   0.31179006  0.93896611  0.28884378
   0.11803317  0.56106177  0.39179859
   0.17821065  0.81537289  0.18716731
   0.26337004  0.69325917  0.48636746
   0.37304000  0.69194000  0.08602000
   0.64573499  0.93849242  0.28879125
   0.45876182  0.56046420  0.39099764
   0.51104664  0.81517451  0.18729769
   0.59939287  0.69220676  0.48633453
   0.70637000  0.69194000  0.08602000
   0.97824903  0.93869446  0.28874181
   0.84463981  0.81546496  0.18701607
   0.92686392  0.69435002  0.49379505
   0.78678177  0.56329417  0.38533408
   0.17856844  0.06371258  0.18532008
   0.27545517  0.43433396  0.49325428
   0.03971000  0.44194000  0.08602000
   0.31418868  0.18789275  0.28915836
   0.12294574  0.31402635  0.39038634
   0.51209413  0.06331641  0.18521722
   0.37304000  0.44194000  0.08602000
   0.64808936  0.18776815  0.28885215
   0.45704977  0.31509568  0.38984109
   0.84539579  0.06377362  0.18551528
   0.94625891  0.43492948  0.50071553
   0.70637000  0.44194000  0.08602000
   0.98112454  0.18840240  0.28916324
   0.78965223  0.31603930  0.39102348
   0.17895297  0.56399367  0.18541833
   0.26193873  0.93832913  0.49332710
   0.03971000  0.94194000  0.08602000
   0.31426556  0.68840578  0.28986932
   0.11028539  0.81253719  0.39280977
   0.51203355  0.56345304  0.18500455
   0.59491205  0.93749958  0.49371086
   0.37304000  0.94194000  0.08602000
   0.64732932  0.68813791  0.28689796
   0.44594145  0.81629644  0.39124599
   0.84525675  0.56393781  0.18615199
   0.92835381  0.93853627  0.49320757
   0.70637000  0.94194000  0.08602000
   0.98196326  0.68887853  0.28711232
   0.77986201  0.81346744  0.39254910
   0.17417000  0.33753000  0.10253000
   0.25655185  0.20552826  0.40129781
   0.07588988  0.32539593  0.50075541
   0.31314965  0.46071140  0.20491338
   0.11378715  0.08291186  0.30625947
   0.23858000  0.04636000  0.06951000
   0.04513985  0.17021158  0.16968836
   0.32158115  0.41797660  0.37276817
   0.13007659  0.04805554  0.47682134
   0.18116403  0.29277361  0.27072441
   0.50750000  0.33753000  0.10253000
   0.58943941  0.20679781  0.40196707
   0.40743180  0.32575020  0.50157436
   0.64500536  0.45841762  0.20265910
   0.44801508  0.08306150  0.30617622
   0.57191000  0.04636000  0.06951000
   0.37824347  0.16918250  0.16931362
   0.65605237  0.41926761  0.37060002
   0.46292495  0.04771579  0.47736877
   0.51381952  0.29142073  0.27001031
   0.84083000  0.33753000  0.10253000
   0.92251212  0.20643306  0.40179188
   0.74253771  0.32565113  0.49950914
   0.98054914  0.46034162  0.20464686
   0.78163839  0.08298711  0.30604063
   0.90524000  0.04636000  0.06951000
   0.71186170  0.16977863  0.16957870
   0.98813517  0.41764831  0.37280051
   0.79627884  0.04789041  0.47725334
   0.84773212  0.29264388  0.27036382
   0.17417000  0.83753000  0.10253000
   0.24586305  0.70809769  0.40427763
   0.06168777  0.83287310  0.50233750
   0.31281035  0.96025259  0.20469671
   0.11440605  0.58462091  0.30728131
   0.23858000  0.54636000  0.06951000
   0.04508275  0.67016252  0.16967459
   0.30986786  0.91920557  0.37313192
   0.14212506  0.54421388  0.47873579
   0.18085969  0.79261720  0.27038479
   0.50750000  0.83753000  0.10253000
   0.57851610  0.70949878  0.40447845
   0.39334314  0.83092208  0.50232468
   0.64609234  0.96013969  0.20472803
   0.44935406  0.58434465  0.30685152
   0.57191000  0.54636000  0.06951000
   0.37852730  0.66989372  0.16955927
   0.64638818  0.91878774  0.37284264
   0.47800587  0.54369700  0.47791056
   0.51242173  0.79277136  0.27057314
   0.84083000  0.83753000  0.10253000
   0.72771781  0.83087457  0.50266280
   0.97963040  0.96054326  0.20460570
   0.78306947  0.58350494  0.29761992
   0.90524000  0.54636000  0.06951000
   0.71140582  0.67006614  0.16945759
   0.97811497  0.91577089  0.37287262
   0.81266480  0.54692047  0.50978009
   0.84656528  0.79370625  0.27017016
   0.90807379  0.70244133  0.41065831
   0.78391866  0.47389168  0.69577758
   0.79758313  0.51624284  0.60054602
