   0.27901589  0.43352529  0.49287514
   0.03971000  0.19194000  0.08602000
   0.31831858  0.43842506  0.28872612
   0.11520182  0.06112460  0.39047628
   0.17944686  0.31595030  0.18728951
   0.25694012  0.19506022  0.48608274
   0.37304000  0.19194000  0.08602000
   0.65192244  0.43771806  0.28744057
   0.44876567  0.06353505  0.39254231
   0.51237071  0.31506452  0.18691037
   0.58986181  0.19453209  0.48865103
   0.70637000  0.19194000  0.08602000
   0.98501991  0.43823120  0.28789816
   0.77962558  0.05953314  0.38970069
   0.84602951  0.31541268  0.18694729
   0.92772562  0.18696480  0.48295074
   0.03971000  0.69194000  0.08602000
   0.31269521  0.94129524  0.28961313
   0.12318480  0.55928423  0.38971802
   0.17934004  0.81646764  0.18775114
   0.25910598  0.69096817  0.48543164
   0.37304000  0.69194000  0.08602000
   0.64478042  0.93861960  0.28819025
   0.45900955  0.55996609  0.39096773
   0.51232842  0.81561643  0.18722578
   0.59203734  0.69322018  0.48706502
   0.70637000  0.69194000  0.08602000
   0.97851280  0.93974663  0.28838804
   0.84552895  0.81571301  0.18725807
   0.92796985  0.69124105  0.48640213
   0.79112758  0.55923610  0.38961677
   0.17917822  0.06479631  0.18581120
   0.03971000  0.44194000  0.08602000
   0.31602578  0.18930624  0.28986248
   0.12630756  0.31226336  0.39108456
   0.51232485  0.06431733  0.18531226
   0.61129138  0.43270776  0.49397125
   0.37304000  0.44194000  0.08602000
   0.64901769  0.18809397  0.28845352
   0.45992600  0.31299872  0.39065379
   0.84591330  0.06459510  0.18551502
   0.94801161  0.42972232  0.49277076
   0.70637000  0.44194000  0.08602000
   0.98246522  0.18846928  0.28944890
   0.79228539  0.31210814  0.38879229
   0.18079164  0.56470887  0.18573479
   0.25137038  0.93731584  0.49493295
   0.03971000  0.94194000  0.08602000
   0.31560959  0.68895239  0.28912522
   0.11012806  0.81594725  0.39032144
   0.51393633  0.56399284  0.18509457
   0.58395199  0.93643101  0.49590110
   0.37304000  0.94194000  0.08602000
   0.64896905  0.68774151  0.28808946
   0.44299425  0.81597892  0.39071932
   0.84723295  0.56456268  0.18591089
   0.91743704  0.93540767  0.49464737
   0.70637000  0.94194000  0.08602000
   0.98229179  0.68845911  0.28835175
   0.77647118  0.81402947  0.38962491
   0.17417000  0.33753000  0.10253000
   0.26018656  0.20340037  0.40169541
   0.07939406  0.31836141  0.49423080
   0.31481315  0.46093830  0.20472863
   0.11597039  0.08336385  0.30602925
   0.23858000  0.04636000  0.06951000
   0.04553225  0.17088525  0.16968280
   0.32544525  0.41644177  0.37263856
   0.11991323  0.04781542  0.47816877
   0.18241602  0.29275568  0.27036917
   0.50750000  0.33753000  0.10253000
   0.59340016  0.20551153  0.40530270
   0.41148815  0.32353674  0.50248946
   0.64754764  0.45964070  0.20353983
   0.44978698  0.08516744  0.30778218
   0.57191000  0.04636000  0.06951000
   0.37878652  0.17019528  0.16947177
   0.65822429  0.41482256  0.37099351
   0.45485462  0.04752121  0.48032060
   0.51578807  0.29236061  0.26995088
   0.84083000  0.33753000  0.10253000
   0.92238588  0.20189851  0.40024576
   0.74161271  0.32431705  0.50611741
   0.98176943  0.46043476  0.20392435
   0.78125035  0.08269609  0.30544956
   0.90524000  0.04636000  0.06951000
   0.71195837  0.17033159  0.16955875
   0.99168705  0.41463368  0.37140606
   0.78656386  0.04440075  0.47764659
   0.84886541  0.29238074  0.27000595
   0.17417000  0.83753000  0.10253000
   0.24427391  0.70899940  0.40335096
   0.05094423  0.83051378  0.50384628
   0.31360546  0.96158410  0.20534514
   0.11680455  0.58400831  0.30594717
   0.23858000  0.54636000  0.06951000
   0.04720640  0.67100682  0.16993733
   0.30938774  0.92120414  0.37380536
   0.14525359  0.54089910  0.47433277
   0.18160414  0.79400239  0.27121366
   0.50750000  0.83753000  0.10253000
   0.57647034  0.70943279  0.40484750
   0.38245762  0.82999131  0.50460328
   0.64637756  0.96083020  0.20433126
   0.44956311  0.58426462  0.30671220
   0.57191000  0.54636000  0.06951000
   0.38031456  0.67041187  0.16969426
   0.64163055  0.91781943  0.37206782
   0.48123852  0.54192595  0.47820516
   0.51440204  0.79227506  0.27025821
   0.84083000  0.83753000  0.10253000
   0.71656740  0.83039650  0.50672122
   0.97990138  0.96100150  0.20441033
   0.78353978  0.58342255  0.30169647
   0.90524000  0.54636000  0.06951000
   0.71338431  0.67041988  0.16947101
   0.97433147  0.91970006  0.37227529
   0.81278159  0.54153304  0.48440686
   0.84773884  0.79333734  0.27042456
   0.91061559  0.70904600  0.40456345
   0.07971893  0.46977959  0.61512593
   0.81432089  0.48225100  0.59313029
