   0.58568197  0.94358420  0.49570756
   0.03971000  0.19194000  0.08602000
   0.31980998  0.44008879  0.28908303
   0.11585097  0.06115440  0.39067415
   0.17989722  0.31646216  0.18738674
   0.26211159  0.18959351  0.48595983
   0.37304000  0.19194000  0.08602000
   0.65170652  0.43795154  0.28659573
   0.45111712  0.06517222  0.39356921
   0.51253482  0.31522670  0.18665728
   0.59274589  0.19424903  0.49143976
   0.70637000  0.19194000  0.08602000
   0.98674869  0.43872306  0.28807196
   0.78227383  0.06254262  0.39173473
   0.84656148  0.31571262  0.18698388
   0.93072817  0.19179725  0.48653218
   0.03971000  0.69194000  0.08602000
   0.31357208  0.94089705  0.29013700
   0.12459339  0.55998996  0.39065666
   0.18004553  0.81659856  0.18752874
   0.25165979  0.68818474  0.48757586
   0.37304000  0.69194000  0.08602000
   0.64617897  0.93981998  0.28934712
   0.45799409  0.56212235  0.39208603
   0.51278884  0.81626057  0.18727104
   0.60609624  0.68817275  0.49113691
   0.70637000  0.69194000  0.08602000
   0.97867609  0.93916505  0.28887191
   0.84620071  0.81593278  0.18695349
   0.91348523  0.68763255  0.48764927
   0.79372915  0.55905744  0.38619979
   0.17934374  0.06472963  0.18568484
   0.27813203  0.42956685  0.49382575
   0.03971000  0.44194000  0.08602000
   0.31569864  0.18878956  0.28939845
   0.12752059  0.31226550  0.38911457
   0.51257556  0.06443011  0.18540619
   0.60614920  0.42606419  0.48864747
   0.37304000  0.44194000  0.08602000
   0.64866058  0.18823860  0.28867204
   0.46047266  0.31268911  0.38937525
   0.84605905  0.06463316  0.18532226
   0.94669193  0.42812298  0.49197872
   0.70637000  0.44194000  0.08602000
   0.98225424  0.18830133  0.28884278
   0.79330227  0.31173261  0.38766180
   0.18137375  0.56495419  0.18540457
   0.24366150  0.94122671  0.49570034
   0.03971000  0.94194000  0.08602000
   0.31704750  0.69006664  0.29005545
   0.11067352  0.81656772  0.39311706
   0.51436288  0.56446512  0.18477475
   0.37304000  0.94194000  0.08602000
   0.65000340  0.68946645  0.28878848
   0.44613672  0.81767661  0.39315055
   0.84785209  0.56450917  0.18485651
   0.91839488  0.93927846  0.49466498
   0.70637000  0.94194000  0.08602000
   0.98372015  0.68957005  0.28860668
   0.77715388  0.81519091  0.39373397
   0.17417000  0.33753000  0.10253000
   0.25950566  0.20467035  0.40242810
   0.07821570  0.32232165  0.50387984
   0.31559820  0.46177720  0.20551230
   0.11525958  0.08345062  0.30664451
   0.23858000  0.04636000  0.06951000
   0.04590692  0.17122820  0.17015660
   0.32675111  0.41713318  0.37289488
   0.11843542  0.04766614  0.47811234
   0.18259214  0.29379936  0.27111867
   0.50750000  0.33753000  0.10253000
   0.59545371  0.20855946  0.40677902
   0.40932377  0.32006695  0.50368684
   0.64831529  0.46053676  0.20363875
   0.44961032  0.08527159  0.30848081
   0.57191000  0.04636000  0.06951000
   0.37871231  0.17021778  0.16980001
   0.65981735  0.41446465  0.36960627
   0.45209928  0.05439571  0.47728907
   0.51540823  0.29241041  0.27001515
   0.84083000  0.33753000  0.10253000
   0.92651400  0.20587024  0.40335264
   0.74233413  0.32660619  0.51395406
   0.98223952  0.46103173  0.20463436
   0.78208496  0.08416886  0.30727665
   0.90524000  0.04636000  0.06951000
   0.71229511  0.17071824  0.16997750
   0.99362050  0.41614171  0.37211529
   0.78720249  0.05056901  0.47884350
   0.84933141  0.29306190  0.27062047
   0.17417000  0.83753000  0.10253000
   0.24615810  0.71048627  0.40495537
   0.04323211  0.82620978  0.50119151
   0.31384180  0.96182274  0.20602587
   0.11765510  0.58502116  0.30727098
   0.23858000  0.54636000  0.06951000
   0.04759546  0.67108731  0.17010336
   0.31057683  0.92067671  0.37518884
   0.14756939  0.54176738  0.47714685
   0.18312905  0.79404861  0.27127163
   0.50750000  0.83753000  0.10253000
   0.57670092  0.71029120  0.41012300
   0.38111019  0.82839236  0.50107010
   0.64694904  0.96145792  0.20541117
   0.45163382  0.58653526  0.30875107
   0.57191000  0.54636000  0.06951000
   0.38069436  0.67085154  0.16993118
   0.64333555  0.91916480  0.37398088
   0.48000901  0.53868781  0.47750144
   0.51554640  0.79351327  0.27090505
   0.84083000  0.83753000  0.10253000
   0.71611003  0.83185929  0.50219579
   0.98014275  0.96130910  0.20498397
   0.78403679  0.58462851  0.30420305
   0.90524000  0.54636000  0.06951000
   0.71390906  0.67052012  0.16973053
   0.97521446  0.91878640  0.37334798
   0.81055495  0.53219313  0.47078660
   0.84892976  0.79310101  0.27032145
   0.91045534  0.70749326  0.40544677
   0.41441360  0.93858542  0.59073487
   0.76075480  0.49003134  0.58295923
