   0.94193365  0.93399909  0.49264980
   0.03971000  0.19194000  0.08602000
   0.31271926  0.43911433  0.28692227
   0.12461540  0.06223417  0.39039842
   0.17997299  0.31508231  0.18516903
   0.26032946  0.19514616  0.48656096
   0.37304000  0.19194000  0.08602000
   0.64745200  0.43954668  0.28731400
   0.45828365  0.06195416  0.38939513
   0.51295549  0.31552218  0.18659320
   0.58869117  0.19322237  0.48704859
   0.70637000  0.19194000  0.08602000
   0.98053551  0.43971151  0.28805881
   0.79156872  0.06240975  0.39139961
   0.84621487  0.31578255  0.18684236
   0.92873092  0.18622623  0.49275805
   0.03971000  0.69194000  0.08602000
   0.31736614  0.93896714  0.28711557
   0.11431163  0.56328268  0.38960712
   0.17979552  0.81509376  0.18551057
   0.25131128  0.69794540  0.48476735
   0.37304000  0.69194000  0.08602000
   0.65172251  0.94086447  0.28843858
   0.44548139  0.56362666  0.38864285
   0.51320735  0.81643093  0.18704713
   0.58744879  0.69676996  0.48353490
   0.70637000  0.69194000  0.08602000
   0.98460209  0.94034242  0.28810319
   0.84618377  0.81608077  0.18699672
   0.91772836  0.69784986  0.48527624
   0.78014948  0.56419161  0.38941330
   0.18080484  0.06378810  0.18423531
   0.24498077  0.44146734  0.49407225
   0.03971000  0.44194000  0.08602000
   0.31654365  0.18885299  0.28762931
   0.11214335  0.31686288  0.39252277
   0.51450152  0.06432370  0.18467211
   0.57269712  0.44518218  0.49412581
   0.37304000  0.44194000  0.08602000
   0.65005073  0.18958132  0.28898630
   0.44709170  0.31711982  0.38890128
   0.84765645  0.06429591  0.18459818
   0.91264151  0.44439035  0.49209171
   0.70637000  0.44194000  0.08602000
   0.98388702  0.18970740  0.28820618
   0.78081350  0.31540403  0.39011857
   0.17962604  0.56417945  0.18438139
   0.27675374  0.93468961  0.49204559
   0.03971000  0.94194000  0.08602000
   0.31503070  0.68882027  0.28758530
   0.12250602  0.81464233  0.38846330
   0.51309845  0.56441593  0.18441620
   0.60724817  0.93294782  0.49291731
   0.37304000  0.94194000  0.08602000
   0.64847117  0.68912142  0.28793016
   0.45562584  0.81480088  0.38804465
   0.84630449  0.56427248  0.18471902
   0.70637000  0.94194000  0.08602000
   0.98191454  0.68906229  0.28785888
   0.78915793  0.81491776  0.38802964
   0.17323888  0.33241203  0.09883994
   0.24785892  0.21092024  0.40435851
   0.04267201  0.33829904  0.50167866
   0.31355577  0.46016418  0.20261967
   0.11778702  0.08569951  0.30644988
   0.23858000  0.04636000  0.06951000
   0.04704267  0.17015082  0.16954971
   0.31062153  0.41986647  0.37126013
   0.14447771  0.04322208  0.47629231
   0.18253373  0.29285122  0.26870806
   0.50750000  0.33753000  0.10253000
   0.58064114  0.21095919  0.40109949
   0.37606338  0.33585249  0.50537165
   0.64710213  0.46086924  0.20377648
   0.45037505  0.08401684  0.30519235
   0.57191000  0.04636000  0.06951000
   0.38029021  0.17017118  0.16978444
   0.64737098  0.42021139  0.37119059
   0.47609707  0.04199694  0.47506904
   0.51564942  0.29322644  0.26974385
   0.84083000  0.33753000  0.10253000
   0.91345304  0.20998083  0.40941112
   0.70577674  0.34258846  0.50709209
   0.98078728  0.46087244  0.20408591
   0.78546746  0.08643561  0.30754043
   0.90524000  0.04636000  0.06951000
   0.71379258  0.17049646  0.16976383
   0.97809437  0.41957224  0.37226855
   0.80714025  0.03764739  0.47506799
   0.84917964  0.29342164  0.27016753
   0.17320379  0.83247278  0.09912583
   0.25566478  0.70708452  0.40118139
   0.07472801  0.82506326  0.50047651
   0.31504022  0.95982320  0.20294558
   0.11523099  0.58431581  0.30551172
   0.23858000  0.54636000  0.06951000
   0.04582115  0.67049508  0.16976395
   0.32137412  0.91857627  0.37120205
   0.11553385  0.55175386  0.47684173
   0.18183451  0.79345103  0.26929394
   0.50750000  0.83753000  0.10253000
   0.58860182  0.70701245  0.40021833
   0.40643506  0.82454478  0.50180834
   0.64900028  0.96150927  0.20483197
   0.44813328  0.58379331  0.30445892
   0.57191000  0.54636000  0.06951000
   0.37953519  0.67116092  0.17008065
   0.65506170  0.91912710  0.37182745
   0.44597220  0.55319729  0.47601825
   0.51535992  0.79449355  0.27044894
   0.84083000  0.83753000  0.10253000
   0.74058416  0.82304212  0.50362055
   0.98202619  0.96099946  0.20424989
   0.78196725  0.58423507  0.30477714
   0.90524000  0.54636000  0.06951000
   0.71273725  0.67091505  0.16992843
   0.98866381  0.91924297  0.37186412
   0.77977265  0.55265442  0.47731881
   0.84865794  0.79430958  0.27046508
   0.92096858  0.70753452  0.40153357
   0.93706639  0.13521297  0.59617142
   0.76483876  0.25871605  0.58234427
