   0.94060823  0.18627521  0.49740238
   0.03971000  0.19194000  0.09637000
   0.31050048  0.44106070  0.29867222
   0.13042706  0.06153507  0.40068985
   0.17872599  0.31640121  0.19726918
   0.25734689  0.19500545  0.49821795
   0.37304000  0.19194000  0.09637000
   0.64411046  0.44124256  0.29890913
   0.46362961  0.06337998  0.40159828
   0.51196132  0.31665009  0.19736338
   0.59255781  0.19448987  0.49897249
   0.70637000  0.19194000  0.09637000
   0.97739261  0.44122338  0.29793633
   0.79621294  0.06074249  0.39951902
   0.84509444  0.31636523  0.19705973
   0.03971000  0.69194000  0.09637000
   0.32017602  0.94116002  0.29920371
   0.11236168  0.56598206  0.39938173
   0.17877852  0.81705578  0.19765895
   0.25529887  0.70116278  0.49517711
   0.37304000  0.69194000  0.09637000
   0.65327877  0.93969225  0.29792428
   0.44497303  0.56564047  0.40023645
   0.51193407  0.81631721  0.19724806
   0.58914682  0.69789364  0.49578138
   0.70637000  0.69194000  0.09637000
   0.98685299  0.94013087  0.29870274
   0.84546696  0.81662785  0.19747844
   0.92081342  0.69772848  0.49656254
   0.77802920  0.56518330  0.40087578
   0.18061374  0.06516369  0.19553179
   0.24356610  0.44579084  0.50353987
   0.03971000  0.44194000  0.09637000
   0.31653207  0.19082745  0.29937858
   0.10809104  0.31949475  0.40251072
   0.51371177  0.06482101  0.19507450
   0.57027393  0.44566550  0.50798712
   0.37304000  0.44194000  0.09637000
   0.64982013  0.19022611  0.29843441
   0.44236125  0.31979758  0.40211983
   0.84724332  0.06489375  0.19525490
   0.90965129  0.44678417  0.50133395
   0.70637000  0.44194000  0.09637000
   0.98321392  0.19048215  0.29904163
   0.77723636  0.31804027  0.40035757
   0.17811862  0.56533319  0.19538882
   0.29136323  0.93336364  0.50263355
   0.03971000  0.94194000  0.09637000
   0.31395857  0.69017961  0.29886089
   0.12935926  0.81377113  0.39885072
   0.51141139  0.56521966  0.19557681
   0.62522825  0.93210335  0.50201447
   0.37304000  0.94194000  0.09637000
   0.64726240  0.68974746  0.29895693
   0.46305762  0.81418828  0.39828884
   0.84472099  0.56537276  0.19533867
   0.95814268  0.93165388  0.50265901
   0.70637000  0.94194000  0.09637000
   0.98043040  0.69003886  0.29892998
   0.79617203  0.81337078  0.39890198
   0.17417000  0.33753000  0.11288000
   0.24340506  0.21272159  0.41636467
   0.04301147  0.34140273  0.50670039
   0.31234737  0.46175499  0.21464045
   0.11812344  0.08651219  0.31740685
   0.23858000  0.04636000  0.07986000
   0.04638272  0.17101221  0.18021662
   0.30736851  0.42238283  0.38317000
   0.15819207  0.04064749  0.48599593
   0.18163082  0.29416507  0.28066563
   0.50750000  0.33753000  0.11288000
   0.57728505  0.21458435  0.41780700
   0.37159214  0.33781511  0.51629959
   0.64579842  0.46197078  0.21489713
   0.45183856  0.08751744  0.31820582
   0.57191000  0.04636000  0.07986000
   0.37981036  0.17117974  0.18026042
   0.64128703  0.42175935  0.38362123
   0.49187231  0.04254736  0.48790810
   0.51503671  0.29443014  0.28084504
   0.84083000  0.33753000  0.11288000
   0.90853301  0.21096335  0.41598527
   0.69886726  0.33836620  0.52378678
   0.97901214  0.46180669  0.21410196
   0.78417326  0.08608266  0.31622254
   0.90524000  0.04636000  0.07986000
   0.71296066  0.17092330  0.18016399
   0.97356087  0.42220550  0.38184625
   0.82352285  0.03605628  0.48317473
   0.84810228  0.29409438  0.28039855
   0.17417000  0.83753000  0.11288000
   0.26324195  0.70665294  0.40998166
   0.09036230  0.82039522  0.51161505
   0.31514755  0.96219602  0.21535050
   0.11381096  0.58516360  0.31513436
   0.23858000  0.54636000  0.07986000
   0.04450195  0.67197545  0.18051032
   0.32909473  0.91971850  0.38320820
   0.11579428  0.55703431  0.48633650
   0.18121807  0.79581038  0.28139617
   0.50750000  0.83753000  0.11288000
   0.59508181  0.70572859  0.41112952
   0.42345257  0.82329937  0.51137734
   0.64815047  0.96140071  0.21437103
   0.44709085  0.58486526  0.31585760
   0.57191000  0.54636000  0.07986000
   0.37761525  0.67144639  0.18032448
   0.66194639  0.91729723  0.38145500
   0.44529636  0.55477533  0.48855248
   0.51439581  0.79473105  0.28069932
   0.84083000  0.83753000  0.11288000
   0.75643178  0.82000600  0.51145462
   0.98173728  0.96172912  0.21496131
   0.78035041  0.58500800  0.31638638
   0.90524000  0.54636000  0.07986000
   0.71096626  0.67168848  0.18043868
   0.99555743  0.91777669  0.38243029
   0.77440032  0.55404387  0.48919452
   0.84761858  0.79501187  0.28111038
   0.92863380  0.70521073  0.41172227
   0.00135783  0.14686128  0.59880833
   0.82060390  0.26770924  0.58999016
