   0.27715852  0.43359131  0.49250384
   0.03971000  0.19194000  0.08602000
   0.31804927  0.43862706  0.28876418
   0.11672360  0.06085970  0.39048515
   0.17909046  0.31574971  0.18735502
   0.25711285  0.19449818  0.48575810
   0.37304000  0.19194000  0.08602000
   0.65123831  0.43761873  0.28731072
   0.44990310  0.06248659  0.39146633
   0.51188245  0.31460380  0.18691137
   0.59173145  0.19369906  0.48731785
   0.70637000  0.19194000  0.08602000
   0.98389004  0.43840775  0.28800285
   0.78179193  0.05997694  0.38937734
   0.84540502  0.31524310  0.18701454
   0.92824409  0.18978491  0.48299790
   0.03971000  0.69194000  0.08602000
   0.31205484  0.93991957  0.28911356
   0.12175401  0.55975565  0.38969366
   0.17891720  0.81572708  0.18740148
   0.26074515  0.69046157  0.48517982
   0.37304000  0.69194000  0.08602000
   0.64526033  0.93821900  0.28788556
   0.45984804  0.55994762  0.39066953
   0.51162150  0.81497858  0.18689058
   0.59444835  0.69301296  0.48633209
   0.70637000  0.69194000  0.08602000
   0.97892734  0.93948383  0.28845391
   0.84526063  0.81566318  0.18709783
   0.92790780  0.69317516  0.48864119
   0.78939793  0.56024514  0.38981834
   0.17881496  0.06433124  0.18556522
   0.03971000  0.44194000  0.08602000
   0.31533122  0.18822113  0.28940299
   0.12571533  0.31249698  0.38993024
   0.51203303  0.06386836  0.18516843
   0.61036080  0.43328847  0.49441545
   0.37304000  0.44194000  0.08602000
   0.64825528  0.18740388  0.28829733
   0.45947111  0.31302545  0.39049861
   0.84550913  0.06416150  0.18528059
   0.94704845  0.43132893  0.49481604
   0.70637000  0.44194000  0.08602000
   0.98180935  0.18779144  0.28887961
   0.79177769  0.31240748  0.38853061
   0.18001994  0.56404407  0.18552372
   0.25372190  0.93740095  0.49465700
   0.03971000  0.94194000  0.08602000
   0.31530317  0.68847058  0.28909656
   0.11007095  0.81493821  0.39133206
   0.51329930  0.56330285  0.18490409
   0.58677543  0.93628362  0.49465183
   0.37304000  0.94194000  0.08602000
   0.64872079  0.68752691  0.28765201
   0.44416546  0.81630414  0.39068237
   0.84654653  0.56425006  0.18623815
   0.92058093  0.93728916  0.49436664
   0.70637000  0.94194000  0.08602000
   0.98210954  0.68839607  0.28794129
   0.77773843  0.81443924  0.39045675
   0.17417000  0.33753000  0.10253000
   0.25859430  0.20393670  0.40182067
   0.07739116  0.32015685  0.49777893
   0.31419514  0.46071359  0.20478495
   0.11544336  0.08306873  0.30615625
   0.23858000  0.04636000  0.06951000
   0.04517791  0.17063081  0.16966564
   0.32478357  0.41680659  0.37250840
   0.12242781  0.04831135  0.47807472
   0.18189703  0.29255422  0.27059800
   0.50750000  0.33753000  0.10253000
   0.59292562  0.20538507  0.40419420
   0.41016913  0.32418968  0.50064652
   0.64681668  0.45919384  0.20343128
   0.44898925  0.08372683  0.30696413
   0.57191000  0.04636000  0.06951000
   0.37810599  0.16980337  0.16940479
   0.65806335  0.41595124  0.37102118
   0.45696615  0.04736870  0.47895537
   0.51502649  0.29177449  0.27004548
   0.84083000  0.33753000  0.10253000
   0.92300643  0.20318387  0.40037648
   0.74066072  0.32431986  0.50602551
   0.98090795  0.46015562  0.20418209
   0.78145365  0.08218061  0.30496897
   0.90524000  0.04636000  0.06951000
   0.71156724  0.17005357  0.16947039
   0.99061994  0.41516790  0.37139872
   0.78884558  0.04606322  0.47691081
   0.84806990  0.29198952  0.27008847
   0.17417000  0.83753000  0.10253000
   0.24475070  0.70903479  0.40317080
   0.05324879  0.83203597  0.50413858
   0.31310391  0.96104885  0.20491117
   0.11595276  0.58406250  0.30575301
   0.23858000  0.54636000  0.06951000
   0.04643138  0.67025213  0.16967489
   0.30924723  0.92045239  0.37336170
   0.14359539  0.54127935  0.47434506
   0.18158159  0.79323128  0.27062113
   0.50750000  0.83753000  0.10253000
   0.57706102  0.70999636  0.40457163
   0.38527281  0.82977100  0.50315578
   0.64603436  0.96024914  0.20393194
   0.44980681  0.58428074  0.30669032
   0.57191000  0.54636000  0.06951000
   0.37958932  0.66960900  0.16941855
   0.64299052  0.91853877  0.37191333
   0.47959471  0.54219447  0.47742884
   0.51393055  0.79208512  0.26990406
   0.84083000  0.83753000  0.10253000
   0.71875264  0.83052076  0.50538867
   0.97977645  0.96095415  0.20439569
   0.78346685  0.58343322  0.30095533
   0.90524000  0.54636000  0.06951000
   0.71267833  0.67006304  0.16945826
   0.97559336  0.91894661  0.37267418
   0.81128775  0.54371660  0.49023258
   0.84768979  0.79352959  0.27028280
   0.90972550  0.70769923  0.40681826
   0.08133484  0.48313578  0.62352049
   0.82058565  0.47931302  0.59370073
