   0.60262369  0.19111875  0.50406615
   0.03971000  0.19194000  0.09637000
   0.31419593  0.43853902  0.29800765
   0.12462645  0.06194054  0.40047671
   0.17930526  0.31489000  0.19717708
   0.25172335  0.19796918  0.49614872
   0.37304000  0.19194000  0.09637000
   0.64710324  0.44011474  0.30082724
   0.45993617  0.06434540  0.40370962
   0.51302895  0.31639983  0.19869751
   0.70637000  0.19194000  0.09637000
   0.97990624  0.43991399  0.29935988
   0.79210705  0.05855833  0.39636039
   0.84514725  0.31624602  0.19798693
   0.91055013  0.18649309  0.49710729
   0.03971000  0.69194000  0.09637000
   0.31826043  0.94269158  0.29960213
   0.11784704  0.56499409  0.39938965
   0.17973930  0.81719320  0.19793372
   0.26478263  0.69541360  0.49456023
   0.37304000  0.69194000  0.09637000
   0.64970928  0.93853800  0.29390449
   0.44898815  0.56457317  0.39786936
   0.51218635  0.81429933  0.19420040
   0.59740273  0.69548323  0.49264945
   0.70637000  0.69194000  0.09637000
   0.98554428  0.93958680  0.29637233
   0.84759060  0.81466260  0.19532188
   0.92558168  0.70220114  0.49664932
   0.78466890  0.56681294  0.40080969
   0.18117661  0.06511767  0.19567201
   0.24899860  0.44073012  0.50164359
   0.03971000  0.44194000  0.09637000
   0.31734578  0.19043791  0.30061257
   0.11293154  0.31617451  0.40129844
   0.51346871  0.06508212  0.19465236
   0.58316589  0.44824251  0.50239822
   0.37304000  0.44194000  0.09637000
   0.64977710  0.18966667  0.29921684
   0.44881581  0.31805862  0.40448178
   0.84701681  0.06385621  0.19372906
   0.92099042  0.44539051  0.50112154
   0.70637000  0.44194000  0.09637000
   0.98329231  0.18890808  0.29794057
   0.78007511  0.31522080  0.40216057
   0.17894825  0.56397743  0.19536546
   0.27944027  0.93515014  0.50542014
   0.03971000  0.94194000  0.09637000
   0.31538840  0.68931349  0.29724612
   0.12405404  0.81662123  0.39859199
   0.51243854  0.56346693  0.19577176
   0.61229233  0.93008633  0.50284252
   0.37304000  0.94194000  0.09637000
   0.64865243  0.68889949  0.29695416
   0.45582560  0.81637282  0.39662129
   0.84629135  0.56470745  0.19672435
   0.94513795  0.93244886  0.50282608
   0.70637000  0.94194000  0.09637000
   0.98277600  0.68979497  0.29878543
   0.78911138  0.81601742  0.39565139
   0.17417000  0.33753000  0.11288000
   0.24761769  0.20954515  0.41356352
   0.04535443  0.33106179  0.50889452
   0.31349065  0.45980444  0.21403118
   0.11816654  0.08447117  0.31545566
   0.23858000  0.04636000  0.07986000
   0.04672798  0.17055291  0.18004476
   0.31342138  0.41964023  0.38208102
   0.14461008  0.04532934  0.48813064
   0.18200970  0.29295707  0.28046644
   0.50750000  0.33753000  0.11288000
   0.58123476  0.21196201  0.42129569
   0.38269428  0.33766191  0.51125228
   0.64764191  0.46109153  0.21633468
   0.45247723  0.08736174  0.31925510
   0.57191000  0.04636000  0.07986000
   0.38009701  0.17212988  0.18052443
   0.64770393  0.42104163  0.38460762
   0.47905749  0.04006285  0.48854215
   0.51578364  0.29447961  0.28225074
   0.84083000  0.33753000  0.11288000
   0.91323984  0.20668940  0.41373659
   0.71554611  0.34595969  0.51245518
   0.98012495  0.46091653  0.21537904
   0.78411515  0.08317434  0.31206521
   0.90524000  0.04636000  0.07986000
   0.71357241  0.17143874  0.18011751
   0.97891542  0.42005221  0.38297099
   0.80865439  0.03243867  0.47974459
   0.84854389  0.29374678  0.28126413
   0.17417000  0.83753000  0.11288000
   0.25720552  0.70982748  0.41129639
   0.07874400  0.82777154  0.51588664
   0.31568159  0.96259738  0.21547035
   0.11580470  0.58519161  0.31581071
   0.23858000  0.54636000  0.07986000
   0.04552271  0.67111343  0.18037514
   0.32178124  0.92223064  0.38334034
   0.12221878  0.55144191  0.48572431
   0.18256613  0.79549776  0.28092295
   0.50565074  0.83196014  0.10818909
   0.58960419  0.70929357  0.40877416
   0.40849637  0.82441179  0.51525071
   0.64702223  0.95908594  0.21021814
   0.44910031  0.58430703  0.31379666
   0.57191000  0.54636000  0.07986000
   0.37862304  0.66904086  0.17921763
   0.65373138  0.91831652  0.37714051
   0.45033120  0.55505697  0.48489001
   0.51463612  0.79238517  0.27723819
   0.83958558  0.83195852  0.10896944
   0.74609824  0.82127513  0.51416745
   0.98176554  0.95974467  0.21204896
   0.78274820  0.58564953  0.31662989
   0.90524000  0.54636000  0.07986000
   0.71214237  0.66975671  0.18007764
   0.98874928  0.92020271  0.38032981
   0.78735724  0.55877948  0.48711352
   0.84909356  0.79379225  0.27895955
   0.92389888  0.71148026  0.41185176
   0.73923067  0.15348119  0.58856837
   0.77171337  0.36280986  0.61059464
