   0.60934482  0.43376482  0.49643188
   0.03971000  0.19194000  0.08602000
   0.31654786  0.43859874  0.28872328
   0.11711865  0.06009785  0.39043895
   0.17825217  0.31532566  0.18733390
   0.26467997  0.19307002  0.48420762
   0.37304000  0.19194000  0.08602000
   0.64970632  0.43713996  0.28645028
   0.45052048  0.06091143  0.39011459
   0.51119707  0.31406363  0.18673052
   0.59666692  0.19277025  0.48449805
   0.70637000  0.19194000  0.08602000
   0.98323321  0.43853328  0.28869117
   0.78358658  0.06076597  0.39034308
   0.84530632  0.31520891  0.18721865
   0.92913636  0.19260651  0.48459965
   0.03971000  0.69194000  0.08602000
   0.31130823  0.93837822  0.28863784
   0.11926932  0.56053653  0.39146900
   0.17866087  0.81506175  0.18714919
   0.26165012  0.69271544  0.48637440
   0.37304000  0.69194000  0.08602000
   0.64514878  0.93847412  0.28882775
   0.45914986  0.55987633  0.39071136
   0.51139777  0.81524272  0.18722289
   0.59751212  0.69158385  0.48663833
   0.70637000  0.69194000  0.08602000
   0.97775211  0.93873012  0.28902405
   0.84471216  0.81572921  0.18724620
   0.92580362  0.69458930  0.49348339
   0.78671635  0.56317356  0.38521521
   0.17846292  0.06363861  0.18532181
   0.27596463  0.43334880  0.49283797
   0.03971000  0.44194000  0.08602000
   0.31420627  0.18728597  0.28913223
   0.12332450  0.31346702  0.39012514
   0.51199924  0.06347786  0.18531129
   0.37304000  0.44194000  0.08602000
   0.64793555  0.18760587  0.28900886
   0.45737320  0.31421649  0.38923860
   0.84534868  0.06398399  0.18551007
   0.94715351  0.43382446  0.50010867
   0.70637000  0.44194000  0.08602000
   0.98123497  0.18786391  0.28920184
   0.79031044  0.31535447  0.39084723
   0.17936390  0.56369261  0.18535164
   0.25935504  0.93825736  0.49418409
   0.03971000  0.94194000  0.08602000
   0.31462043  0.68779587  0.28926158
   0.10824709  0.81244074  0.39239907
   0.51247034  0.56323447  0.18471439
   0.59145080  0.93697142  0.49390021
   0.37304000  0.94194000  0.08602000
   0.64770860  0.68817282  0.28707292
   0.44386488  0.81565044  0.39112506
   0.84583820  0.56386428  0.18583638
   0.92554818  0.93852188  0.49409647
   0.70637000  0.94194000  0.08602000
   0.98235839  0.68841442  0.28715871
   0.77754153  0.81314784  0.39240582
   0.17417000  0.33753000  0.10253000
   0.25692190  0.20520037  0.40124217
   0.07640245  0.32396105  0.50020606
   0.31344326  0.46033518  0.20477921
   0.11404666  0.08237970  0.30650879
   0.23858000  0.04636000  0.06951000
   0.04514564  0.17006212  0.16961081
   0.32215670  0.41755788  0.37253361
   0.12757442  0.04842805  0.47735530
   0.18099771  0.29224213  0.27062031
   0.50750000  0.33753000  0.10253000
   0.58984818  0.20581649  0.40132936
   0.40841815  0.32515137  0.50180029
   0.64574316  0.45862216  0.20275443
   0.44795754  0.08225221  0.30603101
   0.57191000  0.04636000  0.06951000
   0.37807745  0.16936570  0.16942184
   0.65642529  0.41860188  0.37044514
   0.46085606  0.04742073  0.47725972
   0.51382212  0.29128326  0.27000047
   0.84083000  0.33753000  0.10253000
   0.92250773  0.20522243  0.40178212
   0.74360617  0.32505559  0.49833598
   0.98064418  0.46013846  0.20465356
   0.78149057  0.08273934  0.30606584
   0.90524000  0.04636000  0.06951000
   0.71153667  0.16997281  0.16960016
   0.98889347  0.41703169  0.37244218
   0.79331141  0.04739486  0.47767224
   0.84765887  0.29221068  0.27039615
   0.17417000  0.83753000  0.10253000
   0.24395761  0.70819530  0.40452854
   0.05936305  0.83307879  0.50328851
   0.31264330  0.96017396  0.20451730
   0.11514855  0.58431533  0.30701307
   0.23858000  0.54636000  0.06951000
   0.04583738  0.66988455  0.16962249
   0.30818429  0.91841391  0.37279282
   0.14269261  0.54303498  0.47833263
   0.18099464  0.79218048  0.27033993
   0.50750000  0.83753000  0.10253000
   0.57666842  0.70899297  0.40463803
   0.39017874  0.83045641  0.50312973
   0.64622389  0.96017199  0.20468785
   0.44946908  0.58394436  0.30667013
   0.57191000  0.54636000  0.06951000
   0.37891838  0.66991295  0.16956848
   0.64424086  0.91838197  0.37295221
   0.47747889  0.54297398  0.47738261
   0.51281941  0.79245812  0.27045797
   0.84083000  0.83753000  0.10253000
   0.72421298  0.83063258  0.50309327
   0.97951283  0.96070813  0.20476412
   0.78297562  0.58366170  0.29795703
   0.90524000  0.54636000  0.06951000
   0.71206630  0.67020151  0.16949305
   0.97606336  0.91635207  0.37323398
   0.81313044  0.54650973  0.50827679
   0.84745182  0.79354367  0.27046811
   0.90683868  0.70314866  0.41027095
   0.77821250  0.45714030  0.69197934
   0.79731820  0.51470896  0.59886333
