   0.60067857  0.93268106  0.49399729
   0.03971000  0.19194000  0.08602000
   0.31207974  0.43868219  0.28823724
   0.12055167  0.06047547  0.39109431
   0.17786708  0.31553527  0.18716155
   0.25900933  0.19283890  0.48618778
   0.37304000  0.19194000  0.08602000
   0.64454561  0.43795268  0.28769855
   0.45469976  0.06163113  0.39302603
   0.51122160  0.31495050  0.18683631
   0.58668847  0.19013112  0.49480879
   0.70637000  0.19194000  0.08602000
   0.97719633  0.43910500  0.28900144
   0.78784610  0.06217658  0.39212493
   0.84481412  0.31572788  0.18733223
   0.92285909  0.19092298  0.48821055
   0.03971000  0.69194000  0.08602000
   0.31704177  0.93968396  0.28935013
   0.11454629  0.56160278  0.39061127
   0.17917118  0.81599920  0.18759530
   0.25617680  0.69289550  0.48572148
   0.37304000  0.69194000  0.08602000
   0.65002987  0.94003028  0.28944816
   0.44560601  0.56218312  0.39002364
   0.51230027  0.81634623  0.18775344
   0.58680991  0.69474668  0.48510709
   0.70637000  0.69194000  0.08602000
   0.98252122  0.93887779  0.28884937
   0.84526144  0.81572701  0.18745818
   0.91848346  0.69670104  0.48444912
   0.77899811  0.56242059  0.38927565
   0.17928063  0.06400557  0.18568346
   0.24719490  0.43930854  0.49737821
   0.03971000  0.44194000  0.08602000
   0.31410456  0.18800026  0.28905733
   0.11187448  0.31532176  0.38880982
   0.51282636  0.06447194  0.18587862
   0.57948064  0.44123923  0.49234498
   0.37304000  0.44194000  0.08602000
   0.64743169  0.18922754  0.28955448
   0.44564703  0.31564859  0.39255022
   0.84621436  0.06426621  0.18534995
   0.91426960  0.44519314  0.49348585
   0.70637000  0.44194000  0.08602000
   0.98025132  0.18850565  0.28882998
   0.77641401  0.31615341  0.39481652
   0.17844791  0.56461833  0.18556457
   0.26759496  0.93170271  0.49462308
   0.03971000  0.94194000  0.08602000
   0.31388327  0.68805768  0.28871819
   0.12122669  0.81325529  0.38896945
   0.51172359  0.56446444  0.18539750
   0.37304000  0.94194000  0.08602000
   0.64736326  0.68830307  0.28863364
   0.45383536  0.81349270  0.38901702
   0.84524697  0.56423061  0.18551833
   0.93751489  0.93389501  0.49334004
   0.70637000  0.94194000  0.08602000
   0.98078729  0.68816582  0.28878522
   0.78704771  0.81397483  0.38974215
   0.17417000  0.33753000  0.10253000
   0.24397517  0.20917432  0.40443417
   0.03940089  0.33231823  0.51548063
   0.31227981  0.46072489  0.20440949
   0.11463034  0.08445330  0.30736205
   0.23858000  0.04636000  0.06951000
   0.04556624  0.17012372  0.16945769
   0.31044321  0.41844918  0.37223778
   0.13781719  0.04378246  0.47782993
   0.17978839  0.29208557  0.27020422
   0.50750000  0.33753000  0.10253000
   0.57649543  0.20887626  0.41062557
   0.37788028  0.33288900  0.50390310
   0.64549006  0.46029031  0.20405828
   0.44933124  0.08560750  0.30863901
   0.57191000  0.04636000  0.06951000
   0.37839878  0.16985440  0.16938719
   0.64389649  0.41771795  0.37145909
   0.46548422  0.03896338  0.47784064
   0.51247768  0.29176258  0.26974944
   0.84083000  0.33753000  0.10253000
   0.91451413  0.21102376  0.40693004
   0.71637015  0.33945510  0.49920257
   0.97949324  0.46089271  0.20489733
   0.78175477  0.08611772  0.30854197
   0.90524000  0.04636000  0.06951000
   0.71212956  0.17045892  0.16951554
   0.97621897  0.41868506  0.37353109
   0.80532459  0.04179384  0.47728726
   0.84620553  0.29285942  0.27037428
   0.17417000  0.83753000  0.10253000
   0.25379940  0.70577620  0.40270564
   0.06769629  0.82581337  0.50287662
   0.31409774  0.96097217  0.20555008
   0.11408088  0.58303686  0.30651759
   0.23858000  0.54636000  0.06951000
   0.04495697  0.67105585  0.16973303
   0.31966365  0.91757709  0.37281486
   0.11767209  0.54804076  0.47816693
   0.18094662  0.79313017  0.27095477
   0.50750000  0.83753000  0.10253000
   0.58637684  0.70588635  0.40140594
   0.39983595  0.82254850  0.50626338
   0.64752209  0.96145692  0.20553998
   0.44719620  0.58323108  0.30578182
   0.57191000  0.54636000  0.06951000
   0.37837991  0.67118932  0.16980765
   0.65274485  0.91838463  0.37310195
   0.44733788  0.55028768  0.47750637
   0.51423359  0.79353344  0.27101064
   0.84083000  0.83753000  0.10253000
   0.73604213  0.82507746  0.50113754
   0.98039328  0.96077125  0.20505408
   0.78049433  0.58243757  0.30469127
   0.90524000  0.54636000  0.06951000
   0.71188945  0.67059635  0.16954547
   0.98671753  0.91760524  0.37256977
   0.78246075  0.55357140  0.47645484
   0.84743108  0.79312237  0.27057684
   0.92009090  0.70612724  0.40128666
   0.60484842  0.15856559  0.59708908
   0.86468937  0.27528643  0.58616559
