   0.92298147  0.94219520  0.50374158
   0.03971000  0.19194000  0.08602000
   0.31602438  0.43485994  0.28533568
   0.11844459  0.05981968  0.39203730
   0.17877552  0.31296169  0.18464780
   0.26265875  0.19291965  0.48650101
   0.37304000  0.19194000  0.08602000
   0.65053208  0.43845925  0.28919176
   0.45227843  0.06081976  0.39260024
   0.51296740  0.31523965  0.18750981
   0.60089011  0.18848576  0.48938109
   0.70637000  0.19194000  0.08602000
   0.98309332  0.43867329  0.28879645
   0.78425730  0.06125113  0.38911207
   0.84531830  0.31566224  0.18742131
   0.93099876  0.18723081  0.48548612
   0.03971000  0.69194000  0.08602000
   0.31235510  0.93926190  0.28879456
   0.12132527  0.56130242  0.39027887
   0.17894432  0.81559416  0.18612111
   0.25811315  0.69436960  0.48559465
   0.37304000  0.69194000  0.08602000
   0.64535433  0.93862293  0.28808778
   0.45228430  0.55744988  0.38565930
   0.51267884  0.81498906  0.18686438
   0.58790752  0.68861801  0.47947141
   0.70637000  0.69194000  0.08602000
   0.97925886  0.93902877  0.28901529
   0.84536406  0.81512873  0.18719568
   0.91751081  0.70292476  0.48917432
   0.78847872  0.56259438  0.39201391
   0.17910179  0.06391215  0.18518095
   0.26882935  0.43396959  0.49105425
   0.03971000  0.44194000  0.08602000
   0.31486856  0.18675581  0.28875638
   0.12237476  0.31309182  0.38916395
   0.51258254  0.06420895  0.18504298
   0.59983325  0.43419680  0.49088912
   0.37304000  0.44194000  0.08602000
   0.64843784  0.18774848  0.28881281
   0.45546215  0.31261299  0.39069280
   0.84531107  0.06350315  0.18484944
   0.94116829  0.43430593  0.49187238
   0.70637000  0.44194000  0.08602000
   0.98210496  0.18715106  0.28822229
   0.78910772  0.31291482  0.38987884
   0.18020162  0.56275611  0.18398444
   0.26082866  0.93666111  0.49643400
   0.03971000  0.94194000  0.08602000
   0.31428190  0.68700936  0.28725681
   0.11170520  0.81546134  0.39163381
   0.51379809  0.56322923  0.18521432
   0.59778077  0.93535333  0.50185217
   0.37304000  0.94194000  0.08602000
   0.64873449  0.68798264  0.28877919
   0.44504596  0.81490950  0.38915280
   0.84738010  0.56401336  0.18568936
   0.70637000  0.94194000  0.08602000
   0.98178816  0.68870519  0.28902559
   0.77838895  0.81707012  0.39230501
   0.17321480  0.33220830  0.09756264
   0.25558190  0.20555165  0.40314466
   0.06998501  0.32517880  0.50101514
   0.31355449  0.45719900  0.20116807
   0.11562048  0.08299756  0.30710452
   0.23858000  0.04636000  0.06951000
   0.04477768  0.16931342  0.16889626
   0.32068228  0.41405251  0.36902264
   0.12856891  0.04833566  0.47969644
   0.18126699  0.29001225  0.26811035
   0.50750000  0.33753000  0.10253000
   0.58931720  0.20705909  0.40642879
   0.40229830  0.32782353  0.50135240
   0.64813983  0.46037436  0.20532484
   0.44904908  0.08353213  0.30763136
   0.57191000  0.04636000  0.06951000
   0.37876220  0.17034954  0.16979286
   0.65623209  0.41780297  0.37353052
   0.46325765  0.04506645  0.47967044
   0.51496131  0.29248033  0.27103111
   0.84083000  0.33753000  0.10253000
   0.92280838  0.20736754  0.40215999
   0.73616235  0.32983493  0.50819079
   0.98146891  0.46046665  0.20478053
   0.78196923  0.08352675  0.30508492
   0.90524000  0.04636000  0.06951000
   0.71197698  0.17051754  0.16963466
   0.98724939  0.41766186  0.37257572
   0.79204832  0.04708658  0.47201659
   0.84857789  0.29265078  0.27064126
   0.17331469  0.83276929  0.09896979
   0.24502952  0.70898225  0.40350091
   0.05840548  0.83342840  0.50767390
   0.31324497  0.96057375  0.20391421
   0.11531862  0.58420971  0.30661114
   0.23858000  0.54636000  0.06951000
   0.04687335  0.67015994  0.16967873
   0.31056614  0.91908228  0.37304247
   0.13791872  0.54393464  0.47614529
   0.18122278  0.79248012  0.26960126
   0.50750000  0.83753000  0.10253000
   0.57639408  0.70516704  0.39704354
   0.39190288  0.82786272  0.50422259
   0.64613516  0.96084281  0.20431999
   0.44760600  0.58048940  0.30208106
   0.57191000  0.54636000  0.06951000
   0.37996762  0.66911047  0.16955796
   0.64267628  0.91856006  0.37117163
   0.46686166  0.54117133  0.47193758
   0.51390540  0.79125878  0.26948628
   0.84083000  0.83753000  0.10253000
   0.72750743  0.81986491  0.49467855
   0.98015272  0.96045134  0.20438731
   0.78325313  0.58379547  0.30709277
   0.90524000  0.54636000  0.06951000
   0.71320816  0.66940881  0.16954143
   0.97877682  0.91860406  0.37282283
   0.80360064  0.54659158  0.48129789
   0.84776963  0.79241695  0.27017303
   0.91180062  0.70923314  0.40597042
   0.77313991  0.98846743  0.59387927
   0.78549446  0.46535025  0.58893043
