   0.60564198  0.19244997  0.50579220
   0.03971000  0.19194000  0.09637000
   0.31783433  0.43747795  0.29920765
   0.11573978  0.06194733  0.40093863
   0.17961401  0.31606967  0.19762190
   0.25624731  0.19477603  0.49664690
   0.37304000  0.19194000  0.09637000
   0.65182211  0.43743135  0.29881138
   0.45315386  0.06464690  0.40541586
   0.51284027  0.31562691  0.19743539
   0.70637000  0.19194000  0.09637000
   0.98502310  0.43822460  0.29948993
   0.78411750  0.06089548  0.39982198
   0.84642842  0.31604656  0.19759833
   0.91406665  0.18461143  0.50231826
   0.03971000  0.69194000  0.09637000
   0.31541831  0.94287829  0.30057930
   0.12446180  0.56049157  0.40076323
   0.17995912  0.81653463  0.19809571
   0.26202739  0.69295908  0.49596551
   0.37304000  0.69194000  0.09637000
   0.64619694  0.94033259  0.29746995
   0.45409935  0.56140000  0.40031366
   0.51273917  0.81479544  0.19609034
   0.59213949  0.69339525  0.49594362
   0.70637000  0.69194000  0.09637000
   0.97929159  0.93986886  0.29786919
   0.84666495  0.81490660  0.19622906
   0.92865774  0.69773683  0.49426929
   0.79134732  0.56159734  0.39932752
   0.17979879  0.06480759  0.19566651
   0.26965592  0.43325250  0.50411162
   0.03971000  0.44194000  0.09637000
   0.31639935  0.18930480  0.30078651
   0.12358712  0.31173868  0.40417479
   0.51245376  0.06443885  0.19532874
   0.59927409  0.43906402  0.49905917
   0.37304000  0.44194000  0.09637000
   0.64986910  0.18905272  0.29961004
   0.45924473  0.31311680  0.40359877
   0.84636756  0.06465212  0.19516618
   0.94191963  0.43691634  0.50142799
   0.70637000  0.44194000  0.09637000
   0.98269152  0.18896607  0.29907189
   0.79120355  0.31221612  0.40474367
   0.18037469  0.56433182  0.19592422
   0.25788246  0.93831160  0.50634097
   0.03971000  0.94194000  0.09637000
   0.31596120  0.68872231  0.29895369
   0.11419809  0.81797601  0.39911631
   0.51363906  0.56395905  0.19547653
   0.59066193  0.93535303  0.50742851
   0.37304000  0.94194000  0.09637000
   0.64877469  0.68820097  0.29806981
   0.44617104  0.81745624  0.40025024
   0.84724595  0.56414154  0.19561910
   0.92405449  0.93555777  0.50451823
   0.70637000  0.94194000  0.09637000
   0.98297176  0.68869377  0.29902069
   0.77829732  0.81632338  0.39791554
   0.17417000  0.33753000  0.11288000
   0.25833699  0.20389963  0.41313022
   0.07023939  0.32476130  0.51143306
   0.31461640  0.46110365  0.21531908
   0.11556567  0.08392224  0.31647089
   0.23858000  0.04636000  0.07986000
   0.04554097  0.17117839  0.18024354
   0.32329673  0.41567521  0.38314542
   0.12713845  0.04693945  0.48830331
   0.18219872  0.29228770  0.28076867
   0.50750000  0.33753000  0.11288000
   0.59044734  0.20747785  0.42131445
   0.40217945  0.32649785  0.51101505
   0.64786914  0.46057436  0.21481256
   0.45181801  0.08704447  0.32008976
   0.57191000  0.04636000  0.07986000
   0.37902132  0.17070558  0.18009303
   0.65853571  0.41595292  0.38307705
   0.45967969  0.04563013  0.49219172
   0.51554013  0.29244896  0.28071341
   0.84083000  0.33753000  0.11288000
   0.92341831  0.20400604  0.41757850
   0.73467077  0.34169775  0.51144426
   0.98159942  0.46121748  0.21528754
   0.78367121  0.08489778  0.31657716
   0.90524000  0.04636000  0.07986000
   0.71215412  0.17096813  0.18016432
   0.99046950  0.41522870  0.38365051
   0.79092133  0.03512773  0.48233158
   0.84891405  0.29343062  0.28088759
   0.17417000  0.83753000  0.11288000
   0.24665914  0.71045445  0.41390135
   0.05751056  0.83189686  0.51531063
   0.31424515  0.96183885  0.21608896
   0.11658614  0.58406544  0.31734860
   0.23858000  0.54636000  0.07986000
   0.04697330  0.67103639  0.18053525
   0.31292779  0.92314675  0.38477460
   0.14145126  0.54465796  0.48719381
   0.18274582  0.79483047  0.28196888
   0.50606667  0.83335932  0.10979837
   0.57928343  0.71035260  0.41372070
   0.38798728  0.82916401  0.51557378
   0.64679655  0.96053589  0.21330410
   0.44935515  0.58393969  0.31681367
   0.57191000  0.54636000  0.07986000
   0.37946268  0.66995095  0.17989152
   0.64290754  0.91912317  0.38049072
   0.46932951  0.54559273  0.48646483
   0.51540513  0.79274572  0.27943828
   0.83965178  0.83329773  0.10988411
   0.72191541  0.82789288  0.51679241
   0.98029026  0.96048521  0.21381669
   0.78298047  0.58381591  0.31586251
   0.90524000  0.54636000  0.07986000
   0.71296906  0.67007459  0.17997777
   0.97694474  0.92052731  0.38161772
   0.80780889  0.55123837  0.48565649
   0.84866957  0.79265334  0.27972920
   0.91405561  0.71128236  0.41176862
   0.75337303  0.15583867  0.58678099
   0.77066713  0.46605126  0.59641728
