   0.92080207  0.93588535  0.50065920
   0.03971000  0.19194000  0.08602000
   0.31898577  0.43961965  0.28888214
   0.11656500  0.06074432  0.38972758
   0.17970193  0.31628530  0.18753190
   0.25807884  0.18974789  0.48535035
   0.37304000  0.19194000  0.08602000
   0.65209193  0.43756296  0.28655115
   0.44935135  0.06370279  0.39325599
   0.51229156  0.31489623  0.18672558
   0.59336065  0.19226690  0.49004233
   0.70637000  0.19194000  0.08602000
   0.98601591  0.43893321  0.28837477
   0.78311980  0.06176504  0.39211689
   0.84657058  0.31561316  0.18715227
   0.93088257  0.18805273  0.48676777
   0.03971000  0.69194000  0.08602000
   0.31369010  0.94073126  0.28992463
   0.12569180  0.56004898  0.39064459
   0.17979820  0.81645463  0.18768047
   0.25527343  0.69462760  0.48615301
   0.37304000  0.69194000  0.08602000
   0.64611925  0.93995571  0.28942437
   0.45696896  0.56117498  0.39094102
   0.51256232  0.81616042  0.18741979
   0.59156507  0.69455883  0.48607089
   0.70637000  0.69194000  0.08602000
   0.97883696  0.93925131  0.28808235
   0.84580536  0.81572675  0.18700717
   0.92487342  0.68740258  0.48336324
   0.78855284  0.55800678  0.38816849
   0.17909155  0.06471291  0.18592226
   0.27624680  0.43118176  0.49392719
   0.03971000  0.44194000  0.08602000
   0.31601359  0.18896893  0.28940140
   0.12648256  0.31262923  0.38980991
   0.51245591  0.06433054  0.18559178
   0.60332078  0.42944222  0.49181414
   0.37304000  0.44194000  0.08602000
   0.64886570  0.18798337  0.28892793
   0.46002215  0.31346778  0.38998993
   0.84586024  0.06457383  0.18546237
   0.94625872  0.42938882  0.49332341
   0.70637000  0.44194000  0.08602000
   0.98223994  0.18834372  0.28874446
   0.79335469  0.31160707  0.38867890
   0.18116336  0.56484337  0.18551976
   0.25004183  0.94008267  0.50237808
   0.03971000  0.94194000  0.08602000
   0.31648345  0.68976677  0.28992504
   0.11142079  0.81734121  0.39320899
   0.51415388  0.56433780  0.18482994
   0.58333774  0.93821084  0.49647450
   0.37304000  0.94194000  0.08602000
   0.64924974  0.68860762  0.28861371
   0.44464525  0.81781584  0.39219822
   0.84782529  0.56453070  0.18520456
   0.70637000  0.94194000  0.08602000
   0.98324391  0.68911170  0.28869892
   0.77813991  0.81592741  0.39068987
   0.17417000  0.33753000  0.10253000
   0.26000403  0.20555284  0.40102927
   0.07650140  0.32149582  0.50252987
   0.31536989  0.46152219  0.20500786
   0.11568024  0.08366637  0.30492786
   0.23858000  0.04636000  0.06951000
   0.04563560  0.17112010  0.16984856
   0.32541313  0.41733895  0.37263513
   0.11932822  0.04786722  0.47459488
   0.18262691  0.29395864  0.27088487
   0.50750000  0.33753000  0.10253000
   0.59372383  0.20723681  0.40608108
   0.40645628  0.32065804  0.50264484
   0.64808495  0.46013144  0.20313585
   0.44992458  0.08512880  0.30829419
   0.57191000  0.04636000  0.06951000
   0.37852818  0.17005865  0.16950515
   0.66003422  0.41502649  0.37029242
   0.45346004  0.05022789  0.48086722
   0.51599534  0.29242567  0.26986048
   0.84083000  0.33753000  0.10253000
   0.92533144  0.20520563  0.40333197
   0.74020185  0.32519111  0.50973023
   0.98210206  0.46091746  0.20450532
   0.78225817  0.08412548  0.30712661
   0.90524000  0.04636000  0.06951000
   0.71210352  0.17055609  0.16969072
   0.99187814  0.41654787  0.37231731
   0.78724362  0.04702958  0.47960789
   0.84906896  0.29306111  0.27050257
   0.17417000  0.83753000  0.10253000
   0.24539046  0.70917568  0.40388514
   0.05496536  0.82464397  0.49151734
   0.31375863  0.96169480  0.20562977
   0.11737033  0.58466655  0.30676758
   0.23858000  0.54636000  0.06951000
   0.04739153  0.67093694  0.16981625
   0.31073917  0.92129763  0.37380245
   0.14415100  0.54140939  0.47741102
   0.18247684  0.79371923  0.27089045
   0.50750000  0.83753000  0.10253000
   0.57788775  0.71005782  0.40430391
   0.38349486  0.83172993  0.50405753
   0.64683411  0.96136432  0.20514752
   0.45054663  0.58508090  0.30729907
   0.57191000  0.54636000  0.06951000
   0.38058542  0.67072340  0.16962710
   0.64382503  0.92042644  0.37376620
   0.47640978  0.54159642  0.47700900
   0.51532616  0.79330973  0.27062929
   0.84083000  0.83753000  0.10253000
   0.71441237  0.83061104  0.50712687
   0.97976540  0.96101425  0.20427765
   0.78336417  0.58290105  0.30392656
   0.90524000  0.54636000  0.06951000
   0.71372552  0.67033653  0.16947959
   0.97609576  0.91852333  0.37135664
   0.80970373  0.53747706  0.47816358
   0.84796983  0.79248296  0.26988663
   0.90667445  0.70525799  0.40162666
   0.08545377  0.95104994  0.59945149
   0.77162094  0.48668121  0.58631978
