   0.57714589  0.18856154  0.50693544
   0.03971000  0.19194000  0.09637000
   0.31884446  0.43878490  0.29876485
   0.11772519  0.06266779  0.40287842
   0.18000702  0.31535418  0.19678768
   0.27282102  0.18995809  0.50275074
   0.37304000  0.19194000  0.09637000
   0.65139849  0.43683329  0.29736184
   0.45298456  0.06450841  0.40233911
   0.51289602  0.31440075  0.19583945
   0.70637000  0.19194000  0.09637000
   0.98588894  0.43794235  0.29856578
   0.78105401  0.06285417  0.40216239
   0.84694412  0.31500215  0.19628719
   0.92964605  0.19138641  0.49662642
   0.03971000  0.69194000  0.09637000
   0.31308242  0.94069080  0.29923898
   0.12501336  0.56003195  0.40060658
   0.18013808  0.81584994  0.19669211
   0.25802252  0.69348782  0.49693268
   0.37304000  0.69194000  0.09637000
   0.64642784  0.93971001  0.29918670
   0.45773317  0.56066560  0.40058730
   0.51292009  0.81560876  0.19650308
   0.59173663  0.69680727  0.49662477
   0.70637000  0.69194000  0.09637000
   0.97975890  0.93993851  0.29884222
   0.84642138  0.81539663  0.19606672
   0.93020497  0.69219141  0.49448292
   0.79103171  0.55870865  0.39858385
   0.17895988  0.06457981  0.19599453
   0.27429001  0.43650389  0.50096365
   0.03971000  0.44194000  0.09637000
   0.31582108  0.18959181  0.29989579
   0.12734690  0.31149614  0.40199971
   0.51227554  0.06438986  0.19580048
   0.60699030  0.43706274  0.50025278
   0.37304000  0.44194000  0.09637000
   0.64946006  0.18903873  0.29902189
   0.45862888  0.31224679  0.40472778
   0.84563805  0.06444403  0.19566106
   0.94209555  0.43174969  0.50419036
   0.70637000  0.44194000  0.09637000
   0.98249864  0.18836672  0.29966726
   0.79146279  0.31106776  0.40111028
   0.18057332  0.56447582  0.19568525
   0.25444583  0.93673836  0.50486583
   0.03971000  0.94194000  0.09637000
   0.31686758  0.69013777  0.29984780
   0.11171636  0.81688927  0.40054074
   0.51360742  0.56402839  0.19509816
   0.58575023  0.93548688  0.50505891
   0.37304000  0.94194000  0.09637000
   0.64954049  0.68935605  0.29884077
   0.44446276  0.81794705  0.40160558
   0.84729196  0.56416679  0.19532675
   0.92052963  0.93676360  0.50532794
   0.70637000  0.94194000  0.09637000
   0.98332264  0.68956011  0.29875054
   0.77819377  0.81680608  0.40050232
   0.17361567  0.33292126  0.11003370
   0.25658813  0.20253085  0.41728583
   0.07321117  0.32577168  0.51245348
   0.31491164  0.46039815  0.21428772
   0.11608875  0.08390912  0.31699904
   0.23858000  0.04636000  0.07986000
   0.04532445  0.17093639  0.18038312
   0.32516694  0.41596973  0.38183060
   0.12314709  0.04669671  0.49055886
   0.18228103  0.29363797  0.28059926
   0.50668197  0.33257460  0.10931731
   0.59494930  0.20619596  0.42141346
   0.40960122  0.33478441  0.49823679
   0.64788193  0.45915687  0.21273452
   0.44999528  0.08559146  0.31716404
   0.57191000  0.04636000  0.07986000
   0.37831052  0.17031085  0.17996253
   0.65830395  0.41504338  0.38145577
   0.45520747  0.03894403  0.48537428
   0.51596424  0.29293867  0.27948977
   0.84021631  0.33273644  0.10971457
   0.92472005  0.20426426  0.41361431
   0.73581495  0.32912121  0.51984733
   0.98166121  0.45976137  0.21391748
   0.78150606  0.08405793  0.31730155
   0.90524000  0.04636000  0.07986000
   0.71194551  0.17067582  0.18024268
   0.99173582  0.41570833  0.38258723
   0.79110192  0.04521509  0.48925541
   0.84939637  0.29315497  0.28021620
   0.17356757  0.83291397  0.11008246
   0.24428189  0.71025437  0.41475382
   0.05204529  0.83019455  0.51417506
   0.31328407  0.96055667  0.21478686
   0.11724463  0.58480900  0.31681210
   0.23858000  0.54636000  0.07986000
   0.04665927  0.67085401  0.18051554
   0.31080729  0.92100817  0.38303608
   0.13887177  0.54550091  0.48771906
   0.18195294  0.79340234  0.28063868
   0.50679202  0.83285171  0.10990763
   0.57853381  0.71127910  0.41415865
   0.38433080  0.82888085  0.51615804
   0.64666584  0.96030080  0.21438970
   0.45081250  0.58530317  0.31734418
   0.57191000  0.54636000  0.07986000
   0.37990295  0.67065095  0.18035325
   0.64338589  0.92041481  0.38377966
   0.47444464  0.54806104  0.48688739
   0.51523995  0.79339896  0.28041261
   0.84015142  0.83274393  0.10962820
   0.71774629  0.83149728  0.51716796
   0.97982770  0.96012849  0.21399155
   0.78348692  0.58333810  0.31510716
   0.90524000  0.54636000  0.07986000
   0.71316808  0.67050573  0.18022301
   0.97720482  0.92026587  0.38344592
   0.81288089  0.54243843  0.48646241
   0.84828018  0.79313409  0.27993164
   0.91116484  0.70845348  0.41249432
   0.42295722  0.16422462  0.59048974
   0.76503370  0.47653325  0.59777533
