   0.60365868  0.93348210  0.49422787
   0.03971000  0.19194000  0.08602000
   0.31314340  0.43926003  0.28799665
   0.12274914  0.06108992  0.39082226
   0.17840368  0.31529993  0.18712325
   0.25842971  0.19371546  0.48649131
   0.37304000  0.19194000  0.08602000
   0.64592796  0.43845140  0.28742498
   0.45691272  0.06141553  0.39207831
   0.51150410  0.31504822  0.18676914
   0.58526341  0.18602767  0.49388511
   0.70637000  0.19194000  0.08602000
   0.97879444  0.43957116  0.28880345
   0.78927108  0.06149898  0.39112197
   0.84522140  0.31582003  0.18728666
   0.92100819  0.19332301  0.48783947
   0.03971000  0.69194000  0.08602000
   0.31679146  0.94048856  0.28892993
   0.11584254  0.56244119  0.39060643
   0.17860537  0.81631792  0.18751813
   0.26114908  0.69249873  0.48540989
   0.37304000  0.69194000  0.08602000
   0.65001778  0.93953795  0.28854174
   0.44737442  0.56273397  0.38960209
   0.51200814  0.81577819  0.18752842
   0.58781235  0.69540524  0.48473137
   0.70637000  0.69194000  0.08602000
   0.98326522  0.93934940  0.28865967
   0.84515846  0.81588017  0.18740461
   0.92163699  0.69676331  0.48428956
   0.78161442  0.56250185  0.38950818
   0.17972549  0.06432620  0.18565876
   0.24712254  0.43777121  0.49525216
   0.03971000  0.44194000  0.08602000
   0.31607381  0.18939653  0.28968893
   0.11408194  0.31652892  0.38964119
   0.51301763  0.06456283  0.18559417
   0.58184801  0.44007141  0.49319682
   0.37304000  0.44194000  0.08602000
   0.64871944  0.18916328  0.28931834
   0.44803808  0.31643185  0.39293485
   0.84619851  0.06447092  0.18559250
   0.91786105  0.44244922  0.49370509
   0.70637000  0.44194000  0.08602000
   0.98198339  0.18875199  0.28887098
   0.77849512  0.31539706  0.39238004
   0.17833067  0.56482832  0.18563392
   0.27043359  0.93241518  0.49481745
   0.03971000  0.94194000  0.08602000
   0.31392206  0.68915708  0.28893329
   0.12345871  0.81441432  0.38948878
   0.51173863  0.56437824  0.18530531
   0.37304000  0.94194000  0.08602000
   0.64783610  0.68845975  0.28893125
   0.45555378  0.81443092  0.38924051
   0.84550889  0.56499906  0.18609640
   0.93987649  0.93453098  0.49277211
   0.70637000  0.94194000  0.08602000
   0.98151086  0.68896467  0.28923503
   0.78891510  0.81444569  0.38932903
   0.17417000  0.33753000  0.10253000
   0.24611300  0.20939831  0.40439239
   0.04119074  0.33097502  0.51124029
   0.31258683  0.46059943  0.20415042
   0.11646389  0.08453503  0.30707012
   0.23858000  0.04636000  0.06951000
   0.04553704  0.17017453  0.16955386
   0.31284627  0.41948334  0.37235567
   0.13985413  0.04410225  0.47757520
   0.18087478  0.29295340  0.27048987
   0.50750000  0.33753000  0.10253000
   0.58093882  0.20923635  0.41029624
   0.37993379  0.33262276  0.50295806
   0.64563838  0.46059167  0.20387460
   0.45016220  0.08577591  0.30822114
   0.57191000  0.04636000  0.06951000
   0.37882470  0.16992820  0.16930636
   0.64591952  0.41846342  0.37163580
   0.46675974  0.03709653  0.47533966
   0.51447456  0.29264273  0.26973668
   0.84083000  0.33753000  0.10253000
   0.91457138  0.21014206  0.40568441
   0.71674771  0.33649818  0.50422137
   0.97931561  0.46092588  0.20472885
   0.78308558  0.08516067  0.30736695
   0.90524000  0.04636000  0.06951000
   0.71238249  0.17054451  0.16946150
   0.97799203  0.41937938  0.37327713
   0.80712342  0.04276935  0.47696607
   0.84764432  0.29313233  0.27053814
   0.17417000  0.83753000  0.10253000
   0.25558907  0.70647163  0.40231444
   0.07062460  0.82622096  0.50175081
   0.31426962  0.96115310  0.20493261
   0.11459802  0.58371529  0.30663854
   0.23858000  0.54636000  0.06951000
   0.04482580  0.67154533  0.16974467
   0.32129351  0.91811559  0.37208785
   0.12025997  0.54897200  0.47772528
   0.18038851  0.79404595  0.27072646
   0.50750000  0.83753000  0.10253000
   0.58802639  0.70620412  0.40124509
   0.40408508  0.82352233  0.50568072
   0.64715775  0.96075659  0.20495321
   0.44724272  0.58410039  0.30553470
   0.57191000  0.54636000  0.06951000
   0.37838588  0.67106086  0.16965742
   0.65442625  0.91866729  0.37222755
   0.45136838  0.55011911  0.47711852
   0.51414126  0.79372402  0.27090053
   0.84083000  0.83753000  0.10253000
   0.73980479  0.82541045  0.49978873
   0.98028958  0.96081992  0.20489814
   0.78127172  0.58259354  0.30493598
   0.90524000  0.54636000  0.06951000
   0.71143789  0.67096242  0.16957667
   0.98856043  0.91857864  0.37248316
   0.78611944  0.55101580  0.47719173
   0.84761177  0.79359212  0.27072915
   0.92186005  0.70637742  0.40141033
   0.57562645  0.14313774  0.59341322
   0.79813029  0.30556238  0.59536105
