   0.93985583  0.18988101  0.50266395
   0.03971000  0.19194000  0.09637000
   0.31583653  0.43729324  0.29890946
   0.12242642  0.05995282  0.39837480
   0.17877776  0.31533100  0.19748902
   0.24379693  0.18605920  0.50126935
   0.37304000  0.19194000  0.09637000
   0.64918352  0.43873560  0.30051452
   0.45436611  0.06363871  0.40273347
   0.51321215  0.31628524  0.19811771
   0.57896093  0.19980196  0.50096370
   0.70637000  0.19194000  0.09637000
   0.98307309  0.43839189  0.29942884
   0.78687130  0.06183476  0.40385658
   0.84581539  0.31601186  0.19799057
   0.03971000  0.69194000  0.09637000
   0.31567919  0.94096266  0.29853479
   0.12129772  0.56319775  0.39964057
   0.17882152  0.81588708  0.19739433
   0.26242044  0.69797462  0.49438281
   0.37304000  0.69194000  0.09637000
   0.64843515  0.94180546  0.29967451
   0.45260206  0.56174747  0.39945708
   0.51299823  0.81677571  0.19778046
   0.59770506  0.69673882  0.49403303
   0.70637000  0.69194000  0.09637000
   0.98023207  0.93975353  0.29672706
   0.84548250  0.81497784  0.19678309
   0.92893979  0.69602596  0.49594797
   0.78706733  0.56320201  0.40110026
   0.17950382  0.06480691  0.19521544
   0.26447695  0.43930961  0.50209294
   0.03971000  0.44194000  0.09637000
   0.31661013  0.18966852  0.29958292
   0.11957188  0.31354027  0.40457908
   0.51315792  0.06547940  0.19609468
   0.59126870  0.44120483  0.50368570
   0.37304000  0.44194000  0.09637000
   0.64994816  0.18971903  0.30061787
   0.45174480  0.31444492  0.40420436
   0.84607376  0.06473172  0.19525569
   0.93349369  0.44427236  0.49943389
   0.70637000  0.44194000  0.09637000
   0.98282196  0.18986551  0.30039313
   0.78767637  0.31327745  0.40175311
   0.17984173  0.56420418  0.19583244
   0.26757835  0.93338102  0.50374240
   0.03971000  0.94194000  0.09637000
   0.31512318  0.68832756  0.29855455
   0.11798130  0.81682278  0.39748432
   0.51300530  0.56416428  0.19643294
   0.60230101  0.93627699  0.50683645
   0.37304000  0.94194000  0.09637000
   0.64832841  0.68804397  0.29884908
   0.45091340  0.81657936  0.39801309
   0.84627451  0.56365602  0.19606851
   0.93454220  0.93239606  0.50621043
   0.70637000  0.94194000  0.09637000
   0.98161740  0.68794480  0.29865445
   0.78491134  0.81656565  0.39792056
   0.17417000  0.33753000  0.11288000
   0.25346430  0.20505522  0.41591748
   0.06264519  0.34042958  0.50400831
   0.31368042  0.46031697  0.21480908
   0.11696709  0.08462827  0.31476021
   0.23858000  0.04636000  0.07986000
   0.04548553  0.17079598  0.17946821
   0.31734185  0.41749786  0.38295366
   0.13413905  0.03286915  0.48083555
   0.18195016  0.29304256  0.28071990
   0.50750000  0.33753000  0.11288000
   0.58825983  0.20889521  0.41760704
   0.39455730  0.32779252  0.51072586
   0.64763423  0.46082221  0.21638253
   0.45087451  0.08585531  0.31790169
   0.57191000  0.04636000  0.07986000
   0.37974996  0.17165472  0.18009114
   0.65307115  0.41818133  0.38503653
   0.46787206  0.04746598  0.49060860
   0.51616315  0.29360312  0.28172524
   0.84083000  0.33753000  0.11288000
   0.91679646  0.20635425  0.41809812
   0.72448445  0.33604172  0.52098608
   0.98087087  0.46067239  0.21540546
   0.78338487  0.08622660  0.31912349
   0.90524000  0.04636000  0.07986000
   0.71273543  0.17139931  0.18014798
   0.98576984  0.41785139  0.38319653
   0.80173409  0.04030841  0.48920234
   0.84836424  0.29345891  0.28160419
   0.17417000  0.83753000  0.11288000
   0.25152601  0.71138461  0.41097543
   0.06805427  0.82497737  0.51736149
   0.31373418  0.96154523  0.21461334
   0.11581265  0.58383125  0.31602873
   0.23858000  0.54636000  0.07986000
   0.04557857  0.67001667  0.18014990
   0.31646931  0.92167501  0.38238337
   0.13502126  0.55302710  0.48506421
   0.18169163  0.79328780  0.28067399
   0.50750000  0.83753000  0.11288000
   0.58473758  0.70967925  0.41132379
   0.40211486  0.82926192  0.51546831
   0.64711190  0.96248406  0.21568679
   0.44834597  0.58298081  0.31559901
   0.57191000  0.54636000  0.07986000
   0.37938268  0.67090424  0.18055048
   0.64918360  0.92034390  0.38340428
   0.46437822  0.55063976  0.48611018
   0.51562712  0.79369909  0.28124952
   0.84083000  0.83753000  0.11288000
   0.73277739  0.82664788  0.51728439
   0.97977739  0.96064879  0.21325500
   0.78214184  0.58397448  0.31700314
   0.90524000  0.54636000  0.07986000
   0.71233063  0.66957609  0.18000464
   0.98215043  0.91797068  0.37944443
   0.79700861  0.55063014  0.48713549
   0.84805717  0.79181420  0.27962871
   0.91878037  0.71064057  0.41335840
   0.07426925  0.15353823  0.58434688
   0.77899869  0.42851471  0.60460057
