   0.60286125  0.93371991  0.49505094
   0.03971000  0.19194000  0.08602000
   0.31298323  0.43926032  0.28785855
   0.12210137  0.06096688  0.39080772
   0.17818196  0.31495967  0.18710571
   0.25773620  0.19301413  0.48654746
   0.37304000  0.19194000  0.08602000
   0.64565018  0.43809600  0.28703931
   0.45632774  0.06095576  0.39235478
   0.51100603  0.31465486  0.18651321
   0.58648244  0.18685899  0.49377658
   0.70637000  0.19194000  0.08602000
   0.97861309  0.43952457  0.28866368
   0.78892197  0.06171244  0.39156699
   0.84500594  0.31554282  0.18711146
   0.91920475  0.19343887  0.48861919
   0.03971000  0.69194000  0.08602000
   0.31633248  0.94037574  0.28863290
   0.11580811  0.56240662  0.39062489
   0.17870580  0.81632147  0.18737037
   0.26136949  0.69281571  0.48559601
   0.37304000  0.69194000  0.08602000
   0.64979260  0.93976659  0.28872473
   0.44683864  0.56219809  0.38960842
   0.51230242  0.81592544  0.18764427
   0.58658101  0.69533855  0.48453055
   0.70637000  0.69194000  0.08602000
   0.98314598  0.93921968  0.28863446
   0.84507199  0.81597122  0.18740901
   0.92097705  0.69641667  0.48381950
   0.78121092  0.56208876  0.38914898
   0.17967189  0.06406459  0.18548207
   0.24628926  0.43762555  0.49555647
   0.03971000  0.44194000  0.08602000
   0.31590590  0.18937874  0.28986057
   0.11337124  0.31672016  0.38982533
   0.51285370  0.06437511  0.18553135
   0.58135752  0.43897061  0.49316386
   0.37304000  0.44194000  0.08602000
   0.64834827  0.18905498  0.28964490
   0.44742983  0.31606767  0.39278164
   0.84591929  0.06440351  0.18576402
   0.91713215  0.44248832  0.49385057
   0.70637000  0.44194000  0.08602000
   0.98175267  0.18863457  0.28905393
   0.77826995  0.31555714  0.39233387
   0.17812159  0.56459284  0.18557927
   0.26987799  0.93288571  0.49559892
   0.03971000  0.94194000  0.08602000
   0.31391392  0.68926568  0.28893922
   0.12366103  0.81446738  0.38983540
   0.51150133  0.56436398  0.18520879
   0.37304000  0.94194000  0.08602000
   0.64811574  0.68815853  0.28908521
   0.45575984  0.81449301  0.38928075
   0.84537275  0.56488624  0.18612290
   0.93925037  0.93450318  0.49263012
   0.70637000  0.94194000  0.08602000
   0.98201553  0.68890984  0.28931381
   0.78884472  0.81448094  0.38936789
   0.17417000  0.33753000  0.10253000
   0.24503975  0.20910616  0.40448804
   0.03920603  0.33082526  0.51295513
   0.31252586  0.46042966  0.20401051
   0.11610895  0.08436428  0.30717783
   0.23858000  0.04636000  0.06951000
   0.04537497  0.17000235  0.16957546
   0.31244115  0.41926367  0.37229934
   0.13873754  0.04382940  0.47772565
   0.18059332  0.29273511  0.27056458
   0.50750000  0.33753000  0.10253000
   0.58060583  0.20870217  0.40993306
   0.37825845  0.33182083  0.50273555
   0.64529210  0.46051090  0.20346396
   0.44948979  0.08553518  0.30825869
   0.57191000  0.04636000  0.06951000
   0.37867018  0.16963811  0.16913086
   0.64502317  0.41825633  0.37130869
   0.46587230  0.03784392  0.47594703
   0.51421687  0.29228911  0.26946332
   0.84083000  0.33753000  0.10253000
   0.91387449  0.21049542  0.40650913
   0.71672249  0.33635830  0.50397060
   0.97912209  0.46057281  0.20462548
   0.78298066  0.08530903  0.30783489
   0.90524000  0.04636000  0.06951000
   0.71224861  0.17045274  0.16941286
   0.97746879  0.41961464  0.37324678
   0.80640343  0.04296795  0.47743806
   0.84754863  0.29314340  0.27054631
   0.17417000  0.83753000  0.10253000
   0.25567395  0.70627240  0.40244442
   0.07027237  0.82581765  0.50121307
   0.31417873  0.96089334  0.20473203
   0.11495652  0.58352103  0.30661785
   0.23858000  0.54636000  0.06951000
   0.04457975  0.67155009  0.16970316
   0.32130054  0.91781362  0.37182891
   0.11981755  0.54905900  0.47763467
   0.18030649  0.79404000  0.27043844
   0.50750000  0.83753000  0.10253000
   0.58757157  0.70581448  0.40137978
   0.40370563  0.82407696  0.50627144
   0.64700038  0.96068997  0.20530551
   0.44726263  0.58418231  0.30546750
   0.57191000  0.54636000  0.06951000
   0.37837826  0.67130589  0.16979525
   0.65448716  0.91890466  0.37243123
   0.45130158  0.54933524  0.47709468
   0.51434083  0.79382292  0.27117989
   0.84083000  0.83753000  0.10253000
   0.73905658  0.82534657  0.49935722
   0.98012108  0.96077109  0.20503333
   0.78132910  0.58204341  0.30470936
   0.90524000  0.54636000  0.06951000
   0.71127638  0.67103025  0.16961677
   0.98861392  0.91840564  0.37247656
   0.78567881  0.55064952  0.47710261
   0.84768377  0.79342844  0.27076480
   0.92142492  0.70569240  0.40106120
   0.58084661  0.14751888  0.59398754
   0.81614213  0.30257637  0.59390700
