   0.60181706  0.93322976  0.49414181
   0.03971000  0.19194000  0.08602000
   0.31215291  0.43910164  0.28822280
   0.12085828  0.06076426  0.39106227
   0.17793244  0.31551937  0.18719018
   0.25936682  0.19288331  0.48609338
   0.37304000  0.19194000  0.08602000
   0.64464278  0.43831395  0.28799598
   0.45479192  0.06165400  0.39314362
   0.51131891  0.31516143  0.18710138
   0.58781705  0.18939372  0.49483441
   0.70637000  0.19194000  0.08602000
   0.97720692  0.43905934  0.28894274
   0.78752939  0.06147730  0.39121985
   0.84465233  0.31569578  0.18729426
   0.92331236  0.18994571  0.48705943
   0.03971000  0.69194000  0.08602000
   0.31663346  0.93998939  0.28937942
   0.11376147  0.56180261  0.39058951
   0.17882357  0.81596771  0.18760675
   0.25626673  0.69310992  0.48550729
   0.37304000  0.69194000  0.08602000
   0.64899447  0.93964936  0.28899038
   0.44546786  0.56241187  0.39017427
   0.51190342  0.81601878  0.18751329
   0.58596364  0.69519448  0.48560231
   0.70637000  0.69194000  0.08602000
   0.98251036  0.93903926  0.28866740
   0.84525620  0.81564974  0.18736823
   0.91840621  0.69797765  0.48531319
   0.77886713  0.56297805  0.38986359
   0.17938694  0.06419437  0.18562269
   0.24739825  0.43896801  0.49684542
   0.03971000  0.44194000  0.08602000
   0.31417488  0.18873387  0.28944496
   0.11179870  0.31555051  0.38866294
   0.51278981  0.06438196  0.18565365
   0.57973864  0.44122731  0.49301038
   0.37304000  0.44194000  0.08602000
   0.64721312  0.18915725  0.28974025
   0.44596578  0.31601718  0.39263647
   0.84611517  0.06421508  0.18541107
   0.91425645  0.44479282  0.49355248
   0.70637000  0.44194000  0.08602000
   0.98032210  0.18856080  0.28880469
   0.77616462  0.31593125  0.39419068
   0.17841431  0.56445661  0.18557221
   0.26833672  0.93232244  0.49497366
   0.03971000  0.94194000  0.08602000
   0.31349951  0.68837649  0.28886191
   0.12089537  0.81344915  0.38909256
   0.51179727  0.56430701  0.18538483
   0.37304000  0.94194000  0.08602000
   0.64696851  0.68829243  0.28875907
   0.45359962  0.81376444  0.38935436
   0.84528420  0.56437027  0.18564827
   0.93801802  0.93373917  0.49333091
   0.70637000  0.94194000  0.08602000
   0.98022287  0.68814516  0.28878994
   0.78682694  0.81431368  0.38977601
   0.17417000  0.33753000  0.10253000
   0.24419649  0.20949703  0.40432452
   0.03928995  0.33123269  0.51470666
   0.31256547  0.46062486  0.20442476
   0.11476776  0.08459794  0.30707813
   0.23858000  0.04636000  0.06951000
   0.04550173  0.17022698  0.16947413
   0.31031733  0.41887405  0.37226747
   0.13825239  0.04419662  0.47798662
   0.17949152  0.29260556  0.27046263
   0.50750000  0.33753000  0.10253000
   0.57720743  0.20910948  0.41052179
   0.37821352  0.33328438  0.50392217
   0.64577267  0.46027898  0.20430683
   0.44888886  0.08576141  0.30880367
   0.57191000  0.04636000  0.06951000
   0.37864968  0.17010405  0.16944044
   0.64372785  0.41850755  0.37184562
   0.46622297  0.03907831  0.47783519
   0.51266077  0.29231497  0.27020431
   0.84083000  0.33753000  0.10253000
   0.91436262  0.21047845  0.40574815
   0.71623938  0.33927047  0.50006577
   0.97933059  0.46083327  0.20493817
   0.78155918  0.08527423  0.30761991
   0.90524000  0.04636000  0.06951000
   0.71221988  0.17037759  0.16944828
   0.97598126  0.41899314  0.37355746
   0.80587672  0.04101092  0.47634862
   0.84609768  0.29269594  0.27046141
   0.17417000  0.83753000  0.10253000
   0.25354681  0.70572486  0.40243422
   0.06800148  0.82574360  0.50348759
   0.31400566  0.96107210  0.20546061
   0.11352312  0.58335066  0.30653084
   0.23858000  0.54636000  0.06951000
   0.04498974  0.67090511  0.16974370
   0.31927284  0.91784129  0.37303294
   0.11841648  0.54757294  0.47828209
   0.18042534  0.79332511  0.27099171
   0.50750000  0.83753000  0.10253000
   0.58637623  0.70603113  0.40182000
   0.40103656  0.82262071  0.50562481
   0.64716075  0.96111636  0.20517042
   0.44703685  0.58366050  0.30599499
   0.57191000  0.54636000  0.06951000
   0.37817538  0.67089343  0.16972311
   0.65235314  0.91819651  0.37271161
   0.44767273  0.55038499  0.47757428
   0.51364261  0.79332586  0.27082144
   0.84083000  0.83753000  0.10253000
   0.73604079  0.82474874  0.50139297
   0.98025427  0.96067323  0.20486539
   0.78029109  0.58283043  0.30534200
   0.90524000  0.54636000  0.06951000
   0.71165602  0.67054775  0.16961981
   0.98644226  0.91804826  0.37251004
   0.78258179  0.55336987  0.47711924
   0.84699985  0.79305232  0.27064873
   0.91986017  0.70683883  0.40203621
   0.60520060  0.15603862  0.59623952
   0.86404768  0.27318798  0.58516952
