   0.57886096  0.68693111  0.50004140
   0.03971000  0.19194000  0.09637000
   0.31817854  0.43799126  0.29632196
   0.11559285  0.06194981  0.40022188
   0.17966858  0.31459703  0.19558476
   0.25316297  0.19435450  0.49595672
   0.37304000  0.19194000  0.09637000
   0.65223779  0.43884289  0.29794061
   0.45051293  0.06396790  0.40102322
   0.51376613  0.31506573  0.19624757
   0.58304769  0.20058912  0.49891612
   0.70637000  0.19194000  0.09637000
   0.98650299  0.44018271  0.29924838
   0.78189131  0.06232254  0.40064328
   0.84647641  0.31621330  0.19769359
   0.92503968  0.19302483  0.49615173
   0.03971000  0.69194000  0.09637000
   0.31328000  0.93975808  0.29868543
   0.12697736  0.56162082  0.40245363
   0.17984242  0.81544548  0.19638475
   0.27469247  0.68966995  0.50211547
   0.37304000  0.69194000  0.09637000
   0.64544349  0.93946862  0.29862076
   0.45953516  0.55972171  0.39759105
   0.51312348  0.81547600  0.19624754
   0.70637000  0.69194000  0.09637000
   0.97943326  0.93916588  0.29882602
   0.84606353  0.81569462  0.19734713
   0.92982488  0.69538681  0.49624455
   0.79094668  0.56136932  0.40037290
   0.17918579  0.06393621  0.19524915
   0.28147806  0.43050126  0.50327612
   0.03971000  0.44194000  0.09637000
   0.31546420  0.18820619  0.29824556
   0.12620297  0.31276961  0.39854230
   0.51274512  0.06431391  0.19518213
   0.60964409  0.43094942  0.49940976
   0.37304000  0.44194000  0.09637000
   0.64919281  0.18856660  0.29861630
   0.45902483  0.31220462  0.39805589
   0.84580563  0.06412795  0.19520704
   0.95131630  0.43246185  0.50394075
   0.70637000  0.44194000  0.09637000
   0.98230863  0.18833411  0.29826792
   0.79328825  0.31257165  0.39829480
   0.18057553  0.56417428  0.19489926
   0.24962254  0.94299676  0.50269329
   0.03971000  0.94194000  0.09637000
   0.31603474  0.68959808  0.29868128
   0.11287000  0.81629441  0.40184619
   0.51406274  0.56417715  0.19481715
   0.58508277  0.94236328  0.50383807
   0.37304000  0.94194000  0.09637000
   0.64946077  0.68966221  0.29851855
   0.44415489  0.81624820  0.40407482
   0.84749382  0.56445976  0.19538725
   0.91451434  0.93890768  0.50461182
   0.70637000  0.94194000  0.09637000
   0.98331032  0.68949922  0.29940478
   0.77648320  0.81635900  0.40279697
   0.17300713  0.33267786  0.10935092
   0.25868236  0.20503706  0.41183220
   0.07877288  0.32059653  0.51386268
   0.31471972  0.45942348  0.21249963
   0.11513867  0.08366440  0.31601405
   0.23858000  0.04636000  0.07986000
   0.04523451  0.17021739  0.17993559
   0.32460697  0.41478668  0.37926620
   0.11602169  0.05028010  0.48812334
   0.18216344  0.29228818  0.27909934
   0.50657854  0.33279250  0.10974832
   0.59444123  0.20739576  0.41372765
   0.41340960  0.31814502  0.51339625
   0.64818263  0.46019401  0.21375456
   0.44955684  0.08437874  0.31655113
   0.57191000  0.04636000  0.07986000
   0.37872705  0.17069004  0.18032254
   0.65973988  0.41707969  0.38223609
   0.45279590  0.05432479  0.48880548
   0.51614443  0.29334265  0.28013602
   0.84083000  0.33753000  0.11288000
   0.92514264  0.20582796  0.41296153
   0.74429948  0.32775951  0.51952569
   0.98209550  0.46139873  0.21528598
   0.78226596  0.08389567  0.31629816
   0.90524000  0.04636000  0.07986000
   0.71234182  0.17108336  0.18045822
   0.99193285  0.41752521  0.38292525
   0.78672741  0.04906326  0.48847994
   0.84948898  0.29410284  0.28133028
   0.17306029  0.83287103  0.10975104
   0.24311452  0.70981795  0.41897068
   0.04912349  0.83504326  0.51475249
   0.31368771  0.96029890  0.21393390
   0.11767352  0.58603669  0.31818928
   0.23858000  0.54636000  0.07986000
   0.04648721  0.67055667  0.18009519
   0.31043141  0.92071013  0.38284797
   0.14862351  0.53851880  0.48727196
   0.18166368  0.79344022  0.28016665
   0.50655157  0.83286552  0.10969344
   0.57876903  0.70821012  0.41591724
   0.38412560  0.84223663  0.50658101
   0.64664524  0.96056833  0.21396013
   0.45007009  0.58455465  0.31436603
   0.57191000  0.54636000  0.07986000
   0.37986726  0.67047034  0.18005514
   0.64262493  0.92006501  0.38284752
   0.47931226  0.53194716  0.47928330
   0.51487485  0.79348236  0.27981153
   0.84083000  0.83753000  0.11288000
   0.71385224  0.83334435  0.51128054
   0.98016541  0.96077562  0.21468704
   0.78331928  0.58470340  0.31661928
   0.90524000  0.54636000  0.07986000
   0.71324892  0.67040128  0.18014692
   0.97625672  0.91948788  0.38304600
   0.81635980  0.54291237  0.48887120
   0.84852168  0.79294966  0.28061373
   0.91192968  0.70935700  0.41455946
   0.42032074  0.65436968  0.58388795
   0.76668793  0.47466698  0.59881283
