   0.27747929  0.43530480  0.49196711
   0.03971000  0.19194000  0.08602000
   0.31752362  0.44003593  0.28921207
   0.12092121  0.06082183  0.39067285
   0.17908359  0.31620219  0.18761130
   0.26346934  0.19489646  0.48523300
   0.37304000  0.19194000  0.08602000
   0.65043861  0.43809223  0.28652962
   0.45376561  0.06229506  0.39086334
   0.51160141  0.31446104  0.18682498
   0.59844568  0.19344821  0.48553215
   0.70637000  0.19194000  0.08602000
   0.98373185  0.43969584  0.28875757
   0.78725380  0.06172243  0.39043732
   0.84600086  0.31581618  0.18728843
   0.93265225  0.19359757  0.48464680
   0.03971000  0.69194000  0.08602000
   0.31430549  0.93958663  0.28924169
   0.12065654  0.56138280  0.39136976
   0.17951011  0.81614330  0.18738845
   0.26391768  0.69223120  0.48672257
   0.37304000  0.69194000  0.08602000
   0.64812430  0.93927803  0.28890275
   0.46168022  0.56136019  0.39132777
   0.51200292  0.81589151  0.18736488
   0.59918364  0.69415764  0.48704763
   0.70637000  0.69194000  0.08602000
   0.98111152  0.93944963  0.28907823
   0.84564359  0.81628389  0.18719841
   0.93181352  0.69370430  0.49277060
   0.78847944  0.56363715  0.38546611
   0.17924065  0.06451007  0.18565393
   0.03971000  0.44194000  0.08602000
   0.31592273  0.18882099  0.28965203
   0.12399648  0.31461294  0.38993949
   0.51272181  0.06422081  0.18555917
   0.61212532  0.43510918  0.49938437
   0.37304000  0.44194000  0.08602000
   0.64940109  0.18865593  0.28923781
   0.45830261  0.31663178  0.39126264
   0.84614380  0.06468304  0.18565205
   0.94467290  0.43309015  0.50050589
   0.70637000  0.44194000  0.08602000
   0.98279305  0.18890016  0.28934676
   0.79068285  0.31616133  0.39051728
   0.17959611  0.56470175  0.18561471
   0.26561142  0.93830200  0.49397662
   0.03971000  0.94194000  0.08602000
   0.31606993  0.68924423  0.28988622
   0.11398240  0.81335147  0.39325982
   0.51264495  0.56398787  0.18495264
   0.59762293  0.93728718  0.49418798
   0.37304000  0.94194000  0.08602000
   0.64910536  0.68916189  0.28724966
   0.44950207  0.81652224  0.39140843
   0.84607927  0.56487600  0.18639968
   0.93130653  0.93846225  0.49365981
   0.70637000  0.94194000  0.08602000
   0.98363810  0.68975270  0.28735991
   0.78334779  0.81390083  0.39237103
   0.17417000  0.33753000  0.10253000
   0.25719918  0.20666799  0.40190835
   0.07773309  0.32478084  0.50252168
   0.31373442  0.46135850  0.20511065
   0.11597260  0.08371759  0.30668321
   0.23858000  0.04636000  0.06951000
   0.04582084  0.17100857  0.16981786
   0.32264601  0.41950569  0.37323036
   0.13269313  0.04828600  0.47775490
   0.18264701  0.29349696  0.27100213
   0.50750000  0.33753000  0.10253000
   0.59060178  0.20778391  0.40281616
   0.41063167  0.32697525  0.49881355
   0.64584292  0.45917941  0.20274864
   0.44965967  0.08403173  0.30677751
   0.57191000  0.04636000  0.06951000
   0.37857095  0.16980225  0.16946148
   0.65746350  0.41964150  0.37066762
   0.46643495  0.04717726  0.47793044
   0.51524412  0.29218783  0.27006315
   0.84083000  0.33753000  0.10253000
   0.92339770  0.20686365  0.40200030
   0.74269896  0.32496109  0.50249426
   0.98096250  0.46097667  0.20470065
   0.78311275  0.08393625  0.30629017
   0.90524000  0.04636000  0.06951000
   0.71226200  0.17055634  0.16966932
   0.98935328  0.41791344  0.37249871
   0.79890316  0.04777478  0.47771184
   0.84908326  0.29313175  0.27050161
   0.17417000  0.83753000  0.10253000
   0.24987566  0.70819872  0.40439658
   0.06544372  0.83339605  0.50090190
   0.31365010  0.96123770  0.20505022
   0.11622361  0.58530666  0.30696423
   0.23858000  0.54636000  0.06951000
   0.04591694  0.67097129  0.16982544
   0.31364933  0.91940013  0.37346897
   0.14124346  0.54330442  0.47763238
   0.18262566  0.79358456  0.27064703
   0.50750000  0.83753000  0.10253000
   0.58227152  0.71000158  0.40469757
   0.39647802  0.82981650  0.50264430
   0.64699362  0.96099354  0.20478834
   0.45112189  0.58518311  0.30709449
   0.57191000  0.54636000  0.06951000
   0.37920736  0.67051539  0.16961809
   0.64958716  0.91905966  0.37303800
   0.48193722  0.54405398  0.47830702
   0.51430302  0.79358181  0.27065440
   0.84083000  0.83753000  0.10253000
   0.73035098  0.83120843  0.50359996
   0.98044221  0.96147169  0.20478821
   0.78440639  0.58448279  0.29780117
   0.90524000  0.54636000  0.06951000
   0.71216473  0.67079599  0.16958517
   0.98158378  0.91691827  0.37332215
   0.81311068  0.54731204  0.50871707
   0.84858630  0.79460673  0.27040337
   0.91142688  0.70333105  0.40968184
   0.04099299  0.58603383  0.67828389
   0.90800301  0.56926566  0.59375773
