   0.95439026  0.93195053  0.49287035
   0.03971000  0.19194000  0.08602000
   0.31163286  0.44060866  0.28882853
   0.12896829  0.06019839  0.38976137
   0.17913258  0.31630836  0.18737209
   0.24669448  0.18873249  0.49117433
   0.37304000  0.19194000  0.08602000
   0.64423785  0.44010873  0.28864692
   0.45923875  0.06144769  0.39129416
   0.51190141  0.31660091  0.18712526
   0.58958717  0.19197869  0.48723256
   0.70637000  0.19194000  0.08602000
   0.97824011  0.44088219  0.28847314
   0.79784741  0.06322911  0.39307586
   0.84621337  0.31679217  0.18704578
   0.94269864  0.19001832  0.49299048
   0.03971000  0.69194000  0.08602000
   0.31927853  0.94054653  0.28853330
   0.11493603  0.56270311  0.38949717
   0.18010986  0.81694909  0.18735941
   0.25748309  0.69700470  0.48452984
   0.37304000  0.69194000  0.08602000
   0.65327245  0.94164950  0.28934688
   0.44436695  0.56529940  0.39028427
   0.51363330  0.81734270  0.18763666
   0.58989648  0.70051181  0.48515025
   0.70637000  0.69194000  0.08602000
   0.98586272  0.93916421  0.28786697
   0.84508974  0.81676545  0.18733620
   0.92350812  0.69699048  0.48576928
   0.77933642  0.56397669  0.39081177
   0.18078051  0.06567979  0.18606233
   0.24174983  0.44333094  0.49390930
   0.03971000  0.44194000  0.08602000
   0.31640377  0.19143278  0.29048691
   0.11069612  0.31551888  0.39179999
   0.51441084  0.06544568  0.18517167
   0.57350372  0.44640798  0.49446302
   0.37304000  0.44194000  0.08602000
   0.64941959  0.19099365  0.28924880
   0.44029322  0.31917568  0.39561383
   0.84752164  0.06561864  0.18567621
   0.91018757  0.44719476  0.49247455
   0.70637000  0.44194000  0.08602000
   0.98251851  0.19031568  0.28900437
   0.77879323  0.31725900  0.39257352
   0.17876731  0.56603038  0.18563378
   0.28851047  0.93135402  0.49184183
   0.03971000  0.94194000  0.08602000
   0.31395330  0.69006890  0.28863613
   0.12802589  0.81303041  0.38991644
   0.51176546  0.56618774  0.18574476
   0.62140631  0.93432743  0.49353827
   0.37304000  0.94194000  0.08602000
   0.64691174  0.68951823  0.28910320
   0.46307437  0.81424296  0.38851260
   0.84576224  0.56642690  0.18567865
   0.70637000  0.94194000  0.08602000
   0.98062624  0.69001210  0.28944652
   0.79567201  0.81256459  0.38840888
   0.17417000  0.33753000  0.10253000
   0.24358926  0.20919329  0.40632152
   0.03588077  0.34288306  0.50618144
   0.31314028  0.46186445  0.20404703
   0.11741654  0.08629779  0.30551874
   0.23858000  0.04636000  0.06951000
   0.04705785  0.17129680  0.16959525
   0.30737676  0.42177946  0.37294909
   0.15312470  0.03336361  0.47170029
   0.18145413  0.29419367  0.27040545
   0.50750000  0.33753000  0.10253000
   0.57706144  0.21098963  0.40575359
   0.37695083  0.33795993  0.49715104
   0.64625460  0.46222052  0.20423035
   0.45115190  0.08660430  0.30740744
   0.57191000  0.04636000  0.06951000
   0.38028428  0.17146658  0.16944216
   0.64268650  0.41969867  0.37332684
   0.48613725  0.04171619  0.47748845
   0.51420776  0.29445696  0.26998952
   0.84083000  0.33753000  0.10253000
   0.91064908  0.21143856  0.40988213
   0.70536330  0.33625887  0.50782734
   0.97950170  0.46216249  0.20397249
   0.78434962  0.08827713  0.30830839
   0.90524000  0.04636000  0.06951000
   0.71398002  0.17162730  0.16975356
   0.97507913  0.41946282  0.37265224
   0.82061850  0.04040904  0.47840338
   0.84773599  0.29440157  0.27003798
   0.17417000  0.83753000  0.10253000
   0.26235255  0.70485201  0.39982781
   0.08757929  0.81898228  0.49944149
   0.31567644  0.96264316  0.20461681
   0.11396621  0.58449119  0.30522166
   0.23858000  0.54636000  0.06951000
   0.04530847  0.67191507  0.16990075
   0.32742064  0.91757653  0.37203435
   0.11200203  0.55411973  0.47710366
   0.18116316  0.79509148  0.27038397
   0.50750000  0.83753000  0.10253000
   0.59618437  0.70712395  0.40033153
   0.42030679  0.82218033  0.49910014
   0.64901661  0.96262642  0.20502637
   0.44772714  0.58444244  0.30512815
   0.57191000  0.54636000  0.06951000
   0.37853542  0.67214585  0.17025996
   0.66312844  0.91899800  0.37316481
   0.44439916  0.55677395  0.47804029
   0.51483363  0.79587805  0.27105219
   0.84083000  0.83753000  0.10253000
   0.75065670  0.82213779  0.50393827
   0.98160785  0.96190911  0.20419431
   0.78078554  0.58341538  0.30581637
   0.90524000  0.54636000  0.06951000
   0.71109354  0.67180081  0.16980503
   0.99427752  0.91602768  0.37066284
   0.77717808  0.55227091  0.47874504
   0.84709711  0.79409149  0.27022671
   0.92665115  0.70417576  0.40174845
   0.12317164  0.16618539  0.57937009
   0.81009227  0.26506722  0.58522218
