   0.95259425  0.93811422  0.49783493
   0.03971000  0.19194000  0.08602000
   0.30911688  0.43793142  0.28839853
   0.12680249  0.06272436  0.38367682
   0.17828437  0.31380539  0.18719833
   0.26229242  0.18616255  0.48413954
   0.37304000  0.19194000  0.08602000
   0.64411676  0.43554968  0.28756881
   0.45760612  0.06265165  0.39400686
   0.51068558  0.31397177  0.18685323
   0.59806996  0.19026659  0.49110163
   0.70637000  0.19194000  0.08602000
   0.97761971  0.43770902  0.28875189
   0.79363778  0.05798130  0.39126677
   0.84387991  0.31427602  0.18757788
   0.94437632  0.18572221  0.48590297
   0.03971000  0.69194000  0.08602000
   0.31684797  0.93877464  0.28971433
   0.11717197  0.56409215  0.38990080
   0.17909840  0.81413101  0.18729677
   0.25063152  0.70357297  0.48626841
   0.37304000  0.69194000  0.08602000
   0.64775533  0.93898761  0.28911892
   0.44648092  0.56471603  0.38924111
   0.51087706  0.81381547  0.18772005
   0.58414714  0.70079204  0.48475443
   0.70637000  0.69194000  0.08602000
   0.98050283  0.93587486  0.28533162
   0.84159168  0.81346136  0.18691903
   0.91632185  0.69693965  0.48421846
   0.77917818  0.56269983  0.38915160
   0.17835962  0.06337980  0.18726378
   0.25211211  0.44159268  0.49144107
   0.03971000  0.44194000  0.08602000
   0.31539092  0.19011828  0.28989468
   0.11129908  0.31901571  0.39091392
   0.51088231  0.06248476  0.18534049
   0.58314033  0.44230629  0.49418869
   0.37304000  0.44194000  0.08602000
   0.64705512  0.18635673  0.28992889
   0.44815266  0.32183517  0.39329469
   0.84396522  0.06270390  0.18531954
   0.91887021  0.44329982  0.48908417
   0.70637000  0.44194000  0.08602000
   0.98066910  0.18752459  0.28816747
   0.77811066  0.31418538  0.38997943
   0.17822736  0.56275000  0.18549125
   0.27874854  0.94240546  0.50167573
   0.03971000  0.94194000  0.08602000
   0.31199297  0.68808723  0.28782955
   0.12212273  0.81895964  0.39225363
   0.51179956  0.56280973  0.18521256
   0.61309939  0.93116849  0.49782278
   0.37304000  0.94194000  0.08602000
   0.64557996  0.68701689  0.28853782
   0.45599512  0.81516287  0.38925484
   0.84531859  0.56335430  0.18583359
   0.70637000  0.94194000  0.08602000
   0.97907180  0.68863338  0.29017836
   0.78848093  0.81478996  0.38723585
   0.17417000  0.33753000  0.10253000
   0.24890206  0.21362634  0.39854309
   0.04922322  0.33653544  0.49585215
   0.31205452  0.45874387  0.20436159
   0.11569504  0.08213262  0.29988735
   0.23858000  0.04636000  0.06951000
   0.04385691  0.16889339  0.16987146
   0.30841952  0.42206839  0.37244946
   0.15015062  0.03765827  0.46445467
   0.17864602  0.29211677  0.27041985
   0.50750000  0.33753000  0.10253000
   0.58056750  0.21239886  0.40930100
   0.38457410  0.33411026  0.49871142
   0.64570732  0.45881577  0.20482362
   0.44885494  0.08585540  0.30914831
   0.57191000  0.04636000  0.06951000
   0.37768993  0.16833626  0.16959473
   0.64526483  0.41934430  0.37214057
   0.48582494  0.04284667  0.48224792
   0.51338903  0.29033269  0.26988264
   0.84083000  0.33753000  0.10253000
   0.91238073  0.20804655  0.40462368
   0.71504188  0.33522829  0.50836407
   0.97841580  0.45911781  0.20496806
   0.78422995  0.08375674  0.30730004
   0.90524000  0.04636000  0.06951000
   0.71095663  0.16850636  0.16962519
   0.97356590  0.42021984  0.37286287
   0.81319280  0.04057318  0.47939399
   0.84540040  0.29083431  0.27113241
   0.17417000  0.83753000  0.10253000
   0.25880966  0.70789943  0.40189511
   0.08112088  0.82189096  0.49876939
   0.31280306  0.95915077  0.20541120
   0.11244020  0.58219964  0.30548533
   0.23858000  0.54636000  0.06951000
   0.04560934  0.66919618  0.16955558
   0.32379291  0.91980311  0.37369744
   0.12148412  0.55388233  0.47649898
   0.17891329  0.79322245  0.27086399
   0.50750000  0.83753000  0.10253000
   0.58922536  0.70723954  0.40093322
   0.40941426  0.82840001  0.50724793
   0.64486443  0.95942165  0.20517544
   0.44465283  0.58255035  0.30497106
   0.57191000  0.54636000  0.06951000
   0.37754789  0.66951055  0.16949041
   0.65263977  0.91975542  0.37278004
   0.45306024  0.55232598  0.47659514
   0.51241916  0.79241571  0.27107116
   0.84083000  0.83753000  0.10253000
   0.74963313  0.82069640  0.50634181
   0.97750961  0.95748562  0.20222704
   0.77787932  0.58017592  0.30418973
   0.90524000  0.54636000  0.06951000
   0.71090630  0.66887803  0.16924015
   0.98334418  0.92003412  0.36856069
   0.78563603  0.54837308  0.47631868
   0.84446224  0.79034946  0.27009222
   0.92224912  0.70630831  0.39986129
   0.16136446  0.09185333  0.58505397
   0.78949366  0.35006970  0.60706933
