   0.91933699  0.69837182  0.49605363
   0.03971000  0.19194000  0.09637000
   0.31257761  0.44050856  0.29845700
   0.13079160  0.06134194  0.40059984
   0.17997439  0.31607916  0.19717075
   0.26019603  0.19517958  0.49731668
   0.37304000  0.19194000  0.09637000
   0.64651691  0.44053913  0.29856943
   0.46464736  0.06237004  0.40099403
   0.51320764  0.31624599  0.19723077
   0.59257013  0.19407122  0.49799460
   0.70637000  0.19194000  0.09637000
   0.97963742  0.44058030  0.29796738
   0.79780552  0.06120649  0.40036871
   0.84659580  0.31603657  0.19705451
   0.93965125  0.18608524  0.49969936
   0.03971000  0.69194000  0.09637000
   0.32092826  0.94050278  0.29888483
   0.11339780  0.56529832  0.39941558
   0.17959409  0.81668145  0.19753863
   0.25405062  0.70086515  0.49506045
   0.37304000  0.69194000  0.09637000
   0.65447705  0.94004437  0.29836036
   0.44574598  0.56528402  0.39999712
   0.51284507  0.81644249  0.19738149
   0.58784701  0.69768080  0.49563689
   0.70637000  0.69194000  0.09637000
   0.98764744  0.93989641  0.29855982
   0.84622424  0.81643101  0.19741202
   0.77915804  0.56479434  0.40043834
   0.18147194  0.06476967  0.19533347
   0.24359860  0.44476094  0.50392677
   0.03971000  0.44194000  0.09637000
   0.31878517  0.18991233  0.29895090
   0.11114251  0.31848653  0.40246458
   0.51471975  0.06464668  0.19515765
   0.57080034  0.44592720  0.50696750
   0.37304000  0.44194000  0.09637000
   0.65225130  0.18970778  0.29851775
   0.44555323  0.31871496  0.40092092
   0.84813866  0.06468591  0.19524649
   0.91059772  0.44636317  0.50191458
   0.70637000  0.44194000  0.09637000
   0.98566737  0.18983206  0.29885163
   0.78063786  0.31734507  0.40060650
   0.17924666  0.56510015  0.19533026
   0.28958646  0.93372726  0.50238663
   0.03971000  0.94194000  0.09637000
   0.31491057  0.68994164  0.29877356
   0.12901939  0.81366866  0.39862416
   0.51248000  0.56509041  0.19546693
   0.62349015  0.93187493  0.50220533
   0.37304000  0.94194000  0.09637000
   0.64815890  0.68968672  0.29885464
   0.46269403  0.81414188  0.39837568
   0.84581404  0.56506165  0.19531274
   0.95632631  0.93198909  0.50294899
   0.70637000  0.94194000  0.09637000
   0.98144194  0.68971172  0.29881292
   0.79572086  0.81355233  0.39870244
   0.17417000  0.33753000  0.11288000
   0.24665530  0.21192527  0.41555035
   0.04337357  0.34084916  0.50966921
   0.31334922  0.46148946  0.21458115
   0.12036451  0.08580871  0.31713807
   0.23858000  0.04636000  0.07986000
   0.04725447  0.17078610  0.18019041
   0.31020747  0.42125013  0.38280481
   0.15667808  0.04164396  0.48622767
   0.18418942  0.29336871  0.28048505
   0.50750000  0.33753000  0.11288000
   0.57993933  0.21328927  0.41656423
   0.37290985  0.33728864  0.51618119
   0.64672429  0.46164302  0.21469313
   0.45383542  0.08645200  0.31758941
   0.57191000  0.04636000  0.07986000
   0.38068518  0.17085622  0.18022363
   0.64479000  0.42069546  0.38309500
   0.49034713  0.04232868  0.48728286
   0.51747726  0.29355583  0.28066544
   0.84083000  0.33753000  0.11288000
   0.91220660  0.21094002  0.41763963
   0.69908322  0.33910506  0.52186122
   0.98007231  0.46147303  0.21416509
   0.78695929  0.08615024  0.31695938
   0.90524000  0.04636000  0.07986000
   0.71389792  0.17077750  0.18016782
   0.97693905  0.42099761  0.38193483
   0.82183278  0.03614881  0.48392344
   0.85078929  0.29339028  0.28038176
   0.17417000  0.83753000  0.11288000
   0.26278608  0.70643098  0.41007611
   0.08863360  0.82107232  0.51111024
   0.31614029  0.96165718  0.21510487
   0.11484204  0.58481679  0.31523937
   0.23858000  0.54636000  0.07986000
   0.04545553  0.67163620  0.18045678
   0.32870193  0.91944464  0.38293347
   0.11608201  0.55589635  0.48629219
   0.18194663  0.79540700  0.28124251
   0.50750000  0.83753000  0.11288000
   0.59477217  0.70582598  0.41115711
   0.42122583  0.82349062  0.51130256
   0.64934869  0.96142375  0.21469888
   0.44806119  0.58476534  0.31573953
   0.57191000  0.54636000  0.07986000
   0.37877276  0.67145037  0.18035515
   0.66184262  0.91788560  0.38193464
   0.44503858  0.55436813  0.48805197
   0.51531703  0.79489479  0.28093829
   0.84083000  0.83753000  0.11288000
   0.75460229  0.81966397  0.51178892
   0.98273538  0.96142021  0.21484377
   0.78130580  0.58476127  0.31602684
   0.90524000  0.54636000  0.07986000
   0.71206894  0.67144660  0.18037756
   0.99529641  0.91805106  0.38238420
   0.77516082  0.55386645  0.48857072
   0.84860426  0.79484973  0.28103075
   0.92817558  0.70543740  0.41126322
   0.97860090  0.14146738  0.60244150
   0.80506083  0.26510066  0.59041246
