   0.94111537  0.93458252  0.49179116
   0.03971000  0.19194000  0.08602000
   0.31322545  0.43928941  0.28645441
   0.12475180  0.06228576  0.39043572
   0.18034407  0.31471245  0.18513252
   0.25833994  0.19664704  0.48641345
   0.37304000  0.19194000  0.08602000
   0.64865645  0.43993684  0.28784993
   0.45799757  0.06167559  0.38957577
   0.51251671  0.31613722  0.18694308
   0.58882131  0.19371359  0.48635394
   0.70637000  0.19194000  0.08602000
   0.98082211  0.44001672  0.28804650
   0.79185414  0.06299590  0.39145435
   0.84612784  0.31581447  0.18694418
   0.92348410  0.18640246  0.49457913
   0.03971000  0.69194000  0.08602000
   0.31773520  0.93929951  0.28727553
   0.11683890  0.56302580  0.38967139
   0.17958672  0.81534317  0.18575649
   0.25386838  0.69731262  0.48445616
   0.37304000  0.69194000  0.08602000
   0.65233248  0.94090877  0.28831104
   0.44729141  0.56338853  0.38818621
   0.51308908  0.81615553  0.18702790
   0.58984448  0.69528088  0.48288904
   0.70637000  0.69194000  0.08602000
   0.98535463  0.93997996  0.28828529
   0.84634772  0.81581683  0.18722886
   0.92031564  0.69788097  0.48541158
   0.78271744  0.56459570  0.38974238
   0.18059403  0.06348459  0.18457587
   0.24673271  0.44032689  0.49371020
   0.03971000  0.44194000  0.08602000
   0.31650271  0.18839361  0.28739643
   0.11303631  0.31684627  0.39200123
   0.51428848  0.06396584  0.18466831
   0.57628137  0.44513225  0.49280126
   0.37304000  0.44194000  0.08602000
   0.65065221  0.18969954  0.28872204
   0.44843833  0.31725419  0.38848315
   0.84724934  0.06340233  0.18436369
   0.91783006  0.44430129  0.49235885
   0.70637000  0.44194000  0.08602000
   0.98430373  0.18934372  0.28747240
   0.78188946  0.31543039  0.39000549
   0.17934864  0.56340521  0.18438221
   0.27594973  0.93511207  0.49233407
   0.03971000  0.94194000  0.08602000
   0.31552087  0.68863582  0.28747913
   0.12400523  0.81542974  0.38892932
   0.51314618  0.56375112  0.18471465
   0.60617878  0.93227219  0.49323666
   0.37304000  0.94194000  0.08602000
   0.64942472  0.68849116  0.28774425
   0.45683591  0.81523909  0.38795402
   0.84584778  0.56362616  0.18506348
   0.70637000  0.94194000  0.08602000
   0.98247467  0.68902393  0.28800747
   0.79004384  0.81503417  0.38799296
   0.17311673  0.33271269  0.09915098
   0.24887441  0.21171368  0.40423519
   0.04607460  0.33725555  0.50261288
   0.31366649  0.45977057  0.20236893
   0.11789042  0.08572346  0.30637784
   0.23858000  0.04636000  0.06951000
   0.04672199  0.16985407  0.16993686
   0.31196661  0.41989052  0.37051256
   0.14398942  0.04485644  0.47640108
   0.18298599  0.29294012  0.26845578
   0.50750000  0.33753000  0.10253000
   0.58192622  0.21059592  0.40173474
   0.37994316  0.33560674  0.50548968
   0.64698209  0.46058654  0.20431940
   0.45106479  0.08415478  0.30519538
   0.57191000  0.04636000  0.06951000
   0.38001035  0.17052272  0.17061447
   0.64867894  0.42053462  0.37156935
   0.47522615  0.04268844  0.47551867
   0.51595537  0.29396867  0.27014793
   0.84083000  0.33753000  0.10253000
   0.91406045  0.21016780  0.40999434
   0.70785068  0.34215952  0.50595674
   0.98057658  0.46077479  0.20395148
   0.78593108  0.08695176  0.30809454
   0.90524000  0.04636000  0.06951000
   0.71374197  0.17031437  0.17069257
   0.97924418  0.41917257  0.37219359
   0.80537455  0.03848305  0.47444024
   0.84987268  0.29346404  0.27009019
   0.17328658  0.83261944  0.09946886
   0.25697784  0.70748322  0.40104182
   0.07433921  0.82601968  0.50036976
   0.31500858  0.95992609  0.20296842
   0.11579250  0.58404570  0.30566194
   0.23858000  0.54636000  0.06951000
   0.04593639  0.67019949  0.17032974
   0.32274071  0.91894626  0.37122447
   0.12011900  0.55131096  0.47681690
   0.18269305  0.79361520  0.26936770
   0.50750000  0.83753000  0.10253000
   0.58885049  0.70734244  0.39979960
   0.40544139  0.82485424  0.50195675
   0.64866574  0.96124298  0.20488958
   0.44873757  0.58394126  0.30418437
   0.57191000  0.54636000  0.06951000
   0.37948992  0.67070298  0.17095918
   0.65636006  0.91934253  0.37102393
   0.44901746  0.55200135  0.47526167
   0.51670539  0.79458601  0.27015378
   0.84083000  0.83753000  0.10253000
   0.73976912  0.82266967  0.50284027
   0.98154687  0.96055584  0.20438529
   0.78332270  0.58432480  0.30532717
   0.90524000  0.54636000  0.06951000
   0.71262351  0.67058079  0.17075130
   0.98959040  0.91958212  0.37180454
   0.78288044  0.55290640  0.47697775
   0.84904979  0.79400181  0.27052918
   0.92251173  0.70837924  0.40144986
   0.90998009  0.13924870  0.59616110
   0.73889964  0.26585337  0.58748257
