   0.94167242  0.93427328  0.49185291
   0.03971000  0.19194000  0.08602000
   0.31386875  0.43881704  0.28661077
   0.12464858  0.06255260  0.39024500
   0.18033780  0.31488448  0.18491880
   0.25512636  0.19720480  0.48641025
   0.37304000  0.19194000  0.08602000
   0.64835870  0.43981378  0.28806308
   0.45915706  0.06235971  0.38996133
   0.51289497  0.31602531  0.18684001
   0.58578214  0.19397379  0.48692952
   0.70637000  0.19194000  0.08602000
   0.98126865  0.43995441  0.28779436
   0.79258830  0.06212351  0.39049964
   0.84631124  0.31605914  0.18667319
   0.92329110  0.18734796  0.49335861
   0.03971000  0.69194000  0.08602000
   0.31794634  0.93975494  0.28720518
   0.11715722  0.56351559  0.38940084
   0.18023497  0.81521664  0.18546188
   0.25631236  0.69782133  0.48452012
   0.37304000  0.69194000  0.08602000
   0.65216268  0.94052191  0.28751315
   0.44759592  0.56342948  0.38814708
   0.51311097  0.81603988  0.18664044
   0.59183249  0.69549747  0.48282792
   0.70637000  0.69194000  0.08602000
   0.98505500  0.93999754  0.28773620
   0.84648985  0.81579487  0.18669013
   0.92105795  0.69827548  0.48552768
   0.78371289  0.56390348  0.39031717
   0.18084879  0.06407106  0.18432026
   0.24940297  0.44056390  0.49371417
   0.03971000  0.44194000  0.08602000
   0.31713742  0.18929142  0.28794875
   0.11359376  0.31675613  0.39172160
   0.51412484  0.06471971  0.18439557
   0.57726157  0.44463972  0.49299672
   0.37304000  0.44194000  0.08602000
   0.65020852  0.18973229  0.28823139
   0.44831459  0.31709543  0.38906951
   0.84772593  0.06470126  0.18462240
   0.91719579  0.44339822  0.49224506
   0.70637000  0.44194000  0.08602000
   0.98449275  0.18988643  0.28756122
   0.78288126  0.31538801  0.39035390
   0.17939305  0.56395880  0.18403643
   0.27684757  0.93628998  0.49242231
   0.03971000  0.94194000  0.08602000
   0.31548636  0.68879048  0.28684348
   0.12399757  0.81515814  0.38900776
   0.51316648  0.56472423  0.18467515
   0.60744393  0.93268159  0.49337546
   0.37304000  0.94194000  0.08602000
   0.64941759  0.68881466  0.28795596
   0.45675106  0.81508839  0.38729050
   0.84626077  0.56441706  0.18469320
   0.70637000  0.94194000  0.08602000
   0.98276075  0.68924299  0.28778538
   0.79037174  0.81469743  0.38771122
   0.17332694  0.33259385  0.09890112
   0.24914144  0.21086827  0.40353088
   0.04631840  0.33547561  0.50177679
   0.31355682  0.45974644  0.20256460
   0.11798280  0.08546397  0.30617432
   0.23858000  0.04636000  0.06951000
   0.04706986  0.17024213  0.16993467
   0.31236257  0.41977942  0.37088805
   0.14276990  0.04493884  0.47629531
   0.18284776  0.29291003  0.26874203
   0.50750000  0.33753000  0.10253000
   0.58216329  0.21096025  0.40272692
   0.38004099  0.33517092  0.50577734
   0.64706408  0.46117886  0.20463531
   0.45157078  0.08495292  0.30578818
   0.57191000  0.04636000  0.06951000
   0.38045233  0.17080191  0.17046768
   0.64933091  0.42017181  0.37224815
   0.47614042  0.04311528  0.47616189
   0.51599578  0.29391344  0.27050838
   0.84083000  0.33753000  0.10253000
   0.91473753  0.20955910  0.40897995
   0.70888349  0.34112430  0.50592045
   0.98078178  0.46076116  0.20407400
   0.78587531  0.08609197  0.30667325
   0.90524000  0.04636000  0.06951000
   0.71380069  0.17082076  0.17053704
   0.97969273  0.41997682  0.37217717
   0.80475891  0.03738871  0.47396300
   0.84959208  0.29391502  0.27021016
   0.17334857  0.83268239  0.09921546
   0.25776165  0.70778433  0.40102972
   0.07607206  0.82704406  0.49911982
   0.31516776  0.96016765  0.20315063
   0.11590857  0.58451134  0.30521868
   0.23858000  0.54636000  0.06951000
   0.04602866  0.67053821  0.17011288
   0.32255525  0.91915619  0.37131792
   0.12116233  0.55109605  0.47625899
   0.18276172  0.79401429  0.26938391
   0.50750000  0.83753000  0.10253000
   0.58942815  0.70725849  0.39959513
   0.40631768  0.82620891  0.50240834
   0.64865456  0.96116171  0.20439385
   0.44881722  0.58356659  0.30403593
   0.57191000  0.54636000  0.06951000
   0.37935382  0.67110516  0.17065760
   0.65659716  0.91898915  0.37084430
   0.45004786  0.55250813  0.47523756
   0.51653929  0.79431451  0.27012287
   0.84083000  0.83753000  0.10253000
   0.74132577  0.82253602  0.50336647
   0.98191845  0.96091634  0.20420468
   0.78302118  0.58403428  0.30569117
   0.90524000  0.54636000  0.06951000
   0.71292986  0.67086990  0.17030614
   0.98939105  0.91909777  0.37158777
   0.78512453  0.55226895  0.47785251
   0.84919426  0.79415945  0.27030316
   0.92274278  0.70771976  0.40176372
   0.89943956  0.13957038  0.59612978
   0.72833268  0.26926806  0.59019438
