   0.94232530  0.18991052  0.50325074
   0.03971000  0.19194000  0.09637000
   0.31881041  0.43888100  0.29953608
   0.11773604  0.06141938  0.40019437
   0.17961121  0.31610773  0.19798981
   0.24536535  0.18588325  0.50227179
   0.37304000  0.19194000  0.09637000
   0.65184045  0.43725913  0.29786894
   0.44925515  0.06506001  0.40349426
   0.51235713  0.31496759  0.19720931
   0.58845270  0.19626456  0.50073767
   0.70637000  0.19194000  0.09637000
   0.98616168  0.43872696  0.29862388
   0.78372301  0.06382772  0.40377993
   0.84635295  0.31555012  0.19752874
   0.03971000  0.69194000  0.09637000
   0.31403626  0.94099060  0.30027593
   0.12676868  0.56066464  0.40042448
   0.17983970  0.81660770  0.19794936
   0.25958808  0.69584483  0.49656730
   0.37304000  0.69194000  0.09637000
   0.64663479  0.94055436  0.29984332
   0.45751027  0.55967640  0.40122811
   0.51258956  0.81620468  0.19768426
   0.59210836  0.69276767  0.49711999
   0.70637000  0.69194000  0.09637000
   0.97895282  0.93962562  0.29852737
   0.84593873  0.81592809  0.19724456
   0.92820478  0.69184734  0.49477755
   0.79040292  0.55906134  0.39859875
   0.17940937  0.06493245  0.19630051
   0.27812088  0.43511199  0.50314245
   0.03971000  0.44194000  0.09637000
   0.31602679  0.18933203  0.30011706
   0.12525684  0.31187255  0.40448265
   0.51270205  0.06450479  0.19603729
   0.60161119  0.43081056  0.50201124
   0.37304000  0.44194000  0.09637000
   0.64911298  0.18809098  0.29965806
   0.45794904  0.31178053  0.40257149
   0.84617795  0.06476793  0.19598642
   0.94558487  0.43749457  0.50042623
   0.70637000  0.44194000  0.09637000
   0.98254205  0.18885056  0.29987749
   0.79468710  0.31079522  0.40040505
   0.18114228  0.56493567  0.19597934
   0.25239014  0.93596280  0.50419649
   0.03971000  0.94194000  0.09637000
   0.31694224  0.69012534  0.30011509
   0.11118014  0.81687229  0.40075853
   0.51400665  0.56438192  0.19540587
   0.58716628  0.93916422  0.50640090
   0.37304000  0.94194000  0.09637000
   0.64955432  0.68908499  0.29910189
   0.44555786  0.81807863  0.40179480
   0.84769902  0.56455438  0.19560395
   0.91879673  0.93538825  0.50453848
   0.70637000  0.94194000  0.09637000
   0.98356162  0.68947084  0.29913676
   0.77770010  0.81630581  0.40083155
   0.17417000  0.33753000  0.11288000
   0.25967023  0.20282410  0.41711788
   0.07727325  0.33520726  0.50036180
   0.31528939  0.46154325  0.21551515
   0.11600326  0.08419996  0.31568764
   0.23858000  0.04636000  0.07986000
   0.04571891  0.17110609  0.18016024
   0.32497820  0.41552533  0.38289750
   0.11870539  0.03746559  0.48345119
   0.18286723  0.29371017  0.28124577
   0.50750000  0.33753000  0.11288000
   0.59452201  0.20651766  0.41636461
   0.40635405  0.32130413  0.51134928
   0.64819629  0.46027176  0.21396198
   0.44930485  0.08520163  0.31875848
   0.57191000  0.04636000  0.07986000
   0.37875282  0.17024591  0.17989535
   0.65890234  0.41489563  0.38191063
   0.45643597  0.04762996  0.49092265
   0.51607573  0.29257357  0.28033836
   0.84083000  0.33753000  0.11288000
   0.92326600  0.20413073  0.41830080
   0.73948093  0.32997467  0.52008239
   0.98202792  0.46104355  0.21480091
   0.78272287  0.08458236  0.31789361
   0.90524000  0.04636000  0.07986000
   0.71221563  0.17068901  0.18005898
   0.99154366  0.41641552  0.38185284
   0.79130825  0.04607231  0.49075971
   0.84906452  0.29300772  0.28081273
   0.17417000  0.83753000  0.11288000
   0.24530632  0.71143444  0.41446489
   0.05213226  0.82861737  0.51445101
   0.31390524  0.96177896  0.21602794
   0.11784945  0.58529755  0.31705303
   0.23858000  0.54636000  0.07986000
   0.04713099  0.67105835  0.18032088
   0.31121622  0.92169345  0.38479786
   0.14508267  0.54835391  0.48711189
   0.18262972  0.79394081  0.28146558
   0.50750000  0.83753000  0.11288000
   0.57736747  0.70994328  0.41527303
   0.38643750  0.83228785  0.51636114
   0.64701199  0.96136606  0.21551267
   0.45078226  0.58530979  0.31792076
   0.57191000  0.54636000  0.07986000
   0.38027860  0.67082391  0.18013215
   0.64395510  0.92110951  0.38425641
   0.47624021  0.54199349  0.48740451
   0.51546762  0.79339433  0.28110375
   0.84083000  0.83753000  0.11288000
   0.71423817  0.83036194  0.51645461
   0.98011119  0.96114225  0.21482701
   0.78363286  0.58350793  0.31530367
   0.90524000  0.54636000  0.07986000
   0.71340251  0.67046552  0.18002340
   0.97651872  0.91859194  0.38193884
   0.80740932  0.54414863  0.48700448
   0.84798288  0.79224564  0.28028979
   0.91103351  0.70801742  0.41270738
   0.09006537  0.16358529  0.58792190
   0.76687542  0.48187592  0.59719942
