   0.57943955  0.18747549  0.49890538
   0.03971000  0.19194000  0.09637000
   0.31433151  0.44002865  0.29633433
   0.13019764  0.06303253  0.40077201
   0.18049037  0.31532302  0.19530039
   0.27404307  0.19320762  0.49995448
   0.37304000  0.19194000  0.09637000
   0.64668534  0.44006476  0.29674710
   0.46445693  0.06173475  0.39726452
   0.51377839  0.31559925  0.19527870
   0.70637000  0.19194000  0.09637000
   0.98056203  0.44001381  0.29636301
   0.79552362  0.06184533  0.39888284
   0.84715755  0.31545531  0.19522578
   0.93071301  0.19564339  0.49403686
   0.03971000  0.69194000  0.09637000
   0.32033191  0.94007114  0.29597907
   0.11434741  0.56479138  0.39757281
   0.18037102  0.81564444  0.19531547
   0.25292411  0.69786405  0.49339727
   0.37304000  0.69194000  0.09637000
   0.65435863  0.93978190  0.29647263
   0.44781609  0.56556225  0.39748677
   0.51398403  0.81569835  0.19546516
   0.58322462  0.70250663  0.49339011
   0.70637000  0.69194000  0.09637000
   0.98821118  0.94103478  0.29758817
   0.84749326  0.81610620  0.19593893
   0.91930756  0.69872987  0.49352990
   0.78164754  0.56450302  0.39798699
   0.18191699  0.06436032  0.19396472
   0.24512503  0.44531210  0.50018442
   0.03971000  0.44194000  0.09637000
   0.31870191  0.19045885  0.29746973
   0.11402488  0.31805587  0.39949296
   0.51523793  0.06433234  0.19380501
   0.57999627  0.44778394  0.50152012
   0.37304000  0.44194000  0.09637000
   0.65198298  0.18980138  0.29647290
   0.44548244  0.31838539  0.40225109
   0.84865840  0.06444856  0.19426837
   0.91335025  0.44333808  0.50264635
   0.70637000  0.44194000  0.09637000
   0.98542294  0.18977649  0.29741579
   0.77863774  0.31722349  0.39877360
   0.17982755  0.56424497  0.19401483
   0.28715836  0.93184576  0.50072981
   0.03971000  0.94194000  0.09637000
   0.31596975  0.68960547  0.29653868
   0.12813858  0.81462228  0.39670744
   0.51335803  0.56456973  0.19428458
   0.62110322  0.93239046  0.49963675
   0.37304000  0.94194000  0.09637000
   0.64963722  0.68981019  0.29696119
   0.46110504  0.81430292  0.39598465
   0.84647570  0.56448213  0.19414086
   0.95475675  0.93404153  0.50131807
   0.70637000  0.94194000  0.09637000
   0.98266726  0.68975218  0.29684063
   0.79527561  0.81452512  0.39678342
   0.17320108  0.33288769  0.10907725
   0.24500439  0.21196589  0.41698024
   0.04420939  0.33745937  0.51319526
   0.31431627  0.46003207  0.21176789
   0.12079098  0.08674188  0.31630766
   0.23858000  0.04636000  0.07986000
   0.04751769  0.17066249  0.17973958
   0.31146766  0.42148723  0.38029480
   0.15423829  0.04102406  0.48593245
   0.18374390  0.29367028  0.27872787
   0.50655785  0.33292162  0.10898859
   0.58159011  0.21192679  0.41605823
   0.38103804  0.34524463  0.50623674
   0.64763353  0.46026192  0.21209442
   0.45345794  0.08624194  0.31396128
   0.57191000  0.04636000  0.07986000
   0.38081001  0.17082565  0.17958495
   0.64418182  0.42093028  0.38116166
   0.48638767  0.03434457  0.47958127
   0.51735778  0.29397951  0.27863614
   0.83972656  0.33293346  0.10906254
   0.91339908  0.21151741  0.41246728
   0.70904508  0.33698571  0.51620229
   0.98065527  0.46012654  0.21193076
   0.78634469  0.08551829  0.31470736
   0.90524000  0.04636000  0.07986000
   0.71428144  0.17072587  0.17976163
   0.97787979  0.42098705  0.38058021
   0.82133973  0.04321422  0.48539828
   0.85067623  0.29359030  0.27861963
   0.17325341  0.83287223  0.10916977
   0.26067351  0.70655315  0.40861915
   0.08524735  0.82132276  0.50974750
   0.31669644  0.96037249  0.21189181
   0.11584857  0.58443392  0.31301263
   0.23858000  0.54636000  0.07986000
   0.04587524  0.67095891  0.17995100
   0.32689666  0.91840988  0.37910773
   0.11396249  0.55327918  0.48499671
   0.18297501  0.79468320  0.27863989
   0.50668248  0.83289945  0.10919302
   0.59514268  0.70698290  0.40818935
   0.41985285  0.81975786  0.51013837
   0.64999818  0.96032177  0.21227355
   0.44944996  0.58454473  0.31286635
   0.57191000  0.54636000  0.07986000
   0.37923429  0.67114209  0.17991963
   0.66105339  0.91889331  0.38024603
   0.44717888  0.55728755  0.48484067
   0.51642277  0.79486469  0.27902352
   0.83992045  0.83299759  0.10948794
   0.75364692  0.82293674  0.50955967
   0.98346174  0.96091744  0.21303416
   0.78236522  0.58428572  0.31347861
   0.90524000  0.54636000  0.07986000
   0.71266787  0.67131266  0.18011887
   0.99439279  0.91975399  0.38142092
   0.78324895  0.55200341  0.48562622
   0.85001995  0.79555373  0.27960519
   0.92790993  0.70631811  0.40891026
   0.41516977  0.15429753  0.58621120
   0.68580022  0.29686848  0.61110129
