   0.60836094  0.93386445  0.49219733
   0.03971000  0.19194000  0.08602000
   0.31428283  0.43987375  0.28883384
   0.12514027  0.06077186  0.39104370
   0.17925860  0.31620843  0.18737962
   0.26188583  0.19316968  0.48636790
   0.37304000  0.19194000  0.08602000
   0.64678239  0.44067899  0.28899183
   0.45881672  0.06109393  0.38957595
   0.51230055  0.31684210  0.18744267
   0.58688745  0.18418717  0.49218213
   0.70637000  0.19194000  0.08602000
   0.97968053  0.43927450  0.28749220
   0.79092642  0.06140444  0.39028403
   0.84550060  0.31531863  0.18682405
   0.92428226  0.19390181  0.48547132
   0.03971000  0.69194000  0.08602000
   0.31663014  0.94001000  0.28699109
   0.11418926  0.56253913  0.38890925
   0.17804723  0.81562990  0.18680128
   0.25697694  0.69398919  0.48378628
   0.37304000  0.69194000  0.08602000
   0.65051633  0.93963051  0.28831553
   0.44844460  0.56400072  0.39069742
   0.51220215  0.81605964  0.18735251
   0.58453080  0.69851235  0.48665587
   0.70637000  0.69194000  0.08602000
   0.98336417  0.93991901  0.28868698
   0.84503657  0.81636805  0.18750506
   0.92104907  0.69906885  0.48801536
   0.78230767  0.56509307  0.39189709
   0.17963816  0.06480703  0.18504697
   0.24974565  0.43864347  0.49297677
   0.03971000  0.44194000  0.08602000
   0.31610338  0.18984705  0.28917054
   0.11453737  0.31624201  0.38958830
   0.51319739  0.06462192  0.18500255
   0.58295439  0.44229584  0.49451406
   0.37304000  0.44194000  0.08602000
   0.64921070  0.18956249  0.28833889
   0.44927905  0.31676409  0.39323808
   0.84629937  0.06451322  0.18541235
   0.91832291  0.44213734  0.49344552
   0.70637000  0.44194000  0.08602000
   0.98275454  0.18902421  0.28882532
   0.78000994  0.31592395  0.39050668
   0.17942698  0.56434839  0.18525025
   0.27390709  0.93092161  0.49412742
   0.03971000  0.94194000  0.08602000
   0.31362284  0.68916627  0.28823368
   0.12197298  0.81412404  0.38811410
   0.51307675  0.56520843  0.18579442
   0.37304000  0.94194000  0.08602000
   0.64738344  0.68983003  0.29005618
   0.45543655  0.81450453  0.38809985
   0.84575478  0.56463340  0.18513088
   0.94428891  0.93515568  0.49445219
   0.70637000  0.94194000  0.08602000
   0.98019035  0.68908289  0.28816873
   0.78874923  0.81536963  0.39101085
   0.17417000  0.33753000  0.10253000
   0.24799342  0.20954383  0.40401410
   0.04633838  0.33245858  0.50525646
   0.31402338  0.46134370  0.20475166
   0.11751097  0.08495536  0.30693924
   0.23858000  0.04636000  0.06951000
   0.04565270  0.17115156  0.16969160
   0.31387567  0.41983837  0.37299820
   0.14460076  0.04323637  0.47785584
   0.18161619  0.29351719  0.27056216
   0.50750000  0.33753000  0.10253000
   0.58313057  0.21011886  0.40873788
   0.38320037  0.33427475  0.50237026
   0.64731398  0.46217101  0.20511490
   0.45070000  0.08589940  0.30564554
   0.57191000  0.04636000  0.06951000
   0.37931428  0.17142257  0.16971715
   0.64713532  0.42025218  0.37304796
   0.47032080  0.03511478  0.47229339
   0.51498312  0.29433495  0.27058733
   0.84083000  0.33753000  0.10253000
   0.91496208  0.21018405  0.40327003
   0.71701582  0.33552809  0.50553619
   0.97981544  0.46055544  0.20353486
   0.78329857  0.08502438  0.30610914
   0.90524000  0.04636000  0.06951000
   0.71262489  0.17039671  0.16937900
   0.97860476  0.41856242  0.37148226
   0.81191464  0.04258696  0.47600422
   0.84811037  0.29288189  0.26968739
   0.17417000  0.83753000  0.10253000
   0.25471739  0.70643987  0.40011562
   0.07376151  0.82596719  0.50631524
   0.31393462  0.96081076  0.20331668
   0.11347754  0.58424552  0.30461520
   0.23858000  0.54636000  0.06951000
   0.04526590  0.67014136  0.16926086
   0.32020116  0.91749788  0.37007239
   0.12053685  0.54889473  0.47592816
   0.18003314  0.79378883  0.26961597
   0.50750000  0.83753000  0.10253000
   0.58849955  0.70723598  0.40240040
   0.40797864  0.82110804  0.50373018
   0.64739042  0.96096666  0.20445263
   0.44745169  0.58475587  0.30628854
   0.57191000  0.54636000  0.06951000
   0.37910015  0.67084969  0.16960120
   0.65482068  0.91873842  0.37188995
   0.45107699  0.55137139  0.47822801
   0.51371368  0.79397235  0.27061005
   0.84083000  0.83753000  0.10253000
   0.74194629  0.82603452  0.50138180
   0.98065921  0.96150939  0.20476092
   0.78132741  0.58520782  0.30715901
   0.90524000  0.54636000  0.06951000
   0.71231660  0.67105953  0.16952571
   0.98765243  0.91886461  0.37240057
   0.78628283  0.55210455  0.47958574
   0.84695381  0.79404011  0.27061808
   0.92233196  0.70866553  0.40474327
   0.56089081  0.13053899  0.58997798
   0.75488345  0.31129246  0.60181380
