   0.94244308  0.93363325  0.49254471
   0.03971000  0.19194000  0.08602000
   0.31273357  0.43928907  0.28712787
   0.12474912  0.06216699  0.39028020
   0.17992989  0.31518579  0.18522384
   0.25971815  0.19504804  0.48660967
   0.37304000  0.19194000  0.08602000
   0.64710105  0.43959156  0.28739675
   0.45845344  0.06195277  0.38952824
   0.51287916  0.31560859  0.18660779
   0.58842904  0.19340895  0.48728333
   0.70637000  0.19194000  0.08602000
   0.98021189  0.43979855  0.28801239
   0.79149172  0.06190583  0.39100911
   0.84618940  0.31586531  0.18680337
   0.92964159  0.18567438  0.49179902
   0.03971000  0.69194000  0.08602000
   0.31735108  0.93912189  0.28713298
   0.11363774  0.56342101  0.38960269
   0.17969391  0.81520906  0.18546148
   0.25089965  0.69810947  0.48480173
   0.37304000  0.69194000  0.08602000
   0.65150657  0.94063359  0.28819748
   0.44502216  0.56375523  0.38891266
   0.51306844  0.81634487  0.18694653
   0.58695883  0.69708707  0.48387564
   0.70637000  0.69194000  0.08602000
   0.98443394  0.94031525  0.28801945
   0.84601668  0.81611477  0.18692790
   0.91730623  0.69776954  0.48533332
   0.77942980  0.56413995  0.38959291
   0.18091489  0.06395839  0.18426311
   0.24435862  0.44168809  0.49395722
   0.03971000  0.44194000  0.08602000
   0.31641479  0.18902556  0.28775650
   0.11184900  0.31693574  0.39239805
   0.51450800  0.06438452  0.18460327
   0.57192271  0.44511109  0.49473304
   0.37304000  0.44194000  0.08602000
   0.64985425  0.18949989  0.28887524
   0.44685844  0.31709534  0.38914616
   0.84774513  0.06440202  0.18458330
   0.91157810  0.44429493  0.49206934
   0.70637000  0.44194000  0.08602000
   0.98380586  0.18974711  0.28812249
   0.78056272  0.31529062  0.38995815
   0.17957341  0.56428377  0.18442211
   0.27743606  0.93446101  0.49195407
   0.03971000  0.94194000  0.08602000
   0.31449118  0.68897852  0.28753619
   0.12226275  0.81446166  0.38850311
   0.51300352  0.56446252  0.18445479
   0.60793695  0.93298547  0.49291252
   0.37304000  0.94194000  0.08602000
   0.64791847  0.68910443  0.28791429
   0.45540571  0.81473669  0.38804613
   0.84630683  0.56438266  0.18470508
   0.70637000  0.94194000  0.08602000
   0.98139548  0.68919766  0.28782463
   0.78896353  0.81467148  0.38793146
   0.17324179  0.33245980  0.09886352
   0.24759220  0.21097739  0.40427628
   0.04203316  0.33821238  0.50080685
   0.31348377  0.46024109  0.20275367
   0.11767156  0.08569438  0.30640293
   0.23858000  0.04636000  0.06951000
   0.04709641  0.17028946  0.16949684
   0.31041405  0.41999880  0.37143623
   0.14504567  0.04281787  0.47603868
   0.18245376  0.29300323  0.26880386
   0.50750000  0.33753000  0.10253000
   0.58062841  0.21105920  0.40156911
   0.37514847  0.33593741  0.50546756
   0.64709185  0.46096890  0.20383169
   0.45026371  0.08424475  0.30536248
   0.57191000  0.04636000  0.06951000
   0.38033102  0.17026203  0.16972238
   0.64694666  0.42011982  0.37132251
   0.47665778  0.04189242  0.47523948
   0.51552919  0.29323136  0.26978372
   0.84083000  0.33753000  0.10253000
   0.91310901  0.20958355  0.40886891
   0.70514726  0.34248994  0.50807659
   0.98072406  0.46094488  0.20403795
   0.78530487  0.08624936  0.30716061
   0.90524000  0.04636000  0.06951000
   0.71382446  0.17059828  0.16974871
   0.97773807  0.41962715  0.37216074
   0.80762961  0.03717030  0.47472972
   0.84887817  0.29344119  0.27015298
   0.17325609  0.83246183  0.09905652
   0.25545692  0.70702260  0.40115024
   0.07537608  0.82462740  0.50025669
   0.31506575  0.95993357  0.20290541
   0.11471956  0.58451242  0.30547846
   0.23858000  0.54636000  0.06951000
   0.04576549  0.67061421  0.16967913
   0.32108887  0.91858678  0.37121995
   0.11465519  0.55180267  0.47679714
   0.18140584  0.79368396  0.26925031
   0.50750000  0.83753000  0.10253000
   0.58834777  0.70697601  0.40049917
   0.40726322  0.82434775  0.50180793
   0.64895744  0.96143378  0.20462249
   0.44767810  0.58404818  0.30468593
   0.57191000  0.54636000  0.06951000
   0.37943092  0.67114062  0.17000321
   0.65491154  0.91880175  0.37155847
   0.44534896  0.55348264  0.47631237
   0.51486643  0.79439193  0.27030751
   0.84083000  0.83753000  0.10253000
   0.74115165  0.82294773  0.50383738
   0.98216532  0.96102101  0.20414419
   0.78144923  0.58435184  0.30493693
   0.90524000  0.54636000  0.06951000
   0.71268481  0.67090115  0.16984918
   0.98866445  0.91904261  0.37175103
   0.77879924  0.55263174  0.47751773
   0.84810478  0.79433432  0.27038735
   0.92062930  0.70734750  0.40165208
   0.94355135  0.13457370  0.59563970
   0.77167157  0.25756422  0.58147591
