   0.96127546  0.93425822  0.49263509
   0.03971000  0.19194000  0.08602000
   0.30795999  0.43990158  0.28845111
   0.13026730  0.06247445  0.38240230
   0.17744930  0.31444844  0.18707119
   0.25727839  0.18517772  0.48689836
   0.37304000  0.19194000  0.08602000
   0.64283081  0.43744171  0.28813231
   0.46024097  0.06294437  0.39390970
   0.51097272  0.31386847  0.18688788
   0.59800398  0.19349515  0.49067238
   0.70637000  0.19194000  0.08602000
   0.97518183  0.43892457  0.28873120
   0.79807561  0.05988939  0.39138628
   0.84328126  0.31398064  0.18740847
   0.94523045  0.19101491  0.48630428
   0.03971000  0.69194000  0.08602000
   0.31838998  0.93968464  0.28986402
   0.11382065  0.56615444  0.38998718
   0.17828355  0.81459304  0.18766578
   0.24844586  0.70545776  0.48633392
   0.37304000  0.69194000  0.08602000
   0.64945565  0.93920722  0.28891574
   0.44396845  0.56589879  0.38953514
   0.51048007  0.81453345  0.18768119
   0.58413069  0.70193698  0.48526564
   0.70637000  0.69194000  0.08602000
   0.98214993  0.93622027  0.28472339
   0.84119124  0.81289217  0.18637837
   0.91565708  0.70180519  0.48616026
   0.77795491  0.56446956  0.38867417
   0.17844821  0.06351038  0.18707095
   0.24490379  0.44371375  0.49118253
   0.03971000  0.44194000  0.08602000
   0.31533027  0.19079935  0.28965604
   0.10813965  0.31815506  0.39102305
   0.51129182  0.06228955  0.18526959
   0.57422895  0.44372129  0.49402422
   0.37304000  0.44194000  0.08602000
   0.64756538  0.18759057  0.28961731
   0.43933569  0.32097225  0.39427533
   0.84435072  0.06197346  0.18478136
   0.91136510  0.44476026  0.49006661
   0.70637000  0.44194000  0.08602000
   0.98061184  0.18785741  0.28736084
   0.77483589  0.31589747  0.39067442
   0.17715336  0.56245823  0.18550926
   0.28992382  0.93504685  0.49715154
   0.03971000  0.94194000  0.08602000
   0.31063307  0.68784740  0.28823359
   0.12733862  0.81776592  0.39037646
   0.51023894  0.56238611  0.18523889
   0.62325969  0.93117472  0.49720716
   0.37304000  0.94194000  0.08602000
   0.64335129  0.68641052  0.28822671
   0.46000815  0.81425268  0.38850955
   0.84452816  0.56331867  0.18567164
   0.70637000  0.94194000  0.08602000
   0.97824638  0.68779409  0.28988505
   0.79317919  0.81379203  0.38697970
   0.17417000  0.33753000  0.10253000
   0.24369604  0.21139677  0.40066008
   0.04323459  0.34029604  0.49596384
   0.31164240  0.45913422  0.20421025
   0.11704459  0.08238162  0.29894005
   0.23858000  0.04636000  0.06951000
   0.04412535  0.16913641  0.16984630
   0.30487519  0.42536857  0.37252953
   0.15782213  0.03348756  0.46395791
   0.17849464  0.29355036  0.27021265
   0.50750000  0.33753000  0.10253000
   0.57512436  0.21226617  0.40966732
   0.37687595  0.33771031  0.49738062
   0.64492347  0.45888594  0.20371825
   0.44881611  0.08572018  0.30968030
   0.57191000  0.04636000  0.06951000
   0.37791432  0.16885637  0.16955730
   0.64210164  0.42090789  0.37179052
   0.49214799  0.04208412  0.48134738
   0.51417189  0.29114774  0.26978744
   0.84083000  0.33753000  0.10253000
   0.90839410  0.20829056  0.40485981
   0.71083802  0.33693044  0.51181655
   0.97775456  0.45899649  0.20460669
   0.78316270  0.08359914  0.30681705
   0.90524000  0.04636000  0.06951000
   0.71086285  0.16879916  0.16967853
   0.97036191  0.42235033  0.37274597
   0.82403973  0.04037884  0.47852513
   0.84460725  0.29161550  0.27085372
   0.17417000  0.83753000  0.10253000
   0.26061569  0.70871774  0.40162968
   0.08569029  0.82121758  0.50322261
   0.31358905  0.95982283  0.20573291
   0.11232587  0.58319462  0.30554507
   0.23858000  0.54636000  0.06951000
   0.04456908  0.66889235  0.16955123
   0.32641050  0.91985029  0.37348852
   0.11389775  0.55732337  0.47688954
   0.17831930  0.79336709  0.27128316
   0.50750000  0.83753000  0.10253000
   0.59414071  0.70710591  0.40112637
   0.41902073  0.82498764  0.50757557
   0.64565761  0.95961515  0.20526421
   0.44475609  0.58332062  0.30473016
   0.57191000  0.54636000  0.06951000
   0.37726485  0.66906504  0.16997561
   0.65697642  0.91763936  0.37281664
   0.44704439  0.55464975  0.47713139
   0.51162855  0.79264822  0.27155128
   0.84083000  0.83753000  0.10253000
   0.75442958  0.81887015  0.50463609
   0.97773205  0.95747298  0.20138005
   0.77814510  0.58178339  0.30454341
   0.90524000  0.54636000  0.06951000
   0.70919603  0.66791808  0.16926576
   0.98871946  0.91873397  0.36771955
   0.77728420  0.55195218  0.47602472
   0.84330874  0.79040114  0.26961835
   0.92692296  0.70841208  0.40010103
   0.18855224  0.14167244  0.57681585
   0.78684840  0.30047155  0.61049721
