   0.60440537  0.43025014  0.49241849
   0.03971000  0.19194000  0.08602000
   0.31878762  0.43940629  0.28924665
   0.11550305  0.06182165  0.39073315
   0.17967892  0.31648732  0.18765359
   0.26172846  0.19147047  0.48557704
   0.37304000  0.19194000  0.08602000
   0.65172231  0.43712690  0.28665326
   0.44984730  0.06304204  0.39292544
   0.51201416  0.31475664  0.18666836
   0.59296561  0.19219150  0.48901494
   0.70637000  0.19194000  0.08602000
   0.98507973  0.43906905  0.28853037
   0.78184939  0.06195700  0.39166333
   0.84654749  0.31574860  0.18716865
   0.92685048  0.19049433  0.48654556
   0.03971000  0.69194000  0.08602000
   0.31348264  0.94083925  0.29003370
   0.12375531  0.56014402  0.39091655
   0.17978713  0.81647203  0.18784044
   0.25900001  0.69199441  0.48684443
   0.37304000  0.69194000  0.08602000
   0.64615548  0.93999975  0.28941634
   0.45985001  0.56015795  0.39109144
   0.51270210  0.81620115  0.18752983
   0.59074923  0.69199710  0.48637423
   0.70637000  0.69194000  0.08602000
   0.97918395  0.94001263  0.28871300
   0.84604286  0.81600199  0.18724097
   0.92696680  0.69226367  0.48606752
   0.78913075  0.55915065  0.38838824
   0.17925097  0.06459711  0.18590193
   0.27455223  0.43124006  0.49468027
   0.03971000  0.44194000  0.08602000
   0.31583218  0.18863206  0.28957377
   0.12646176  0.31255818  0.39048326
   0.51245697  0.06426193  0.18570551
   0.37304000  0.44194000  0.08602000
   0.64913970  0.18826339  0.28904818
   0.46081920  0.31248226  0.38981420
   0.84589470  0.06445227  0.18557885
   0.95018718  0.43100577  0.49575978
   0.70637000  0.44194000  0.08602000
   0.98238587  0.18825435  0.28912817
   0.79278721  0.31253345  0.38987531
   0.18119239  0.56488800  0.18574162
   0.25281519  0.93737267  0.49539623
   0.03971000  0.94194000  0.08602000
   0.31667827  0.68974422  0.29020383
   0.11079232  0.81625015  0.39118154
   0.51420895  0.56430959  0.18499945
   0.58203170  0.93791537  0.49639654
   0.37304000  0.94194000  0.08602000
   0.64966480  0.68832918  0.28823482
   0.44410868  0.81726555  0.39206873
   0.84756715  0.56484783  0.18642658
   0.91634142  0.93561103  0.49491425
   0.70637000  0.94194000  0.08602000
   0.98279666  0.68913970  0.28855373
   0.77677569  0.81523102  0.39079554
   0.17417000  0.33753000  0.10253000
   0.25973550  0.20382552  0.40222901
   0.07703138  0.32182376  0.50157313
   0.31526007  0.46165035  0.20525099
   0.11580134  0.08374019  0.30639552
   0.23858000  0.04636000  0.06951000
   0.04585511  0.17111545  0.16987439
   0.32580273  0.41511728  0.37292891
   0.11932947  0.04844787  0.47813029
   0.18297833  0.29357225  0.27091173
   0.50750000  0.33753000  0.10253000
   0.59262856  0.20509546  0.40520470
   0.40758014  0.32197584  0.50333227
   0.64709594  0.45935637  0.20247912
   0.44968021  0.08481126  0.30836336
   0.57191000  0.04636000  0.06951000
   0.37844154  0.16986088  0.16944450
   0.65951308  0.41522911  0.37060231
   0.45287432  0.04701365  0.48069794
   0.51563593  0.29214094  0.26975677
   0.84083000  0.33753000  0.10253000
   0.92588062  0.20397320  0.40328986
   0.74195357  0.32308178  0.50261398
   0.98226246  0.46071756  0.20456317
   0.78221661  0.08422621  0.30701528
   0.90524000  0.04636000  0.06951000
   0.71221416  0.17051886  0.16966895
   0.99237973  0.41530975  0.37215709
   0.78792218  0.04655300  0.47908665
   0.84932942  0.29278540  0.27026994
   0.17417000  0.83753000  0.10253000
   0.24297980  0.70963549  0.40468219
   0.05226070  0.83086134  0.50344713
   0.31365774  0.96177242  0.20580493
   0.11742838  0.58476036  0.30697605
   0.23858000  0.54636000  0.06951000
   0.04746901  0.67098207  0.16989171
   0.31000219  0.92187971  0.37446745
   0.14467327  0.54156434  0.47755086
   0.18255884  0.79409680  0.27135077
   0.50750000  0.83753000  0.10253000
   0.57731847  0.71004306  0.40532645
   0.38240505  0.83007632  0.50453585
   0.64681066  0.96143226  0.20518224
   0.45034810  0.58492538  0.30755956
   0.57191000  0.54636000  0.06951000
   0.38059164  0.67078951  0.16976466
   0.64244061  0.92130984  0.37368800
   0.47510742  0.54274997  0.47736341
   0.51483925  0.79347024  0.27077588
   0.84083000  0.83753000  0.10253000
   0.71414196  0.82953873  0.50578800
   0.98025944  0.96151847  0.20459986
   0.78400719  0.58274894  0.29983592
   0.90524000  0.54636000  0.06951000
   0.71362038  0.67059455  0.16950558
   0.97618115  0.92019386  0.37304419
   0.81408088  0.54166328  0.49306823
   0.84828184  0.79396124  0.27034526
   0.90938387  0.70661119  0.40473826
   0.77421797  0.44203916  0.68276307
   0.77857116  0.48350778  0.58735658
