   0.27743906  0.43534211  0.49195174
   0.03971000  0.19194000  0.08602000
   0.31757293  0.44009271  0.28921281
   0.12091399  0.06085413  0.39067120
   0.17906119  0.31617546  0.18760694
   0.26348051  0.19496044  0.48528128
   0.37304000  0.19194000  0.08602000
   0.65050489  0.43814030  0.28652781
   0.45373017  0.06224276  0.39087597
   0.51157696  0.31443873  0.18681461
   0.59842925  0.19343938  0.48551888
   0.70637000  0.19194000  0.08602000
   0.98369596  0.43970470  0.28875919
   0.78722443  0.06168193  0.39045348
   0.84605046  0.31586039  0.18728998
   0.93278323  0.19370372  0.48463743
   0.03971000  0.69194000  0.08602000
   0.31432931  0.93956514  0.28923096
   0.12061761  0.56141467  0.39140218
   0.17951051  0.81611583  0.18738906
   0.26385288  0.69222217  0.48671362
   0.37304000  0.69194000  0.08602000
   0.64809434  0.93927141  0.28892144
   0.46166630  0.56134780  0.39133637
   0.51193597  0.81584702  0.18736201
   0.59910445  0.69408633  0.48703766
   0.70637000  0.69194000  0.08602000
   0.98103694  0.93940066  0.28907671
   0.84569505  0.81632446  0.18722627
   0.93189337  0.69371557  0.49275467
   0.78850568  0.56364150  0.38547870
   0.17931827  0.06455806  0.18564019
   0.03971000  0.44194000  0.08602000
   0.31593016  0.18881574  0.28965331
   0.12402298  0.31461474  0.38995572
   0.51268448  0.06426626  0.18555104
   0.61211751  0.43516427  0.49937159
   0.37304000  0.44194000  0.08602000
   0.64931311  0.18865327  0.28926335
   0.45826162  0.31660813  0.39125929
   0.84619389  0.06469088  0.18564608
   0.94483597  0.43301004  0.50047919
   0.70637000  0.44194000  0.08602000
   0.98282053  0.18888868  0.28935655
   0.79072105  0.31614500  0.39053707
   0.17961718  0.56467293  0.18561660
   0.26551675  0.93831198  0.49397534
   0.03971000  0.94194000  0.08602000
   0.31608137  0.68921125  0.28990758
   0.11404608  0.81329481  0.39327155
   0.51264146  0.56396608  0.18496304
   0.59767985  0.93728729  0.49418275
   0.37304000  0.94194000  0.08602000
   0.64903538  0.68911144  0.28727261
   0.44949526  0.81650684  0.39140072
   0.84602648  0.56487278  0.18640921
   0.93136382  0.93849410  0.49366137
   0.70637000  0.94194000  0.08602000
   0.98359834  0.68972685  0.28737499
   0.78330046  0.81387143  0.39238388
   0.17417000  0.33753000  0.10253000
   0.25722581  0.20669646  0.40189414
   0.07761362  0.32479007  0.50250695
   0.31369322  0.46132477  0.20512753
   0.11600503  0.08372952  0.30668534
   0.23858000  0.04636000  0.06951000
   0.04579767  0.17097656  0.16984743
   0.32268727  0.41954290  0.37323831
   0.13271085  0.04825038  0.47775547
   0.18265052  0.29350480  0.27099375
   0.50750000  0.33753000  0.10253000
   0.59055445  0.20777807  0.40285018
   0.41057968  0.32686785  0.49884007
   0.64591199  0.45923251  0.20276046
   0.44963044  0.08406449  0.30675543
   0.57191000  0.04636000  0.06951000
   0.37852113  0.16974648  0.16948659
   0.65742458  0.41963750  0.37065845
   0.46651067  0.04729033  0.47792146
   0.51519522  0.29213429  0.27006907
   0.84083000  0.33753000  0.10253000
   0.92340600  0.20689588  0.40201713
   0.74266497  0.32488058  0.50248708
   0.98093756  0.46094791  0.20469522
   0.78312732  0.08396470  0.30625436
   0.90524000  0.04636000  0.06951000
   0.71226696  0.17052214  0.16968167
   0.98936408  0.41790342  0.37249210
   0.79880241  0.04768136  0.47772173
   0.84911691  0.29312948  0.27049531
   0.17417000  0.83753000  0.10253000
   0.24995804  0.70823764  0.40439229
   0.06535311  0.83340743  0.50090380
   0.31359642  0.96125920  0.20508497
   0.11625344  0.58531368  0.30695174
   0.23858000  0.54636000  0.06951000
   0.04588884  0.67100156  0.16983162
   0.31359850  0.91944501  0.37346940
   0.14123423  0.54329848  0.47763590
   0.18264045  0.79366942  0.27062679
   0.50750000  0.83753000  0.10253000
   0.58229670  0.70998639  0.40470808
   0.39653181  0.82979876  0.50266062
   0.64709054  0.96102456  0.20479865
   0.45112246  0.58513720  0.30708588
   0.57191000  0.54636000  0.06951000
   0.37924371  0.67053455  0.16961258
   0.64961101  0.91904342  0.37306217
   0.48207064  0.54418780  0.47828979
   0.51433302  0.79358121  0.27064861
   0.84083000  0.83753000  0.10253000
   0.73030662  0.83121563  0.50360853
   0.98043238  0.96144574  0.20480407
   0.78436997  0.58449997  0.29779415
   0.90524000  0.54636000  0.06951000
   0.71217048  0.67076685  0.16959193
   0.98161712  0.91693397  0.37332681
   0.81308313  0.54732113  0.50875340
   0.84863827  0.79463243  0.27038414
   0.91134151  0.70332595  0.40968767
   0.04108590  0.58589699  0.67826799
   0.90790122  0.56917191  0.59367790
