   0.95520643  0.93193219  0.49235212
   0.03971000  0.19194000  0.08602000
   0.31192783  0.44048120  0.28831728
   0.13076683  0.06122245  0.39021018
   0.17838455  0.31617183  0.18696956
   0.25583236  0.19408888  0.48882864
   0.37304000  0.19194000  0.08602000
   0.64483217  0.43963754  0.28763862
   0.46321475  0.06343367  0.39200155
   0.51184808  0.31587717  0.18664995
   0.59579970  0.19252652  0.48993439
   0.70637000  0.19194000  0.08602000
   0.97828405  0.44045685  0.28767681
   0.79593997  0.06019718  0.38987543
   0.84549261  0.31578328  0.18678276
   0.94212185  0.18655991  0.48652487
   0.03971000  0.69194000  0.08602000
   0.31994972  0.94098374  0.28920394
   0.11306038  0.56555500  0.38923180
   0.17973660  0.81650231  0.18740267
   0.25400978  0.70185053  0.48472552
   0.37304000  0.69194000  0.08602000
   0.65268733  0.93960648  0.28845676
   0.44676638  0.56451071  0.38996278
   0.51248678  0.81651639  0.18732457
   0.59143483  0.69625370  0.48545618
   0.70637000  0.69194000  0.08602000
   0.98624578  0.94012969  0.28804472
   0.84568912  0.81601531  0.18701060
   0.91949014  0.69672159  0.48641392
   0.77839462  0.56367477  0.39028266
   0.18054287  0.06437776  0.18489292
   0.24726040  0.44503135  0.49277086
   0.03971000  0.44194000  0.08602000
   0.31609817  0.19024463  0.28884359
   0.11072733  0.31885696  0.39216374
   0.51391575  0.06432970  0.18481063
   0.57356958  0.44235845  0.49922262
   0.37304000  0.44194000  0.08602000
   0.64937066  0.18947370  0.28823477
   0.44467585  0.31936543  0.39262125
   0.84705864  0.06440268  0.18498319
   0.91005228  0.44566549  0.49129983
   0.70637000  0.44194000  0.08602000
   0.98259445  0.18991662  0.28903159
   0.77995665  0.31697278  0.38997221
   0.17832642  0.56495828  0.18516535
   0.28919372  0.93303835  0.49273755
   0.03971000  0.94194000  0.08602000
   0.31489951  0.68945985  0.28832089
   0.12792843  0.81371970  0.38851764
   0.51139047  0.56488866  0.18492888
   0.62161549  0.93115249  0.49317425
   0.37304000  0.94194000  0.08602000
   0.64787021  0.68894660  0.28819616
   0.46175523  0.81423895  0.38844057
   0.84481382  0.56468662  0.18482839
   0.70637000  0.94194000  0.08602000
   0.98108520  0.68916094  0.28810718
   0.79460482  0.81288827  0.38820618
   0.17417000  0.33753000  0.10253000
   0.24607583  0.21218261  0.40599397
   0.04550073  0.34126852  0.49438896
   0.31241612  0.46142024  0.20436641
   0.11817923  0.08618184  0.30697810
   0.23858000  0.04636000  0.06951000
   0.04643973  0.17060494  0.16979046
   0.31017192  0.42162933  0.37278950
   0.15768902  0.03956913  0.47500741
   0.18133060  0.29376090  0.27035053
   0.50750000  0.33753000  0.10253000
   0.58022635  0.21390260  0.40881370
   0.37361170  0.33659840  0.50655947
   0.64549288  0.46119018  0.20403328
   0.45143864  0.08744084  0.30852269
   0.57191000  0.04636000  0.06951000
   0.37975313  0.17017306  0.16967904
   0.64422448  0.42000692  0.37200323
   0.49055578  0.04198072  0.47791771
   0.51476683  0.29330848  0.26995802
   0.84083000  0.33753000  0.10253000
   0.91097217  0.20991228  0.40500577
   0.70005611  0.33482064  0.51720496
   0.97912262  0.46113129  0.20398103
   0.78366301  0.08561369  0.30655166
   0.90524000  0.04636000  0.06951000
   0.71291764  0.17035779  0.16975628
   0.97581258  0.42163143  0.37145246
   0.81991023  0.03688307  0.47415601
   0.84767725  0.29339089  0.27023439
   0.17417000  0.83753000  0.10253000
   0.26183965  0.70691786  0.40031950
   0.08680563  0.82051697  0.50025401
   0.31557375  0.96160526  0.20538881
   0.11480341  0.58482433  0.30502264
   0.23858000  0.54636000  0.06951000
   0.04476957  0.67159653  0.17023483
   0.32780060  0.91988970  0.37319511
   0.11783479  0.55639029  0.47603613
   0.18171201  0.79500827  0.27115696
   0.50750000  0.83753000  0.10253000
   0.59353947  0.70606272  0.40145189
   0.41973875  0.82366018  0.50245018
   0.64821669  0.96144734  0.20495465
   0.44814525  0.58455518  0.30556625
   0.57191000  0.54636000  0.06951000
   0.37783266  0.67170049  0.17024764
   0.66055118  0.91691236  0.37205382
   0.44995835  0.55217054  0.47802934
   0.51487314  0.79423997  0.27093726
   0.84083000  0.83753000  0.10253000
   0.75341456  0.82010858  0.50429287
   0.98165514  0.96119183  0.20442902
   0.78097080  0.58375956  0.30529042
   0.90524000  0.54636000  0.06951000
   0.71117871  0.67107086  0.17002064
   0.99366170  0.91777465  0.37173697
   0.77528224  0.55145080  0.47924038
   0.84819037  0.79418187  0.27060081
   0.92534993  0.70481597  0.40188546
   0.02402607  0.14864847  0.58606427
   0.83907562  0.26871259  0.58097740
