   0.27633580  0.43339179  0.49233322
   0.03971000  0.19194000  0.08602000
   0.31800469  0.43854925  0.28895983
   0.11721475  0.06092937  0.39066055
   0.17892042  0.31559973  0.18763159
   0.25723234  0.19358018  0.48612064
   0.37304000  0.19194000  0.08602000
   0.65117612  0.43756015  0.28732738
   0.45006769  0.06182542  0.39137048
   0.51160180  0.31458295  0.18699312
   0.59147710  0.19346589  0.48745228
   0.70637000  0.19194000  0.08602000
   0.98304690  0.43785921  0.28830742
   0.78257164  0.06019287  0.38909009
   0.84580187  0.31528931  0.18708888
   0.92960469  0.19019807  0.48312885
   0.03971000  0.69194000  0.08602000
   0.31184754  0.93947310  0.28916619
   0.12222729  0.56027499  0.38910096
   0.17880973  0.81602784  0.18735162
   0.26010363  0.68989264  0.48490962
   0.37304000  0.69194000  0.08602000
   0.64453589  0.93795836  0.28758726
   0.46149772  0.55974019  0.39073232
   0.51137456  0.81488239  0.18685910
   0.59613801  0.69310001  0.48654760
   0.70637000  0.69194000  0.08602000
   0.97860513  0.93933953  0.28865821
   0.84535350  0.81558673  0.18700066
   0.92779538  0.69425802  0.48904109
   0.78891938  0.55960272  0.39013318
   0.17870356  0.06438269  0.18540467
   0.03971000  0.44194000  0.08602000
   0.31482599  0.18830942  0.28926526
   0.12529006  0.31245154  0.38947049
   0.51178928  0.06388200  0.18511606
   0.60873944  0.43226861  0.49440459
   0.37304000  0.44194000  0.08602000
   0.64816714  0.18729827  0.28850744
   0.45808984  0.31278180  0.39020732
   0.84536748  0.06414373  0.18515186
   0.94900712  0.43245066  0.49605377
   0.70637000  0.44194000  0.08602000
   0.98201012  0.18787635  0.28852336
   0.79137229  0.31209532  0.38821301
   0.17977057  0.56368452  0.18511169
   0.25474201  0.93793527  0.49453171
   0.03971000  0.94194000  0.08602000
   0.31553310  0.68837526  0.28912385
   0.11006543  0.81548942  0.39168151
   0.51314127  0.56334078  0.18487782
   0.58597713  0.93712155  0.49432693
   0.37304000  0.94194000  0.08602000
   0.64886798  0.68762302  0.28692908
   0.44355359  0.81680935  0.39085798
   0.84678138  0.56449856  0.18643996
   0.91945086  0.93741864  0.49406915
   0.70637000  0.94194000  0.08602000
   0.98178079  0.68884686  0.28773182
   0.77790276  0.81456023  0.39066117
   0.17417000  0.33753000  0.10253000
   0.25843616  0.20437503  0.40230202
   0.07741838  0.32038667  0.49858653
   0.31427576  0.46048015  0.20512425
   0.11521095  0.08312548  0.30620677
   0.23858000  0.04636000  0.06951000
   0.04523503  0.17053796  0.16971936
   0.32491146  0.41617031  0.37241082
   0.12194164  0.04777685  0.47827666
   0.18195891  0.29239908  0.27077691
   0.50750000  0.33753000  0.10253000
   0.59215508  0.20486895  0.40400368
   0.41054358  0.32482158  0.50040721
   0.64683042  0.45882211  0.20338023
   0.44876074  0.08346167  0.30702584
   0.57191000  0.04636000  0.06951000
   0.37847858  0.16997053  0.16956724
   0.65754763  0.41463015  0.37094564
   0.45597705  0.04702078  0.47882453
   0.51465873  0.29146188  0.27015297
   0.84083000  0.33753000  0.10253000
   0.92356092  0.20295440  0.40003983
   0.74027893  0.32405518  0.50626438
   0.98129059  0.46024035  0.20461740
   0.78120580  0.08203685  0.30506839
   0.90524000  0.04636000  0.06951000
   0.71175723  0.17015555  0.16957408
   0.99042527  0.41478793  0.37148668
   0.78860932  0.04630414  0.47683920
   0.84768971  0.29144028  0.27008391
   0.17417000  0.83753000  0.10253000
   0.24480229  0.70965025  0.40317383
   0.05325635  0.83318543  0.50404455
   0.31281179  0.96107283  0.20511496
   0.11566646  0.58440292  0.30577982
   0.23858000  0.54636000  0.06951000
   0.04638711  0.67042614  0.16960971
   0.30906729  0.92051873  0.37325220
   0.14353161  0.54097348  0.47375811
   0.18141724  0.79275396  0.27047466
   0.50750000  0.83753000  0.10253000
   0.57784087  0.71069956  0.40447751
   0.38543087  0.83014114  0.50318058
   0.64583094  0.96010534  0.20383258
   0.45047892  0.58442032  0.30728206
   0.57191000  0.54636000  0.06951000
   0.37932453  0.66934535  0.16915896
   0.64384255  0.91847552  0.37165352
   0.47963512  0.54158887  0.47712827
   0.51390798  0.79163599  0.26965637
   0.84083000  0.83753000  0.10253000
   0.71948478  0.83072088  0.50556463
   0.97972902  0.96067435  0.20436934
   0.78356061  0.58377916  0.30072687
   0.90524000  0.54636000  0.06951000
   0.71280819  0.67010292  0.16953821
   0.97693471  0.91889416  0.37271672
   0.81058636  0.54337882  0.49005175
   0.84751389  0.79369527  0.27001733
   0.90927667  0.70867159  0.40690307
   0.08249906  0.48229759  0.62329661
   0.81951378  0.47851925  0.59228602
