   0.91906576  0.94088782  0.50267200
   0.03971000  0.19194000  0.08602000
   0.31690759  0.43644375  0.28677248
   0.11342141  0.06060680  0.39118652
   0.17971505  0.31490246  0.18575537
   0.25853454  0.19204874  0.48670917
   0.37304000  0.19194000  0.08602000
   0.65177139  0.43754362  0.28787805
   0.45279015  0.06187795  0.39283559
   0.51283465  0.31502652  0.18696778
   0.59682454  0.19050288  0.48959742
   0.70637000  0.19194000  0.08602000
   0.98548168  0.43944882  0.28845980
   0.78185748  0.06040898  0.39054133
   0.84643932  0.31584240  0.18708705
   0.93092715  0.18740462  0.48589477
   0.03971000  0.69194000  0.08602000
   0.31325932  0.94073777  0.28922512
   0.12356001  0.56123411  0.39086522
   0.17983858  0.81565298  0.18649398
   0.25809779  0.69295680  0.48655058
   0.37304000  0.69194000  0.08602000
   0.64605806  0.93922978  0.28822738
   0.45368048  0.55826530  0.38765374
   0.51229271  0.81531657  0.18685527
   0.58889449  0.68850347  0.48173433
   0.70637000  0.69194000  0.08602000
   0.97856429  0.93923948  0.28843832
   0.84572516  0.81543920  0.18700801
   0.92585915  0.69812718  0.48653513
   0.79074684  0.56098555  0.38990737
   0.17907871  0.06445117  0.18542599
   0.27380938  0.43004816  0.49282916
   0.03971000  0.44194000  0.08602000
   0.31590026  0.18869705  0.28971730
   0.12387357  0.31093363  0.38979788
   0.51253574  0.06414533  0.18496838
   0.60313421  0.43173363  0.49202842
   0.37304000  0.44194000  0.08602000
   0.64918460  0.18778053  0.28875558
   0.45751812  0.31139967  0.39101374
   0.84574571  0.06454483  0.18550783
   0.94381013  0.43173300  0.49355979
   0.70637000  0.44194000  0.08602000
   0.98217096  0.18820839  0.28876484
   0.79117145  0.31195016  0.38953316
   0.18078803  0.56447473  0.18487999
   0.25611446  0.93742941  0.49538574
   0.03971000  0.94194000  0.08602000
   0.31596653  0.68880557  0.28826020
   0.11135558  0.81659833  0.39014681
   0.51451229  0.56395985  0.18467285
   0.59068793  0.93758538  0.50281692
   0.37304000  0.94194000  0.08602000
   0.64887642  0.68816216  0.28901328
   0.44466195  0.81742698  0.39087306
   0.84760287  0.56433180  0.18498393
   0.70637000  0.94194000  0.08602000
   0.98268229  0.68894426  0.28867584
   0.77794288  0.81718332  0.39230033
   0.17267622  0.33315341  0.09953700
   0.25761483  0.20326686  0.40289502
   0.07326678  0.32257354  0.50186509
   0.31439406  0.46015855  0.20271901
   0.11590570  0.08373944  0.30630284
   0.23858000  0.04636000  0.06951000
   0.04512896  0.17042659  0.16957940
   0.32250019  0.41350389  0.37053013
   0.12355242  0.04778317  0.47914417
   0.18199597  0.29185481  0.26903151
   0.50750000  0.33753000  0.10253000
   0.59230670  0.20621666  0.40581342
   0.40691014  0.32283889  0.50264652
   0.64869757  0.46008411  0.20401927
   0.44972755  0.08497188  0.30770798
   0.57191000  0.04636000  0.06951000
   0.37858555  0.17043858  0.16965613
   0.65820567  0.41626760  0.37219970
   0.45728989  0.04844554  0.48094644
   0.51576319  0.29245915  0.27026218
   0.84083000  0.33753000  0.10253000
   0.92350442  0.20470468  0.40215641
   0.73795978  0.32849592  0.50731834
   0.98192504  0.46115938  0.20433144
   0.78266245  0.08349529  0.30595428
   0.90524000  0.04636000  0.06951000
   0.71202002  0.17074513  0.16973146
   0.99040309  0.41655926  0.37247735
   0.78665013  0.04969730  0.47561679
   0.84868122  0.29361770  0.27049515
   0.17277181  0.83327927  0.09975293
   0.24448129  0.70984763  0.40437998
   0.05534081  0.83177426  0.50376458
   0.31321069  0.96107794  0.20446034
   0.11722166  0.58516505  0.30673831
   0.23858000  0.54636000  0.06951000
   0.04708278  0.67036175  0.16962644
   0.30974274  0.92163600  0.37358562
   0.14349213  0.54025098  0.47756547
   0.18194487  0.79370052  0.27024630
   0.50750000  0.83753000  0.10253000
   0.57615005  0.70657368  0.39974526
   0.38583383  0.82926103  0.50416732
   0.64657821  0.96070913  0.20381157
   0.44811659  0.58203155  0.30443998
   0.57191000  0.54636000  0.06951000
   0.37996534  0.67012235  0.16943606
   0.64237679  0.91934896  0.37192265
   0.47173297  0.53848915  0.47452395
   0.51498414  0.79237123  0.26990149
   0.84083000  0.83753000  0.10253000
   0.72083037  0.82433471  0.49469784
   0.97978071  0.96105893  0.20426538
   0.78356061  0.58310918  0.30544194
   0.90524000  0.54636000  0.06951000
   0.71335058  0.66990722  0.16938256
   0.97599115  0.91949833  0.37208806
   0.80922832  0.54374570  0.48024543
   0.84798937  0.79202064  0.26995583
   0.91092917  0.70828489  0.40401062
   0.76100710  0.96278118  0.59972693
   0.77739812  0.48212616  0.58818708
