   0.95557330  0.93238140  0.49231813
   0.03971000  0.19194000  0.08602000
   0.31149699  0.44029023  0.28833273
   0.13103545  0.06122519  0.39037777
   0.17804062  0.31608892  0.18701035
   0.25537896  0.19448782  0.48878752
   0.37304000  0.19194000  0.08602000
   0.64467966  0.43960959  0.28769529
   0.46346332  0.06330589  0.39185791
   0.51155901  0.31561635  0.18667846
   0.59752731  0.19202733  0.48969079
   0.70637000  0.19194000  0.08602000
   0.97826233  0.44024725  0.28781738
   0.79543125  0.06033612  0.39046414
   0.84528802  0.31552057  0.18692708
   0.94194259  0.18711825  0.48634271
   0.03971000  0.69194000  0.08602000
   0.32023776  0.94043601  0.28900951
   0.11242042  0.56569058  0.38919881
   0.17974239  0.81635070  0.18732739
   0.25383429  0.70189860  0.48474624
   0.37304000  0.69194000  0.08602000
   0.65260135  0.93967352  0.28887932
   0.44635667  0.56468407  0.38996335
   0.51263515  0.81689328  0.18742185
   0.59092994  0.69644997  0.48533046
   0.70637000  0.69194000  0.08602000
   0.98611007  0.94013981  0.28804059
   0.84572163  0.81613674  0.18705071
   0.91882869  0.69669041  0.48622324
   0.77815354  0.56372676  0.39002906
   0.18035245  0.06422900  0.18478516
   0.24655809  0.44603013  0.49256600
   0.03971000  0.44194000  0.08602000
   0.31617998  0.19019700  0.28857648
   0.11111555  0.31926328  0.39226790
   0.51376334  0.06431897  0.18516588
   0.57317169  0.44204809  0.49887380
   0.37304000  0.44194000  0.08602000
   0.64933507  0.18953688  0.28863604
   0.44467465  0.31902740  0.39266166
   0.84709346  0.06443720  0.18487970
   0.91024573  0.44571617  0.49153157
   0.70637000  0.44194000  0.08602000
   0.98274731  0.19001682  0.28933982
   0.77973070  0.31769544  0.39012148
   0.17825308  0.56508812  0.18523171
   0.29030308  0.93276260  0.49234793
   0.03971000  0.94194000  0.08602000
   0.31493848  0.68954081  0.28852803
   0.12763469  0.81369741  0.38796142
   0.51111182  0.56496157  0.18503957
   0.62182573  0.93102278  0.49325400
   0.37304000  0.94194000  0.08602000
   0.64832368  0.68930348  0.28830823
   0.46175526  0.81428775  0.38855334
   0.84483452  0.56436872  0.18494017
   0.70637000  0.94194000  0.08602000
   0.98095624  0.68888666  0.28799684
   0.79468961  0.81307445  0.38832538
   0.17417000  0.33753000  0.10253000
   0.24592362  0.21236287  0.40663363
   0.04527336  0.34242281  0.49432418
   0.31237615  0.46150003  0.20451575
   0.11787507  0.08628233  0.30687574
   0.23858000  0.04636000  0.06951000
   0.04636074  0.17039108  0.16974594
   0.30990206  0.42144221  0.37264321
   0.15729377  0.03897937  0.47470619
   0.18103625  0.29370833  0.27029668
   0.50750000  0.33753000  0.10253000
   0.58047981  0.21429811  0.40869914
   0.37358784  0.33666577  0.50635702
   0.64523368  0.46112084  0.20400339
   0.45109433  0.08702640  0.30845090
   0.57191000  0.04636000  0.06951000
   0.37967028  0.17003079  0.16976721
   0.64386114  0.41983821  0.37217408
   0.49094270  0.04164248  0.47782484
   0.51471243  0.29318824  0.26990679
   0.84083000  0.33753000  0.10253000
   0.91098135  0.21032017  0.40508536
   0.70191904  0.33398953  0.51809972
   0.97915478  0.46099269  0.20410869
   0.78342448  0.08568617  0.30707114
   0.90524000  0.04636000  0.06951000
   0.71286489  0.17030466  0.16982089
   0.97597420  0.42144219  0.37151774
   0.82010742  0.03699594  0.47465145
   0.84752029  0.29333137  0.27027294
   0.17417000  0.83753000  0.10253000
   0.26216715  0.70695824  0.40016479
   0.08684853  0.82031687  0.50050632
   0.31525458  0.96150154  0.20526513
   0.11491463  0.58430922  0.30492091
   0.23858000  0.54636000  0.06951000
   0.04457290  0.67156158  0.17029405
   0.32797078  0.91949812  0.37304776
   0.11676938  0.55711522  0.47612179
   0.18195361  0.79493938  0.27105950
   0.50750000  0.83753000  0.10253000
   0.59357891  0.70560902  0.40163624
   0.42032661  0.82392895  0.50260250
   0.64839722  0.96161809  0.20538274
   0.44831292  0.58451154  0.30561212
   0.57191000  0.54636000  0.06951000
   0.37794870  0.67209584  0.17032046
   0.66075539  0.91754411  0.37251034
   0.44997031  0.55242120  0.47797872
   0.51521017  0.79461587  0.27110004
   0.84083000  0.83753000  0.10253000
   0.75342640  0.81995311  0.50453950
   0.98158774  0.96118130  0.20437096
   0.78064750  0.58369769  0.30506981
   0.90524000  0.54636000  0.06951000
   0.71137671  0.67100473  0.17009410
   0.99397026  0.91796589  0.37146007
   0.77301738  0.55135380  0.47910759
   0.84824302  0.79450873  0.27053447
   0.92570720  0.70522358  0.40158644
   0.02853052  0.14903014  0.58464786
   0.83916482  0.26781397  0.58129124
