   0.93908974  0.93098543  0.48969449
   0.03971000  0.19194000  0.08602000
   0.31707202  0.44551476  0.28952920
   0.12754485  0.06388377  0.38847381
   0.18129913  0.31776153  0.18718147
   0.25766725  0.19234641  0.48430774
   0.37304000  0.19194000  0.08602000
   0.64789805  0.44147468  0.28472467
   0.46469856  0.06798347  0.39217464
   0.51148851  0.31562552  0.18607444
   0.59908572  0.19412908  0.49090862
   0.70637000  0.19194000  0.08602000
   0.98254320  0.44356754  0.28562557
   0.79618554  0.05990350  0.38107367
   0.84599773  0.31594775  0.18601854
   0.91957141  0.18399820  0.48120349
   0.03971000  0.69194000  0.08602000
   0.32290654  0.94485915  0.28965653
   0.11896720  0.56601346  0.38842877
   0.17947684  0.81747877  0.18747362
   0.25365551  0.69648176  0.48576569
   0.37304000  0.69194000  0.08602000
   0.65338993  0.93763073  0.28296309
   0.45111835  0.56809944  0.39337899
   0.51097062  0.81456278  0.18558935
   0.58645054  0.69965366  0.48966416
   0.70637000  0.69194000  0.08602000
   0.98721084  0.94022953  0.28705626
   0.84526278  0.81604736  0.18647160
   0.92463897  0.69060008  0.48304617
   0.78552596  0.56285082  0.38709057
   0.18061574  0.06591124  0.18647591
   0.24692126  0.43742849  0.49377543
   0.03971000  0.44194000  0.08602000
   0.31921695  0.19431846  0.29026433
   0.11491707  0.31945553  0.38923645
   0.51317964  0.06350715  0.18350363
   0.57983871  0.43946463  0.49552919
   0.37304000  0.44194000  0.08602000
   0.65099809  0.19117566  0.28430054
   0.45108837  0.32123564  0.39142858
   0.84754322  0.06540718  0.18577097
   0.91375465  0.43536765  0.49034148
   0.70637000  0.44194000  0.08602000
   0.98578927  0.19305297  0.28657310
   0.78395868  0.31666441  0.38589600
   0.18021747  0.56633510  0.18491933
   0.27323808  0.93337554  0.49232416
   0.03971000  0.94194000  0.08602000
   0.31685974  0.69359492  0.28935268
   0.12977524  0.81683351  0.38798813
   0.51324245  0.56510982  0.18399625
   0.60575703  0.93467819  0.49132801
   0.37304000  0.94194000  0.08602000
   0.64874824  0.69125602  0.28847814
   0.46480632  0.81833470  0.38960009
   0.84713464  0.56556822  0.18345618
   0.70637000  0.94194000  0.08602000
   0.98329460  0.69226364  0.28746081
   0.79454861  0.81544974  0.38873081
   0.17290723  0.33281134  0.09985158
   0.25164290  0.21220769  0.40204355
   0.04600053  0.32973920  0.49527569
   0.31525879  0.46323818  0.20476192
   0.11912025  0.08762584  0.30463721
   0.23858000  0.04636000  0.06951000
   0.04738086  0.17286196  0.17084303
   0.31576185  0.42473724  0.37415265
   0.14404401  0.04185287  0.47452973
   0.18525462  0.29907328  0.27134278
   0.50750000  0.33753000  0.10253000
   0.58603830  0.21673247  0.40896754
   0.37867502  0.33069925  0.50592154
   0.64758132  0.46176165  0.20155960
   0.45526676  0.09098705  0.30832185
   0.57191000  0.04636000  0.06951000
   0.37966334  0.17033506  0.16951356
   0.64884870  0.42038484  0.36807844
   0.47744371  0.04612450  0.47830994
   0.51567072  0.29570525  0.26870799
   0.84083000  0.33753000  0.10253000
   0.91609641  0.20904232  0.39769470
   0.71046023  0.33701588  0.51413882
   0.98186192  0.46183109  0.20178059
   0.78541787  0.08474532  0.29616514
   0.90524000  0.04636000  0.06951000
   0.71238208  0.17054855  0.16933552
   0.98124165  0.42389239  0.36924709
   0.80523005  0.03346474  0.46331487
   0.85035954  0.29686471  0.26885386
   0.17269223  0.83291743  0.10021357
   0.26161463  0.70953612  0.40218447
   0.07116086  0.82151539  0.50190567
   0.31559584  0.96202553  0.20529774
   0.11826802  0.58850106  0.30384527
   0.23858000  0.54636000  0.06951000
   0.04576369  0.67292327  0.17019956
   0.33116806  0.92306244  0.37360500
   0.11950812  0.54857753  0.47563645
   0.18316645  0.79959338  0.27181831
   0.50750000  0.83753000  0.10253000
   0.59482166  0.71090480  0.40649559
   0.40432223  0.82562793  0.50359505
   0.64678752  0.95857571  0.20040182
   0.45082244  0.58977880  0.30894706
   0.57191000  0.54636000  0.06951000
   0.37848774  0.67079971  0.16915396
   0.66183692  0.91644181  0.36546620
   0.45174884  0.54916606  0.48083818
   0.51411393  0.79344035  0.26826155
   0.84083000  0.83753000  0.10253000
   0.73598624  0.82774845  0.50779932
   0.98199315  0.96127578  0.20366123
   0.78338898  0.58589146  0.30202743
   0.90524000  0.54636000  0.06951000
   0.71200539  0.67125527  0.16937194
   0.99454236  0.91915511  0.37051454
   0.78606932  0.54524132  0.47439185
   0.84800430  0.79556343  0.26970903
   0.92666754  0.70695843  0.40048373
   0.85738671  0.13512465  0.57754475
   0.70073143  0.27414483  0.61067529
