   0.91575905  0.93925167  0.50127365
   0.03971000  0.19194000  0.08602000
   0.31836326  0.43864704  0.28794199
   0.11504843  0.06115752  0.39095233
   0.18023743  0.31548205  0.18634108
   0.25866441  0.19061241  0.48611006
   0.37304000  0.19194000  0.08602000
   0.65205303  0.43758851  0.28691013
   0.45141068  0.06358691  0.39301541
   0.51238417  0.31478098  0.18670360
   0.59464593  0.19149065  0.49008170
   0.70637000  0.19194000  0.08602000
   0.98607564  0.43920352  0.28825793
   0.78231955  0.06128561  0.39059277
   0.84643074  0.31540039  0.18699350
   0.92904775  0.18775249  0.48584412
   0.03971000  0.69194000  0.08602000
   0.31340494  0.94071083  0.28950682
   0.12495548  0.56056152  0.39064975
   0.18025483  0.81576294  0.18652065
   0.25768325  0.69306273  0.48652819
   0.37304000  0.69194000  0.08602000
   0.64579840  0.93969660  0.28854207
   0.45484427  0.55873613  0.38962096
   0.51236890  0.81567383  0.18711939
   0.58925802  0.68732011  0.48383078
   0.70637000  0.69194000  0.08602000
   0.97929847  0.93939456  0.28851905
   0.84574176  0.81553648  0.18693628
   0.92731445  0.69473416  0.48481939
   0.79062474  0.55985594  0.38885780
   0.17885679  0.06466506  0.18560790
   0.27508470  0.42941461  0.49380340
   0.03971000  0.44194000  0.08602000
   0.31586118  0.18883719  0.28952306
   0.12582133  0.31198791  0.38965322
   0.51240319  0.06422113  0.18525758
   0.60442687  0.42988658  0.49162413
   0.37304000  0.44194000  0.08602000
   0.64879883  0.18807293  0.28850684
   0.45945156  0.31252636  0.39028898
   0.84596707  0.06471163  0.18550007
   0.94596246  0.43083350  0.49370982
   0.70637000  0.44194000  0.08602000
   0.98273926  0.18854729  0.28866104
   0.79303060  0.31197245  0.38873743
   0.18090527  0.56473502  0.18527763
   0.25282930  0.93753738  0.49513708
   0.03971000  0.94194000  0.08602000
   0.31645665  0.68949806  0.28931837
   0.11155753  0.81650547  0.39067028
   0.51405168  0.56410686  0.18464172
   0.58806786  0.93863468  0.50188463
   0.37304000  0.94194000  0.08602000
   0.64894390  0.68850136  0.28877171
   0.44519215  0.81764078  0.39226275
   0.84786564  0.56445462  0.18502737
   0.70637000  0.94194000  0.08602000
   0.98315800  0.68897477  0.28858507
   0.77701375  0.81671008  0.39271293
   0.17246814  0.33250882  0.09960283
   0.25899442  0.20418214  0.40247200
   0.07401573  0.32123202  0.50276179
   0.31506420  0.46072930  0.20385793
   0.11588086  0.08363200  0.30648508
   0.23858000  0.04636000  0.06951000
   0.04555739  0.17108689  0.16981685
   0.32436220  0.41513727  0.37158174
   0.11994980  0.04822178  0.47866401
   0.18267189  0.29330372  0.27010102
   0.50750000  0.33753000  0.10253000
   0.59327885  0.20700695  0.40624549
   0.40684456  0.31988510  0.50296068
   0.64812445  0.46017593  0.20336806
   0.44946800  0.08486280  0.30823318
   0.57191000  0.04636000  0.06951000
   0.37832745  0.16990528  0.16971601
   0.65997744  0.41634242  0.37115581
   0.45571984  0.04937348  0.48115784
   0.51566664  0.29257053  0.27007211
   0.84083000  0.33753000  0.10253000
   0.92523997  0.20544603  0.40204640
   0.74085368  0.32644503  0.50871135
   0.98221350  0.46096091  0.20435996
   0.78246804  0.08387608  0.30572843
   0.90524000  0.04636000  0.06951000
   0.71180461  0.17034651  0.16975555
   0.99209547  0.41762617  0.37230048
   0.78542937  0.04922374  0.47578909
   0.84912310  0.29366809  0.27054075
   0.17244476  0.83259885  0.09965635
   0.24435922  0.71010079  0.40474545
   0.05386552  0.83135266  0.50263842
   0.31366960  0.96104911  0.20484611
   0.11764879  0.58508207  0.30679960
   0.23858000  0.54636000  0.06951000
   0.04732394  0.67096185  0.16979549
   0.31037087  0.92165495  0.37440636
   0.14480478  0.54098099  0.47754899
   0.18218884  0.79399731  0.27050466
   0.50750000  0.83753000  0.10253000
   0.57496960  0.70732257  0.40194200
   0.38399711  0.83048467  0.50435575
   0.64634899  0.96104916  0.20457515
   0.44935280  0.58384100  0.30619795
   0.57191000  0.54636000  0.06951000
   0.38020185  0.67047897  0.16975241
   0.64260652  0.91954195  0.37218362
   0.47415695  0.53800526  0.47622763
   0.51504853  0.79288054  0.27023006
   0.84083000  0.83753000  0.10253000
   0.71664360  0.82600777  0.49494240
   0.98005499  0.96106846  0.20450240
   0.78382453  0.58314105  0.30461391
   0.90524000  0.54636000  0.06951000
   0.71351226  0.67014901  0.16958478
   0.97591479  0.91872385  0.37240562
   0.81159962  0.54183550  0.47917504
   0.84834048  0.79275413  0.27009431
   0.91061503  0.70762753  0.40317919
   0.75678664  0.95283707  0.60083453
   0.77119327  0.48606935  0.58660683
