   0.28027888  0.43301541  0.49058477
   0.03971000  0.19194000  0.08602000
   0.31664365  0.43876251  0.28773759
   0.11674944  0.05687458  0.38836911
   0.17815964  0.31477621  0.18702510
   0.25827104  0.19313125  0.48156719
   0.37304000  0.19194000  0.08602000
   0.65071699  0.43757257  0.28599533
   0.44936700  0.06012316  0.38770064
   0.51113271  0.31373271  0.18653163
   0.59319465  0.19128214  0.48239173
   0.70637000  0.19194000  0.08602000
   0.98349136  0.43855853  0.28830474
   0.78454274  0.06107423  0.38797666
   0.84491134  0.31429873  0.18710569
   0.92697428  0.19426280  0.48233411
   0.03971000  0.69194000  0.08602000
   0.31181729  0.93643677  0.28653416
   0.11966465  0.55985837  0.39110263
   0.18010483  0.81372063  0.18450377
   0.26377830  0.69162304  0.48528865
   0.37304000  0.69194000  0.08602000
   0.64739009  0.93693019  0.28661840
   0.45879827  0.55995071  0.38932210
   0.51105113  0.81435822  0.18508307
   0.59746122  0.68919335  0.48562367
   0.70637000  0.69194000  0.08602000
   0.97967820  0.93631606  0.28689974
   0.84525759  0.81473509  0.18472659
   0.93076538  0.69254170  0.49559893
   0.78714537  0.56494335  0.38457397
   0.17895598  0.06247389  0.18380761
   0.03971000  0.44194000  0.08602000
   0.31374526  0.18664162  0.28791988
   0.12385733  0.31308918  0.38783047
   0.51248090  0.06285243  0.18403992
   0.61683992  0.43138087  0.49357422
   0.37304000  0.44194000  0.08602000
   0.64752345  0.18700760  0.28805641
   0.45799038  0.31481964  0.38950268
   0.84605626  0.06347723  0.18438770
   0.94977220  0.43203245  0.50191121
   0.70637000  0.44194000  0.08602000
   0.98111971  0.18688444  0.28802579
   0.79093748  0.31562911  0.38908844
   0.17831948  0.56314912  0.18504643
   0.25911528  0.93784010  0.49265189
   0.03971000  0.94194000  0.08602000
   0.31488167  0.68770427  0.28796861
   0.10898777  0.81107787  0.39371892
   0.51176047  0.56323365  0.18449185
   0.59089381  0.93591976  0.49143787
   0.37304000  0.94194000  0.08602000
   0.64803260  0.68926576  0.28593536
   0.44573082  0.81576923  0.38974974
   0.84487585  0.56326200  0.18511252
   0.92495838  0.93801255  0.49211548
   0.70637000  0.94194000  0.08602000
   0.98291128  0.68850631  0.28497352
   0.77868307  0.81280219  0.39380858
   0.17417000  0.33753000  0.10253000
   0.25515220  0.20291863  0.39799127
   0.07891394  0.32214450  0.50156508
   0.31264763  0.46006632  0.20396021
   0.11346711  0.08000792  0.30430803
   0.23858000  0.04636000  0.06951000
   0.04549035  0.16963692  0.16953343
   0.32197183  0.41778744  0.37139403
   0.12660457  0.04623513  0.47552480
   0.18085311  0.29212322  0.27015706
   0.50750000  0.33753000  0.10253000
   0.59070473  0.20478197  0.39934789
   0.41196446  0.32289177  0.49286838
   0.64494925  0.45847628  0.20216212
   0.44732988  0.08069811  0.30361157
   0.57191000  0.04636000  0.06951000
   0.37795766  0.16906519  0.16943202
   0.65803462  0.41977018  0.37000648
   0.45932326  0.04588526  0.47503079
   0.51392259  0.29155279  0.26966686
   0.84083000  0.33753000  0.10253000
   0.92380304  0.20572171  0.39949951
   0.74639861  0.32188193  0.49697616
   0.97944683  0.45945526  0.20428456
   0.78141991  0.08146397  0.30385100
   0.90524000  0.04636000  0.06951000
   0.71158119  0.16943929  0.16929759
   0.98946574  0.41763128  0.37214623
   0.79314338  0.04709107  0.47511183
   0.84747399  0.29209406  0.27041890
   0.17275059  0.83259999  0.09849552
   0.24666542  0.70643771  0.40338013
   0.05858384  0.83363479  0.50290171
   0.31398872  0.95824438  0.20161621
   0.11527924  0.58434680  0.30627293
   0.23858000  0.54636000  0.06951000
   0.04511929  0.66923775  0.16908615
   0.30745693  0.91671484  0.37118397
   0.14538140  0.54252544  0.47871740
   0.18187816  0.79111934  0.26777901
   0.50567420  0.83278222  0.09890033
   0.57710756  0.70890602  0.40381316
   0.38986058  0.83022759  0.50133536
   0.64708236  0.95866658  0.20188476
   0.45005891  0.58445879  0.30523071
   0.57191000  0.54636000  0.06951000
   0.37823400  0.66925844  0.16911592
   0.64617649  0.91760225  0.37102771
   0.48681251  0.53903353  0.47462507
   0.51236214  0.79261345  0.26865525
   0.83928644  0.83273927  0.09883557
   0.72376617  0.82972769  0.49990600
   0.98017249  0.95917970  0.20197435
   0.78361560  0.58490206  0.29697513
   0.90524000  0.54636000  0.06951000
   0.71136930  0.66965628  0.16891464
   0.97595593  0.91318526  0.37191876
   0.82454068  0.54390813  0.51068299
   0.84766646  0.79326534  0.26794242
   0.90729936  0.70210203  0.41312771
   0.48946143  0.50020431  0.65308440
   0.70834104  0.53785595  0.59397687
