   0.59293417  0.19490081  0.50177077
   0.03971000  0.19194000  0.09637000
   0.31978015  0.44026780  0.29955996
   0.11576083  0.06095377  0.40110898
   0.17987041  0.31650941  0.19779039
   0.26177783  0.18984130  0.49638982
   0.37304000  0.19194000  0.09637000
   0.65181981  0.43812884  0.29704044
   0.45065294  0.06466264  0.40350143
   0.51248094  0.31518064  0.19698115
   0.70637000  0.19194000  0.09637000
   0.98701772  0.43881876  0.29852000
   0.78224458  0.06229126  0.40198510
   0.84666862  0.31572994  0.19737050
   0.93120939  0.19113087  0.49693989
   0.03971000  0.69194000  0.09637000
   0.31351084  0.94082086  0.30069902
   0.12515710  0.56063510  0.40138773
   0.18008951  0.81666932  0.19796981
   0.25685070  0.69412285  0.49718819
   0.37304000  0.69194000  0.09637000
   0.64623037  0.93976141  0.29991916
   0.45821700  0.56272327  0.40290452
   0.51286949  0.81631937  0.19772957
   0.61026071  0.68537891  0.50385315
   0.70637000  0.69194000  0.09637000
   0.97876997  0.93917067  0.29940873
   0.84630877  0.81600928  0.19739942
   0.90691350  0.68639314  0.49969058
   0.79426214  0.55926607  0.39694452
   0.17926141  0.06467044  0.19608998
   0.27850696  0.43031652  0.50402169
   0.03971000  0.44194000  0.09637000
   0.31546206  0.18873110  0.29984973
   0.12756586  0.31225808  0.39958152
   0.51264995  0.06435052  0.19578035
   0.60577407  0.42687268  0.49886968
   0.37304000  0.44194000  0.09637000
   0.64878007  0.18814075  0.29907025
   0.46022570  0.31250967  0.39975801
   0.84613938  0.06462015  0.19571042
   0.94732666  0.42857266  0.50210026
   0.70637000  0.44194000  0.09637000
   0.98220925  0.18824015  0.29927073
   0.79380973  0.31150757  0.39805830
   0.18137989  0.56495943  0.19582011
   0.24726565  0.93710888  0.50586814
   0.03971000  0.94194000  0.09637000
   0.31710894  0.69007980  0.30057862
   0.11054385  0.81647284  0.40383659
   0.51430031  0.56455839  0.19515059
   0.58164228  0.94028198  0.50575980
   0.37304000  0.94194000  0.09637000
   0.64978129  0.68973752  0.29925904
   0.44581745  0.81720686  0.40433804
   0.84805777  0.56456853  0.19517095
   0.91732317  0.93863287  0.50514621
   0.70637000  0.94194000  0.09637000
   0.98424630  0.68979769  0.29903935
   0.77683116  0.81486856  0.40429668
   0.17417000  0.33753000  0.11288000
   0.25961947  0.20458724  0.41258080
   0.07806319  0.32210981  0.51429431
   0.31567899  0.46177008  0.21582908
   0.11528988  0.08357789  0.31689083
   0.23858000  0.04636000  0.07986000
   0.04601816  0.17127936  0.18045989
   0.32701937  0.41685418  0.38306100
   0.11902993  0.04867570  0.48867054
   0.18267954  0.29382985  0.28140985
   0.50750000  0.33753000  0.11288000
   0.59509223  0.20845317  0.41702245
   0.40981689  0.31938386  0.51415763
   0.64830989  0.46051080  0.21405798
   0.44977873  0.08549697  0.31891944
   0.57191000  0.04636000  0.07986000
   0.37881951  0.17034978  0.18012965
   0.66009399  0.41510584  0.38015233
   0.45210856  0.05264602  0.49126387
   0.51558753  0.29257730  0.28033932
   0.84083000  0.33753000  0.11288000
   0.92614843  0.20577242  0.41363871
   0.74261755  0.32676150  0.52515168
   0.98208155  0.46104029  0.21491952
   0.78200920  0.08432868  0.31758882
   0.90524000  0.04636000  0.07986000
   0.71226013  0.17079980  0.18030970
   0.99319133  0.41581463  0.38230076
   0.78607211  0.05177712  0.48936036
   0.84916129  0.29309999  0.28092983
   0.17417000  0.83753000  0.11288000
   0.24513068  0.70951200  0.41507136
   0.04717729  0.82943875  0.51137400
   0.31383983  0.96188926  0.21628017
   0.11748159  0.58486227  0.31746103
   0.23858000  0.54636000  0.07986000
   0.04755986  0.67103096  0.18042005
   0.31103587  0.92160457  0.38519134
   0.14632368  0.54050828  0.48767035
   0.18306007  0.79401011  0.28153056
   0.50747245  0.83748536  0.11286947
   0.57609392  0.71040496  0.42045156
   0.38017524  0.83270036  0.51549079
   0.64698994  0.96153923  0.21569950
   0.45165060  0.58623338  0.31895067
   0.57191000  0.54636000  0.07986000
   0.38071924  0.67081095  0.18023994
   0.64367521  0.91993898  0.38413996
   0.47763240  0.53678216  0.48693063
   0.51553031  0.79343021  0.28111134
   0.84080204  0.83748473  0.11286817
   0.71548520  0.83807776  0.51190041
   0.98010032  0.96132953  0.21526979
   0.78391441  0.58430641  0.31501692
   0.90524000  0.54636000  0.07986000
   0.71388982  0.67044159  0.18006992
   0.97524004  0.91895309  0.38357158
   0.81041905  0.52862116  0.47816943
   0.84879020  0.79292037  0.28054125
   0.91188954  0.70656033  0.41546369
   0.76200317  0.18974104  0.58580070
   0.75947127  0.48954729  0.59282695
