   0.91986534  0.69837682  0.49596582
   0.03971000  0.19194000  0.09637000
   0.31219235  0.44057611  0.29840689
   0.13116397  0.06138574  0.40062299
   0.17990391  0.31611656  0.19720556
   0.26018650  0.19542571  0.49740624
   0.37304000  0.19194000  0.09637000
   0.64609526  0.44062754  0.29852345
   0.46467819  0.06227370  0.40098751
   0.51314796  0.31613502  0.19726239
   0.59261200  0.19416778  0.49794018
   0.70637000  0.19194000  0.09637000
   0.97930179  0.44047883  0.29792630
   0.79821478  0.06129258  0.40058006
   0.84647157  0.31594866  0.19706371
   0.93943102  0.18667564  0.49986010
   0.03971000  0.69194000  0.09637000
   0.32138503  0.94035531  0.29885680
   0.11306710  0.56546240  0.39935389
   0.17954008  0.81663741  0.19754666
   0.25442205  0.70101634  0.49501357
   0.37304000  0.69194000  0.09637000
   0.65472552  0.94004073  0.29845525
   0.44543357  0.56547063  0.39999568
   0.51278433  0.81646352  0.19739862
   0.58839440  0.69785042  0.49559983
   0.70637000  0.69194000  0.09637000
   0.98797071  0.93976274  0.29860561
   0.84608154  0.81644804  0.19745638
   0.77870499  0.56499221  0.40031770
   0.18144547  0.06468173  0.19529407
   0.24301906  0.44514069  0.50394768
   0.03971000  0.44194000  0.09637000
   0.31872547  0.18986289  0.29889502
   0.11028709  0.31874578  0.40254178
   0.51469599  0.06460469  0.19511114
   0.57007298  0.44614911  0.50679597
   0.37304000  0.44194000  0.09637000
   0.65230092  0.18966061  0.29856526
   0.44476027  0.31892228  0.40098355
   0.84814777  0.06465695  0.19525546
   0.91019277  0.44698386  0.50176066
   0.70637000  0.44194000  0.09637000
   0.98569370  0.18985214  0.29891502
   0.77983132  0.31749258  0.40058719
   0.17879799  0.56509405  0.19537469
   0.29102685  0.93364064  0.50233099
   0.03971000  0.94194000  0.09637000
   0.31487893  0.68981266  0.29871575
   0.12977014  0.81350202  0.39858442
   0.51208578  0.56504088  0.19549545
   0.62483835  0.93178537  0.50218644
   0.37304000  0.94194000  0.09637000
   0.64805853  0.68963019  0.29882950
   0.46360958  0.81402522  0.39828014
   0.84538471  0.56507071  0.19528779
   0.95780547  0.93190845  0.50265290
   0.70637000  0.94194000  0.09637000
   0.98138516  0.68957517  0.29873466
   0.79665518  0.81335692  0.39855233
   0.17417000  0.33753000  0.11288000
   0.24591927  0.21217406  0.41564312
   0.04271381  0.34147677  0.50949138
   0.31309358  0.46152563  0.21452347
   0.12031348  0.08579768  0.31721181
   0.23858000  0.04636000  0.07986000
   0.04732367  0.17075122  0.18016854
   0.30935268  0.42156263  0.38279323
   0.15815316  0.04163951  0.48636113
   0.18411515  0.29337354  0.28053500
   0.50750000  0.33753000  0.11288000
   0.57935898  0.21332514  0.41653329
   0.37191984  0.33751128  0.51622102
   0.64651264  0.46157691  0.21460481
   0.45388387  0.08645174  0.31761906
   0.57191000  0.04636000  0.07986000
   0.38057810  0.17076493  0.18024857
   0.64386596  0.42084013  0.38308693
   0.49170394  0.04212464  0.48726245
   0.51745531  0.29349465  0.28066751
   0.84083000  0.33753000  0.11288000
   0.91137611  0.21116404  0.41785692
   0.69856658  0.33941825  0.52144647
   0.97963885  0.46146092  0.21416075
   0.78707671  0.08607660  0.31706092
   0.90524000  0.04636000  0.07986000
   0.71385365  0.17065577  0.18015059
   0.97601692  0.42118383  0.38188213
   0.82317175  0.03610047  0.48419112
   0.85068658  0.29321468  0.28037431
   0.17417000  0.83753000  0.11288000
   0.26343227  0.70633147  0.40987948
   0.08980728  0.82090708  0.51086373
   0.31626276  0.96163380  0.21510034
   0.11474648  0.58467850  0.31510330
   0.23858000  0.54636000  0.07986000
   0.04506186  0.67161479  0.18044906
   0.32947469  0.91918681  0.38285550
   0.11565344  0.55645589  0.48635294
   0.18191495  0.79526319  0.28122992
   0.50750000  0.83753000  0.11288000
   0.59569852  0.70567852  0.41098177
   0.42255387  0.82338176  0.51111732
   0.64932438  0.96141985  0.21476787
   0.44810733  0.58462651  0.31569502
   0.57191000  0.54636000  0.07986000
   0.37833973  0.67149680  0.18044760
   0.66280959  0.91796153  0.38201553
   0.44445942  0.55493341  0.48815367
   0.51534473  0.79485884  0.28096047
   0.84083000  0.83753000  0.11288000
   0.75608004  0.81954974  0.51166037
   0.98279837  0.96144813  0.21492259
   0.78122160  0.58475940  0.31589321
   0.90524000  0.54636000  0.07986000
   0.71160861  0.67146530  0.18042210
   0.99616903  0.91793874  0.38239938
   0.77494491  0.55438422  0.48849178
   0.84862745  0.79482629  0.28105824
   0.92913017  0.70510111  0.41108665
   0.97878532  0.14342747  0.60273326
   0.80408504  0.26619112  0.59037986
