   0.58458915  0.94260257  0.49721078
   0.03971000  0.19194000  0.08602000
   0.31987710  0.44009069  0.28907925
   0.11585196  0.06104090  0.39041308
   0.17987422  0.31637643  0.18734803
   0.26254474  0.18941393  0.48599218
   0.37304000  0.19194000  0.08602000
   0.65158423  0.43776629  0.28634337
   0.45079466  0.06500565  0.39253470
   0.51242648  0.31511036  0.18660218
   0.59244574  0.19372990  0.49132665
   0.70637000  0.19194000  0.08602000
   0.98679543  0.43882439  0.28808417
   0.78186138  0.06217722  0.39156322
   0.84651935  0.31568319  0.18695227
   0.92989147  0.19236671  0.48650708
   0.03971000  0.69194000  0.08602000
   0.31353587  0.94082169  0.29040743
   0.12598820  0.56127826  0.39060402
   0.18007839  0.81660590  0.18756925
   0.25321935  0.68946114  0.48793889
   0.37304000  0.69194000  0.08602000
   0.64610778  0.93980805  0.28944523
   0.45820601  0.56226970  0.39226106
   0.51276251  0.81625805  0.18729745
   0.59833414  0.68973188  0.48853251
   0.70637000  0.69194000  0.08602000
   0.97873128  0.93923904  0.28891723
   0.84620880  0.81597835  0.18696147
   0.91999718  0.68882936  0.48569356
   0.79329899  0.55935577  0.38684508
   0.17930347  0.06461033  0.18565382
   0.27879365  0.43041116  0.49389223
   0.03971000  0.44194000  0.08602000
   0.31562378  0.18846225  0.28933738
   0.12760608  0.31226060  0.38904508
   0.51251028  0.06433054  0.18542289
   0.60591902  0.42673387  0.48894393
   0.37304000  0.44194000  0.08602000
   0.64858187  0.18791256  0.28868047
   0.46003999  0.31255755  0.38944255
   0.84599438  0.06450356  0.18530299
   0.94693525  0.42895753  0.49219046
   0.70637000  0.44194000  0.08602000
   0.98227204  0.18806526  0.28879773
   0.79353982  0.31164405  0.38766941
   0.18136189  0.56499715  0.18532513
   0.24764212  0.93912614  0.49719888
   0.03971000  0.94194000  0.08602000
   0.31689323  0.69023850  0.29000402
   0.11200712  0.81624487  0.39279411
   0.51426468  0.56449759  0.18470269
   0.37304000  0.94194000  0.08602000
   0.64975590  0.68968847  0.28858996
   0.44503174  0.81727194  0.39324512
   0.84797074  0.56455455  0.18485781
   0.91686194  0.93679572  0.49470836
   0.70637000  0.94194000  0.08602000
   0.98420178  0.68972764  0.28842079
   0.77671880  0.81574774  0.39347343
   0.17417000  0.33753000  0.10253000
   0.25942010  0.20504999  0.40255762
   0.07769175  0.32205998  0.50374752
   0.31560497  0.46175799  0.20550977
   0.11530347  0.08354194  0.30667472
   0.23858000  0.04636000  0.06951000
   0.04582703  0.17124432  0.17020170
   0.32645642  0.41712208  0.37297134
   0.11670280  0.04876741  0.47773848
   0.18260926  0.29381842  0.27114624
   0.50750000  0.33753000  0.10253000
   0.59676199  0.20962930  0.40672618
   0.40860506  0.32030099  0.50343853
   0.64821212  0.46042558  0.20361184
   0.44966102  0.08520815  0.30850749
   0.57191000  0.04636000  0.06951000
   0.37872310  0.17030102  0.16980976
   0.66016943  0.41466138  0.36942394
   0.45153259  0.05478654  0.47514081
   0.51538389  0.29251021  0.26998512
   0.84083000  0.33753000  0.10253000
   0.92661542  0.20610056  0.40343887
   0.74207451  0.32603532  0.51289503
   0.98225402  0.46100468  0.20466954
   0.78214643  0.08419813  0.30734336
   0.90524000  0.04636000  0.06951000
   0.71229081  0.17070939  0.16998878
   0.99291763  0.41595214  0.37219533
   0.78965519  0.04984264  0.47869368
   0.84933478  0.29308049  0.27062608
   0.17417000  0.83753000  0.10253000
   0.24494836  0.70939631  0.40467986
   0.04211406  0.82646359  0.50164174
   0.31385891  0.96183093  0.20591584
   0.11721781  0.58488649  0.30716587
   0.23858000  0.54636000  0.06951000
   0.04745475  0.67100299  0.17012699
   0.31016597  0.92104945  0.37484988
   0.14370360  0.53679504  0.47692739
   0.18279669  0.79391682  0.27121739
   0.50750000  0.83753000  0.10253000
   0.57735040  0.70957317  0.40886886
   0.37959832  0.82654891  0.49693704
   0.64687663  0.96145638  0.20533001
   0.45162077  0.58646905  0.30866342
   0.57191000  0.54636000  0.06951000
   0.38069120  0.67078851  0.16997130
   0.64448252  0.91940966  0.37382171
   0.48141731  0.53923097  0.47829452
   0.51571223  0.79344279  0.27090947
   0.84083000  0.83753000  0.10253000
   0.71949347  0.83056286  0.50306432
   0.98013299  0.96132666  0.20493178
   0.78393982  0.58428449  0.30375719
   0.90524000  0.54636000  0.06951000
   0.71383319  0.67051017  0.16975563
   0.97539666  0.91913191  0.37331041
   0.81092090  0.53574693  0.47393417
   0.84888249  0.79315185  0.27035326
   0.90840568  0.70722995  0.40515894
   0.41475643  0.94115509  0.59709318
   0.76243701  0.48997283  0.58359032
