   0.93088012  0.68530720  0.50291495
   0.03971000  0.19194000  0.09637000
   0.31913245  0.43916362  0.29723280
   0.11872817  0.06286276  0.40002139
   0.17994330  0.31557791  0.19582065
   0.24888883  0.19963959  0.49581070
   0.37304000  0.19194000  0.09637000
   0.65276995  0.44063236  0.29809379
   0.45187206  0.06577621  0.40179001
   0.51293517  0.31639809  0.19729768
   0.58096213  0.19489981  0.50086248
   0.70637000  0.19194000  0.09637000
   0.98591794  0.43989366  0.29756146
   0.78436515  0.06362502  0.40024322
   0.84582436  0.31617952  0.19711558
   0.92108885  0.19627234  0.49550315
   0.03971000  0.69194000  0.09637000
   0.31347809  0.94208403  0.29940717
   0.12901738  0.56247587  0.39856177
   0.17911307  0.81700791  0.19758616
   0.26846661  0.69457156  0.49360508
   0.37304000  0.69194000  0.09637000
   0.64748417  0.94098745  0.29848966
   0.45998392  0.56120375  0.39909191
   0.51209104  0.81651322  0.19741035
   0.60161931  0.69316600  0.49402434
   0.70637000  0.69194000  0.09637000
   0.98003759  0.94050023  0.29857725
   0.84556483  0.81643388  0.19732334
   0.79477777  0.56255043  0.40003835
   0.17936547  0.06510646  0.19566219
   0.28470104  0.43497202  0.50147836
   0.03971000  0.44194000  0.09637000
   0.31615361  0.19004466  0.29913965
   0.12750588  0.31347428  0.39853734
   0.51251076  0.06508225  0.19550312
   0.61173288  0.43194050  0.50145947
   0.37304000  0.44194000  0.09637000
   0.64943463  0.18992989  0.29854344
   0.46117524  0.31371147  0.39922708
   0.84583441  0.06479650  0.19525670
   0.95583406  0.43181182  0.49682325
   0.70637000  0.44194000  0.09637000
   0.98283483  0.18941392  0.29816067
   0.79365212  0.31414000  0.39803716
   0.18044724  0.56499718  0.19504361
   0.25459037  0.94015385  0.50441780
   0.03971000  0.94194000  0.09637000
   0.31604795  0.69055860  0.29853766
   0.11202407  0.81811737  0.40321437
   0.51388837  0.56493378  0.19505004
   0.58804632  0.93953785  0.50358746
   0.37304000  0.94194000  0.09637000
   0.64964674  0.69042287  0.29893556
   0.44758056  0.81905223  0.39928281
   0.84728647  0.56513313  0.19520184
   0.92236493  0.93920695  0.50280224
   0.70637000  0.94194000  0.09637000
   0.98316408  0.69092451  0.29877646
   0.78166349  0.81693484  0.40182342
   0.17312601  0.33268528  0.10917370
   0.26128334  0.20573908  0.41091303
   0.08678580  0.31947991  0.50977284
   0.31461124  0.46051586  0.21308515
   0.11615968  0.08473772  0.31570589
   0.23858000  0.04636000  0.07986000
   0.04529824  0.17118039  0.18002016
   0.32676631  0.41718974  0.38107510
   0.12280273  0.05018163  0.48750426
   0.18253215  0.29395629  0.27952753
   0.50750000  0.33753000  0.11288000
   0.59555543  0.20877443  0.41623751
   0.41237940  0.32390825  0.51250381
   0.64847752  0.46168855  0.21436704
   0.45081534  0.08645930  0.31735772
   0.57191000  0.04636000  0.07986000
   0.37879896  0.17138713  0.18025107
   0.65949028  0.41764512  0.38139124
   0.45536922  0.04871896  0.48908774
   0.51605645  0.29469828  0.28060415
   0.84083000  0.33753000  0.11288000
   0.92540310  0.20706301  0.41196412
   0.73913083  0.31859435  0.52377714
   0.98162681  0.46128197  0.21383373
   0.78292597  0.08546757  0.31594930
   0.90524000  0.04636000  0.07986000
   0.71198642  0.17114376  0.18011942
   0.99370618  0.41772541  0.38112657
   0.78964006  0.04919208  0.48781716
   0.84932379  0.29425738  0.28038921
   0.17417000  0.83753000  0.11288000
   0.24901205  0.71227057  0.41182317
   0.05615422  0.83510005  0.51066334
   0.31394655  0.96216540  0.21512978
   0.11696580  0.58586077  0.31514289
   0.23858000  0.54636000  0.07986000
   0.04657883  0.67142686  0.18018140
   0.31179079  0.92346605  0.38360519
   0.15889650  0.54458253  0.48281035
   0.18203068  0.79537249  0.28086963
   0.50750000  0.83753000  0.11288000
   0.57954276  0.71059739  0.41248656
   0.38765889  0.83372309  0.51377575
   0.64674883  0.96163966  0.21453178
   0.45009527  0.58519329  0.31538972
   0.57191000  0.54636000  0.07986000
   0.37975900  0.67115665  0.18015863
   0.64692533  0.92126213  0.38248996
   0.48431573  0.54313303  0.48537007
   0.51514981  0.79459098  0.28073965
   0.84083000  0.83753000  0.11288000
   0.72016512  0.83379136  0.51161932
   0.98019744  0.96153293  0.21445193
   0.78465359  0.58672270  0.31643935
   0.90524000  0.54636000  0.07986000
   0.71300583  0.67115820  0.18008534
   0.97799665  0.92104764  0.38269359
   0.81075109  0.53495891  0.48241036
   0.84814885  0.79458212  0.28059955
   0.91374803  0.71035144  0.41890642
  -0.06908997  0.63814202  0.60285914
   0.81329509  0.44162685  0.59565650
