   0.60452765  0.18971973  0.50209663
   0.03971000  0.19194000  0.09637000
   0.31327852  0.44056845  0.29827688
   0.12575366  0.06180428  0.39989242
   0.17972355  0.31625438  0.19726499
   0.26221209  0.19540285  0.49494134
   0.37304000  0.19194000  0.09637000
   0.64645036  0.44080293  0.29852548
   0.46107379  0.06393560  0.40220700
   0.51305782  0.31632711  0.19741990
   0.70637000  0.19194000  0.09637000
   0.97962859  0.44102998  0.29828496
   0.79426197  0.06090723  0.39751484
   0.84624005  0.31632519  0.19729559
   0.91562628  0.18873226  0.49832943
   0.03971000  0.69194000  0.09637000
   0.32002968  0.94162743  0.29907994
   0.11513801  0.56458137  0.39963774
   0.18011972  0.81693647  0.19768263
   0.25465271  0.69708251  0.49519413
   0.37304000  0.69194000  0.09637000
   0.65164985  0.93926354  0.29641987
   0.44712087  0.56447749  0.39979173
   0.51303841  0.81546010  0.19560012
   0.58613963  0.69716416  0.49519641
   0.70637000  0.69194000  0.09637000
   0.98582820  0.93961220  0.29751984
   0.84719328  0.81571298  0.19598441
   0.91856359  0.70022110  0.49539528
   0.78169872  0.56499626  0.39973789
   0.18141890  0.06506723  0.19548167
   0.24526798  0.44007056  0.50389149
   0.03971000  0.44194000  0.09637000
   0.31734545  0.19044274  0.29939358
   0.11105584  0.31786221  0.40099266
   0.51424678  0.06481622  0.19495873
   0.57861953  0.44531280  0.50318978
   0.37304000  0.44194000  0.09637000
   0.65043575  0.19008428  0.29826426
   0.44671535  0.31831914  0.40164811
   0.84777726  0.06463149  0.19484582
   0.91686075  0.44532888  0.50247323
   0.70637000  0.44194000  0.09637000
   0.98389126  0.18992222  0.29803988
   0.77844886  0.31689669  0.40113464
   0.17961774  0.56519163  0.19544062
   0.28162200  0.93424303  0.50278840
   0.03971000  0.94194000  0.09637000
   0.31565506  0.69017715  0.29855523
   0.12588016  0.81502724  0.39888974
   0.51302070  0.56492614  0.19542855
   0.61531289  0.93249305  0.50172029
   0.37304000  0.94194000  0.09637000
   0.64873773  0.68979386  0.29816744
   0.45869536  0.81523654  0.39859078
   0.84635296  0.56523345  0.19565259
   0.94864635  0.93316831  0.50076805
   0.70637000  0.94194000  0.09637000
   0.98243575  0.69028093  0.29873886
   0.79151983  0.81444740  0.39814947
   0.17417000  0.33753000  0.11288000
   0.24611281  0.21115840  0.41320902
   0.04236505  0.33452691  0.51282943
   0.31389919  0.46154291  0.21423083
   0.11795852  0.08526336  0.31574430
   0.23858000  0.04636000  0.07986000
   0.04700857  0.17093930  0.18004106
   0.31085326  0.42100469  0.38227453
   0.14887309  0.04418505  0.48631359
   0.18261363  0.29392465  0.28038073
   0.50750000  0.33753000  0.11288000
   0.57920288  0.21290701  0.41945229
   0.37905726  0.33564328  0.51404530
   0.64727929  0.46156717  0.21443325
   0.45263486  0.08725296  0.31783701
   0.57191000  0.04636000  0.07986000
   0.38035432  0.17112610  0.18006967
   0.64479620  0.42098964  0.38243646
   0.48101065  0.04098971  0.48692336
   0.51580130  0.29417099  0.28056808
   0.84083000  0.33753000  0.11288000
   0.91253776  0.21062253  0.41482831
   0.71227775  0.34369754  0.51333957
   0.98056294  0.46162975  0.21421834
   0.78486341  0.08515028  0.31405488
   0.90524000  0.04636000  0.07986000
   0.71351120  0.17102151  0.18002179
   0.97660054  0.42148490  0.38224730
   0.81435120  0.03554974  0.48001781
   0.84933741  0.29430118  0.28038964
   0.17417000  0.83753000  0.11288000
   0.25867378  0.70732122  0.41112756
   0.08085834  0.82460555  0.51128409
   0.31622817  0.96199296  0.21488994
   0.11565699  0.58535625  0.31546560
   0.23858000  0.54636000  0.07986000
   0.04597619  0.67169374  0.18018104
   0.32495694  0.92030694  0.38275472
   0.11830070  0.55154447  0.48674787
   0.18264040  0.79566871  0.28098529
   0.50607239  0.83276383  0.10910035
   0.59098437  0.70710032  0.41096305
   0.41287175  0.82319720  0.51161817
   0.64847816  0.96009560  0.21230826
   0.44880595  0.58498314  0.31548628
   0.57191000  0.54636000  0.07986000
   0.37910624  0.67100709  0.17968479
   0.65709171  0.91767890  0.37964127
   0.44750219  0.55228680  0.48741750
   0.51519046  0.79382640  0.27897376
   0.83972267  0.83273704  0.10930666
   0.74771572  0.82164949  0.51094629
   0.98236643  0.96054968  0.21324619
   0.78220175  0.58524100  0.31539606
   0.90524000  0.54636000  0.07986000
   0.71240814  0.67121621  0.17992905
   0.99114920  0.91848638  0.38129743
   0.78326010  0.55486698  0.48682092
   0.84899954  0.79438708  0.27960750
   0.92565734  0.70746692  0.41081829
   0.74281156  0.14684781  0.58714401
   0.77593050  0.35486152  0.61158316
