   0.60441975  0.93336387  0.49366259
   0.03971000  0.19194000  0.08602000
   0.31326582  0.43930428  0.28812470
   0.12316040  0.06119298  0.39090198
   0.17854976  0.31554450  0.18715560
   0.25862030  0.19382264  0.48640306
   0.37304000  0.19194000  0.08602000
   0.64608147  0.43866209  0.28771269
   0.45727088  0.06173739  0.39187038
   0.51185889  0.31534389  0.18694461
   0.58439325  0.18541737  0.49402190
   0.70637000  0.19194000  0.08602000
   0.97891457  0.43959804  0.28889315
   0.78947490  0.06139223  0.39091059
   0.84533326  0.31597408  0.18740092
   0.92200264  0.19307589  0.48734792
   0.03971000  0.69194000  0.08602000
   0.31708589  0.94051988  0.28908532
   0.11581397  0.56246896  0.39057066
   0.17854227  0.81630683  0.18759273
   0.26102458  0.69249082  0.48529978
   0.37304000  0.69194000  0.08602000
   0.65019647  0.93944701  0.28849989
   0.44778393  0.56310507  0.38964981
   0.51182141  0.81569729  0.18745532
   0.58881046  0.69556563  0.48489519
   0.70637000  0.69194000  0.08602000
   0.98335117  0.93942950  0.28869906
   0.84521437  0.81580809  0.18740895
   0.92209274  0.69702358  0.48466583
   0.78178997  0.56267909  0.38976089
   0.17965973  0.06445145  0.18576040
   0.24784667  0.43785638  0.49507315
   0.03971000  0.44194000  0.08602000
   0.31605690  0.18937543  0.28956812
   0.11438350  0.31621592  0.38952897
   0.51316548  0.06461051  0.18562513
   0.58198709  0.44092190  0.49321066
   0.37304000  0.44194000  0.08602000
   0.64895724  0.18920377  0.28911844
   0.44836501  0.31654548  0.39302888
   0.84633979  0.06445718  0.18548544
   0.91828619  0.44254859  0.49358646
   0.70637000  0.44194000  0.08602000
   0.98211142  0.18880321  0.28876809
   0.77861189  0.31525005  0.39239173
   0.17850821  0.56497006  0.18564965
   0.27067187  0.93214367  0.49428575
   0.03971000  0.94194000  0.08602000
   0.31397588  0.68909425  0.28891550
   0.12321707  0.81436960  0.38928370
   0.51189307  0.56443399  0.18535209
   0.37304000  0.94194000  0.08602000
   0.64762099  0.68870287  0.28881248
   0.45550040  0.81441353  0.38918039
   0.84552727  0.56507889  0.18604175
   0.94038658  0.93462748  0.49284233
   0.70637000  0.94194000  0.08602000
   0.98104490  0.68896005  0.28916453
   0.78889357  0.81443446  0.38933483
   0.17417000  0.33753000  0.10253000
   0.24682055  0.20974599  0.40430723
   0.04245112  0.33128405  0.51028708
   0.31257987  0.46070600  0.20424620
   0.11673683  0.08477006  0.30694659
   0.23858000  0.04636000  0.06951000
   0.04566613  0.17030997  0.16953971
   0.31297435  0.41950790  0.37236008
   0.14057718  0.04430221  0.47751763
   0.18105406  0.29304550  0.27043328
   0.50750000  0.33753000  0.10253000
   0.58110161  0.20970938  0.41049472
   0.38118863  0.33348805  0.50311628
   0.64589671  0.46060663  0.20412176
   0.45066657  0.08604696  0.30816336
   0.57191000  0.04636000  0.06951000
   0.37891508  0.17015479  0.16941483
   0.64644045  0.41853422  0.37184032
   0.46736267  0.03668740  0.47502576
   0.51456692  0.29278589  0.26993209
   0.84083000  0.33753000  0.10253000
   0.91515065  0.21009083  0.40517777
   0.71672853  0.33669587  0.50429075
   0.97948750  0.46119401  0.20480450
   0.78316911  0.08514236  0.30704207
   0.90524000  0.04636000  0.06951000
   0.71246744  0.17060115  0.16950718
   0.97830785  0.41921967  0.37329740
   0.80745509  0.04265225  0.47670475
   0.84766521  0.29307748  0.27051917
   0.17417000  0.83753000  0.10253000
   0.25562892  0.70660749  0.40226373
   0.07062923  0.82632203  0.50209918
   0.31432048  0.96133098  0.20508019
   0.11438441  0.58389351  0.30661368
   0.23858000  0.54636000  0.06951000
   0.04496036  0.67145947  0.16978116
   0.32122297  0.91821135  0.37227640
   0.12052476  0.54875943  0.47780566
   0.18049881  0.79401247  0.27092376
   0.50750000  0.83753000  0.10253000
   0.58831717  0.70647993  0.40113271
   0.40415202  0.82295158  0.50533934
   0.64729294  0.96089604  0.20471024
   0.44725260  0.58402013  0.30556795
   0.57191000  0.54636000  0.06951000
   0.37831307  0.67085949  0.16958017
   0.65435251  0.91840249  0.37212496
   0.45124283  0.55046376  0.47715413
   0.51399201  0.79358386  0.27071447
   0.84083000  0.83753000  0.10253000
   0.73990621  0.82526064  0.50006998
   0.98045595  0.96090273  0.20479852
   0.78128312  0.58298979  0.30506861
   0.90524000  0.54636000  0.06951000
   0.71154505  0.67090424  0.16956969
   0.98839085  0.91857062  0.37248080
   0.78632616  0.55116001  0.47722416
   0.84751339  0.79359001  0.27072754
   0.92209797  0.70685620  0.40158485
   0.57250445  0.14048328  0.59305312
   0.78796865  0.30724079  0.59617368
