   0.58174581  0.94034702  0.49541779
   0.03971000  0.19194000  0.08602000
   0.31978078  0.44026526  0.28920668
   0.11576238  0.06095535  0.39075775
   0.17987071  0.31650875  0.18743861
   0.26178868  0.18983355  0.48603790
   0.37304000  0.19194000  0.08602000
   0.65181703  0.43812533  0.28668753
   0.45066223  0.06467341  0.39316097
   0.51248144  0.31518122  0.18663071
   0.59292518  0.19491217  0.49141078
   0.70637000  0.19194000  0.08602000
   0.98701290  0.43881746  0.28815770
   0.78224089  0.06229661  0.39163274
   0.84666716  0.31572955  0.18701905
   0.93123634  0.19116694  0.48656901
   0.03971000  0.69194000  0.08602000
   0.31351163  0.94082202  0.29033469
   0.12514517  0.56062298  0.39102996
   0.18008884  0.81666813  0.18761761
   0.25671413  0.69397436  0.48685926
   0.37304000  0.69194000  0.08602000
   0.64622866  0.93976157  0.28956417
   0.45821409  0.56271409  0.39254759
   0.51286788  0.81631844  0.18737715
   0.61020943  0.68542389  0.49346735
   0.70637000  0.69194000  0.08602000
   0.97876754  0.93916987  0.28905508
   0.84630714  0.81600798  0.18704747
   0.90701396  0.68640305  0.48931522
   0.79425584  0.55926444  0.38658952
   0.17926219  0.06467156  0.18573856
   0.27851958  0.43031002  0.49367408
   0.03971000  0.44194000  0.08602000
   0.31546625  0.18873156  0.28949734
   0.12756871  0.31226014  0.38922698
   0.51264805  0.06435210  0.18542938
   0.60578966  0.42684891  0.48852334
   0.37304000  0.44194000  0.08602000
   0.64877687  0.18814258  0.28871874
   0.46022661  0.31251469  0.38940909
   0.84613788  0.06462034  0.18535901
   0.94728408  0.42855830  0.49175599
   0.70637000  0.44194000  0.08602000
   0.98221116  0.18824161  0.28891798
   0.79379671  0.31151583  0.38770874
   0.18137984  0.56495985  0.18546829
   0.24714632  0.93719829  0.49552472
   0.03971000  0.94194000  0.08602000
   0.31710836  0.69007965  0.29022543
   0.11054350  0.81647256  0.39348024
   0.51430165  0.56455752  0.18479934
   0.37304000  0.94194000  0.08602000
   0.64978585  0.68973284  0.28890682
   0.44582829  0.81721248  0.39396802
   0.84805456  0.56456841  0.18482096
   0.91735788  0.93862750  0.49479647
   0.70637000  0.94194000  0.08602000
   0.98423613  0.68979398  0.28868782
   0.77683848  0.81486866  0.39394434
   0.17417000  0.33753000  0.10253000
   0.25961701  0.20459210  0.40223519
   0.07803486  0.32208633  0.50394816
   0.31567786  0.46177019  0.20548085
   0.11528920  0.08357661  0.30654274
   0.23858000  0.04636000  0.06951000
   0.04601704  0.17127864  0.17011122
   0.32701296  0.41685741  0.37271484
   0.11901444  0.04866320  0.47831456
   0.18267770  0.29382920  0.27106154
   0.50750000  0.33753000  0.10253000
   0.59510926  0.20845287  0.40667285
   0.40979727  0.31938824  0.50380678
   0.64831014  0.46051070  0.20370813
   0.44977556  0.08549402  0.30856767
   0.57191000  0.04636000  0.06951000
   0.37881718  0.17034654  0.16978052
   0.66009260  0.41509311  0.36979493
   0.45212920  0.05271518  0.48082495
   0.51558524  0.29257556  0.26999066
   0.84083000  0.33753000  0.10253000
   0.92614979  0.20577262  0.40329164
   0.74261252  0.32663911  0.51481681
   0.98208418  0.46103978  0.20457168
   0.78201196  0.08432578  0.30724096
   0.90524000  0.04636000  0.06951000
   0.71226092  0.17079786  0.16996046
   0.99320127  0.41581868  0.37195433
   0.78609965  0.05180673  0.47903486
   0.84916449  0.29309900  0.27058106
   0.17417000  0.83753000  0.10253000
   0.24515691  0.70953556  0.40472616
   0.04711560  0.82939439  0.50102449
   0.31384005  0.96188824  0.20593251
   0.11748458  0.58486422  0.30711421
   0.23858000  0.54636000  0.06951000
   0.04756093  0.67103150  0.17007087
   0.31102788  0.92158557  0.37484913
   0.14635271  0.54053318  0.47731547
   0.18306181  0.79401101  0.27118240
   0.50750000  0.83753000  0.10253000
   0.57609625  0.71040689  0.41010060
   0.38020435  0.83258723  0.50503346
   0.64698893  0.96153785  0.20535160
   0.45164958  0.58623799  0.30860395
   0.57191000  0.54636000  0.06951000
   0.38071933  0.67081109  0.16989108
   0.64367098  0.91992944  0.37379500
   0.47766306  0.53681047  0.47659438
   0.51553043  0.79343218  0.27076380
   0.84083000  0.83753000  0.10253000
   0.71549649  0.83798532  0.50155717
   0.98010112  0.96132945  0.20492167
   0.78391332  0.58430860  0.30465778
   0.90524000  0.54636000  0.06951000
   0.71389050  0.67044210  0.16972028
   0.97523933  0.91895546  0.37322335
   0.81043327  0.52869406  0.46786844
   0.84879366  0.79292474  0.27019344
   0.91186218  0.70657469  0.40511882
   0.41440036  0.93704150  0.58336803
   0.75949390  0.48955286  0.58248281
