   0.92904733  0.94025545  0.50029618
   0.03971000  0.19194000  0.08602000
   0.31587843  0.43924934  0.28664402
   0.12062365  0.06138621  0.38992587
   0.18004657  0.31403596  0.18605314
   0.26050163  0.18982045  0.48448730
   0.37304000  0.19194000  0.08602000
   0.64973239  0.43931350  0.28690476
   0.46056397  0.06397218  0.39253242
   0.51159778  0.31394678  0.18707623
   0.60028806  0.18794009  0.49064108
   0.70637000  0.19194000  0.08602000
   0.98332490  0.44002620  0.28689927
   0.79179087  0.06057313  0.38435944
   0.84590948  0.31393576  0.18677283
   0.92594018  0.18355835  0.48284419
   0.03971000  0.69194000  0.08602000
   0.31609917  0.94221022  0.28940294
   0.12157882  0.56371734  0.38962181
   0.18056622  0.81513993  0.18731108
   0.25268878  0.69599724  0.48583382
   0.37304000  0.69194000  0.08602000
   0.65007364  0.93861241  0.28572464
   0.44981431  0.56188171  0.38870935
   0.51081428  0.81523420  0.18669976
   0.58542131  0.69264779  0.48386871
   0.70637000  0.69194000  0.08602000
   0.98277417  0.93955281  0.28863755
   0.84537421  0.81587140  0.18760185
   0.92087321  0.69711680  0.48674069
   0.78913617  0.56403214  0.38988545
   0.17867690  0.06380002  0.18622271
   0.25970647  0.43271250  0.49285819
   0.03971000  0.44194000  0.08602000
   0.31672261  0.19014225  0.29073380
   0.11918131  0.31728291  0.38806974
   0.51158595  0.06294622  0.18470329
   0.59155993  0.43807091  0.49270015
   0.37304000  0.44194000  0.08602000
   0.64966250  0.18928430  0.28693006
   0.45432451  0.31661035  0.39077438
   0.84597948  0.06424765  0.18702064
   0.93177955  0.43742527  0.49119451
   0.70637000  0.44194000  0.08602000
   0.98326652  0.19046089  0.28718307
   0.78773319  0.31565990  0.38689988
   0.17965776  0.56370126  0.18471630
   0.26461095  0.93493630  0.49577855
   0.03971000  0.94194000  0.08602000
   0.31461538  0.68900051  0.28775982
   0.12085225  0.81805836  0.39014377
   0.51417133  0.56499423  0.18437681
   0.60231317  0.93691897  0.49719752
   0.37304000  0.94194000  0.08602000
   0.64871022  0.69006825  0.28998451
   0.45372931  0.81798992  0.39047402
   0.84662499  0.56387547  0.18428915
   0.70637000  0.94194000  0.08602000
   0.98214138  0.68925373  0.28792283
   0.78513878  0.81668338  0.39398119
   0.17292564  0.33296100  0.10022571
   0.25315300  0.20917640  0.40161380
   0.05576376  0.32511232  0.49945669
   0.31499218  0.45982748  0.20294152
   0.11567657  0.08577132  0.30591425
   0.23858000  0.04636000  0.06951000
   0.04521325  0.16972754  0.16953500
   0.31882152  0.41843793  0.37052493
   0.13413101  0.04460970  0.47651108
   0.18251802  0.29359175  0.26928263
   0.50750000  0.33753000  0.10253000
   0.59022645  0.21184429  0.40809505
   0.39215919  0.32573051  0.50440365
   0.64637114  0.46060662  0.20334964
   0.45292720  0.08692491  0.30802455
   0.57191000  0.04636000  0.06951000
   0.37845099  0.16914529  0.16950493
   0.65197745  0.41989588  0.37074630
   0.47086764  0.04368133  0.47890106
   0.51443676  0.29345392  0.27028340
   0.84083000  0.33753000  0.10253000
   0.92144068  0.21023458  0.39802395
   0.72516477  0.33157444  0.50989534
   0.98114826  0.45956077  0.20316631
   0.78425873  0.08411325  0.30034960
   0.90524000  0.04636000  0.06951000
   0.71122905  0.16974302  0.16983186
   0.98501958  0.42197420  0.37067617
   0.79932188  0.04173430  0.46528404
   0.84830572  0.29468254  0.26982831
   0.17323178  0.83319293  0.10058388
   0.25295567  0.71013928  0.40299726
   0.06226681  0.82915009  0.50560096
   0.31354175  0.96004664  0.20482472
   0.11601655  0.58492799  0.30507512
   0.23858000  0.54636000  0.06951000
   0.04631809  0.67101638  0.16995455
   0.31965066  0.92302015  0.37339681
   0.13304013  0.54543391  0.47598495
   0.18202226  0.79509254  0.27100740
   0.50750000  0.83753000  0.10253000
   0.58196130  0.70707431  0.40146767
   0.39564442  0.82609764  0.50438463
   0.64597518  0.95898079  0.20199158
   0.44808001  0.58443610  0.30479746
   0.57191000  0.54636000  0.06951000
   0.37887304  0.67063768  0.16964675
   0.65070720  0.91768918  0.36886694
   0.45995829  0.54344187  0.47512731
   0.51377335  0.79288917  0.26955172
   0.84083000  0.83753000  0.10253000
   0.72797100  0.82355241  0.49941558
   0.98072661  0.96026398  0.20493806
   0.78337265  0.58426070  0.30491729
   0.90524000  0.54636000  0.06951000
   0.71383867  0.67125513  0.16947408
   0.98366116  0.91843855  0.37182452
   0.79756752  0.54537811  0.47551949
   0.84796155  0.79373413  0.27088100
   0.92369349  0.70890433  0.40458514
   0.80607234  0.04029396  0.58803585
   0.75086299  0.39456139  0.59878624
