   0.93570189  0.93268644  0.49249187
   0.03971000  0.19194000  0.08602000
   0.31813444  0.44671335  0.28969362
   0.12629516  0.06274122  0.38813538
   0.18100324  0.31724866  0.18767977
   0.25941196  0.19099180  0.48346725
   0.37304000  0.19194000  0.08602000
   0.64763657  0.44219360  0.28438332
   0.46802079  0.06869605  0.39233086
   0.51113280  0.31483263  0.18585952
   0.59940862  0.19150874  0.49189785
   0.70637000  0.19194000  0.08602000
   0.98313591  0.44400491  0.28537222
   0.79853376  0.06117094  0.37754103
   0.84666687  0.31572882  0.18565643
   0.91720542  0.17941431  0.48182463
   0.03971000  0.69194000  0.08602000
   0.32338804  0.94515698  0.29001223
   0.12096979  0.56675518  0.38826059
   0.18001535  0.81718279  0.18832076
   0.25049676  0.69725021  0.48566682
   0.37304000  0.69194000  0.08602000
   0.65334538  0.93606169  0.28319906
   0.45040516  0.56836431  0.39381978
   0.51072298  0.81457515  0.18600827
   0.58377055  0.69866229  0.48987160
   0.70637000  0.69194000  0.08602000
   0.98595364  0.94021851  0.28772689
   0.84495168  0.81639575  0.18712776
   0.92634072  0.68957792  0.48261646
   0.78732979  0.56334853  0.38593121
   0.18028610  0.06533630  0.18706469
   0.24471626  0.43364780  0.49458350
   0.03971000  0.44194000  0.08602000
   0.31899855  0.19487942  0.29112132
   0.11607602  0.32127348  0.38787192
   0.51268413  0.06271630  0.18330635
   0.58052359  0.43954089  0.49447094
   0.37304000  0.44194000  0.08602000
   0.65050711  0.19130930  0.28410846
   0.45273944  0.32196886  0.39137708
   0.84730141  0.06554680  0.18683472
   0.91593129  0.43679285  0.49029894
   0.70637000  0.44194000  0.08602000
   0.98659137  0.19408694  0.28602166
   0.78382004  0.31787907  0.38433693
   0.17986850  0.56516784  0.18497388
   0.27288439  0.93218669  0.49269341
   0.03971000  0.94194000  0.08602000
   0.31652102  0.69388974  0.28962781
   0.13106058  0.81833575  0.38846653
   0.51238564  0.56565546  0.18415835
   0.60863164  0.93640765  0.49180928
   0.37304000  0.94194000  0.08602000
   0.64896465  0.69171549  0.28963840
   0.46444457  0.81906272  0.39094966
   0.84592174  0.56398457  0.18291717
   0.70637000  0.94194000  0.08602000
   0.98250319  0.69164250  0.28706655
   0.79597960  0.81644029  0.39186466
   0.17373235  0.33283689  0.10040694
   0.25161465  0.21333208  0.40147951
   0.04259078  0.32872559  0.49643888
   0.31518173  0.46266495  0.20472914
   0.11924148  0.08765218  0.30439543
   0.23858000  0.04636000  0.06951000
   0.04654348  0.17201729  0.17120289
   0.31742897  0.42571351  0.37374282
   0.14112080  0.03965472  0.47298040
   0.18582472  0.29983056  0.27208985
   0.50750000  0.33753000  0.10253000
   0.58752719  0.21805565  0.41016093
   0.37882353  0.32868894  0.50719514
   0.64607868  0.46088308  0.20078120
   0.45573937  0.09175831  0.30854436
   0.57191000  0.04636000  0.06951000
   0.37894999  0.16917674  0.16926766
   0.64903085  0.42113728  0.36740145
   0.47619291  0.04427400  0.47746988
   0.51586370  0.29609692  0.26871980
   0.84083000  0.33753000  0.10253000
   0.91719066  0.21154081  0.39561555
   0.71188274  0.33646091  0.51227469
   0.98208382  0.46071057  0.20107103
   0.78607539  0.08498211  0.29479951
   0.90524000  0.04636000  0.06951000
   0.71156119  0.17043080  0.16966317
   0.98069153  0.42600000  0.36882914
   0.80512910  0.03197853  0.45886873
   0.84915837  0.29770726  0.26847598
   0.17352579  0.83322406  0.10068137
   0.26216816  0.71083864  0.40231723
   0.06860471  0.82192761  0.50238801
   0.31544915  0.96194720  0.20575991
   0.11856921  0.58799161  0.30366197
   0.23858000  0.54636000  0.06951000
   0.04600302  0.67217527  0.17109610
   0.33192302  0.92435285  0.37340976
   0.12107320  0.54836357  0.47528373
   0.18268787  0.79903476  0.27275558
   0.50750000  0.83753000  0.10253000
   0.59370341  0.71020966  0.40705077
   0.40422367  0.82542116  0.50403687
   0.64741302  0.95866981  0.20042097
   0.45041550  0.59079270  0.30923840
   0.57191000  0.54636000  0.06951000
   0.37701667  0.67089187  0.16959781
   0.66251656  0.91454671  0.36519608
   0.45055736  0.54958491  0.48112557
   0.51418385  0.79339499  0.26864586
   0.84083000  0.83753000  0.10253000
   0.73419037  0.82842693  0.50740738
   0.98188073  0.96077196  0.20440298
   0.78340428  0.58603444  0.30242223
   0.90524000  0.54636000  0.06951000
   0.71238240  0.67107187  0.16906112
   0.99419700  0.91867406  0.37037245
   0.78618175  0.54496585  0.47166639
   0.84708446  0.79535595  0.27023034
   0.92923198  0.70800358  0.40021365
   0.85907973  0.12841275  0.57695013
   0.69846483  0.28091195  0.61477717
