   0.27727936  0.43538232  0.49191153
   0.03971000  0.19194000  0.08602000
   0.31736102  0.44003135  0.28928531
   0.12076288  0.06089896  0.39070255
   0.17912471  0.31625897  0.18761600
   0.26325841  0.19514602  0.48525562
   0.37304000  0.19194000  0.08602000
   0.65043058  0.43808096  0.28653076
   0.45364267  0.06251817  0.39091970
   0.51148085  0.31442113  0.18683168
   0.59832073  0.19343828  0.48560565
   0.70637000  0.19194000  0.08602000
   0.98388283  0.43967186  0.28879465
   0.78729975  0.06167840  0.39046426
   0.84593759  0.31580194  0.18730175
   0.93272399  0.19352967  0.48470335
   0.03971000  0.69194000  0.08602000
   0.31427706  0.93965104  0.28933088
   0.12062998  0.56131614  0.39135047
   0.17942737  0.81615384  0.18744411
   0.26398122  0.69213817  0.48676278
   0.37304000  0.69194000  0.08602000
   0.64808112  0.93923153  0.28892169
   0.46170018  0.56142148  0.39136335
   0.51212880  0.81567076  0.18738960
   0.59905242  0.69429219  0.48705438
   0.70637000  0.69194000  0.08602000
   0.98110673  0.93945376  0.28911647
   0.84559288  0.81616397  0.18719417
   0.93205262  0.69358725  0.49281842
   0.78834401  0.56364637  0.38545814
   0.17921593  0.06449927  0.18570073
   0.03971000  0.44194000  0.08602000
   0.31600067  0.18879341  0.28965706
   0.12367523  0.31462521  0.39007342
   0.51267975  0.06416161  0.18552195
   0.61190883  0.43511601  0.49937629
   0.37304000  0.44194000  0.08602000
   0.64953852  0.18869630  0.28923352
   0.45820366  0.31664336  0.39124213
   0.84601121  0.06462685  0.18573021
   0.94472020  0.43320634  0.50052916
   0.70637000  0.44194000  0.08602000
   0.98270242  0.18893960  0.28937785
   0.79055928  0.31607409  0.39047756
   0.17959524  0.56471277  0.18559159
   0.26554222  0.93823480  0.49387785
   0.03971000  0.94194000  0.08602000
   0.31595681  0.68925424  0.28992597
   0.11407612  0.81335576  0.39326490
   0.51264763  0.56398828  0.18502029
   0.59760373  0.93735604  0.49423441
   0.37304000  0.94194000  0.08602000
   0.64909771  0.68917396  0.28728820
   0.44953151  0.81648385  0.39144244
   0.84607457  0.56482833  0.18643314
   0.93141898  0.93832777  0.49361864
   0.70637000  0.94194000  0.08602000
   0.98355074  0.68975896  0.28739402
   0.78351672  0.81393854  0.39246578
   0.17417000  0.33753000  0.10253000
   0.25701337  0.20667016  0.40200083
   0.07778665  0.32471412  0.50228300
   0.31374728  0.46141440  0.20512260
   0.11594904  0.08373401  0.30667387
   0.23858000  0.04636000  0.06951000
   0.04581550  0.17101234  0.16975257
   0.32247586  0.41948879  0.37330055
   0.13257508  0.04820822  0.47768736
   0.18262454  0.29343850  0.27101014
   0.50750000  0.33753000  0.10253000
   0.59057533  0.20787889  0.40287772
   0.41039953  0.32706577  0.49907146
   0.64578820  0.45905902  0.20269554
   0.44989278  0.08414345  0.30688702
   0.57191000  0.04636000  0.06951000
   0.37857187  0.16978334  0.16941787
   0.65748953  0.41957413  0.37066212
   0.46641004  0.04703097  0.47788277
   0.51523169  0.29225419  0.27012066
   0.84083000  0.33753000  0.10253000
   0.92332750  0.20678965  0.40199866
   0.74260513  0.32513760  0.50242870
   0.98098000  0.46097864  0.20473068
   0.78315426  0.08391523  0.30642333
   0.90524000  0.04636000  0.06951000
   0.71223948  0.17047644  0.16962927
   0.98904672  0.41791844  0.37252275
   0.79887822  0.04787516  0.47772278
   0.84902771  0.29320179  0.27053583
   0.17417000  0.83753000  0.10253000
   0.24969511  0.70811885  0.40444635
   0.06569499  0.83319343  0.50086967
   0.31372325  0.96115650  0.20504289
   0.11606001  0.58534938  0.30700572
   0.23858000  0.54636000  0.06951000
   0.04595661  0.67097219  0.16980209
   0.31397655  0.91938522  0.37352937
   0.14103938  0.54335515  0.47752222
   0.18262120  0.79354783  0.27074007
   0.50750000  0.83753000  0.10253000
   0.58229005  0.71012910  0.40472812
   0.39638116  0.82987690  0.50268006
   0.64678353  0.96086605  0.20476460
   0.45092801  0.58530817  0.30714984
   0.57191000  0.54636000  0.06951000
   0.37917125  0.67046284  0.16965364
   0.64974713  0.91901642  0.37299697
   0.48182121  0.54409493  0.47834707
   0.51416068  0.79356952  0.27071534
   0.84083000  0.83753000  0.10253000
   0.73042607  0.83140919  0.50363820
   0.98033382  0.96143099  0.20482914
   0.78448634  0.58438758  0.29780920
   0.90524000  0.54636000  0.06951000
   0.71205832  0.67070934  0.16956016
   0.98169586  0.91701938  0.37338127
   0.81307194  0.54731052  0.50854686
   0.84843844  0.79464630  0.27045454
   0.91161489  0.70324175  0.40973040
   0.04225683  0.58383552  0.67791341
   0.90803907  0.56848090  0.59368137
