   0.57824488  0.68701122  0.50035429
   0.03971000  0.19194000  0.09637000
   0.31847081  0.43811687  0.29653619
   0.11538595  0.06210907  0.40025530
   0.17963286  0.31451902  0.19569800
   0.25336569  0.19424934  0.49606201
   0.37304000  0.19194000  0.09637000
   0.65231891  0.43871665  0.29793825
   0.45056936  0.06371621  0.40123822
   0.51353505  0.31507370  0.19625871
   0.58289087  0.20056638  0.49921936
   0.70637000  0.19194000  0.09637000
   0.98653294  0.44027053  0.29940886
   0.78147776  0.06229209  0.40078054
   0.84660750  0.31631538  0.19773985
   0.92544026  0.19285658  0.49629399
   0.03971000  0.69194000  0.09637000
   0.31338205  0.93953694  0.29881114
   0.12711281  0.56169295  0.40262265
   0.17965007  0.81534490  0.19652428
   0.27509074  0.68970042  0.50244382
   0.37304000  0.69194000  0.09637000
   0.64515874  0.93944900  0.29871890
   0.45936583  0.55998407  0.39795906
   0.51293235  0.81540087  0.19630873
   0.70637000  0.69194000  0.09637000
   0.97918619  0.93925604  0.29888585
   0.84616118  0.81571595  0.19732245
   0.92982204  0.69549124  0.49613202
   0.79084171  0.56128542  0.40024879
   0.17917787  0.06396378  0.19533170
   0.28079617  0.43021998  0.50348204
   0.03971000  0.44194000  0.09637000
   0.31553418  0.18827932  0.29831194
   0.12642154  0.31258710  0.39884375
   0.51269461  0.06428963  0.19529757
   0.61008679  0.43097436  0.49958344
   0.37304000  0.44194000  0.09637000
   0.64888409  0.18834567  0.29878823
   0.45910496  0.31232601  0.39802498
   0.84570626  0.06420342  0.19532417
   0.95052233  0.43213870  0.50404284
   0.70637000  0.44194000  0.09637000
   0.98229171  0.18831618  0.29852858
   0.79308621  0.31244096  0.39831122
   0.18050301  0.56420206  0.19498724
   0.24984807  0.94312695  0.50280384
   0.03971000  0.94194000  0.09637000
   0.31617257  0.68966574  0.29909572
   0.11275082  0.81617366  0.40202196
   0.51405333  0.56405876  0.19482451
   0.58566667  0.94260075  0.50404071
   0.37304000  0.94194000  0.09637000
   0.64929105  0.68953247  0.29844414
   0.44385251  0.81612618  0.40412066
   0.84757460  0.56451342  0.19550233
   0.91462103  0.93870761  0.50473657
   0.70637000  0.94194000  0.09637000
   0.98331572  0.68954044  0.29940698
   0.77660650  0.81657204  0.40280429
   0.17290420  0.33268080  0.10936100
   0.25892377  0.20498614  0.41204049
   0.07820158  0.32053573  0.51421311
   0.31456042  0.45951411  0.21260589
   0.11559798  0.08367268  0.31604914
   0.23858000  0.04636000  0.07986000
   0.04519775  0.17018713  0.17996162
   0.32456509  0.41493911  0.37957524
   0.11615432  0.05000445  0.48827854
   0.18199881  0.29236184  0.27917044
   0.50675229  0.33268565  0.10968892
   0.59419561  0.20735460  0.41397296
   0.41327216  0.31824871  0.51357640
   0.64835283  0.45994851  0.21390095
   0.44933875  0.08410853  0.31667418
   0.57191000  0.04636000  0.07986000
   0.37880492  0.17063295  0.18033072
   0.65940347  0.41705146  0.38234709
   0.45302878  0.05453162  0.48897241
   0.51612683  0.29311926  0.28020476
   0.84083000  0.33753000  0.11288000
   0.92501962  0.20562169  0.41305387
   0.74430755  0.32730275  0.51977285
   0.98204762  0.46146438  0.21540059
   0.78213609  0.08382299  0.31646017
   0.90524000  0.04636000  0.07986000
   0.71241708  0.17115507  0.18059023
   0.99228173  0.41714002  0.38314571
   0.78696617  0.04946469  0.48839752
   0.84929249  0.29386007  0.28130855
   0.17314987  0.83281255  0.10971674
   0.24311365  0.70998327  0.41885815
   0.04965025  0.83464928  0.51479756
   0.31350075  0.96023618  0.21411519
   0.11767834  0.58606094  0.31827737
   0.23858000  0.54636000  0.07986000
   0.04672221  0.67055914  0.18017826
   0.31032629  0.92084684  0.38300583
   0.14839272  0.53828012  0.48724637
   0.18175076  0.79333689  0.28028059
   0.50661313  0.83276470  0.10956849
   0.57905704  0.70841724  0.41599232
   0.38447739  0.84275818  0.50680078
   0.64648387  0.96047736  0.21410896
   0.45033964  0.58450632  0.31476293
   0.57191000  0.54636000  0.07986000
   0.37987202  0.67045822  0.18012766
   0.64236673  0.92004397  0.38300762
   0.47928685  0.53176740  0.47953014
   0.51479613  0.79341123  0.27988923
   0.84083000  0.83753000  0.11288000
   0.71432251  0.83297624  0.51184939
   0.98024119  0.96083865  0.21465262
   0.78325070  0.58472547  0.31651395
   0.90524000  0.54636000  0.07986000
   0.71331321  0.67036233  0.18023455
   0.97721183  0.91938914  0.38319203
   0.81648751  0.54312046  0.48907922
   0.84856247  0.79294499  0.28045513
   0.91123174  0.70917841  0.41450671
   0.42013453  0.65453549  0.58406345
   0.76652225  0.47806197  0.59849003
