   0.60190847  0.93320381  0.49411124
   0.03971000  0.19194000  0.08602000
   0.31217673  0.43918648  0.28824560
   0.12090963  0.06078462  0.39103500
   0.17792165  0.31552124  0.18720396
   0.25943855  0.19298903  0.48610459
   0.37304000  0.19194000  0.08602000
   0.64467761  0.43843073  0.28804707
   0.45483625  0.06168386  0.39312533
   0.51134004  0.31520857  0.18711016
   0.58784232  0.18939732  0.49479900
   0.70637000  0.19194000  0.08602000
   0.97719271  0.43910069  0.28893692
   0.78759116  0.06139240  0.39108562
   0.84463624  0.31568737  0.18729775
   0.92332775  0.18991535  0.48690695
   0.03971000  0.69194000  0.08602000
   0.31653490  0.94004656  0.28937394
   0.11373875  0.56185842  0.39059223
   0.17879124  0.81598913  0.18760727
   0.25624120  0.69306540  0.48550187
   0.37304000  0.69194000  0.08602000
   0.64892770  0.93956817  0.28890921
   0.44551556  0.56246457  0.39021494
   0.51183121  0.81594819  0.18748955
   0.58585455  0.69520978  0.48563562
   0.70637000  0.69194000  0.08602000
   0.98248879  0.93905468  0.28866451
   0.84518239  0.81563813  0.18736427
   0.91833036  0.69795652  0.48540146
   0.77889532  0.56302371  0.38995529
   0.17938765  0.06418651  0.18562606
   0.24746531  0.43894481  0.49678840
   0.03971000  0.44194000  0.08602000
   0.31418057  0.18880317  0.28948580
   0.11184251  0.31558575  0.38862676
   0.51275561  0.06435832  0.18561929
   0.57977962  0.44123477  0.49308005
   0.37304000  0.44194000  0.08602000
   0.64714536  0.18912656  0.28969396
   0.44594289  0.31609949  0.39268537
   0.84606081  0.06419618  0.18541013
   0.91434812  0.44472207  0.49353956
   0.70637000  0.44194000  0.08602000
   0.98028062  0.18853890  0.28877127
   0.77617851  0.31591659  0.39405881
   0.17840070  0.56442626  0.18556301
   0.26845489  0.93229755  0.49499260
   0.03971000  0.94194000  0.08602000
   0.31345335  0.68842567  0.28888531
   0.12084667  0.81349891  0.38915664
   0.51180924  0.56430043  0.18538201
   0.37304000  0.94194000  0.08602000
   0.64692315  0.68835268  0.28879386
   0.45360988  0.81379837  0.38936503
   0.84526444  0.56435550  0.18565301
   0.93811289  0.93372433  0.49331145
   0.70637000  0.94194000  0.08602000
   0.98017182  0.68820890  0.28882352
   0.78680689  0.81430533  0.38980051
   0.17417000  0.33753000  0.10253000
   0.24415881  0.20951605  0.40432305
   0.03935397  0.33110747  0.51453078
   0.31256410  0.46060833  0.20442736
   0.11478992  0.08464488  0.30707992
   0.23858000  0.04636000  0.06951000
   0.04549352  0.17023589  0.16949903
   0.31036019  0.41891378  0.37230525
   0.13828232  0.04409387  0.47796774
   0.17946126  0.29265917  0.27048338
   0.50750000  0.33753000  0.10253000
   0.57728726  0.20916718  0.41047575
   0.37821344  0.33316347  0.50388327
   0.64577150  0.46032486  0.20435687
   0.44885971  0.08582038  0.30882332
   0.57191000  0.04636000  0.06951000
   0.37864284  0.17013516  0.16945435
   0.64378056  0.41861004  0.37189906
   0.46634063  0.03907963  0.47777960
   0.51264983  0.29237703  0.27022205
   0.84083000  0.33753000  0.10253000
   0.91428384  0.21040792  0.40558766
   0.71632496  0.33920745  0.50028720
   0.97931138  0.46081246  0.20494419
   0.78150697  0.08519376  0.30750273
   0.90524000  0.04636000  0.06951000
   0.71218630  0.17037016  0.16945563
   0.97595787  0.41901681  0.37352971
   0.80597777  0.04095194  0.47621014
   0.84604299  0.29271528  0.27045858
   0.17417000  0.83753000  0.10253000
   0.25347840  0.70576952  0.40244469
   0.06819676  0.82583590  0.50352994
   0.31398680  0.96107320  0.20545739
   0.11348235  0.58336021  0.30653483
   0.23858000  0.54636000  0.06951000
   0.04495521  0.67091667  0.16974723
   0.31918783  0.91788073  0.37301589
   0.11837641  0.54753713  0.47822260
   0.18035588  0.79341231  0.27096439
   0.50750000  0.83753000  0.10253000
   0.58636427  0.70609362  0.40187554
   0.40112091  0.82260418  0.50561292
   0.64708206  0.96104980  0.20509271
   0.44696414  0.58373216  0.30602813
   0.57191000  0.54636000  0.06951000
   0.37813742  0.67083733  0.16969798
   0.65232673  0.91813559  0.37263983
   0.44774898  0.55042715  0.47760671
   0.51351421  0.79333170  0.27077599
   0.84083000  0.83753000  0.10253000
   0.73627422  0.82480343  0.50144360
   0.98028546  0.96068474  0.20485602
   0.78026752  0.58293334  0.30543724
   0.90524000  0.54636000  0.06951000
   0.71169066  0.67054329  0.16960339
   0.98641607  0.91808060  0.37251414
   0.78268012  0.55336053  0.47726634
   0.84691080  0.79310162  0.27063925
   0.91987720  0.70687204  0.40215083
   0.60505739  0.15549061  0.59612695
   0.86388632  0.27312025  0.58513617
