   0.57925441  0.18755080  0.49903911
   0.03971000  0.19194000  0.09637000
   0.31429385  0.44001958  0.29633218
   0.13029286  0.06304001  0.40071309
   0.18045933  0.31533877  0.19531609
   0.27410396  0.19320389  0.49992615
   0.37304000  0.19194000  0.09637000
   0.64670431  0.44009226  0.29671672
   0.46444333  0.06180144  0.39735542
   0.51373316  0.31556376  0.19528715
   0.70637000  0.19194000  0.09637000
   0.98058577  0.43997849  0.29635294
   0.79549767  0.06179610  0.39884641
   0.84712989  0.31550007  0.19522335
   0.93060173  0.19570934  0.49399174
   0.03971000  0.69194000  0.09637000
   0.32047131  0.94006204  0.29599892
   0.11430946  0.56471995  0.39754748
   0.18037109  0.81562117  0.19529877
   0.25302070  0.69784505  0.49336591
   0.37304000  0.69194000  0.09637000
   0.65432322  0.93982228  0.29646564
   0.44780832  0.56557870  0.39748764
   0.51395532  0.81566878  0.19543156
   0.58323200  0.70258433  0.49341172
   0.70637000  0.69194000  0.09637000
   0.98808945  0.94099635  0.29757587
   0.84746260  0.81611137  0.19594193
   0.91940108  0.69873012  0.49354763
   0.78167579  0.56446355  0.39798792
   0.18178314  0.06437010  0.19398180
   0.24524320  0.44522485  0.50016580
   0.03971000  0.44194000  0.09637000
   0.31864095  0.19039312  0.29745071
   0.11398742  0.31804723  0.39944687
   0.51516601  0.06434880  0.19382589
   0.57998440  0.44780105  0.50150811
   0.37304000  0.44194000  0.09637000
   0.65191953  0.18988506  0.29648782
   0.44553655  0.31852808  0.40227261
   0.84862152  0.06448711  0.19425556
   0.91338613  0.44332628  0.50269055
   0.70637000  0.44194000  0.09637000
   0.98540627  0.18978574  0.29741488
   0.77851209  0.31718077  0.39877258
   0.17985203  0.56420402  0.19402342
   0.28692289  0.93189861  0.50080386
   0.03971000  0.94194000  0.09637000
   0.31599473  0.68960698  0.29648843
   0.12808808  0.81470183  0.39679283
   0.51334448  0.56452265  0.19429840
   0.62096650  0.93247426  0.49966170
   0.37304000  0.94194000  0.09637000
   0.64957683  0.68982315  0.29693902
   0.46106791  0.81435127  0.39602563
   0.84650880  0.56447821  0.19418320
   0.95454339  0.93408525  0.50130719
   0.70637000  0.94194000  0.09637000
   0.98266043  0.68976232  0.29680012
   0.79508627  0.81446884  0.39681219
   0.17324093  0.33290300  0.10905936
   0.24512052  0.21198127  0.41693610
   0.04422352  0.33742112  0.51319974
   0.31434461  0.45999508  0.21179533
   0.12071638  0.08666756  0.31625390
   0.23858000  0.04636000  0.07986000
   0.04750706  0.17064088  0.17975897
   0.31140964  0.42156309  0.38026751
   0.15406195  0.04110376  0.48595513
   0.18368288  0.29369354  0.27872762
   0.50653979  0.33284895  0.10899297
   0.58150288  0.21188610  0.41617479
   0.38117165  0.34525595  0.50602513
   0.64771504  0.46021566  0.21211564
   0.45353382  0.08623594  0.31403627
   0.57191000  0.04636000  0.07986000
   0.38074951  0.17081870  0.17963437
   0.64419846  0.42095743  0.38113039
   0.48611924  0.03432775  0.47967465
   0.51727717  0.29399093  0.27864204
   0.83972692  0.33285808  0.10902705
   0.91330937  0.21150351  0.41243363
   0.70895229  0.33705536  0.51627585
   0.98072957  0.46010597  0.21193275
   0.78631230  0.08546027  0.31470270
   0.90524000  0.04636000  0.07986000
   0.71424783  0.17075744  0.17976730
   0.97774485  0.42094839  0.38055551
   0.82125610  0.04329119  0.48534768
   0.85063454  0.29358117  0.27862491
   0.17322139  0.83284143  0.10915366
   0.26055588  0.70661418  0.40857237
   0.08506342  0.82145820  0.50974559
   0.31658209  0.96030298  0.21190991
   0.11583181  0.58439380  0.31300904
   0.23858000  0.54636000  0.07986000
   0.04592813  0.67096129  0.17991664
   0.32687170  0.91844964  0.37913991
   0.11398263  0.55322142  0.48502582
   0.18291958  0.79470046  0.27864525
   0.50664024  0.83284612  0.10917714
   0.59501585  0.70695762  0.40821280
   0.41955336  0.81985235  0.51009187
   0.64995850  0.96032751  0.21221059
   0.44947633  0.58452919  0.31288194
   0.57191000  0.54636000  0.07986000
   0.37927088  0.67110150  0.17993909
   0.66096823  0.91887424  0.38025728
   0.44730112  0.55730042  0.48482830
   0.51642607  0.79489268  0.27897707
   0.83991461  0.83294218  0.10950109
   0.75343854  0.82304935  0.50956351
   0.98339654  0.96084940  0.21304267
   0.78249160  0.58433834  0.31345145
   0.90524000  0.54636000  0.07986000
   0.71276923  0.67137518  0.18013704
   0.99431402  0.91977815  0.38139550
   0.78326522  0.55208388  0.48568340
   0.84999931  0.79553751  0.27960706
   0.92777196  0.70632822  0.40894367
   0.41560277  0.15437683  0.58628904
   0.68668179  0.29738424  0.61117636
