   0.93560770  0.19294434  0.50083287
   0.03971000  0.19194000  0.09637000
   0.31181545  0.44096696  0.29874739
   0.12872465  0.06124636  0.39876380
   0.17871529  0.31631644  0.19726185
   0.24100942  0.18967266  0.50022138
   0.37304000  0.19194000  0.09637000
   0.64542310  0.44155266  0.29913374
   0.46057111  0.06326433  0.40198485
   0.51151077  0.31670923  0.19750508
   0.58712296  0.19366039  0.49917022
   0.70637000  0.19194000  0.09637000
   0.97858234  0.44075479  0.29787289
   0.79532782  0.06347615  0.40130797
   0.84480365  0.31596136  0.19695507
   0.03971000  0.69194000  0.09637000
   0.32072835  0.94135010  0.29915145
   0.11555652  0.56590076  0.39906996
   0.17958713  0.81678218  0.19775235
   0.26019020  0.69856088  0.49447519
   0.37304000  0.69194000  0.09637000
   0.65420253  0.94090212  0.29872507
   0.45004671  0.56459570  0.40012310
   0.51225979  0.81648900  0.19767038
   0.59271060  0.69606159  0.49616730
   0.70637000  0.69194000  0.09637000
   0.98644392  0.93943047  0.29749415
   0.84521250  0.81593292  0.19708268
   0.92620212  0.69588258  0.49680576
   0.78155204  0.56533115  0.40083472
   0.18012821  0.06545102  0.19587863
   0.24748833  0.44455887  0.50253090
   0.03971000  0.44194000  0.09637000
   0.31714445  0.19198035  0.29958125
   0.10894370  0.31841478  0.40279075
   0.51329194  0.06512953  0.19530295
   0.57690710  0.44208669  0.50555449
   0.37304000  0.44194000  0.09637000
   0.65041328  0.19104504  0.29908733
   0.44152896  0.31920338  0.40433533
   0.84659247  0.06445693  0.19512036
   0.91495202  0.44809444  0.50269573
   0.70637000  0.44194000  0.09637000
   0.98356780  0.19040298  0.29802287
   0.77739248  0.31913687  0.40099828
   0.17901552  0.56484482  0.19551440
   0.28323884  0.93132934  0.50225530
   0.03971000  0.94194000  0.09637000
   0.31542461  0.69055158  0.29921826
   0.12869798  0.81438557  0.39878542
   0.51217013  0.56476679  0.19557591
   0.61848983  0.93381058  0.50231783
   0.37304000  0.94194000  0.09637000
   0.64849513  0.69007286  0.29922268
   0.46251074  0.81520621  0.39972545
   0.84604913  0.56475852  0.19524790
   0.95169404  0.93320176  0.50318203
   0.70637000  0.94194000  0.09637000
   0.98175672  0.68962254  0.29865853
   0.79519853  0.81485681  0.40015740
   0.17417000  0.33753000  0.11288000
   0.24233120  0.21090449  0.41580392
   0.04401736  0.34563287  0.50694096
   0.31327644  0.46143953  0.21431224
   0.11837146  0.08602791  0.31502805
   0.23858000  0.04636000  0.07986000
   0.04523962  0.17083363  0.17977818
   0.30814091  0.42200053  0.38292676
   0.15055011  0.03464966  0.48116038
   0.18184618  0.29449674  0.28023119
   0.50750000  0.33753000  0.11288000
   0.57843252  0.21334595  0.41753827
   0.37713580  0.33519913  0.51047905
   0.64683127  0.46151313  0.21454184
   0.45157442  0.08784448  0.31801215
   0.57191000  0.04636000  0.07986000
   0.37896537  0.17127998  0.17989169
   0.64201990  0.42222281  0.38395633
   0.48273718  0.04300679  0.48806515
   0.51602416  0.29488097  0.28070858
   0.84083000  0.33753000  0.11288000
   0.90744296  0.21297266  0.41748622
   0.70860490  0.33535792  0.52235681
   0.97968360  0.46105109  0.21368924
   0.78511782  0.08711163  0.31673613
   0.90524000  0.04636000  0.07986000
   0.71222799  0.17038844  0.17964305
   0.97525955  0.42287106  0.38199194
   0.81684013  0.04084087  0.48595342
   0.84829555  0.29401703  0.27988537
   0.17417000  0.83753000  0.11288000
   0.26207346  0.70730101  0.40997314
   0.08325526  0.82211426  0.51369418
   0.31516323  0.96234224  0.21526207
   0.11562388  0.58502175  0.31460838
   0.23858000  0.54636000  0.07986000
   0.04570117  0.67154024  0.18019031
   0.32825911  0.91951963  0.38269006
   0.11809008  0.55723838  0.48640764
   0.18196596  0.79585751  0.28122310
   0.50750000  0.83753000  0.11288000
   0.59468592  0.70670163  0.41212815
   0.41766264  0.82368563  0.51111826
   0.64796180  0.96172099  0.21452795
   0.44872968  0.58555546  0.31564647
   0.57191000  0.54636000  0.07986000
   0.37905388  0.67147854  0.18019312
   0.66190253  0.91933627  0.38229052
   0.45062121  0.55333312  0.48785706
   0.51587797  0.79552650  0.28099570
   0.84083000  0.83753000  0.11288000
   0.75013368  0.82340014  0.51072782
   0.98168751  0.96122027  0.21382034
   0.78202889  0.58555974  0.31648782
   0.90524000  0.54636000  0.07986000
   0.71178955  0.67078699  0.17988359
   0.99456382  0.91710511  0.38050001
   0.77990468  0.55202049  0.48939177
   0.84834687  0.79419688  0.28012793
   0.92795199  0.70672124  0.41251650
   0.07542647  0.16124270  0.58379136
   0.77459926  0.33641875  0.61431876
