   0.59759571  0.94143944  0.50152649
   0.03971000  0.19194000  0.08602000
   0.31587975  0.43709980  0.28826142
   0.12187163  0.05958459  0.39197586
   0.17948479  0.31403307  0.18693908
   0.27360255  0.18811844  0.48586149
   0.37304000  0.19194000  0.08602000
   0.64817548  0.44021709  0.29037768
   0.45639766  0.06346414  0.38880162
   0.51161226  0.31588293  0.18844171
   0.59426058  0.18489141  0.48974665
   0.70637000  0.19194000  0.08602000
   0.98134729  0.43544019  0.28602540
   0.78586372  0.06074394  0.39261425
   0.84414873  0.31325264  0.18633010
   0.93413386  0.19151249  0.48629886
   0.03971000  0.69194000  0.08602000
   0.31210101  0.93853650  0.28799733
   0.11790538  0.55850480  0.38570566
   0.17819314  0.81451964  0.18712838
   0.25334314  0.68988452  0.48057569
   0.37304000  0.69194000  0.08602000
   0.64748332  0.93873928  0.28936803
   0.45249238  0.56276133  0.38927549
   0.51205719  0.81542965  0.18731564
   0.58115178  0.70101621  0.48629800
   0.70637000  0.69194000  0.08602000
   0.98003433  0.93877596  0.28946611
   0.84509125  0.81505603  0.18750180
   0.91918207  0.69902893  0.49071947
   0.78616955  0.56652148  0.39292761
   0.17856779  0.06314135  0.18574206
   0.26331685  0.43514062  0.49017912
   0.03971000  0.44194000  0.08602000
   0.31449891  0.18697874  0.28960904
   0.11885209  0.31195071  0.38934765
   0.51137725  0.06353450  0.18600333
   0.59454759  0.43968709  0.49410019
   0.37304000  0.44194000  0.08602000
   0.64746176  0.18763625  0.28919430
   0.45391162  0.31651911  0.39273615
   0.84468369  0.06245625  0.18507810
   0.93157217  0.43659113  0.49060346
   0.70637000  0.44194000  0.08602000
   0.98058058  0.18530756  0.28929212
   0.78768715  0.31449347  0.38884924
   0.17943290  0.56226914  0.18489101
   0.27074706  0.93531769  0.49984257
   0.03971000  0.94194000  0.08602000
   0.31422863  0.68771510  0.28785292
   0.11489927  0.81481337  0.39051749
   0.51346698  0.56405083  0.18631955
   0.37304000  0.94194000  0.08602000
   0.64727548  0.68930370  0.29063559
   0.44922822  0.81849783  0.39140709
   0.84608158  0.56329176  0.18551109
   0.93433010  0.93586683  0.49846730
   0.70637000  0.94194000  0.08602000
   0.98057411  0.68755840  0.28776482
   0.78263560  0.81707030  0.39246375
   0.17417000  0.33753000  0.10253000
   0.25313412  0.20608665  0.40305372
   0.06136046  0.32949628  0.50131390
   0.31459176  0.45930817  0.20419998
   0.11538173  0.08206128  0.30762391
   0.23858000  0.04636000  0.06951000
   0.04463336  0.16950078  0.16943484
   0.31745014  0.41791395  0.37214391
   0.13555381  0.04628408  0.47928439
   0.18043604  0.29073225  0.27019519
   0.50750000  0.33753000  0.10253000
   0.59077844  0.21241560  0.40569393
   0.39771489  0.32977618  0.49868007
   0.64724996  0.46133854  0.20607744
   0.44859177  0.08314688  0.30396999
   0.57191000  0.04636000  0.06951000
   0.37821550  0.17028353  0.17002700
   0.65404130  0.42123265  0.37394599
   0.46542026  0.04497354  0.46929721
   0.51554330  0.29371148  0.27177815
   0.84083000  0.33753000  0.10253000
   0.91769837  0.20757697  0.40394793
   0.72559205  0.32804154  0.50997415
   0.97916593  0.45817343  0.20269849
   0.78121155  0.08282018  0.30784420
   0.90524000  0.04636000  0.06951000
   0.71156092  0.16883185  0.16932945
   0.98375958  0.41444347  0.36948646
   0.80542061  0.04720951  0.47998417
   0.84760665  0.28986441  0.26928762
   0.17417000  0.83753000  0.10253000
   0.24525096  0.70537466  0.39696765
   0.06414350  0.82874899  0.50960273
   0.31176610  0.95960206  0.20435901
   0.11326730  0.58101378  0.30186659
   0.23858000  0.54636000  0.06951000
   0.04580574  0.66863641  0.16914392
   0.31207765  0.91957274  0.37115469
   0.13072572  0.54334238  0.47139382
   0.17953002  0.79173954  0.26955035
   0.50750000  0.83753000  0.10253000
   0.58332152  0.70866112  0.40238072
   0.39877492  0.82057800  0.49478376
   0.64617531  0.96036793  0.20530811
   0.44849009  0.58277151  0.30555029
   0.57191000  0.54636000  0.06951000
   0.37903737  0.66921313  0.16960073
   0.64795796  0.92010353  0.37320147
   0.46264277  0.54839048  0.47652273
   0.51335816  0.79289145  0.27031332
   0.84083000  0.83753000  0.10253000
   0.73128926  0.82924685  0.50639938
   0.97943538  0.96048578  0.20537393
   0.78210311  0.58574244  0.30828485
   0.90524000  0.54636000  0.06951000
   0.71268468  0.66929971  0.16937825
   0.97920989  0.91960013  0.37404087
   0.79945233  0.54822706  0.47987703
   0.84696432  0.79280349  0.27059314
   0.91523273  0.71115604  0.40885140
   0.46792293  0.02307705  0.58921205
   0.78383290  0.42013273  0.59471421
