   0.27338386  0.43545481  0.49134027
   0.03971000  0.19194000  0.08602000
   0.31712978  0.43871174  0.28839915
   0.11984667  0.06003729  0.38979771
   0.17872048  0.31523261  0.18736061
   0.25904814  0.19418209  0.48487507
   0.37304000  0.19194000  0.08602000
   0.65048059  0.43832051  0.28692325
   0.45215049  0.06204715  0.39045018
   0.51118904  0.31453166  0.18712593
   0.59236230  0.19397924  0.48603853
   0.70637000  0.19194000  0.08602000
   0.98331114  0.43849717  0.28836901
   0.78452288  0.06026244  0.39014912
   0.84641005  0.31545382  0.18717220
   0.92996128  0.19217197  0.48343397
   0.03971000  0.69194000  0.08602000
   0.31265341  0.93940688  0.28889979
   0.12007518  0.56038051  0.38991733
   0.17833768  0.81587754  0.18738105
   0.26050439  0.69195345  0.48608336
   0.37304000  0.69194000  0.08602000
   0.64581730  0.93880515  0.28866128
   0.45952504  0.56015228  0.39055378
   0.51146168  0.81543849  0.18728974
   0.59535941  0.69322849  0.48553882
   0.70637000  0.69194000  0.08602000
   0.97935406  0.93903347  0.28864444
   0.84526717  0.81528251  0.18693890
   0.92818828  0.69381207  0.49207763
   0.78625748  0.56190304  0.38849386
   0.17931432  0.06377093  0.18542419
   0.03971000  0.44194000  0.08602000
   0.31564727  0.18779634  0.28932427
   0.12253062  0.31287790  0.38955744
   0.51277337  0.06415480  0.18530006
   0.60812864  0.43477185  0.49577464
   0.37304000  0.44194000  0.08602000
   0.64890176  0.18830555  0.28896226
   0.45691021  0.31480642  0.39013701
   0.84550752  0.06373532  0.18556347
   0.94338412  0.43311135  0.49785544
   0.70637000  0.44194000  0.08602000
   0.98178206  0.18743119  0.28865399
   0.78977844  0.31341431  0.38884211
   0.17907693  0.56385945  0.18461464
   0.26050873  0.93710450  0.49353690
   0.03971000  0.94194000  0.08602000
   0.31522822  0.68800104  0.28893792
   0.11076004  0.81363884  0.39197801
   0.51241025  0.56389303  0.18525196
   0.59268647  0.93640930  0.49317941
   0.37304000  0.94194000  0.08602000
   0.64797516  0.68794928  0.28679950
   0.44611750  0.81685870  0.39045895
   0.84582949  0.56432058  0.18627404
   0.92706143  0.93819390  0.49327922
   0.70637000  0.94194000  0.08602000
   0.98164931  0.68896946  0.28698915
   0.78025162  0.81462953  0.39195014
   0.17417000  0.33753000  0.10253000
   0.25631341  0.20467490  0.40123921
   0.07446300  0.32372046  0.49924756
   0.31357357  0.46072571  0.20456948
   0.11543721  0.08261104  0.30602621
   0.23858000  0.04636000  0.06951000
   0.04561849  0.16968136  0.16945358
   0.32190367  0.41741620  0.37205345
   0.12769288  0.04698140  0.47700063
   0.18239526  0.29186943  0.27032307
   0.50750000  0.33753000  0.10253000
   0.59019413  0.20699129  0.40299060
   0.40618940  0.32617549  0.49809723
   0.64608470  0.45924637  0.20301690
   0.44975641  0.08361076  0.30627735
   0.57191000  0.04636000  0.06951000
   0.37873311  0.16964303  0.16947975
   0.65754884  0.41763517  0.37088241
   0.46145927  0.04623151  0.47724308
   0.51498074  0.29223910  0.27037694
   0.84083000  0.33753000  0.10253000
   0.92226386  0.20433227  0.40102086
   0.73803256  0.32460720  0.50570133
   0.98107544  0.46061355  0.20456028
   0.78176245  0.08312016  0.30588237
   0.90524000  0.04636000  0.06951000
   0.71274340  0.17003449  0.16952587
   0.98857340  0.41560638  0.37152648
   0.79368017  0.04647095  0.47692347
   0.84905369  0.29195078  0.27004556
   0.17417000  0.83753000  0.10253000
   0.24581250  0.70932332  0.40372882
   0.06096830  0.83296805  0.50400789
   0.31372962  0.96078365  0.20488297
   0.11492940  0.58461601  0.30596514
   0.23858000  0.54636000  0.06951000
   0.04523094  0.67051695  0.16952591
   0.31116118  0.91966708  0.37280944
   0.13905412  0.54334946  0.47514356
   0.18202667  0.79283618  0.27037542
   0.50750000  0.83753000  0.10253000
   0.57829543  0.71022519  0.40344871
   0.39235811  0.83002919  0.50196947
   0.64636853  0.96058181  0.20471891
   0.44995903  0.58388890  0.30654078
   0.57191000  0.54636000  0.06951000
   0.37871832  0.67025146  0.16956153
   0.64632022  0.91920479  0.37253978
   0.47689580  0.54305559  0.47699638
   0.51329448  0.79274142  0.27024589
   0.84083000  0.83753000  0.10253000
   0.72592659  0.83116607  0.50247283
   0.98017314  0.96039686  0.20457782
   0.78352568  0.58414606  0.29920682
   0.90524000  0.54636000  0.06951000
   0.71157503  0.67028940  0.16944663
   0.97906691  0.91722368  0.37293618
   0.80694409  0.54576616  0.50083854
   0.84727392  0.79410683  0.27000896
   0.90889380  0.70550803  0.40935483
   0.08706048  0.51058021  0.64176708
   0.84278383  0.48785962  0.59634173
