   0.92285360  0.69671496  0.49530612
   0.03971000  0.19194000  0.09637000
   0.31061097  0.44022289  0.29898973
   0.13265308  0.06076944  0.40051671
   0.17968810  0.31613499  0.19735743
   0.25947683  0.19531453  0.49699345
   0.37304000  0.19194000  0.09637000
   0.64434859  0.44045689  0.29888345
   0.46602940  0.06191912  0.40109638
   0.51292178  0.31647211  0.19729154
   0.59402468  0.19344051  0.49782850
   0.70637000  0.19194000  0.09637000
   0.97798879  0.44065608  0.29800590
   0.79923191  0.06039794  0.40056155
   0.84646585  0.31590672  0.19717916
   0.93523339  0.19009252  0.50002197
   0.03971000  0.69194000  0.09637000
   0.32224670  0.94025254  0.29901136
   0.11186320  0.56611635  0.39928694
   0.17889160  0.81696099  0.19743696
   0.25777394  0.70211070  0.49497427
   0.37304000  0.69194000  0.09637000
   0.65602019  0.93964187  0.29840848
   0.44458988  0.56569084  0.39997775
   0.51204894  0.81658177  0.19745434
   0.59168725  0.69699501  0.49510990
   0.70637000  0.69194000  0.09637000
   0.98911299  0.93942312  0.29878736
   0.84555619  0.81672664  0.19760327
   0.77759810  0.56411909  0.40045525
   0.18122846  0.06479079  0.19557884
   0.24228514  0.44676177  0.50361401
   0.03971000  0.44194000  0.09637000
   0.31933097  0.19001119  0.29919073
   0.10806283  0.31913075  0.40382522
   0.51420591  0.06458021  0.19519078
   0.56820132  0.44503616  0.50674813
   0.37304000  0.44194000  0.09637000
   0.65264567  0.18936759  0.29868656
   0.44280709  0.31890630  0.40163640
   0.84799025  0.06499789  0.19544580
   0.90824739  0.44684880  0.50096240
   0.70637000  0.44194000  0.09637000
   0.98619803  0.18967709  0.29913597
   0.77809783  0.31759443  0.40065940
   0.17728794  0.56515270  0.19560275
   0.29549560  0.93350313  0.50178824
   0.03971000  0.94194000  0.09637000
   0.31399965  0.68971813  0.29889873
   0.13274104  0.81231733  0.39857182
   0.51080123  0.56543843  0.19585993
   0.62859780  0.93115479  0.50189634
   0.37304000  0.94194000  0.09637000
   0.64702425  0.68952282  0.29883676
   0.46638132  0.81271342  0.39763538
   0.84403043  0.56529371  0.19560336
   0.96185088  0.93102765  0.50105093
   0.70637000  0.94194000  0.09637000
   0.98019303  0.68958495  0.29903613
   0.79943489  0.81184400  0.39816433
   0.17417000  0.33753000  0.11288000
   0.24381492  0.21207608  0.41558256
   0.04293390  0.34386439  0.50513091
   0.31166429  0.46194286  0.21487100
   0.12106595  0.08550846  0.31724010
   0.23858000  0.04636000  0.07986000
   0.04705979  0.17093341  0.18039515
   0.30786387  0.42159986  0.38356995
   0.16143981  0.04082320  0.48637634
   0.18410403  0.29312697  0.28069902
   0.50750000  0.33753000  0.11288000
   0.57769580  0.21322196  0.41671482
   0.37011106  0.33776129  0.51614891
   0.64496434  0.46199828  0.21481041
   0.45428115  0.08625484  0.31759611
   0.57191000  0.04636000  0.07986000
   0.38050997  0.17100772  0.18039770
   0.64193073  0.42052462  0.38365236
   0.49514614  0.04158695  0.48746538
   0.51775615  0.29333124  0.28065782
   0.84083000  0.33753000  0.11288000
   0.90808365  0.21076474  0.41726981
   0.69579062  0.33892505  0.52207682
   0.97852378  0.46157697  0.21419941
   0.78769645  0.08602905  0.31720321
   0.90524000  0.04636000  0.07986000
   0.71369727  0.17067486  0.18047200
   0.97386234  0.42173847  0.38197317
   0.82615926  0.03634747  0.48466997
   0.85105093  0.29301926  0.28047119
   0.17417000  0.83753000  0.11288000
   0.26716144  0.70507703  0.40941373
   0.09524016  0.81998673  0.50810258
   0.31608367  0.96164924  0.21518422
   0.11377398  0.58480521  0.31497784
   0.23858000  0.54636000  0.07986000
   0.04411420  0.67173499  0.18059024
   0.33237924  0.91856484  0.38302341
   0.11502191  0.55943927  0.48648851
   0.18137428  0.79557892  0.28130945
   0.50750000  0.83753000  0.11288000
   0.59817584  0.70444367  0.41030493
   0.42699073  0.82271192  0.51160296
   0.64910223  0.96167118  0.21457157
   0.44733095  0.58431380  0.31586419
   0.57191000  0.54636000  0.07986000
   0.37703863  0.67151704  0.18052876
   0.66587579  0.91651204  0.38178145
   0.44474659  0.55499340  0.48858702
   0.51453562  0.79509807  0.28090018
   0.84083000  0.83753000  0.11288000
   0.76148633  0.81834040  0.50994505
   0.98240708  0.96180751  0.21504267
   0.77992963  0.58420792  0.31584032
   0.90524000  0.54636000  0.07986000
   0.71048319  0.67186038  0.18063923
   0.99876899  0.91661629  0.38251768
   0.77289116  0.55396859  0.48887894
   0.84758186  0.79515567  0.28126193
   0.93118496  0.70295752  0.41000083
   0.97960372  0.16148167  0.60151544
   0.78721070  0.27378536  0.59636089
