   0.91487489  0.93807233  0.50019217
   0.03971000  0.19194000  0.08602000
   0.31913123  0.43960181  0.28856259
   0.11574476  0.06069240  0.39113630
   0.18019011  0.31576402  0.18659190
   0.25908725  0.18978337  0.48617400
   0.37304000  0.19194000  0.08602000
   0.65223631  0.43776055  0.28653893
   0.45054520  0.06434949  0.39344182
   0.51234764  0.31489373  0.18665348
   0.59376742  0.19224713  0.49059927
   0.70637000  0.19194000  0.08602000
   0.98629318  0.43899616  0.28825104
   0.78259096  0.06217661  0.39042948
   0.84652768  0.31552645  0.18713209
   0.92834169  0.18846375  0.48580473
   0.03971000  0.69194000  0.08602000
   0.31338403  0.94073727  0.28992210
   0.12599484  0.56047743  0.39079394
   0.18037156  0.81610111  0.18676930
   0.25804600  0.69407604  0.48660719
   0.37304000  0.69194000  0.08602000
   0.64569366  0.93957720  0.28891342
   0.45572226  0.55916361  0.39082099
   0.51277994  0.81619721  0.18739737
   0.59046863  0.68708098  0.48533975
   0.70637000  0.69194000  0.08602000
   0.97938720  0.93937266  0.28878162
   0.84599342  0.81593041  0.18714666
   0.92799629  0.69319065  0.48473324
   0.79108830  0.55945792  0.38841069
   0.17899994  0.06438513  0.18571719
   0.27522760  0.42943632  0.49414091
   0.03971000  0.44194000  0.08602000
   0.31539196  0.18849179  0.28941146
   0.12697227  0.31313030  0.38939039
   0.51221783  0.06405522  0.18538179
   0.60543226  0.42834602  0.49094894
   0.37304000  0.44194000  0.08602000
   0.64874789  0.18802977  0.28850414
   0.46047442  0.31317774  0.38978627
   0.84564941  0.06425685  0.18543838
   0.94723921  0.43039855  0.49341639
   0.70637000  0.44194000  0.08602000
   0.98266578  0.18844171  0.28867905
   0.79392711  0.31206912  0.38824770
   0.18115127  0.56468261  0.18536493
   0.25202351  0.93810380  0.49511315
   0.03971000  0.94194000  0.08602000
   0.31672071  0.69014704  0.28969160
   0.11116802  0.81642233  0.39144266
   0.51384569  0.56423521  0.18463340
   0.58592181  0.93881321  0.50101285
   0.37304000  0.94194000  0.08602000
   0.64970922  0.68916315  0.28854672
   0.44539567  0.81772944  0.39312589
   0.84766568  0.56433443  0.18503564
   0.70637000  0.94194000  0.08602000
   0.98330717  0.68940353  0.28837814
   0.77643235  0.81657595  0.39276725
   0.17389465  0.33302535  0.09945826
   0.25974586  0.20524027  0.40197927
   0.07544694  0.32087650  0.50323710
   0.31486703  0.46055533  0.20448645
   0.11563775  0.08370637  0.30642828
   0.23858000  0.04636000  0.06951000
   0.04559811  0.17128596  0.17018242
   0.32568070  0.41628126  0.37244875
   0.11811687  0.04747437  0.47817898
   0.18284323  0.29387748  0.27060112
   0.50750000  0.33753000  0.10253000
   0.59418194  0.20823654  0.40635403
   0.40777513  0.32004358  0.50314310
   0.64785376  0.46012909  0.20318041
   0.44970975  0.08491756  0.30828382
   0.57191000  0.04636000  0.06951000
   0.37850939  0.17002201  0.16977659
   0.66043959  0.41578016  0.37048479
   0.45325222  0.04978618  0.48090230
   0.51562415  0.29253238  0.26991784
   0.84083000  0.33753000  0.10253000
   0.92689033  0.20647290  0.40232684
   0.74197164  0.32600844  0.50984187
   0.98232458  0.46064753  0.20440985
   0.78232073  0.08431400  0.30580621
   0.90524000  0.04636000  0.06951000
   0.71202414  0.17058226  0.16980113
   0.99221914  0.41706220  0.37224287
   0.78537545  0.04907799  0.47534660
   0.84926556  0.29326146  0.27048739
   0.17385812  0.83311947  0.09948713
   0.24431329  0.70955719  0.40474091
   0.05017854  0.83035499  0.50208511
   0.31323967  0.96081756  0.20501875
   0.11761156  0.58501053  0.30690508
   0.23858000  0.54636000  0.06951000
   0.04727509  0.67114650  0.17013755
   0.31082256  0.92146876  0.37449056
   0.14548024  0.54100181  0.47735254
   0.18257783  0.79400383  0.27071282
   0.50750000  0.83753000  0.10253000
   0.57432842  0.70688246  0.40380219
   0.38273858  0.83104284  0.50440126
   0.64658540  0.96129967  0.20505940
   0.45035955  0.58519529  0.30722879
   0.57191000  0.54636000  0.06951000
   0.38049284  0.67066042  0.16992168
   0.64274894  0.91954124  0.37231885
   0.47555205  0.53741525  0.47699229
   0.51491956  0.79299822  0.27047030
   0.84083000  0.83753000  0.10253000
   0.71515165  0.82621492  0.49516582
   0.98018154  0.96098944  0.20461874
   0.78373506  0.58327804  0.30416185
   0.90524000  0.54636000  0.06951000
   0.71370204  0.67034988  0.16964537
   0.97674992  0.91902178  0.37250122
   0.81160196  0.54052692  0.47824243
   0.84843501  0.79294939  0.27012185
   0.90969247  0.70696747  0.40259715
   0.75481126  0.94778066  0.60060541
   0.76776063  0.48784732  0.58557306
