   0.92436320  0.69320848  0.49453303
   0.03971000  0.19194000  0.09637000
   0.31751435  0.43765309  0.29836127
   0.11350082  0.06002654  0.40190283
   0.17903543  0.31577454  0.19740839
   0.26092116  0.19094298  0.49734962
   0.37304000  0.19194000  0.09637000
   0.65125773  0.43735517  0.29820522
   0.45137855  0.06328655  0.40279188
   0.51276832  0.31535332  0.19728855
   0.59436638  0.19452304  0.49982634
   0.70637000  0.19194000  0.09637000
   0.98522621  0.43883363  0.29893694
   0.78358327  0.06030896  0.40252680
   0.84622623  0.31591672  0.19762383
   0.93149382  0.18876829  0.49759775
   0.03971000  0.69194000  0.09637000
   0.31277811  0.94074089  0.30020587
   0.12395358  0.56079542  0.40117250
   0.17946082  0.81632550  0.19805092
   0.25632162  0.69598013  0.49648082
   0.37304000  0.69194000  0.09637000
   0.64646339  0.93999447  0.29959540
   0.45448703  0.55942623  0.39966288
   0.51264506  0.81597723  0.19782731
   0.58732696  0.69072829  0.49452080
   0.70637000  0.69194000  0.09637000
   0.97893392  0.93901022  0.29890391
   0.84579331  0.81555342  0.19753722
   0.78802044  0.55868985  0.39957940
   0.17946398  0.06463194  0.19613559
   0.27469448  0.43150754  0.50331736
   0.03971000  0.44194000  0.09637000
   0.31561767  0.18858270  0.30002711
   0.12494316  0.31147811  0.40061459
   0.51260345  0.06431662  0.19592208
   0.60483209  0.43230626  0.50306683
   0.37304000  0.44194000  0.09637000
   0.64941381  0.18821260  0.29960135
   0.45798322  0.31130518  0.40104665
   0.84601421  0.06449625  0.19580463
   0.94460852  0.43178542  0.50404410
   0.70637000  0.44194000  0.09637000
   0.98229240  0.18806058  0.29970105
   0.79215625  0.31194546  0.40006001
   0.18061096  0.56481302  0.19583071
   0.25718668  0.93951390  0.50471599
   0.03971000  0.94194000  0.09637000
   0.31616529  0.68904957  0.29949329
   0.11044042  0.81789903  0.40334971
   0.51387263  0.56426332  0.19556087
   0.58848698  0.93794847  0.50482987
   0.37304000  0.94194000  0.09637000
   0.64942174  0.68854896  0.29950328
   0.44374921  0.81629525  0.40054573
   0.84747985  0.56456746  0.19567225
   0.92339773  0.93679715  0.51447095
   0.70637000  0.94194000  0.09637000
   0.98299196  0.68941321  0.30022102
   0.77726955  0.81688101  0.40294580
   0.17417000  0.33753000  0.11288000
   0.25720055  0.20308119  0.41329568
   0.07543419  0.32330770  0.51282999
   0.31430508  0.46073203  0.21467394
   0.11570572  0.08349019  0.31702818
   0.23858000  0.04636000  0.07986000
   0.04558130  0.17099211  0.18020277
   0.32328417  0.41394167  0.38223788
   0.12227267  0.04860224  0.49035081
   0.18163023  0.29239849  0.28066354
   0.50750000  0.33753000  0.11288000
   0.59398726  0.20663605  0.41571087
   0.40856629  0.32309200  0.51262214
   0.64816753  0.46029899  0.21448302
   0.44996605  0.08511989  0.31795877
   0.57191000  0.04636000  0.07986000
   0.37902985  0.17063094  0.18011077
   0.65678508  0.41472732  0.38253893
   0.45790479  0.05081566  0.49056575
   0.51562533  0.29230252  0.28052889
   0.84083000  0.33753000  0.11288000
   0.92430682  0.20474806  0.41426214
   0.74016486  0.32852291  0.51890436
   0.98164343  0.46105521  0.21503281
   0.78274099  0.08421017  0.31764754
   0.90524000  0.04636000  0.07986000
   0.71235645  0.17097488  0.18020239
   0.99089519  0.41563259  0.38300297
   0.79007739  0.04830737  0.49053240
   0.84908017  0.29313120  0.28100854
   0.17417000  0.83753000  0.11288000
   0.24503337  0.70928665  0.41380602
   0.06219416  0.82772022  0.50133426
   0.31369016  0.96148357  0.21582283
   0.11700326  0.58423295  0.31720781
   0.23858000  0.54636000  0.07986000
   0.04687711  0.67084028  0.18020177
   0.31055096  0.92204099  0.38429280
   0.14328776  0.54249674  0.48786942
   0.18220297  0.79362942  0.28141637
   0.50750000  0.83753000  0.11288000
   0.57521073  0.70690657  0.41218898
   0.38807041  0.83135677  0.51423145
   0.64688663  0.96122838  0.21517565
   0.44913155  0.58313431  0.31625770
   0.57191000  0.54636000  0.07986000
   0.38007057  0.67060079  0.18011936
   0.64242412  0.92018941  0.38360050
   0.47323837  0.53961468  0.48632170
   0.51548594  0.79292005  0.28112660
   0.84083000  0.83753000  0.11288000
   0.71977303  0.82787787  0.50460979
   0.98004535  0.96098456  0.21471016
   0.78263783  0.58265859  0.31594278
   0.90524000  0.54636000  0.07986000
   0.71308540  0.67017364  0.17989910
   0.97451658  0.91978564  0.38242003
   0.80811633  0.54173945  0.48875341
   0.84820369  0.79205144  0.28048927
   0.90804637  0.70560784  0.41182279
   0.89147752  0.87046539  0.61726911
   0.77655858  0.48908033  0.60032824
