   0.60441943  0.18979423  0.50234345
   0.03971000  0.19194000  0.09637000
   0.31323173  0.44045748  0.29822610
   0.12542009  0.06189193  0.39986624
   0.17953790  0.31616455  0.19735325
   0.26177260  0.19524427  0.49483320
   0.37304000  0.19194000  0.09637000
   0.64675715  0.44085804  0.29847158
   0.46078651  0.06417632  0.40225778
   0.51286874  0.31639539  0.19747864
   0.70637000  0.19194000  0.09637000
   0.97969824  0.44100633  0.29817643
   0.79368362  0.06099679  0.39727289
   0.84606387  0.31630316  0.19731383
   0.91498233  0.18888451  0.49794664
   0.03971000  0.69194000  0.09637000
   0.32003630  0.94179057  0.29919704
   0.11504124  0.56475820  0.39971607
   0.17999803  0.81695809  0.19761736
   0.25669501  0.69656231  0.49521094
   0.37304000  0.69194000  0.09637000
   0.65171149  0.93889322  0.29619497
   0.44745440  0.56427138  0.39954701
   0.51309820  0.81530089  0.19539721
   0.58782571  0.69668905  0.49502613
   0.70637000  0.69194000  0.09637000
   0.98577486  0.93966462  0.29751301
   0.84722582  0.81578761  0.19592939
   0.92058064  0.70025083  0.49576612
   0.78214731  0.56513943  0.39993952
   0.18126072  0.06490865  0.19539267
   0.24553695  0.43998708  0.50355050
   0.03971000  0.44194000  0.09637000
   0.31734168  0.19031769  0.29944151
   0.11111118  0.31780179  0.40092019
   0.51421302  0.06453962  0.19461732
   0.57950503  0.44533632  0.50288358
   0.37304000  0.44194000  0.09637000
   0.65042685  0.18988835  0.29828744
   0.44674559  0.31815541  0.40173643
   0.84780111  0.06458078  0.19467298
   0.91722864  0.44564375  0.50270197
   0.70637000  0.44194000  0.09637000
   0.98380324  0.18972676  0.29815188
   0.77844649  0.31686041  0.40120787
   0.17954364  0.56505710  0.19532023
   0.28046939  0.93431860  0.50295255
   0.03971000  0.94194000  0.09637000
   0.31590789  0.69025628  0.29825265
   0.12588422  0.81553115  0.39921763
   0.51307022  0.56475429  0.19537548
   0.61435456  0.93284359  0.50214417
   0.37304000  0.94194000  0.09637000
   0.64890791  0.68967062  0.29795573
   0.45880408  0.81553754  0.39889478
   0.84664167  0.56517232  0.19543890
   0.94729499  0.93357359  0.50086863
   0.70637000  0.94194000  0.09637000
   0.98245154  0.69027754  0.29877527
   0.79127062  0.81470178  0.39845448
   0.17417000  0.33753000  0.11288000
   0.24590698  0.21106090  0.41302843
   0.04306041  0.33453651  0.51189861
   0.31389977  0.46138622  0.21423178
   0.11807504  0.08526970  0.31583029
   0.23858000  0.04636000  0.07986000
   0.04688129  0.17093244  0.18002318
   0.31051960  0.42102407  0.38217420
   0.14789463  0.04428643  0.48641517
   0.18263836  0.29388666  0.28028569
   0.50750000  0.33753000  0.11288000
   0.57925177  0.21290069  0.41953069
   0.37921142  0.33577877  0.51361485
   0.64753731  0.46155708  0.21449124
   0.45281226  0.08744523  0.31795653
   0.57191000  0.04636000  0.07986000
   0.38034790  0.17122786  0.18003601
   0.64460330  0.42126201  0.38257959
   0.48011948  0.04135223  0.48716832
   0.51609706  0.29432867  0.28060819
   0.84083000  0.33753000  0.11288000
   0.91250402  0.21044595  0.41448413
   0.71336209  0.34343821  0.51360095
   0.98077156  0.46160501  0.21410891
   0.78432071  0.08506500  0.31395955
   0.90524000  0.04636000  0.07986000
   0.71353670  0.17084304  0.17995340
   0.97649779  0.42146443  0.38207645
   0.81405146  0.03577313  0.47987803
   0.84933241  0.29401825  0.28023220
   0.17417000  0.83753000  0.11288000
   0.25880525  0.70762063  0.41127550
   0.08000478  0.82564951  0.51184055
   0.31622912  0.96206388  0.21500408
   0.11597438  0.58544461  0.31546660
   0.23858000  0.54636000  0.07986000
   0.04587124  0.67177596  0.18011768
   0.32505562  0.92047603  0.38276948
   0.11937480  0.55166371  0.48682267
   0.18293206  0.79560318  0.28102593
   0.50650230  0.83314580  0.10894769
   0.59056383  0.70685650  0.41092422
   0.41280103  0.82373259  0.51191249
   0.64839935  0.96004772  0.21214819
   0.44880971  0.58509021  0.31517316
   0.57191000  0.54636000  0.07986000
   0.37901534  0.67088062  0.17970431
   0.65658356  0.91734104  0.37939281
   0.44831582  0.55262059  0.48710364
   0.51532799  0.79377325  0.27879995
   0.84023686  0.83313975  0.10927009
   0.74722052  0.82217121  0.51087163
   0.98194773  0.96064816  0.21318943
   0.78250918  0.58513800  0.31565272
   0.90524000  0.54636000  0.07986000
   0.71254324  0.67143333  0.18007139
   0.99106884  0.91863883  0.38142177
   0.78356355  0.55537904  0.48718013
   0.84893300  0.79442546  0.27961841
   0.92587510  0.70782038  0.41113059
   0.74209321  0.14635023  0.58710933
   0.77449529  0.35490993  0.61138612
