   0.96092087  0.93536837  0.49313123
   0.03971000  0.19194000  0.08602000
   0.30773433  0.43952104  0.28844601
   0.13005115  0.06246798  0.38237092
   0.17751025  0.31422430  0.18709842
   0.25800857  0.18476407  0.48655348
   0.37304000  0.19194000  0.08602000
   0.64275046  0.43705972  0.28797889
   0.46012689  0.06295522  0.39393798
   0.51086552  0.31382073  0.18684831
   0.59787753  0.19283999  0.49073293
   0.70637000  0.19194000  0.08602000
   0.97531797  0.43866918  0.28869960
   0.79775861  0.05938166  0.39125053
   0.84324219  0.31389960  0.18746020
   0.94547535  0.19035343  0.48620298
   0.03971000  0.69194000  0.08602000
   0.31832360  0.93956227  0.28985192
   0.11413464  0.56593515  0.38996123
   0.17844258  0.81439777  0.18758442
   0.24880148  0.70564897  0.48632399
   0.37304000  0.69194000  0.08602000
   0.64922977  0.93923253  0.28897937
   0.44421304  0.56580763  0.38946884
   0.51052725  0.81435358  0.18776257
   0.58365309  0.70186130  0.48521299
   0.70637000  0.69194000  0.08602000
   0.98194416  0.93604903  0.28459736
   0.84092157  0.81292272  0.18641322
   0.91524466  0.70096069  0.48587412
   0.77797400  0.56459176  0.38875494
   0.17841329  0.06352631  0.18724274
   0.24524017  0.44376242  0.49115035
   0.03971000  0.44194000  0.08602000
   0.31539872  0.19091250  0.28968530
   0.10809790  0.31858576  0.39100251
   0.51114255  0.06222905  0.18527414
   0.57485310  0.44371655  0.49406782
   0.37304000  0.44194000  0.08602000
   0.64748385  0.18737802  0.28969048
   0.44055622  0.32165974  0.39415729
   0.84421653  0.06204133  0.18486521
   0.91160525  0.44482721  0.48987587
   0.70637000  0.44194000  0.08602000
   0.98080135  0.18788590  0.28742128
   0.77486615  0.31576765  0.39058567
   0.17718839  0.56243879  0.18554393
   0.28920498  0.93643769  0.49768914
   0.03971000  0.94194000  0.08602000
   0.31061357  0.68769760  0.28809842
   0.12686731  0.81809416  0.39060759
   0.51031842  0.56232719  0.18523744
   0.62270003  0.93112649  0.49729805
   0.37304000  0.94194000  0.08602000
   0.64355715  0.68632877  0.28831625
   0.45970628  0.81438550  0.38853996
   0.84460622  0.56329912  0.18567295
   0.70637000  0.94194000  0.08602000
   0.97827847  0.68785762  0.29005005
   0.79293733  0.81389062  0.38692949
   0.17417000  0.33753000  0.10253000
   0.24412241  0.21202415  0.40018267
   0.04310575  0.34020902  0.49570749
   0.31164579  0.45905652  0.20425993
   0.11693174  0.08231199  0.29879506
   0.23858000  0.04636000  0.06951000
   0.04405146  0.16913757  0.16989369
   0.30484187  0.42496565  0.37250049
   0.15778200  0.03327954  0.46364402
   0.17828166  0.29341783  0.27027742
   0.50750000  0.33753000  0.10253000
   0.57554213  0.21264315  0.40971002
   0.37712436  0.33723379  0.49761445
   0.64506054  0.45887344  0.20391936
   0.44875758  0.08595942  0.30962768
   0.57191000  0.04636000  0.06951000
   0.37792818  0.16874282  0.16955361
   0.64197133  0.42085115  0.37185844
   0.49206085  0.04182432  0.48162908
   0.51400150  0.29103504  0.26978544
   0.84083000  0.33753000  0.10253000
   0.90886412  0.20843046  0.40488870
   0.71048379  0.33689021  0.51106468
   0.97770565  0.45896957  0.20466747
   0.78353192  0.08373856  0.30685614
   0.90524000  0.04636000  0.06951000
   0.71089201  0.16870784  0.16967776
   0.97024546  0.42219722  0.37271911
   0.82336370  0.04020923  0.47864386
   0.84460423  0.29150118  0.27093552
   0.17417000  0.83753000  0.10253000
   0.26101203  0.70859725  0.40160898
   0.08573419  0.82125135  0.50313699
   0.31342448  0.95958115  0.20567780
   0.11220043  0.58301067  0.30549572
   0.23858000  0.54636000  0.06951000
   0.04476187  0.66898255  0.16951386
   0.32644383  0.91977078  0.37358590
   0.11425994  0.55730730  0.47685815
   0.17832114  0.79347532  0.27124768
   0.50750000  0.83753000  0.10253000
   0.59383291  0.70692166  0.40109654
   0.41820570  0.82539328  0.50758261
   0.64540378  0.95938435  0.20527128
   0.44446220  0.58308387  0.30473727
   0.57191000  0.54636000  0.06951000
   0.37719531  0.66920200  0.16992799
   0.65666703  0.91807300  0.37277598
   0.44724450  0.55464694  0.47706068
   0.51171394  0.79272469  0.27154218
   0.84083000  0.83753000  0.10253000
   0.75520523  0.81901028  0.50478666
   0.97763419  0.95726084  0.20133622
   0.77792305  0.58151096  0.30438487
   0.90524000  0.54636000  0.06951000
   0.70931181  0.66812461  0.16924007
   0.98811109  0.91916336  0.36770915
   0.77793760  0.55174225  0.47589296
   0.84336274  0.79036570  0.26966519
   0.92698944  0.70800433  0.40015557
   0.18730507  0.13886215  0.57764438
   0.78724991  0.30285002  0.61105869
