   0.57917210  0.18837082  0.49959334
   0.03971000  0.19194000  0.09637000
   0.31422539  0.44022036  0.29646374
   0.12961826  0.06262114  0.40055243
   0.18076222  0.31533610  0.19534674
   0.27287218  0.19316846  0.49949704
   0.37304000  0.19194000  0.09637000
   0.64694178  0.44033528  0.29674857
   0.46423228  0.06225117  0.39776152
   0.51400603  0.31574080  0.19541197
   0.70637000  0.19194000  0.09637000
   0.98090366  0.44006625  0.29618809
   0.79545093  0.06162304  0.39852043
   0.84743461  0.31544040  0.19518405
   0.92981063  0.19542841  0.49363052
   0.03971000  0.69194000  0.09637000
   0.32039247  0.94020059  0.29633049
   0.11423698  0.56434426  0.39754172
   0.18051961  0.81581306  0.19544784
   0.25358775  0.69690111  0.49332726
   0.37304000  0.69194000  0.09637000
   0.65410685  0.93985248  0.29646629
   0.44786766  0.56566218  0.39757313
   0.51425419  0.81580236  0.19546457
   0.58393604  0.70234690  0.49349871
   0.70637000  0.69194000  0.09637000
   0.98802125  0.94072773  0.29749226
   0.84743950  0.81615392  0.19596900
   0.92028859  0.69795175  0.49369196
   0.78198814  0.56429878  0.39808461
   0.18163830  0.06441920  0.19431583
   0.24475766  0.44473373  0.49991478
   0.03971000  0.44194000  0.09637000
   0.31855040  0.19033610  0.29727529
   0.11362812  0.31795410  0.39916559
   0.51487121  0.06427735  0.19404246
   0.57985942  0.44770828  0.50172683
   0.37304000  0.44194000  0.09637000
   0.65179246  0.19018444  0.29643868
   0.44520565  0.31877346  0.40249095
   0.84829300  0.06447991  0.19423013
   0.91353837  0.44283751  0.50291469
   0.70637000  0.44194000  0.09637000
   0.98525886  0.18975638  0.29724966
   0.77851130  0.31738033  0.39885152
   0.18052516  0.56456219  0.19419534
   0.28603823  0.93219669  0.50124318
   0.03971000  0.94194000  0.09637000
   0.31603579  0.68976321  0.29654869
   0.12747493  0.81442185  0.39686566
   0.51385411  0.56462808  0.19435204
   0.61948865  0.93310316  0.49970021
   0.37304000  0.94194000  0.09637000
   0.64973178  0.69000406  0.29702936
   0.46048348  0.81423384  0.39614664
   0.84711199  0.56475148  0.19441895
   0.95319507  0.93452579  0.50104188
   0.70637000  0.94194000  0.09637000
   0.98275502  0.68976579  0.29684708
   0.79448950  0.81427426  0.39701100
   0.17309152  0.33293596  0.10906418
   0.24435366  0.21151410  0.41628481
   0.04436845  0.33669730  0.51325833
   0.31459717  0.46016730  0.21191317
   0.12033339  0.08637018  0.31599032
   0.23858000  0.04636000  0.07986000
   0.04731360  0.17069844  0.17977959
   0.31109319  0.42187927  0.38040144
   0.15320237  0.04154400  0.48612875
   0.18371997  0.29377913  0.27874456
   0.50626958  0.33297772  0.10928798
   0.58133690  0.21237805  0.41653389
   0.38124735  0.34472182  0.50474365
   0.64816960  0.46058426  0.21221641
   0.45339275  0.08647081  0.31423938
   0.57191000  0.04636000  0.07986000
   0.38051770  0.17083083  0.17986459
   0.64430727  0.42108134  0.38109726
   0.48502262  0.03526250  0.48026120
   0.51735711  0.29419919  0.27865267
   0.83954998  0.33290982  0.10914269
   0.91315268  0.21143838  0.41201385
   0.70961087  0.33739425  0.51671096
   0.98140052  0.46024639  0.21178432
   0.78598012  0.08572125  0.31449040
   0.90524000  0.04636000  0.07986000
   0.71377101  0.17070056  0.17979924
   0.97760290  0.42096148  0.38038755
   0.81976639  0.04361139  0.48502634
   0.85081322  0.29374955  0.27846221
   0.17308755  0.83296264  0.10913048
   0.25959125  0.70626250  0.40862663
   0.08363348  0.82225159  0.50947836
   0.31648510  0.96024890  0.21217338
   0.11603675  0.58436799  0.31291483
   0.23858000  0.54636000  0.07986000
   0.04669044  0.67124427  0.17992754
   0.32663721  0.91848070  0.37940896
   0.11321497  0.55303924  0.48518633
   0.18286034  0.79484019  0.27888226
   0.50653495  0.83295413  0.10913383
   0.59438907  0.70680745  0.40830362
   0.41874468  0.81987990  0.50945354
   0.64979684  0.96036367  0.21228110
   0.44954781  0.58461148  0.31286898
   0.57191000  0.54636000  0.07986000
   0.38011855  0.67122377  0.17983759
   0.66071552  0.91864875  0.38005434
   0.44679744  0.55754071  0.48506501
   0.51627678  0.79497417  0.27896711
   0.83971196  0.83307214  0.10958732
   0.75185003  0.82427279  0.50929579
   0.98319061  0.96081023  0.21299069
   0.78286184  0.58450209  0.31349058
   0.90524000  0.54636000  0.07986000
   0.71333825  0.67145288  0.18008293
   0.99350754  0.91949556  0.38131875
   0.78319341  0.55178086  0.48585805
   0.85009736  0.79545843  0.27958270
   0.92702774  0.70617764  0.40931519
   0.41886357  0.15637007  0.58690652
   0.69209661  0.30066290  0.61187078
