   0.95517723  0.93839273  0.49676445
   0.03971000  0.19194000  0.08602000
   0.30834610  0.43804745  0.28840608
   0.12773757  0.06265038  0.38317235
   0.17810706  0.31371574  0.18719349
   0.26169662  0.18527097  0.48453721
   0.37304000  0.19194000  0.08602000
   0.64353187  0.43563819  0.28751670
   0.45836466  0.06276701  0.39401602
   0.51063500  0.31387895  0.18680174
   0.59784445  0.19040570  0.49105960
   0.70637000  0.19194000  0.08602000
   0.97696772  0.43775803  0.28869471
   0.79471030  0.05784038  0.39108944
   0.84362059  0.31407284  0.18759537
   0.94502111  0.18652679  0.48588885
   0.03971000  0.69194000  0.08602000
   0.31728931  0.93888388  0.28974357
   0.11645705  0.56450297  0.38990099
   0.17906092  0.81399361  0.18730171
   0.25034274  0.70451344  0.48627989
   0.37304000  0.69194000  0.08602000
   0.64801155  0.93908033  0.28914605
   0.44597226  0.56502396  0.38924188
   0.51078652  0.81376223  0.18783414
   0.58340336  0.70112620  0.48485804
   0.70637000  0.69194000  0.08602000
   0.98075979  0.93570209  0.28491104
   0.84102801  0.81330062  0.18679259
   0.91548121  0.69739591  0.48448105
   0.77872434  0.56350425  0.38910959
   0.17835942  0.06345360  0.18745973
   0.25002134  0.44245295  0.49130067
   0.03971000  0.44194000  0.08602000
   0.31549107  0.19054970  0.28985593
   0.11010454  0.31941728  0.39091627
   0.51080316  0.06232777  0.18531952
   0.58093783  0.44280572  0.49420694
   0.37304000  0.44194000  0.08602000
   0.64708438  0.18645730  0.28993523
   0.44691323  0.32260334  0.39346638
   0.84388180  0.06255500  0.18525508
   0.91644859  0.44400366  0.48912432
   0.70637000  0.44194000  0.08602000
   0.98088980  0.18768073  0.28797499
   0.77695248  0.31460585  0.39008860
   0.17791348  0.56263736  0.18554559
   0.28159512  0.94188945  0.50090179
   0.03971000  0.94194000  0.08602000
   0.31152065  0.68783372  0.28775139
   0.12323891  0.81902892  0.39193360
   0.51139879  0.56259600  0.18521296
   0.61587090  0.93106092  0.49774174
   0.37304000  0.94194000  0.08602000
   0.64513386  0.68674572  0.28855502
   0.45703567  0.81503314  0.38903210
   0.84514767  0.56332469  0.18577292
   0.70637000  0.94194000  0.08602000
   0.97881164  0.68850824  0.29031454
   0.78977898  0.81460074  0.38706048
   0.17417000  0.33753000  0.10253000
   0.24769125  0.21382892  0.39855001
   0.04688430  0.33778585  0.49549034
   0.31186920  0.45873039  0.20438715
   0.11600233  0.08212692  0.29931704
   0.23858000  0.04636000  0.06951000
   0.04381883  0.16895350  0.16993886
   0.30703385  0.42257713  0.37244327
   0.15288189  0.03584259  0.46380917
   0.17826953  0.29240455  0.27044979
   0.50750000  0.33753000  0.10253000
   0.57929604  0.21297336  0.40949235
   0.38221885  0.33471186  0.49858097
   0.64563480  0.45880496  0.20475978
   0.44876755  0.08620233  0.30925305
   0.57191000  0.04636000  0.06951000
   0.37777238  0.16831515  0.16958248
   0.64391283  0.41982651  0.37213473
   0.48806009  0.04219246  0.48236111
   0.51338049  0.29043548  0.26984736
   0.84083000  0.33753000  0.10253000
   0.91165112  0.20838837  0.40474701
   0.71293348  0.33575970  0.50841704
   0.97809486  0.45902402  0.20493832
   0.78446755  0.08393849  0.30719454
   0.90524000  0.04636000  0.06951000
   0.71094953  0.16843011  0.16964478
   0.97221469  0.42071288  0.37278426
   0.81605920  0.04029283  0.47926471
   0.84512841  0.29091698  0.27116388
   0.17417000  0.83753000  0.10253000
   0.26007716  0.70797087  0.40176663
   0.08286919  0.82168756  0.50022344
   0.31281806  0.95901720  0.20543970
   0.11217053  0.58222128  0.30542971
   0.23858000  0.54636000  0.06951000
   0.04553072  0.66921970  0.16950153
   0.32486098  0.91972150  0.37377027
   0.11930963  0.55509523  0.47658611
   0.17869538  0.79343029  0.27096158
   0.50750000  0.83753000  0.10253000
   0.59047656  0.70688824  0.40094127
   0.41170754  0.82783676  0.50737408
   0.64476562  0.95916021  0.20521339
   0.44421815  0.58243625  0.30490388
   0.57191000  0.54636000  0.06951000
   0.37732189  0.66956808  0.16958538
   0.65374092  0.91970272  0.37273083
   0.45115535  0.55313983  0.47667428
   0.51223878  0.79258866  0.27123528
   0.84083000  0.83753000  0.10253000
   0.75257244  0.82024113  0.50595875
   0.97744321  0.95715747  0.20185604
   0.77761151  0.58027842  0.30407395
   0.90524000  0.54636000  0.06951000
   0.71047592  0.66884686  0.16920765
   0.98431984  0.92023327  0.36823345
   0.78363728  0.54928584  0.47602354
   0.84414240  0.79029581  0.27000205
   0.92405954  0.70642326  0.40001982
   0.16918947  0.10544861  0.58340615
   0.78917266  0.33583009  0.60919206
