   0.92643221  0.94297279  0.50288890
   0.03971000  0.19194000  0.08602000
   0.31540639  0.43530175  0.28552869
   0.11768898  0.06082772  0.39151060
   0.17989848  0.31346062  0.18484586
   0.26153144  0.19300022  0.48573040
   0.37304000  0.19194000  0.08602000
   0.65046189  0.43844713  0.28878888
   0.45595151  0.06179603  0.39249242
   0.51265589  0.31538860  0.18742286
   0.60128193  0.18756377  0.48973773
   0.70637000  0.19194000  0.08602000
   0.98317039  0.43893789  0.28826768
   0.78727059  0.06113441  0.38792119
   0.84565178  0.31499304  0.18710539
   0.93090415  0.18664597  0.48438592
   0.03971000  0.69194000  0.08602000
   0.31343567  0.93994631  0.28906982
   0.12069859  0.56252968  0.38992830
   0.17955654  0.81456890  0.18619719
   0.25602897  0.69471724  0.48579590
   0.37304000  0.69194000  0.08602000
   0.64616815  0.93852348  0.28741840
   0.45066807  0.55815655  0.38601958
   0.51130338  0.81478041  0.18680931
   0.58607540  0.68910824  0.48081176
   0.70637000  0.69194000  0.08602000
   0.98068386  0.93865894  0.28903999
   0.84599310  0.81549481  0.18734963
   0.91817007  0.70181410  0.48950972
   0.78868707  0.56274319  0.39111083
   0.17888204  0.06336762  0.18526653
   0.26633616  0.43220590  0.49163291
   0.03971000  0.44194000  0.08602000
   0.31471728  0.18758425  0.28973489
   0.12145758  0.31347154  0.38914620
   0.51207325  0.06362587  0.18521306
   0.59756730  0.43442020  0.49197483
   0.37304000  0.44194000  0.08602000
   0.64842376  0.18771853  0.28860208
   0.45464423  0.31305513  0.39078552
   0.84546094  0.06367846  0.18572170
   0.93804692  0.43495109  0.49195910
   0.70637000  0.44194000  0.08602000
   0.98192771  0.18784127  0.28845171
   0.78792202  0.31395238  0.38919941
   0.18030170  0.56341220  0.18441785
   0.26278835  0.93648713  0.49662208
   0.03971000  0.94194000  0.08602000
   0.31500120  0.68767281  0.28697726
   0.11451427  0.81629521  0.39092750
   0.51425314  0.56385183  0.18487824
   0.59860127  0.93539939  0.50011857
   0.37304000  0.94194000  0.08602000
   0.64857334  0.68877603  0.28920417
   0.44748281  0.81675923  0.38916010
   0.84716336  0.56412509  0.18554086
   0.70637000  0.94194000  0.08602000
   0.98186521  0.68883739  0.28885534
   0.78118584  0.81748364  0.39267615
   0.17240004  0.33278002  0.09892212
   0.25478028  0.20569251  0.40243644
   0.06537322  0.32600338  0.50057855
   0.31406406  0.45885270  0.20133261
   0.11518390  0.08338144  0.30662268
   0.23858000  0.04636000  0.06951000
   0.04459948  0.16890083  0.16910388
   0.31886409  0.41469840  0.36908508
   0.13315432  0.04745880  0.47890678
   0.18132364  0.29025182  0.26778395
   0.50750000  0.33753000  0.10253000
   0.58949052  0.20811138  0.40648531
   0.40094529  0.32757024  0.50190097
   0.64837499  0.46049500  0.20481299
   0.45011256  0.08395573  0.30760639
   0.57191000  0.04636000  0.06951000
   0.37830182  0.17002215  0.16982517
   0.65505218  0.41838917  0.37295085
   0.46416897  0.04525585  0.47990010
   0.51484034  0.29240252  0.27092942
   0.84083000  0.33753000  0.10253000
   0.92192842  0.20733774  0.40104022
   0.73135748  0.33005587  0.50855471
   0.98088564  0.46037319  0.20403020
   0.78206760  0.08306431  0.30391477
   0.90524000  0.04636000  0.06951000
   0.71167224  0.16959495  0.16964931
   0.98663359  0.41838755  0.37207451
   0.79434498  0.04615247  0.47048253
   0.84796617  0.29279761  0.27049453
   0.17269458  0.83305056  0.09961494
   0.24826468  0.70972035  0.40333827
   0.05897699  0.83193785  0.50739195
   0.31300882  0.96021941  0.20433117
   0.11602128  0.58472139  0.30578569
   0.23858000  0.54636000  0.06951000
   0.04626109  0.66930101  0.16928408
   0.31201711  0.92077138  0.37339292
   0.13736871  0.54329476  0.47649629
   0.18143338  0.79286742  0.26977351
   0.50750000  0.83753000  0.10253000
   0.57871892  0.70622455  0.39818975
   0.39190562  0.82806468  0.50429247
   0.64596773  0.95997974  0.20348930
   0.44756486  0.58121475  0.30235749
   0.57191000  0.54636000  0.06951000
   0.37935181  0.66934053  0.16934007
   0.64522153  0.91925052  0.37075724
   0.46554350  0.54062887  0.47253647
   0.51376367  0.79235417  0.26982299
   0.84083000  0.83753000  0.10253000
   0.72764378  0.82073312  0.49577452
   0.97985010  0.96055571  0.20479405
   0.78317726  0.58427415  0.30651735
   0.90524000  0.54636000  0.06951000
   0.71352899  0.67000764  0.16969247
   0.97957140  0.91943824  0.37279637
   0.80190421  0.54608570  0.47986556
   0.84809619  0.79256286  0.27054341
   0.91518536  0.70960665  0.40593126
   0.78065146  0.00111975  0.59222680
   0.77827854  0.44909766  0.59036228
