   0.60814379  0.93378881  0.49248058
   0.03971000  0.19194000  0.08602000
   0.31413441  0.43978052  0.28866808
   0.12468283  0.06089340  0.39095764
   0.17913142  0.31605926  0.18731203
   0.26161703  0.19363892  0.48620857
   0.37304000  0.19194000  0.08602000
   0.64681469  0.44038078  0.28887701
   0.45851190  0.06155313  0.38996790
   0.51223990  0.31653181  0.18738640
   0.58536459  0.18409810  0.49300342
   0.70637000  0.19194000  0.08602000
   0.97941496  0.43942719  0.28781593
   0.79057405  0.06104191  0.39014520
   0.84556458  0.31562172  0.18692000
   0.92434769  0.19352220  0.48555025
   0.03971000  0.69194000  0.08602000
   0.31690796  0.94004328  0.28764027
   0.11493213  0.56248643  0.38927288
   0.17848538  0.81603624  0.18691773
   0.25808852  0.69323655  0.48388322
   0.37304000  0.69194000  0.08602000
   0.65026952  0.93965509  0.28815592
   0.44791262  0.56359756  0.39066690
   0.51204282  0.81602217  0.18722893
   0.58596636  0.69790346  0.48610605
   0.70637000  0.69194000  0.08602000
   0.98345829  0.93993936  0.28857809
   0.84521026  0.81640663  0.18732574
   0.92119633  0.69856291  0.48724978
   0.78180060  0.56457421  0.39156853
   0.17990842  0.06493098  0.18525334
   0.24946789  0.43864912  0.49365638
   0.03971000  0.44194000  0.08602000
   0.31627804  0.18968096  0.28916927
   0.11478732  0.31607294  0.38954386
   0.51319324  0.06477251  0.18506607
   0.58303647  0.44201937  0.49398031
   0.37304000  0.44194000  0.08602000
   0.64931093  0.18945745  0.28843728
   0.44923347  0.31671020  0.39308626
   0.84655436  0.06478619  0.18536448
   0.91930267  0.44246293  0.49340369
   0.70637000  0.44194000  0.08602000
   0.98261783  0.18900199  0.28867718
   0.77994309  0.31561337  0.39098797
   0.17934932  0.56453944  0.18535915
   0.27364178  0.93162554  0.49405134
   0.03971000  0.94194000  0.08602000
   0.31362238  0.68909604  0.28844380
   0.12240053  0.81401693  0.38841792
   0.51273710  0.56509409  0.18583863
   0.37304000  0.94194000  0.08602000
   0.64744298  0.68954896  0.28954225
   0.45529345  0.81440710  0.38838823
   0.84581702  0.56463799  0.18531452
   0.94389079  0.93509833  0.49390634
   0.70637000  0.94194000  0.08602000
   0.98019228  0.68903838  0.28840672
   0.78885634  0.81518503  0.39055697
   0.17417000  0.33753000  0.10253000
   0.24775161  0.20938077  0.40431255
   0.04565450  0.33193987  0.50603423
   0.31354036  0.46101841  0.20469248
   0.11707903  0.08518911  0.30680652
   0.23858000  0.04636000  0.06951000
   0.04599090  0.17115339  0.16957582
   0.31356334  0.41955996  0.37281325
   0.14397212  0.04395931  0.47774287
   0.18150371  0.29345898  0.27063323
   0.50750000  0.33753000  0.10253000
   0.58235765  0.20982987  0.40930615
   0.38314009  0.33429535  0.50264970
   0.64675407  0.46149231  0.20494017
   0.45109235  0.08586543  0.30646184
   0.57191000  0.04636000  0.06951000
   0.37958586  0.17137545  0.16957413
   0.64724381  0.42007099  0.37299811
   0.46954788  0.03553444  0.47281571
   0.51512651  0.29411118  0.27068767
   0.84083000  0.33753000  0.10253000
   0.91528409  0.20990953  0.40359480
   0.71726359  0.33663315  0.50580452
   0.98004155  0.46073759  0.20399164
   0.78339427  0.08517215  0.30631042
   0.90524000  0.04636000  0.06951000
   0.71248948  0.17065806  0.16937663
   0.97902260  0.41912356  0.37194031
   0.81087596  0.04279046  0.47595110
   0.84825352  0.29294020  0.27001267
   0.17417000  0.83753000  0.10253000
   0.25491674  0.70634660  0.40093808
   0.07307186  0.82631594  0.50547150
   0.31422495  0.96131440  0.20397810
   0.11378124  0.58419200  0.30532270
   0.23858000  0.54636000  0.06951000
   0.04542715  0.67069651  0.16939934
   0.32074389  0.91785092  0.37075754
   0.12007297  0.54885734  0.47624824
   0.18008745  0.79362773  0.26991237
   0.50750000  0.83753000  0.10253000
   0.58834588  0.70717782  0.40192919
   0.40720532  0.82132368  0.50361846
   0.64741406  0.96102896  0.20431982
   0.44738536  0.58469955  0.30625738
   0.57191000  0.54636000  0.06951000
   0.37875215  0.67096509  0.16961862
   0.65455642  0.91828663  0.37192385
   0.45160622  0.55171244  0.47790373
   0.51377225  0.79379382  0.27046184
   0.84083000  0.83753000  0.10253000
   0.74193250  0.82544667  0.50133968
   0.98064964  0.96132658  0.20462551
   0.78121701  0.58484071  0.30670164
   0.90524000  0.54636000  0.06951000
   0.71240436  0.67122512  0.16960719
   0.98824128  0.91876552  0.37247251
   0.78669268  0.55181792  0.47907916
   0.84703766  0.79422341  0.27065215
   0.92165601  0.70837495  0.40409063
   0.56256933  0.13215574  0.59047305
   0.75648065  0.31071132  0.60006867
