   0.26732827  0.43693226  0.48996366
   0.03971000  0.19194000  0.08602000
   0.31543279  0.43930013  0.28816986
   0.12290659  0.05852032  0.38951055
   0.17922144  0.31516334  0.18719134
   0.26337006  0.19338431  0.48320210
   0.37304000  0.19194000  0.08602000
   0.64869869  0.43881653  0.28632647
   0.45520373  0.06120448  0.38940373
   0.51145173  0.31440200  0.18695746
   0.59757367  0.19413024  0.48418171
   0.70637000  0.19194000  0.08602000
   0.98201079  0.43980067  0.28863718
   0.78974571  0.06164178  0.39040959
   0.84634879  0.31550547  0.18728313
   0.93229877  0.19662072  0.48436812
   0.03971000  0.69194000  0.08602000
   0.31366710  0.93831186  0.28850727
   0.11507324  0.56249560  0.39115987
   0.17871534  0.81557951  0.18697822
   0.26048167  0.69309393  0.48617910
   0.37304000  0.69194000  0.08602000
   0.64772821  0.93888069  0.28905679
   0.45836276  0.56098797  0.38963510
   0.51047291  0.81617267  0.18740153
   0.59836527  0.69272421  0.48521837
   0.70637000  0.69194000  0.08602000
   0.98110490  0.93804613  0.28852165
   0.84469209  0.81587852  0.18682793
   0.92437956  0.69297597  0.49744036
   0.78491703  0.56504001  0.38520046
   0.18012550  0.06381853  0.18516023
   0.03971000  0.44194000  0.08602000
   0.31578924  0.18747119  0.28878444
   0.11968495  0.31470723  0.38829217
   0.51362815  0.06450517  0.18581314
   0.60389174  0.43738879  0.49976285
   0.37304000  0.44194000  0.08602000
   0.64951693  0.18860856  0.28920675
   0.45392120  0.31738444  0.39031851
   0.84663011  0.06383870  0.18532835
   0.93371353  0.43578869  0.50009102
   0.70637000  0.44194000  0.08602000
   0.98271317  0.18752808  0.28853655
   0.78728756  0.31725918  0.38939277
   0.17793688  0.56405413  0.18490171
   0.26942914  0.93665396  0.49297234
   0.03971000  0.94194000  0.08602000
   0.31423666  0.68836403  0.28917590
   0.11190632  0.81107983  0.39375368
   0.51110624  0.56387903  0.18469749
   0.60281605  0.93684340  0.49170930
   0.37304000  0.94194000  0.08602000
   0.64725471  0.68912893  0.28644226
   0.44888631  0.81616714  0.39056710
   0.84453066  0.56467116  0.18642362
   0.93742541  0.93884719  0.49270137
   0.70637000  0.94194000  0.08602000
   0.98233340  0.68958570  0.28643142
   0.78330391  0.81300545  0.39351918
   0.17417000  0.33753000  0.10253000
   0.25259972  0.20632816  0.40012153
   0.06936893  0.32915814  0.50317755
   0.31230348  0.46078846  0.20425152
   0.11588500  0.08185631  0.30589411
   0.23858000  0.04636000  0.06951000
   0.04654213  0.17005908  0.16947389
   0.31877075  0.41947971  0.37186340
   0.13772369  0.04588359  0.47642276
   0.18226321  0.29188263  0.27022079
   0.50750000  0.33753000  0.10253000
   0.58796478  0.20891512  0.40154826
   0.40326523  0.32981982  0.49510909
   0.64454622  0.45940298  0.20271836
   0.45026053  0.08300306  0.30552448
   0.57191000  0.04636000  0.06951000
   0.37952848  0.16980531  0.16952282
   0.65431142  0.42088788  0.37022007
   0.47032885  0.04603445  0.47586035
   0.51504204  0.29203022  0.27007289
   0.84083000  0.33753000  0.10253000
   0.92036755  0.20879323  0.40199175
   0.73365357  0.32687904  0.50409397
   0.97964683  0.46080598  0.20455015
   0.78323059  0.08357102  0.30611884
   0.90524000  0.04636000  0.06951000
   0.71347068  0.17007764  0.16958152
   0.98520394  0.41848947  0.37224283
   0.80415332  0.04791234  0.47700689
   0.84956180  0.29262450  0.27030050
   0.17417000  0.83753000  0.10253000
   0.24912933  0.70760851  0.40349467
   0.06922474  0.83132167  0.50224018
   0.31465855  0.96049815  0.20426604
   0.11392011  0.58525448  0.30654969
   0.23858000  0.54636000  0.06951000
   0.04449479  0.67051677  0.16958649
   0.31239294  0.91834533  0.37265156
   0.13156001  0.54607715  0.47705475
   0.18156777  0.79284106  0.26979186
   0.50750000  0.83753000  0.10253000
   0.58168300  0.70920052  0.40261476
   0.40213846  0.82949439  0.50056910
   0.64739888  0.96075652  0.20496649
   0.44977486  0.58410983  0.30535618
   0.57191000  0.54636000  0.06951000
   0.37780734  0.67053582  0.16944824
   0.65003203  0.91938700  0.37306325
   0.47456079  0.54430175  0.47619452
   0.51232663  0.79386360  0.27035293
   0.84083000  0.83753000  0.10253000
   0.73570747  0.83061177  0.49936765
   0.98103421  0.96054173  0.20421856
   0.78333309  0.58483482  0.29735895
   0.90524000  0.54636000  0.06951000
   0.71073339  0.67064190  0.16947647
   0.98141731  0.91426902  0.37300771
   0.80109985  0.54831557  0.51654981
   0.84734149  0.79462148  0.26969003
   0.90934212  0.70086307  0.41289219
   0.08627757  0.54990943  0.67275979
   0.90044383  0.52520516  0.60262560
