   0.60301184  0.19125782  0.50455515
   0.03971000  0.19194000  0.09637000
   0.31445302  0.43863311  0.29799625
   0.12419372  0.06162327  0.40052174
   0.17952358  0.31491635  0.19736231
   0.25184344  0.19908486  0.49641045
   0.37304000  0.19194000  0.09637000
   0.64761900  0.44025347  0.30098774
   0.45971251  0.06453083  0.40395854
   0.51311919  0.31654561  0.19872172
   0.70637000  0.19194000  0.09637000
   0.98015510  0.43987431  0.29954394
   0.79222700  0.05865728  0.39610510
   0.84522602  0.31649700  0.19810753
   0.90965353  0.18607916  0.49773634
   0.03971000  0.69194000  0.09637000
   0.31780673  0.94245825  0.29982125
   0.11800730  0.56475379  0.39948934
   0.17975086  0.81724163  0.19767458
   0.26526382  0.69523248  0.49471025
   0.37304000  0.69194000  0.09637000
   0.64914370  0.93830896  0.29401600
   0.44938114  0.56463751  0.39788892
   0.51203108  0.81396422  0.19413011
   0.59790229  0.69509648  0.49240795
   0.70637000  0.69194000  0.09637000
   0.98554957  0.93956525  0.29629417
   0.84731088  0.81426536  0.19528804
   0.92516938  0.70227432  0.49660102
   0.78458944  0.56673205  0.40076391
   0.18135074  0.06533140  0.19575432
   0.24921346  0.44044287  0.50174254
   0.03971000  0.44194000  0.09637000
   0.31722373  0.19036050  0.30069761
   0.11330282  0.31588360  0.40133319
   0.51355354  0.06532911  0.19462180
   0.58340824  0.44901795  0.50238679
   0.37304000  0.44194000  0.09637000
   0.64976899  0.18973563  0.29962042
   0.44926616  0.31744815  0.40472721
   0.84699237  0.06400269  0.19361800
   0.92185982  0.44554604  0.50078597
   0.70637000  0.44194000  0.09637000
   0.98360169  0.18896316  0.29806462
   0.78035773  0.31448160  0.40209563
   0.17876875  0.56381992  0.19544215
   0.27822060  0.93509136  0.50548183
   0.03971000  0.94194000  0.09637000
   0.31520732  0.68911033  0.29734034
   0.12268514  0.81672159  0.39836307
   0.51266714  0.56321548  0.19591404
   0.61026872  0.92930469  0.50277891
   0.37304000  0.94194000  0.09637000
   0.64894237  0.68881521  0.29676815
   0.45552832  0.81660525  0.39651998
   0.84621993  0.56448093  0.19696273
   0.94452919  0.93230939  0.50262990
   0.70637000  0.94194000  0.09637000
   0.98238357  0.68971781  0.29886426
   0.78918221  0.81651473  0.39532481
   0.17417000  0.33753000  0.11288000
   0.24782015  0.20893872  0.41365521
   0.04617058  0.33061241  0.50886614
   0.31339333  0.45974660  0.21385724
   0.11817711  0.08428050  0.31538728
   0.23858000  0.04636000  0.07986000
   0.04680921  0.17034752  0.17987887
   0.31418501  0.41951884  0.38196217
   0.14329410  0.04500504  0.48837327
   0.18226704  0.29286559  0.28060421
   0.50750000  0.33753000  0.11288000
   0.58186290  0.21161300  0.42184755
   0.38389511  0.33751415  0.51099217
   0.64765475  0.46081430  0.21651733
   0.45206150  0.08758791  0.31934633
   0.57191000  0.04636000  0.07986000
   0.38033156  0.17218780  0.18054693
   0.64778210  0.42093127  0.38507020
   0.47877980  0.03991041  0.48831007
   0.51579390  0.29454567  0.28258228
   0.84083000  0.33753000  0.11288000
   0.91379282  0.20611190  0.41360607
   0.71644205  0.34652014  0.51221244
   0.98032529  0.46105852  0.21550417
   0.78408159  0.08322504  0.31185660
   0.90524000  0.04636000  0.07986000
   0.71356487  0.17146619  0.17991226
   0.97882601  0.41990856  0.38320306
   0.80792245  0.03176144  0.47965800
   0.84863576  0.29374275  0.28150666
   0.17417000  0.83753000  0.11288000
   0.25656451  0.71037375  0.41109487
   0.07903285  0.82773752  0.51638035
   0.31557290  0.96271761  0.21561356
   0.11565162  0.58493227  0.31581631
   0.23858000  0.54636000  0.07986000
   0.04571426  0.67114448  0.18049222
   0.32121304  0.92200151  0.38342236
   0.12375778  0.55193817  0.48534501
   0.18220175  0.79523551  0.28088583
   0.50616286  0.83237819  0.10817944
   0.58961331  0.70974654  0.40846482
   0.40845126  0.82487917  0.51570233
   0.64663638  0.95922844  0.21003021
   0.44898333  0.58383987  0.31378832
   0.57191000  0.54636000  0.07986000
   0.37840097  0.66904466  0.17926509
   0.65302510  0.91826222  0.37721017
   0.45136999  0.55569403  0.48478750
   0.51469572  0.79221172  0.27714180
   0.84015257  0.83227412  0.10889555
   0.74559309  0.82095846  0.51481282
   0.98147742  0.95950701  0.21197430
   0.78258047  0.58545781  0.31678107
   0.90524000  0.54636000  0.07986000
   0.71194696  0.66968122  0.18017515
   0.98866965  0.92029252  0.38029941
   0.78866325  0.55872068  0.48686729
   0.84926150  0.79376021  0.27892611
   0.92317981  0.71192584  0.41192001
   0.73900985  0.15325095  0.58859649
   0.77186639  0.36687086  0.61010112
