   0.94026845  0.18827176  0.50283738
   0.03971000  0.19194000  0.09637000
   0.31744477  0.43764075  0.29949081
   0.11777920  0.06084397  0.39946473
   0.17948596  0.31611963  0.19752563
   0.24475382  0.18532840  0.50204111
   0.37304000  0.19194000  0.09637000
   0.65145612  0.43687162  0.29906689
   0.45077905  0.06437879  0.40301562
   0.51302236  0.31547996  0.19745679
   0.58564916  0.19877639  0.50055331
   0.70637000  0.19194000  0.09637000
   0.98542523  0.43831357  0.29912472
   0.78344654  0.06226105  0.40433986
   0.84607287  0.31577946  0.19762423
   0.03971000  0.69194000  0.09637000
   0.31380947  0.94167176  0.29971245
   0.12477195  0.56180353  0.40035483
   0.17951755  0.81641747  0.19797900
   0.26135544  0.69707577  0.49546405
   0.37304000  0.69194000  0.09637000
   0.64784969  0.94188807  0.30008456
   0.45683180  0.56063972  0.40038937
   0.51298911  0.81640789  0.19809958
   0.59458382  0.69417918  0.49586609
   0.70637000  0.69194000  0.09637000
   0.97946576  0.94031758  0.29783814
   0.84541855  0.81539464  0.19737062
   0.92804956  0.69297880  0.49494766
   0.78946267  0.56013697  0.39983296
   0.17959085  0.06494251  0.19605965
   0.27403111  0.43644187  0.50230621
   0.03971000  0.44194000  0.09637000
   0.31623225  0.18965362  0.29987515
   0.12441249  0.31251448  0.40590952
   0.51284829  0.06458580  0.19590373
   0.59983988  0.43620297  0.50266999
   0.37304000  0.44194000  0.09637000
   0.64991658  0.18884589  0.30030806
   0.45682515  0.31194597  0.40393948
   0.84600291  0.06478764  0.19570021
   0.93990677  0.43803998  0.49947850
   0.70637000  0.44194000  0.09637000
   0.98289598  0.18945520  0.30011444
   0.79224677  0.31212308  0.40145827
   0.18064557  0.56462762  0.19592062
   0.25758144  0.93577819  0.50432271
   0.03971000  0.94194000  0.09637000
   0.31651504  0.68927785  0.29932256
   0.11230860  0.81684970  0.39876448
   0.51353322  0.56395751  0.19567020
   0.59071712  0.93865207  0.50750530
   0.37304000  0.94194000  0.09637000
   0.64893064  0.68803891  0.29878010
   0.44704150  0.81776946  0.40037777
   0.84721714  0.56424639  0.19561265
   0.92385821  0.93461517  0.50632220
   0.70637000  0.94194000  0.09637000
   0.98255994  0.68846195  0.29901398
   0.77890759  0.81585964  0.39892966
   0.17417000  0.33753000  0.11288000
   0.25860853  0.20277600  0.41691463
   0.07246726  0.33575051  0.50067526
   0.31471006  0.46112257  0.21526410
   0.11669008  0.08499646  0.31632777
   0.23858000  0.04636000  0.07986000
   0.04563574  0.17107972  0.18020067
   0.32401348  0.41535684  0.38335662
   0.12412512  0.03425958  0.48166567
   0.18211823  0.29314349  0.28055339
   0.50750000  0.33753000  0.11288000
   0.59352361  0.20650370  0.41668337
   0.40471342  0.32473264  0.51150498
   0.64817896  0.46055318  0.21498293
   0.45009348  0.08561023  0.31824598
   0.57191000  0.04636000  0.07986000
   0.37914570  0.17067782  0.18007680
   0.65706685  0.41540639  0.38339893
   0.46022767  0.04916137  0.49044596
   0.51614943  0.29236745  0.28050199
   0.84083000  0.33753000  0.11288000
   0.91966392  0.20457821  0.41811462
   0.73555898  0.33253130  0.51936537
   0.98152537  0.46091389  0.21488061
   0.78386111  0.08575514  0.31903311
   0.90524000  0.04636000  0.07986000
   0.71236323  0.17089122  0.18008932
   0.99049557  0.41682237  0.38291917
   0.79226404  0.04366597  0.49102343
   0.84880805  0.29324938  0.28088407
   0.17417000  0.83753000  0.11288000
   0.24798403  0.71153307  0.41302400
   0.05621351  0.82690433  0.51534400
   0.31386080  0.96160994  0.21564093
   0.11721542  0.58449461  0.31665128
   0.23858000  0.54636000  0.07986000
   0.04669342  0.67090268  0.18035028
   0.31205958  0.92165023  0.38363177
   0.14192195  0.54941758  0.48664171
   0.18220897  0.79387710  0.28151482
   0.50750000  0.83753000  0.11288000
   0.57994511  0.71003819  0.41380032
   0.39071745  0.83254301  0.51645444
   0.64729987  0.96178176  0.21581048
   0.44952559  0.58386752  0.31689128
   0.57191000  0.54636000  0.07986000
   0.38032065  0.67077010  0.18030552
   0.64492524  0.92059748  0.38383220
   0.47372938  0.54556033  0.48673549
   0.51613442  0.79374521  0.28156233
   0.84083000  0.83753000  0.11288000
   0.72125033  0.82893265  0.51663149
   0.97999926  0.96100799  0.21426570
   0.78269483  0.58316245  0.31659658
   0.90524000  0.54636000  0.07986000
   0.71279182  0.66998090  0.17995841
   0.97600357  0.91871110  0.38062353
   0.80502443  0.54569321  0.48727169
   0.84818062  0.79213734  0.28040963
   0.91243207  0.70926474  0.41282851
   0.08432812  0.15858455  0.58589346
   0.77181414  0.46940498  0.59942289
