   0.60625794  0.19298060  0.50587125
   0.03971000  0.19194000  0.09637000
   0.31802293  0.43768011  0.29921629
   0.11543529  0.06193125  0.40100385
   0.17959216  0.31609780  0.19765404
   0.25705241  0.19469252  0.49655781
   0.37304000  0.19194000  0.09637000
   0.65193167  0.43746970  0.29859512
   0.45299398  0.06479873  0.40526034
   0.51281006  0.31555145  0.19734211
   0.70637000  0.19194000  0.09637000
   0.98526539  0.43838137  0.29935040
   0.78395619  0.06105647  0.40000221
   0.84644324  0.31595909  0.19757354
   0.91395681  0.18482756  0.50251235
   0.03971000  0.69194000  0.09637000
   0.31516945  0.94260232  0.30055218
   0.12475182  0.56025994  0.40072186
   0.17989534  0.81644445  0.19799588
   0.26152943  0.69266765  0.49619322
   0.37304000  0.69194000  0.09637000
   0.64611082  0.94026702  0.29768343
   0.45421296  0.56122244  0.40046211
   0.51269270  0.81482897  0.19612504
   0.59139314  0.69324874  0.49606106
   0.70637000  0.69194000  0.09637000
   0.97912041  0.93965129  0.29802818
   0.84662860  0.81493851  0.19621396
   0.92876556  0.69723365  0.49416165
   0.79156600  0.56121872  0.39922736
   0.17972132  0.06477906  0.19569006
   0.27031626  0.43248421  0.50430893
   0.03971000  0.44194000  0.09637000
   0.31636642  0.18924885  0.30069304
   0.12369395  0.31152630  0.40411884
   0.51241799  0.06443147  0.19542766
   0.60024265  0.43848709  0.49903978
   0.37304000  0.44194000  0.09637000
   0.64981026  0.18895127  0.29952064
   0.45963381  0.31279805  0.40335867
   0.84635184  0.06466436  0.19527726
   0.94245025  0.43655881  0.50153564
   0.70637000  0.44194000  0.09637000
   0.98260309  0.18895505  0.29912062
   0.79143848  0.31205132  0.40445847
   0.18055879  0.56442366  0.19596519
   0.25723461  0.93887288  0.50621217
   0.03971000  0.94194000  0.09637000
   0.31598988  0.68878090  0.29912359
   0.11405272  0.81809378  0.39929157
   0.51383842  0.56414566  0.19545969
   0.58989828  0.93556186  0.50730042
   0.37304000  0.94194000  0.09637000
   0.64892877  0.68834380  0.29824437
   0.44593621  0.81756083  0.40048446
   0.84729554  0.56421871  0.19560917
   0.92335114  0.93537316  0.50452591
   0.70637000  0.94194000  0.09637000
   0.98305061  0.68875277  0.29902542
   0.77824818  0.81643075  0.39827597
   0.17417000  0.33753000  0.11288000
   0.25858935  0.20374855  0.41308719
   0.07126569  0.32446212  0.51146570
   0.31470689  0.46125626  0.21537595
   0.11537650  0.08384073  0.31653266
   0.23858000  0.04636000  0.07986000
   0.04549635  0.17114584  0.18028589
   0.32364595  0.41569351  0.38310716
   0.12686471  0.04706133  0.48825551
   0.18219019  0.29232417  0.28091328
   0.50750000  0.33753000  0.11288000
   0.59079732  0.20729482  0.42128453
   0.40276021  0.32576246  0.51112525
   0.64793688  0.46054125  0.21459820
   0.45156466  0.08689257  0.31997754
   0.57191000  0.04636000  0.07986000
   0.37889378  0.17054741  0.18010803
   0.65887459  0.41586275  0.38274856
   0.45877661  0.04607027  0.49230424
   0.51534275  0.29226704  0.28067242
   0.84083000  0.33753000  0.11288000
   0.92377969  0.20398945  0.41764300
   0.73526281  0.34137737  0.51136226
   0.98169916  0.46118816  0.21522201
   0.78364187  0.08478193  0.31665685
   0.90524000  0.04636000  0.07986000
   0.71207727  0.17086101  0.18015592
   0.99080962  0.41528262  0.38345178
   0.78988704  0.03551970  0.48258285
   0.84897959  0.29336184  0.28093992
   0.17417000  0.83753000  0.11288000
   0.24623970  0.71037136  0.41411285
   0.05670072  0.83180883  0.51517897
   0.31413014  0.96173866  0.21607567
   0.11678176  0.58415703  0.31739262
   0.23858000  0.54636000  0.07986000
   0.04703751  0.67103966  0.18051460
   0.31286680  0.92326087  0.38491558
   0.14220806  0.54456023  0.48722772
   0.18274904  0.79489644  0.28189596
   0.50596561  0.83323585  0.10984097
   0.57906542  0.71044760  0.41410821
   0.38723420  0.82940913  0.51554726
   0.64672243  0.96054405  0.21346664
   0.44957649  0.58408388  0.31698891
   0.57191000  0.54636000  0.07986000
   0.37954660  0.67008304  0.17987762
   0.64283112  0.91929703  0.38085332
   0.46988700  0.54506642  0.48664120
   0.51546237  0.79289404  0.27954920
   0.83955962  0.83317177  0.10986887
   0.72058692  0.82836600  0.51679479
   0.98032387  0.96054839  0.21391623
   0.78311030  0.58388119  0.31565566
   0.90524000  0.54636000  0.07986000
   0.71299550  0.67017650  0.17995235
   0.97647464  0.92036552  0.38186726
   0.80852507  0.55071337  0.48557737
   0.84866021  0.79283254  0.27972478
   0.91355079  0.71092949  0.41195674
   0.75441056  0.15636112  0.58725947
   0.77003398  0.46929623  0.59617322
