   0.91752965  0.93940630  0.49702190
   0.03971000  0.19194000  0.08602000
   0.31979029  0.44008368  0.28901853
   0.11569632  0.06143149  0.38971965
   0.17981821  0.31632550  0.18731602
   0.26063093  0.19072707  0.48619303
   0.37304000  0.19194000  0.08602000
   0.65161808  0.43775235  0.28625159
   0.45001060  0.06441292  0.39277559
   0.51235936  0.31504377  0.18653129
   0.59270351  0.19482791  0.49115966
   0.70637000  0.19194000  0.08602000
   0.98680544  0.43884307  0.28801987
   0.78218182  0.06208182  0.39136021
   0.84650885  0.31565457  0.18689832
   0.93184198  0.19087804  0.48661564
   0.03971000  0.69194000  0.08602000
   0.31325878  0.94077747  0.29023979
   0.12548332  0.56086744  0.39093416
   0.18002679  0.81658437  0.18752674
   0.25743532  0.69362684  0.48658630
   0.37304000  0.69194000  0.08602000
   0.64616231  0.93972635  0.28936703
   0.45819833  0.56191879  0.39227428
   0.51273871  0.81622728  0.18728213
   0.59893744  0.68901295  0.48776145
   0.70637000  0.69194000  0.08602000
   0.97886336  0.93931601  0.28910671
   0.84621522  0.81598690  0.18694318
   0.91453545  0.68274344  0.48712794
   0.79421622  0.56046633  0.38718275
   0.17921479  0.06468451  0.18572825
   0.27896236  0.43079532  0.49388949
   0.03971000  0.44194000  0.08602000
   0.31515529  0.18845935  0.28943920
   0.12768517  0.31219720  0.38918952
   0.51256414  0.06437956  0.18539131
   0.60578439  0.42714570  0.48890301
   0.37304000  0.44194000  0.08602000
   0.64882822  0.18803498  0.28862050
   0.45970798  0.31272019  0.38938587
   0.84605533  0.06454320  0.18533287
   0.94717146  0.42937174  0.49225191
   0.70637000  0.44194000  0.08602000
   0.98244698  0.18796065  0.28882591
   0.79385529  0.31161956  0.38773389
   0.18135068  0.56507235  0.18534010
   0.25029649  0.94141360  0.49847451
   0.03971000  0.94194000  0.08602000
   0.31697865  0.69031155  0.28993884
   0.11112884  0.81623544  0.39188253
   0.51426715  0.56460841  0.18469695
   0.58126651  0.93719761  0.49569796
   0.37304000  0.94194000  0.08602000
   0.64985453  0.68990023  0.28858727
   0.44540138  0.81748479  0.39399305
   0.84803673  0.56466763  0.18487314
   0.70637000  0.94194000  0.08602000
   0.98412183  0.68988881  0.28851015
   0.77776929  0.81576878  0.39321828
   0.17417000  0.33753000  0.10253000
   0.26181475  0.20648746  0.40214157
   0.07720681  0.32150041  0.50364836
   0.31564250  0.46174354  0.20556470
   0.11531299  0.08347084  0.30658493
   0.23858000  0.04636000  0.06951000
   0.04580382  0.17124555  0.17014021
   0.32642521  0.41733087  0.37292753
   0.11973835  0.04814195  0.47281387
   0.18266407  0.29392432  0.27114165
   0.50750000  0.33753000  0.10253000
   0.59526616  0.20811602  0.40713346
   0.40880003  0.31957249  0.50345764
   0.64818518  0.46037967  0.20365960
   0.44990270  0.08524411  0.30875507
   0.57191000  0.04636000  0.06951000
   0.37879949  0.17029871  0.16980741
   0.66045754  0.41461686  0.36954580
   0.45497809  0.05311467  0.48007544
   0.51542355  0.29238739  0.27003265
   0.84083000  0.33753000  0.10253000
   0.92595483  0.20627748  0.40347427
   0.74184658  0.32579277  0.51277352
   0.98223477  0.46098070  0.20470958
   0.78196497  0.08426515  0.30737005
   0.90524000  0.04636000  0.06951000
   0.71224854  0.17069456  0.16997942
   0.99273587  0.41593407  0.37216097
   0.78260754  0.05097588  0.47865531
   0.84932131  0.29306116  0.27067028
   0.17417000  0.83753000  0.10253000
   0.24522671  0.70922329  0.40471918
   0.04298505  0.82030261  0.49591061
   0.31391666  0.96181275  0.20599717
   0.11732610  0.58485712  0.30724412
   0.23858000  0.54636000  0.06951000
   0.04744084  0.67096757  0.17011380
   0.31118848  0.92150431  0.37489446
   0.14664766  0.54002042  0.47724281
   0.18287783  0.79385542  0.27130575
   0.50750000  0.83753000  0.10253000
   0.57707426  0.70921436  0.40834827
   0.38201648  0.83320955  0.50421476
   0.64684177  0.96144767  0.20535721
   0.45153718  0.58643405  0.30865503
   0.57191000  0.54636000  0.06951000
   0.38070428  0.67075117  0.16995175
   0.64383038  0.91945873  0.37395710
   0.48100422  0.53947382  0.47844575
   0.51564970  0.79338176  0.27095110
   0.84083000  0.83753000  0.10253000
   0.71454023  0.83300051  0.50404187
   0.98008487  0.96127616  0.20486158
   0.78378887  0.58398200  0.30383411
   0.90524000  0.54636000  0.06951000
   0.71380361  0.67042859  0.16973901
   0.97531717  0.91893495  0.37319185
   0.80868740  0.53400107  0.47365222
   0.84877812  0.79305264  0.27030974
   0.90889329  0.70715289  0.40440162
   0.08072668  0.93999612  0.59393587
   0.76320735  0.49008272  0.58354956
