   0.27518551  0.43527589  0.49280169
   0.03971000  0.19194000  0.08602000
   0.31715738  0.43995547  0.28939282
   0.12116483  0.06061807  0.39070880
   0.17895452  0.31622865  0.18769456
   0.26347384  0.19536408  0.48521457
   0.37304000  0.19194000  0.08602000
   0.64954254  0.43792039  0.28651727
   0.45439127  0.06224061  0.39108562
   0.51149451  0.31398634  0.18677002
   0.59826550  0.19404316  0.48566874
   0.70637000  0.19194000  0.08602000
   0.98313935  0.43952997  0.28869628
   0.78700648  0.06147794  0.39027949
   0.84551856  0.31550013  0.18728379
   0.93149436  0.19319605  0.48445461
   0.03971000  0.69194000  0.08602000
   0.31424530  0.93943045  0.28936210
   0.12059894  0.56128247  0.39130618
   0.17916410  0.81586183  0.18739746
   0.26480986  0.69184417  0.48669026
   0.37304000  0.69194000  0.08602000
   0.64854230  0.93873913  0.28873935
   0.46018807  0.56150648  0.39170668
   0.51158696  0.81583094  0.18729705
   0.59909243  0.69398117  0.48735478
   0.70637000  0.69194000  0.08602000
   0.98136015  0.93931708  0.28897486
   0.84523998  0.81621419  0.18715560
   0.93151122  0.69427355  0.49253805
   0.78815381  0.56391593  0.38534099
   0.17915410  0.06445592  0.18562445
   0.03971000  0.44194000  0.08602000
   0.31591329  0.18871174  0.29000029
   0.12295014  0.31452412  0.39013932
   0.51232901  0.06369617  0.18534369
   0.61071604  0.43617623  0.49977959
   0.37304000  0.44194000  0.08602000
   0.64913080  0.18800955  0.28884990
   0.45758420  0.31715122  0.39160867
   0.84602811  0.06466941  0.18549524
   0.94283366  0.43346020  0.49992230
   0.70637000  0.44194000  0.08602000
   0.98273025  0.18867543  0.28936417
   0.78961682  0.31654147  0.39021224
   0.17957858  0.56458346  0.18594700
   0.26657183  0.93847516  0.49413589
   0.03971000  0.94194000  0.08602000
   0.31546418  0.68932802  0.29000650
   0.11454076  0.81358294  0.39334042
   0.51246645  0.56370455  0.18473909
   0.59866951  0.93683229  0.49438947
   0.37304000  0.94194000  0.08602000
   0.64819985  0.68892807  0.28723022
   0.44988543  0.81635486  0.39161238
   0.84580443  0.56444170  0.18618482
   0.93206099  0.93857616  0.49372674
   0.70637000  0.94194000  0.08602000
   0.98281788  0.68952626  0.28736370
   0.78345315  0.81358281  0.39193668
   0.17417000  0.33753000  0.10253000
   0.25667641  0.20667687  0.40186766
   0.07545248  0.32461004  0.50223296
   0.31369690  0.46121855  0.20517849
   0.11606040  0.08356342  0.30677088
   0.23858000  0.04636000  0.06951000
   0.04570718  0.17107029  0.16979590
   0.32155686  0.41964329  0.37344264
   0.13315194  0.04837971  0.47778018
   0.18267911  0.29339746  0.27116923
   0.50750000  0.33753000  0.10253000
   0.58978267  0.20819874  0.40299169
   0.40953307  0.32762625  0.49915217
   0.64549831  0.45879974  0.20266458
   0.44966806  0.08380546  0.30688468
   0.57191000  0.04636000  0.06951000
   0.37849544  0.16946970  0.16932269
   0.65660138  0.42013504  0.37079088
   0.46772612  0.04714151  0.47826402
   0.51507134  0.29176861  0.27001510
   0.84083000  0.33753000  0.10253000
   0.92170130  0.20699393  0.40188116
   0.74089627  0.32597587  0.50280114
   0.98065910  0.46055540  0.20460635
   0.78309811  0.08346618  0.30611197
   0.90524000  0.04636000  0.06951000
   0.71165872  0.17034318  0.16959654
   0.98869712  0.41801461  0.37250216
   0.79883496  0.04720724  0.47763595
   0.84882643  0.29279899  0.27052550
   0.17417000  0.83753000  0.10253000
   0.25023461  0.70795087  0.40425415
   0.06651474  0.83349197  0.50053170
   0.31339760  0.96089268  0.20506173
   0.11565166  0.58513239  0.30683781
   0.23858000  0.54636000  0.06951000
   0.04588805  0.67054892  0.16981363
   0.31405452  0.91950746  0.37368439
   0.14003603  0.54347445  0.47772300
   0.18183428  0.79359147  0.27072794
   0.50750000  0.83753000  0.10253000
   0.58265234  0.70961667  0.40489996
   0.39751204  0.82979906  0.50233598
   0.64713362  0.96080849  0.20460101
   0.45017696  0.58520604  0.30736036
   0.57191000  0.54636000  0.06951000
   0.37901431  0.67036587  0.16963120
   0.64960106  0.91883507  0.37293015
   0.47961095  0.54456316  0.47895396
   0.51369991  0.79351270  0.27057593
   0.84083000  0.83753000  0.10253000
   0.73164014  0.83069977  0.50372319
   0.98029726  0.96148087  0.20474311
   0.78349407  0.58429027  0.29776785
   0.90524000  0.54636000  0.06951000
   0.71206833  0.67052004  0.16948926
   0.98168419  0.91709073  0.37317778
   0.81202060  0.54838503  0.50899024
   0.84781288  0.79459085  0.27040495
   0.91210462  0.70347486  0.40923936
   0.04948086  0.57198161  0.67693721
   0.91071495  0.56470082  0.59386365
