   0.93128016  0.19107256  0.49697310
   0.03971000  0.19194000  0.09637000
   0.31977956  0.44026370  0.29955964
   0.11577033  0.06095156  0.40112255
   0.17987095  0.31650835  0.19779112
   0.26166081  0.18978160  0.49645079
   0.37304000  0.19194000  0.09637000
   0.65182005  0.43812718  0.29704218
   0.45064991  0.06466671  0.40350016
   0.51248231  0.31518151  0.19698295
   0.59292516  0.19493940  0.50176175
   0.70637000  0.19194000  0.09637000
   0.98701434  0.43881623  0.29851809
   0.78224931  0.06229921  0.40198410
   0.84666639  0.31572970  0.19737103
   0.03971000  0.69194000  0.09637000
   0.31351086  0.94082222  0.30069819
   0.12515219  0.56063066  0.40138228
   0.18008878  0.81666857  0.19796963
   0.25685501  0.69412660  0.49718694
   0.37304000  0.69194000  0.09637000
   0.64622998  0.93976250  0.29991683
   0.45821144  0.56271137  0.40289611
   0.51286843  0.81631828  0.19772870
   0.61017091  0.68542749  0.50380733
   0.70637000  0.69194000  0.09637000
   0.97877256  0.93917337  0.29940806
   0.84630740  0.81600848  0.19739873
   0.90702312  0.68641017  0.49965906
   0.79425324  0.55926451  0.39693772
   0.17926304  0.06467105  0.19609050
   0.27855192  0.43031925  0.50402176
   0.03971000  0.44194000  0.09637000
   0.31546108  0.18873161  0.29985104
   0.12757713  0.31224743  0.39957335
   0.51264912  0.06435137  0.19578080
   0.60575334  0.42682807  0.49887363
   0.37304000  0.44194000  0.09637000
   0.64877817  0.18814322  0.29907049
   0.46022527  0.31250775  0.39975976
   0.84613961  0.06462018  0.19571080
   0.94728156  0.42858497  0.50210218
   0.70637000  0.44194000  0.09637000
   0.98221364  0.18823874  0.29927082
   0.79380019  0.31150729  0.39805811
   0.18137994  0.56495870  0.19582015
   0.24726261  0.93715113  0.50586583
   0.03971000  0.94194000  0.09637000
   0.31710701  0.69007994  0.30057636
   0.11054400  0.81648120  0.40383412
   0.51430102  0.56455587  0.19515140
   0.58162996  0.94029726  0.50575470
   0.37304000  0.94194000  0.09637000
   0.64978508  0.68973375  0.29925733
   0.44580852  0.81721830  0.40433502
   0.84805403  0.56456651  0.19517231
   0.91737349  0.93867988  0.50514831
   0.70637000  0.94194000  0.09637000
   0.98423968  0.68979534  0.29903887
   0.77684458  0.81487968  0.40429100
   0.17417000  0.33753000  0.11288000
   0.25963877  0.20459696  0.41257975
   0.07805472  0.32235037  0.51422753
   0.31567764  0.46177043  0.21582772
   0.11528528  0.08357624  0.31688768
   0.23858000  0.04636000  0.07986000
   0.04601498  0.17127863  0.18045953
   0.32701094  0.41686251  0.38306320
   0.11902386  0.04853845  0.48859543
   0.18267751  0.29383141  0.28140951
   0.50750000  0.33753000  0.11288000
   0.59510254  0.20844261  0.41702272
   0.40989493  0.31946376  0.51414049
   0.64830985  0.46051218  0.21405486
   0.44978053  0.08549238  0.31891911
   0.57191000  0.04636000  0.07986000
   0.37881920  0.17034958  0.18012898
   0.66008569  0.41509809  0.38015316
   0.45214105  0.05263621  0.49126625
   0.51558515  0.29257290  0.28033812
   0.84083000  0.33753000  0.11288000
   0.92612778  0.20578557  0.41364080
   0.74262171  0.32665821  0.52516831
   0.98208378  0.46104078  0.21491917
   0.78200871  0.08432547  0.31759014
   0.90524000  0.04636000  0.07986000
   0.71226047  0.17079952  0.18030942
   0.99320112  0.41582050  0.38230670
   0.78601654  0.05177643  0.48937635
   0.84916379  0.29310010  0.28092984
   0.17417000  0.83753000  0.11288000
   0.24513505  0.70951243  0.41507389
   0.04711174  0.82937707  0.51137923
   0.31384022  0.96188808  0.21628024
   0.11748377  0.58486441  0.31746321
   0.23858000  0.54636000  0.07986000
   0.04755970  0.67103218  0.18042013
   0.31103937  0.92159426  0.38519226
   0.14630941  0.54048634  0.48767157
   0.18306077  0.79400956  0.28153124
   0.50750000  0.83753000  0.11288000
   0.57611493  0.71039536  0.42045781
   0.38017943  0.83269475  0.51549113
   0.64699007  0.96153825  0.21569927
   0.45165172  0.58623900  0.31895221
   0.57191000  0.54636000  0.07986000
   0.38071819  0.67081248  0.18023994
   0.64367106  0.91992700  0.38414229
   0.47767696  0.53682249  0.48694629
   0.51553133  0.79343098  0.28111389
   0.84083000  0.83753000  0.11288000
   0.71548102  0.83797114  0.51191641
   0.98009978  0.96132843  0.21526887
   0.78392113  0.58431571  0.31501233
   0.90524000  0.54636000  0.07986000
   0.71388931  0.67044385  0.18006976
   0.97522667  0.91893754  0.38357097
   0.81043602  0.52869376  0.47821879
   0.84878896  0.79291999  0.28054261
   0.91187085  0.70657621  0.41546362
   0.09598408  0.18970617  0.58582513
   0.75948715  0.48953603  0.59283179
