   0.93811159  0.68864645  0.49912232
   0.03971000  0.19194000  0.09637000
   0.31878710  0.43863813  0.29871223
   0.11628872  0.06200216  0.40040239
   0.18052186  0.31597674  0.19656283
   0.25734920  0.19681162  0.49635909
   0.37304000  0.19194000  0.09637000
   0.65275922  0.43855677  0.29809650
   0.45086558  0.06363373  0.40287030
   0.51257240  0.31505626  0.19717211
   0.58976092  0.19571748  0.50028377
   0.70637000  0.19194000  0.09637000
   0.98597264  0.43904740  0.29818280
   0.78126758  0.06267541  0.40189686
   0.84614963  0.31555850  0.19735499
   0.92504217  0.19305148  0.49731901
   0.03971000  0.69194000  0.09637000
   0.31332499  0.94056846  0.30040465
   0.12806140  0.55987899  0.40054595
   0.17971070  0.81635653  0.19812549
   0.24611639  0.68727403  0.50115372
   0.37304000  0.69194000  0.09637000
   0.64594366  0.93950084  0.30001786
   0.45641224  0.56014970  0.40138814
   0.51248141  0.81608410  0.19775952
   0.59312827  0.69349449  0.49619698
   0.70637000  0.69194000  0.09637000
   0.97919193  0.93968443  0.29870686
   0.84578094  0.81560454  0.19740213
   0.79148841  0.56034813  0.40104326
   0.17933183  0.06493310  0.19619451
   0.27845161  0.43030670  0.50302599
   0.03971000  0.44194000  0.09637000
   0.31599706  0.18939903  0.29961195
   0.12634588  0.31216693  0.39989914
   0.51258816  0.06452910  0.19601655
   0.61199362  0.43392777  0.50412451
   0.37304000  0.44194000  0.09637000
   0.64899339  0.18844351  0.29917650
   0.46154104  0.31315194  0.39994849
   0.84603520  0.06476521  0.19586521
   0.94894796  0.43022154  0.50283803
   0.70637000  0.44194000  0.09637000
   0.98267406  0.18877017  0.29932981
   0.79350765  0.31211222  0.39888811
   0.18088633  0.56493382  0.19591092
   0.25342106  0.94335408  0.50359895
   0.03971000  0.94194000  0.09637000
   0.31704047  0.69024054  0.30007858
   0.11014900  0.81684647  0.40467524
   0.51372792  0.56410648  0.19521573
   0.57816603  0.93783184  0.50698394
   0.37304000  0.94194000  0.09637000
   0.64922233  0.68841186  0.29962720
   0.44306712  0.81688058  0.40457277
   0.84770290  0.56463264  0.19567740
   0.91613628  0.93995072  0.50213535
   0.70637000  0.94194000  0.09637000
   0.98327613  0.68954641  0.29953086
   0.77819881  0.81501648  0.40185305
   0.17262173  0.33250237  0.10969469
   0.26088729  0.20498247  0.41212899
   0.07878309  0.31971330  0.51371198
   0.31491307  0.46073960  0.21432237
   0.11612279  0.08392565  0.31639660
   0.23858000  0.04636000  0.07986000
   0.04571721  0.17138298  0.17998612
   0.32560732  0.41524325  0.38262737
   0.11683364  0.05328957  0.48839774
   0.18259150  0.29348193  0.28040797
   0.50750000  0.33753000  0.11288000
   0.59382057  0.20641353  0.41570330
   0.41463246  0.32175910  0.51319482
   0.64828818  0.46047862  0.21392690
   0.44953501  0.08483754  0.31852627
   0.57191000  0.04636000  0.07986000
   0.37848170  0.17009093  0.18001729
   0.65962955  0.41595293  0.38207710
   0.45464746  0.04966771  0.49104849
   0.51611855  0.29269530  0.28035483
   0.84083000  0.33753000  0.11288000
   0.92567160  0.20520245  0.41331358
   0.74421500  0.32509546  0.51905870
   0.98192386  0.46082919  0.21455467
   0.78222559  0.08397341  0.31709039
   0.90524000  0.04636000  0.07986000
   0.71203325  0.17039130  0.18005693
   0.99273599  0.41563041  0.38138647
   0.78214741  0.04962443  0.48965253
   0.84882926  0.29248700  0.28058797
   0.17417000  0.83753000  0.11288000
   0.24348506  0.70945136  0.41861095
   0.05687445  0.84017872  0.50227103
   0.31387790  0.96149112  0.21606295
   0.11825080  0.58560886  0.31656041
   0.23858000  0.54636000  0.07986000
   0.04709420  0.67113124  0.18030126
   0.30984260  0.92157204  0.38472350
   0.14555251  0.53370981  0.48361364
   0.18277525  0.79426268  0.28155425
   0.50750000  0.83753000  0.11288000
   0.57789315  0.70945257  0.41551277
   0.37701655  0.83176569  0.51386375
   0.64680990  0.96111822  0.21560537
   0.44972757  0.58481547  0.31760677
   0.57191000  0.54636000  0.07986000
   0.38030593  0.67071580  0.18018782
   0.64237655  0.91989054  0.38437045
   0.47926474  0.54209043  0.48731456
   0.51569109  0.79326755  0.28111380
   0.84083000  0.83753000  0.11288000
   0.71257670  0.83442353  0.51576893
   0.98018810  0.96116625  0.21477143
   0.78432648  0.58419518  0.31678292
   0.90524000  0.54636000  0.07986000
   0.71324115  0.67049517  0.18006527
   0.97624344  0.91961147  0.38242902
   0.81427282  0.53864592  0.48676665
   0.84799887  0.79280304  0.28054470
   0.90994184  0.70791226  0.41638765
   0.04929749  0.65044905  0.58843969
   0.79288667  0.49978649  0.59942238
