   0.60748484  0.93382223  0.49235583
   0.03971000  0.19194000  0.08602000
   0.31412828  0.43999679  0.28891753
   0.12679363  0.06084647  0.39101561
   0.17792171  0.31490471  0.18721542
   0.26859056  0.19128374  0.48568334
   0.37304000  0.19194000  0.08602000
   0.64660353  0.44279174  0.28940041
   0.46121032  0.06255174  0.38611554
   0.51184637  0.31700592  0.18771837
   0.58535187  0.17824484  0.49091289
   0.70637000  0.19194000  0.08602000
   0.98044594  0.43804118  0.28568055
   0.79145346  0.06167231  0.39099930
   0.84542425  0.31351777  0.18584280
   0.92519543  0.19724892  0.48472458
   0.03971000  0.69194000  0.08602000
   0.31603386  0.93924585  0.28564059
   0.11467868  0.56214632  0.38652391
   0.17664292  0.81445639  0.18664744
   0.25082322  0.69642907  0.48213042
   0.37304000  0.69194000  0.08602000
   0.64980733  0.93895839  0.28934813
   0.44966463  0.56386615  0.39082325
   0.51175824  0.81530056  0.18763577
   0.57788429  0.70087194  0.48786818
   0.70637000  0.69194000  0.08602000
   0.98207565  0.94007013  0.28936870
   0.84366881  0.81569109  0.18800566
   0.92045779  0.69716713  0.48995839
   0.78388597  0.56666355  0.39276490
   0.17897664  0.06348527  0.18527634
   0.25116541  0.44203024  0.49130396
   0.03971000  0.44194000  0.08602000
   0.31548689  0.19000633  0.28875040
   0.11603411  0.31654097  0.38881690
   0.51251029  0.06414418  0.18570708
   0.58417859  0.43879933  0.49522394
   0.37304000  0.44194000  0.08602000
   0.64949735  0.19088532  0.28732613
   0.45036997  0.31799697  0.39414847
   0.84534088  0.06290092  0.18584728
   0.91754074  0.44024821  0.49375290
   0.70637000  0.44194000  0.08602000
   0.98147307  0.18749826  0.28917021
   0.78084697  0.31586678  0.38977621
   0.17909970  0.56319018  0.18515036
   0.27358093  0.92854343  0.49382139
   0.03971000  0.94194000  0.08602000
   0.31383702  0.68885428  0.28840197
   0.12113558  0.81452103  0.38709906
   0.51243180  0.56419672  0.18621847
   0.37304000  0.94194000  0.08602000
   0.64686149  0.68994035  0.29112954
   0.45594641  0.81692191  0.38872525
   0.84555789  0.56285237  0.18403162
   0.94560968  0.93486919  0.49649381
   0.70637000  0.94194000  0.08602000
   0.97910718  0.68857529  0.28769207
   0.78955076  0.81641701  0.39488193
   0.17417000  0.33753000  0.10253000
   0.24882554  0.20956331  0.40386560
   0.04965181  0.33477221  0.50238214
   0.31352044  0.45989144  0.20456699
   0.11754830  0.08422215  0.30706644
   0.23858000  0.04636000  0.06951000
   0.04454086  0.16916473  0.16966871
   0.31423741  0.42079725  0.37316929
   0.14768252  0.04340959  0.47788919
   0.18012865  0.29340108  0.27099268
   0.50750000  0.33753000  0.10253000
   0.58446073  0.21112402  0.40971424
   0.38208831  0.33459094  0.50018247
   0.64705998  0.46185408  0.20478716
   0.45070408  0.08561058  0.30201796
   0.57191000  0.04636000  0.06951000
   0.37852341  0.17074445  0.17013941
   0.64649360  0.42248910  0.37327910
   0.46781526  0.02935392  0.46705601
   0.51540831  0.29662378  0.27085821
   0.84083000  0.33753000  0.10253000
   0.91538280  0.21084863  0.40230661
   0.71698569  0.32962092  0.51075859
   0.97949519  0.45837448  0.20187828
   0.78186541  0.08397119  0.30700155
   0.90524000  0.04636000  0.06951000
   0.71151101  0.16855648  0.16942213
   0.97891911  0.41828259  0.36939601
   0.81493175  0.04520922  0.47657112
   0.84860771  0.29147414  0.26882255
   0.17417000  0.83753000  0.10253000
   0.25364047  0.70846934  0.39787349
   0.07147642  0.82487168  0.51051431
   0.31289314  0.95989294  0.20288714
   0.11341288  0.58306717  0.30246659
   0.23858000  0.54636000  0.06951000
   0.04504868  0.66915031  0.16934547
   0.32068250  0.91892695  0.36778043
   0.12059406  0.55210712  0.47318348
   0.17895247  0.79268731  0.26920925
   0.50750000  0.83753000  0.10253000
   0.58639054  0.70774129  0.40377487
   0.40741133  0.81928441  0.50403770
   0.64683903  0.96021722  0.20549564
   0.44787244  0.58455583  0.30692561
   0.57191000  0.54636000  0.06951000
   0.37872120  0.66999830  0.16989635
   0.65498479  0.91898627  0.37334028
   0.45336708  0.55112984  0.47882895
   0.51292171  0.79415773  0.27134309
   0.84083000  0.83753000  0.10253000
   0.74189776  0.82615374  0.50189862
   0.98056506  0.96093289  0.20553727
   0.78172953  0.58661108  0.30803278
   0.90524000  0.54636000  0.06951000
   0.71184183  0.67021433  0.17000925
   0.98677938  0.92011423  0.37369349
   0.78757533  0.55022259  0.48028857
   0.84628743  0.79455579  0.27156269
   0.92326471  0.71032576  0.40786046
   0.55165761  0.12043220  0.58378645
   0.75925446  0.32494773  0.60527994
