   0.94122616  0.19098645  0.50248304
   0.03971000  0.19194000  0.09637000
   0.31990515  0.44005875  0.29973237
   0.11648298  0.06080176  0.40066386
   0.17988608  0.31633822  0.19793200
   0.25173690  0.18749702  0.50212024
   0.37304000  0.19194000  0.09637000
   0.65183059  0.43788225  0.29716450
   0.45023368  0.06499486  0.40347506
   0.51254479  0.31518398  0.19716018
   0.59221701  0.19575482  0.50182741
   0.70637000  0.19194000  0.09637000
   0.98696474  0.43874815  0.29880715
   0.78269167  0.06295167  0.40210463
   0.84647118  0.31573661  0.19753435
   0.03971000  0.69194000  0.09637000
   0.31346475  0.94080243  0.30075570
   0.12544307  0.56025582  0.40142928
   0.18004746  0.81660836  0.19811972
   0.25661399  0.69327209  0.49704890
   0.37304000  0.69194000  0.09637000
   0.64621500  0.93985831  0.29996426
   0.45823639  0.56171045  0.40271705
   0.51284293  0.81623692  0.19787886
   0.59491323  0.68953686  0.49799003
   0.70637000  0.69194000  0.09637000
   0.97890666  0.93933064  0.29947505
   0.84622755  0.81600520  0.19752606
   0.92100198  0.68817399  0.49516044
   0.79329652  0.55921379  0.39769931
   0.17933670  0.06466924  0.19622122
   0.28255275  0.43356980  0.50395874
   0.03971000  0.44194000  0.09637000
   0.31516091  0.18851156  0.30011576
   0.12726606  0.31149635  0.39980567
   0.51261695  0.06435488  0.19592731
   0.60736650  0.42809645  0.49918079
   0.37304000  0.44194000  0.09637000
   0.64891345  0.18802937  0.29923838
   0.45950450  0.31214175  0.40012725
   0.84607645  0.06453099  0.19586498
   0.94419602  0.43439314  0.50165074
   0.70637000  0.44194000  0.09637000
   0.98227632  0.18797341  0.29952712
   0.79420009  0.31128706  0.39820927
   0.18131965  0.56496153  0.19587448
   0.24900727  0.93635262  0.50571141
   0.03971000  0.94194000  0.09637000
   0.31686350  0.69015236  0.30037884
   0.11104857  0.81670645  0.40339119
   0.51415263  0.56448394  0.19526231
   0.58314578  0.93781305  0.50582510
   0.37304000  0.94194000  0.09637000
   0.64971771  0.68972662  0.29901329
   0.44538743  0.81727137  0.40418880
   0.84792595  0.56452232  0.19537625
   0.91625832  0.93773815  0.50535993
   0.70637000  0.94194000  0.09637000
   0.98444099  0.68985403  0.29893109
   0.77710079  0.81609374  0.40368909
   0.17417000  0.33753000  0.11288000
   0.26132594  0.20424846  0.41382496
   0.07492155  0.33510280  0.50710627
   0.31556474  0.46173031  0.21558328
   0.11515587  0.08331051  0.31688800
   0.23858000  0.04636000  0.07986000
   0.04571370  0.17122409  0.18034387
   0.32662996  0.41748455  0.38289769
   0.12003798  0.03969726  0.48253008
   0.18259235  0.29391494  0.28125540
   0.50750000  0.33753000  0.11288000
   0.59513802  0.20750069  0.41716599
   0.41036974  0.32084115  0.51237423
   0.64825521  0.46045816  0.21377405
   0.44988828  0.08507565  0.31875742
   0.57191000  0.04636000  0.07986000
   0.37882725  0.17042354  0.17997758
   0.65959170  0.41493867  0.38022840
   0.45323728  0.05221413  0.49077830
   0.51541375  0.29230964  0.28015299
   0.84083000  0.33753000  0.11288000
   0.92458687  0.20578704  0.41480841
   0.74161966  0.32655692  0.52302123
   0.98222489  0.46104052  0.21472638
   0.78183900  0.08407273  0.31753362
   0.90524000  0.04636000  0.07986000
   0.71223207  0.17078799  0.18018698
   0.99271630  0.41643691  0.38218188
   0.78295720  0.04698286  0.48834986
   0.84924577  0.29304894  0.28079777
   0.17417000  0.83753000  0.11288000
   0.24509548  0.70965785  0.41505120
   0.04352759  0.82597106  0.51261547
   0.31388235  0.96178445  0.21615090
   0.11737653  0.58510954  0.31734631
   0.23858000  0.54636000  0.07986000
   0.04729874  0.67105115  0.18036711
   0.31113373  0.92135630  0.38503906
   0.14699897  0.54265117  0.48723722
   0.18285546  0.79396771  0.28148227
   0.50750000  0.83753000  0.11288000
   0.57751095  0.70967943  0.41888562
   0.38026627  0.83408646  0.51553686
   0.64693803  0.96143384  0.21545255
   0.45172677  0.58664701  0.31871783
   0.57191000  0.54636000  0.07986000
   0.38058369  0.67087966  0.18017161
   0.64361488  0.91906518  0.38407412
   0.48234636  0.54095129  0.48875554
   0.51568691  0.79344443  0.28119705
   0.84083000  0.83753000  0.11288000
   0.71794590  0.83042868  0.51450872
   0.98009959  0.96119989  0.21501442
   0.78419470  0.58457971  0.31427199
   0.90524000  0.54636000  0.07986000
   0.71366998  0.67061308  0.17999414
   0.97504358  0.91825361  0.38317662
   0.81008016  0.53704717  0.48492983
   0.84874693  0.79305333  0.28054331
   0.90909484  0.70771745  0.41457985
   0.09429617  0.17899673  0.59006234
   0.76224566  0.48830522  0.59402567
