   0.60131876  0.93315567  0.49420423
   0.03971000  0.19194000  0.08602000
   0.31213946  0.43876240  0.28817619
   0.12069982  0.06058845  0.39102782
   0.17787265  0.31545802  0.18715577
   0.25952949  0.19316758  0.48614721
   0.37304000  0.19194000  0.08602000
   0.64458112  0.43799091  0.28781349
   0.45462501  0.06156702  0.39311651
   0.51118952  0.31509456  0.18690512
   0.58747787  0.18959187  0.49488146
   0.70637000  0.19194000  0.08602000
   0.97698403  0.43899114  0.28895757
   0.78748212  0.06166760  0.39166146
   0.84475689  0.31574123  0.18724297
   0.92408096  0.19007848  0.48743938
   0.03971000  0.69194000  0.08602000
   0.31687377  0.93978255  0.28936474
   0.11401775  0.56156252  0.39062119
   0.17905067  0.81605111  0.18762399
   0.25610633  0.69296018  0.48556323
   0.37304000  0.69194000  0.08602000
   0.64953035  0.93988226  0.28925688
   0.44520249  0.56237903  0.39010188
   0.51220203  0.81626959  0.18763914
   0.58620028  0.69496421  0.48536707
   0.70637000  0.69194000  0.08602000
   0.98244148  0.93896271  0.28870949
   0.84535277  0.81567678  0.18734934
   0.91853142  0.69774021  0.48475138
   0.77886839  0.56287274  0.38947786
   0.17942088  0.06412841  0.18572649
   0.24722447  0.43921555  0.49715563
   0.03971000  0.44194000  0.08602000
   0.31417666  0.18827718  0.28929249
   0.11186463  0.31544779  0.38879635
   0.51294946  0.06450131  0.18591086
   0.57940093  0.44120465  0.49248895
   0.37304000  0.44194000  0.08602000
   0.64727088  0.18928727  0.28977640
   0.44592521  0.31594281  0.39255045
   0.84616421  0.06430776  0.18536524
   0.91403339  0.44508049  0.49357329
   0.70637000  0.44194000  0.08602000
   0.98018620  0.18852825  0.28888547
   0.77629745  0.31626608  0.39494790
   0.17852870  0.56465102  0.18561590
   0.26789209  0.93224037  0.49484596
   0.03971000  0.94194000  0.08602000
   0.31377454  0.68813089  0.28880715
   0.12105103  0.81321223  0.38883962
   0.51184254  0.56446478  0.18545567
   0.37304000  0.94194000  0.08602000
   0.64716859  0.68828729  0.28869299
   0.45364839  0.81362987  0.38924322
   0.84538856  0.56434438  0.18565770
   0.93764893  0.93388649  0.49350015
   0.70637000  0.94194000  0.08602000
   0.98056774  0.68807567  0.28881692
   0.78684315  0.81415265  0.38968015
   0.17417000  0.33753000  0.10253000
   0.24416260  0.20941354  0.40436669
   0.03921197  0.33159000  0.51487096
   0.31239218  0.46066884  0.20442252
   0.11455983  0.08447300  0.30718410
   0.23858000  0.04636000  0.06951000
   0.04560468  0.17011727  0.16944235
   0.31041859  0.41868880  0.37222737
   0.13787189  0.04401975  0.47786638
   0.17970412  0.29208488  0.27031914
   0.50750000  0.33753000  0.10253000
   0.57683888  0.20894627  0.41053727
   0.37785938  0.33312552  0.50411219
   0.64564643  0.46025725  0.20415626
   0.44903430  0.08559153  0.30877170
   0.57191000  0.04636000  0.06951000
   0.37854889  0.16988875  0.16936489
   0.64375099  0.41840844  0.37173740
   0.46576959  0.03924675  0.47794167
   0.51256697  0.29198398  0.26991304
   0.84083000  0.33753000  0.10253000
   0.91444984  0.21050581  0.40623385
   0.71632931  0.33921446  0.49918248
   0.97946749  0.46082556  0.20490061
   0.78152285  0.08567322  0.30816053
   0.90524000  0.04636000  0.06951000
   0.71216884  0.17046426  0.16947521
   0.97614431  0.41876382  0.37362261
   0.80563458  0.04126643  0.47682201
   0.84615577  0.29271958  0.27034884
   0.17417000  0.83753000  0.10253000
   0.25356306  0.70559850  0.40247261
   0.06786931  0.82602436  0.50346743
   0.31418888  0.96110854  0.20560202
   0.11372080  0.58304878  0.30651236
   0.23858000  0.54636000  0.06951000
   0.04507722  0.67108885  0.16976778
   0.31942589  0.91765595  0.37291339
   0.11798543  0.54779873  0.47832190
   0.18071679  0.79316031  0.27099361
   0.50750000  0.83753000  0.10253000
   0.58628929  0.70597218  0.40164263
   0.40064485  0.82280052  0.50564283
   0.64750082  0.96129019  0.20545447
   0.44717479  0.58337050  0.30583075
   0.57191000  0.54636000  0.06951000
   0.37847288  0.67118741  0.16980188
   0.65252887  0.91832472  0.37294883
   0.44733181  0.55050687  0.47756283
   0.51393302  0.79350192  0.27098303
   0.84083000  0.83753000  0.10253000
   0.73594525  0.82494091  0.50129935
   0.98029123  0.96080860  0.20494036
   0.78037124  0.58256538  0.30493316
   0.90524000  0.54636000  0.06951000
   0.71186425  0.67054706  0.16955311
   0.98652905  0.91779819  0.37251084
   0.78222706  0.55365044  0.47680703
   0.84721857  0.79298225  0.27060247
   0.91986775  0.70670063  0.40156080
   0.60544273  0.15746492  0.59713933
   0.86469100  0.27314857  0.58558147
