   0.95552005  0.93202721  0.49233205
   0.03971000  0.19194000  0.08602000
   0.31094317  0.44020650  0.28837974
   0.13103409  0.06136733  0.39009277
   0.17787194  0.31611963  0.18682182
   0.25355218  0.19383515  0.48936079
   0.37304000  0.19194000  0.08602000
   0.64436638  0.43951184  0.28769105
   0.46362551  0.06309182  0.39168219
   0.51141891  0.31548288  0.18665052
   0.59882698  0.19190628  0.48951823
   0.70637000  0.19194000  0.08602000
   0.97826166  0.43979034  0.28783519
   0.79484510  0.06082982  0.39106527
   0.84496178  0.31549005  0.18688918
   0.94329911  0.18791157  0.48636655
   0.03971000  0.69194000  0.08602000
   0.32040924  0.93994323  0.28871026
   0.11227549  0.56556004  0.38923864
   0.17928985  0.81622654  0.18716168
   0.25457460  0.70172813  0.48489089
   0.37304000  0.69194000  0.08602000
   0.65302954  0.94010151  0.28923746
   0.44599178  0.56486234  0.38987628
   0.51257247  0.81702509  0.18737855
   0.59061754  0.69646476  0.48531094
   0.70637000  0.69194000  0.08602000
   0.98605220  0.94028662  0.28795657
   0.84572424  0.81611220  0.18692388
   0.91855955  0.69732116  0.48599556
   0.77761128  0.56402397  0.38994053
   0.18029388  0.06436286  0.18475193
   0.24566331  0.44680332  0.49251087
   0.03971000  0.44194000  0.08602000
   0.31604142  0.19001535  0.28838911
   0.11140254  0.31924884  0.39232292
   0.51383138  0.06464254  0.18563523
   0.57250156  0.44199501  0.49837412
   0.37304000  0.44194000  0.08602000
   0.64923985  0.18961171  0.28910212
   0.44472071  0.31909084  0.39252994
   0.84712612  0.06453704  0.18488180
   0.91070150  0.44659069  0.49190896
   0.70637000  0.44194000  0.08602000
   0.98259682  0.19015715  0.28955190
   0.77976565  0.31787130  0.39030052
   0.17824278  0.56531788  0.18536369
   0.28977929  0.93237942  0.49166166
   0.03971000  0.94194000  0.08602000
   0.31523204  0.68958983  0.28890741
   0.12744306  0.81323263  0.38747471
   0.51141288  0.56527560  0.18529662
   0.62136399  0.93080958  0.49351072
   0.37304000  0.94194000  0.08602000
   0.64851845  0.68958008  0.28855515
   0.46176922  0.81390341  0.38884308
   0.84470374  0.56430483  0.18518760
   0.70637000  0.94194000  0.08602000
   0.98111780  0.68898229  0.28789670
   0.79509679  0.81350487  0.38846212
   0.17417000  0.33753000  0.10253000
   0.24574422  0.21232046  0.40714345
   0.04510493  0.34351919  0.49506700
   0.31206680  0.46170934  0.20458469
   0.11783671  0.08649330  0.30694268
   0.23858000  0.04636000  0.06951000
   0.04648964  0.17024788  0.16957589
   0.31020387  0.42116461  0.37266472
   0.15741456  0.03794916  0.47433604
   0.18063520  0.29364564  0.27024211
   0.50750000  0.33753000  0.10253000
   0.58066000  0.21431629  0.40869009
   0.37268293  0.33735238  0.50557648
   0.64496176  0.46088450  0.20416583
   0.45082877  0.08659922  0.30816788
   0.57191000  0.04636000  0.06951000
   0.37973570  0.17000182  0.16986603
   0.64376397  0.42020236  0.37216905
   0.49162954  0.04164099  0.47756474
   0.51471580  0.29285892  0.27013244
   0.84083000  0.33753000  0.10253000
   0.91087814  0.21101522  0.40573691
   0.70431534  0.33370487  0.51767516
   0.97906152  0.46074490  0.20422897
   0.78373602  0.08623237  0.30795467
   0.90524000  0.04636000  0.06951000
   0.71292995  0.17016459  0.16981523
   0.97586456  0.42158149  0.37167485
   0.82010817  0.03708438  0.47522920
   0.84745218  0.29294062  0.27044123
   0.17417000  0.83753000  0.10253000
   0.26196101  0.70664137  0.39991297
   0.08676354  0.81997927  0.50071706
   0.31473465  0.96138914  0.20509300
   0.11474953  0.58426956  0.30489305
   0.23858000  0.54636000  0.06951000
   0.04444506  0.67142440  0.17020599
   0.32828709  0.91895657  0.37280490
   0.11612159  0.55809763  0.47608391
   0.18214747  0.79459766  0.27103119
   0.50750000  0.83753000  0.10253000
   0.59414818  0.70582566  0.40149515
   0.41993273  0.82337189  0.50254719
   0.64859756  0.96186244  0.20555326
   0.44840957  0.58454580  0.30589872
   0.57191000  0.54636000  0.06951000
   0.37809027  0.67220712  0.17022334
   0.66066430  0.91770585  0.37309358
   0.44756701  0.55324804  0.47771649
   0.51526478  0.79496733  0.27117359
   0.84083000  0.83753000  0.10253000
   0.75332721  0.82008697  0.50466693
   0.98144469  0.96122053  0.20439143
   0.78079519  0.58379488  0.30500812
   0.90524000  0.54636000  0.06951000
   0.71163335  0.67109727  0.16998009
   0.99393981  0.91802570  0.37153667
   0.77340612  0.55134203  0.47861515
   0.84863243  0.79450660  0.27059218
   0.92542138  0.70500457  0.40142396
   0.03484496  0.15112377  0.58265116
   0.83943037  0.26525952  0.58232670
