   0.91410426  0.93764016  0.49965612
   0.03971000  0.19194000  0.08602000
   0.31946840  0.43987804  0.28893949
   0.11608689  0.06081417  0.39114173
   0.18003377  0.31580635  0.18670596
   0.26006890  0.19054756  0.48628359
   0.37304000  0.19194000  0.08602000
   0.65226895  0.43789419  0.28653138
   0.45043106  0.06469916  0.39352047
   0.51239596  0.31500324  0.18668324
   0.59354544  0.19271872  0.49081859
   0.70637000  0.19194000  0.08602000
   0.98648970  0.43901395  0.28836651
   0.78280164  0.06278773  0.39019132
   0.84659372  0.31566368  0.18717198
   0.92836488  0.18903854  0.48584040
   0.03971000  0.69194000  0.08602000
   0.31333126  0.94069746  0.29015290
   0.12619056  0.56039240  0.39087369
   0.18024345  0.81613552  0.18691144
   0.25771170  0.69387103  0.48658043
   0.37304000  0.69194000  0.08602000
   0.64566345  0.93942669  0.28916293
   0.45616755  0.55947926  0.39121094
   0.51288945  0.81632516  0.18747612
   0.59047192  0.68591019  0.48594778
   0.70637000  0.69194000  0.08602000
   0.97924060  0.93929774  0.28893571
   0.84610136  0.81604619  0.18722606
   0.92767478  0.69229449  0.48490667
   0.79134629  0.55925505  0.38819159
   0.17916281  0.06426765  0.18573552
   0.27572419  0.42949371  0.49416550
   0.03971000  0.44194000  0.08602000
   0.31535377  0.18840560  0.28940810
   0.12768794  0.31340338  0.38928285
   0.51226566  0.06398698  0.18540964
   0.60584599  0.42756980  0.49053742
   0.37304000  0.44194000  0.08602000
   0.64867735  0.18801644  0.28855114
   0.46052480  0.31315823  0.38964290
   0.84555003  0.06406717  0.18541155
   0.94741697  0.43006059  0.49320067
   0.70637000  0.44194000  0.08602000
   0.98257847  0.18831137  0.28874010
   0.79378916  0.31200580  0.38808478
   0.18129494  0.56462235  0.18538721
   0.25070786  0.93786320  0.49518656
   0.03971000  0.94194000  0.08602000
   0.31673498  0.69010581  0.28983230
   0.11108272  0.81627838  0.39185541
   0.51393934  0.56423332  0.18466071
   0.58563036  0.93853906  0.50054299
   0.37304000  0.94194000  0.08602000
   0.64991573  0.68923770  0.28852197
   0.44526265  0.81767655  0.39340060
   0.84758585  0.56422711  0.18503474
   0.70637000  0.94194000  0.08602000
   0.98339739  0.68938129  0.28832450
   0.77648072  0.81638352  0.39270385
   0.17454657  0.33330015  0.09940753
   0.25977198  0.20529444  0.40185822
   0.07635220  0.32115072  0.50341793
   0.31474174  0.46065574  0.20462747
   0.11546620  0.08371289  0.30639740
   0.23858000  0.04636000  0.06951000
   0.04550320  0.17120004  0.17038172
   0.32615143  0.41696332  0.37272359
   0.11822198  0.04655414  0.47794537
   0.18273136  0.29388995  0.27072854
   0.50750000  0.33753000  0.10253000
   0.59458450  0.20861913  0.40645710
   0.40795644  0.32024320  0.50318157
   0.64785884  0.46019715  0.20312661
   0.44986848  0.08505937  0.30826542
   0.57191000  0.04636000  0.06951000
   0.37859771  0.17014452  0.16981606
   0.66082816  0.41562343  0.37015862
   0.45190838  0.05046434  0.48066060
   0.51548603  0.29230369  0.26984624
   0.84083000  0.33753000  0.10253000
   0.92731582  0.20668281  0.40254180
   0.74217464  0.32616571  0.51038384
   0.98234613  0.46063363  0.20438681
   0.78232493  0.08441250  0.30607613
   0.90524000  0.04636000  0.06951000
   0.71212459  0.17069873  0.16983711
   0.99219087  0.41683282  0.37217186
   0.78518820  0.04900072  0.47500668
   0.84921925  0.29301086  0.27044388
   0.17450271  0.83340233  0.09944379
   0.24449826  0.70951250  0.40468001
   0.04914410  0.83020819  0.50189085
   0.31303306  0.96086813  0.20511009
   0.11753097  0.58510076  0.30693259
   0.23858000  0.54636000  0.06951000
   0.04719237  0.67108120  0.17031964
   0.31087512  0.92134175  0.37449817
   0.14592952  0.54094178  0.47731548
   0.18277826  0.79413789  0.27080477
   0.50750000  0.83753000  0.10253000
   0.57458733  0.70693586  0.40475018
   0.38232527  0.83192778  0.50447543
   0.64675459  0.96144571  0.20516969
   0.45075881  0.58578948  0.30763936
   0.57191000  0.54636000  0.06951000
   0.38059694  0.67076689  0.16995904
   0.64286267  0.91947633  0.37246656
   0.47604292  0.53704626  0.47735720
   0.51508769  0.79328049  0.27055306
   0.84083000  0.83753000  0.10253000
   0.71557294  0.82711863  0.49535527
   0.98022137  0.96103119  0.20464974
   0.78375810  0.58348369  0.30398571
   0.90524000  0.54636000  0.06951000
   0.71374520  0.67046318  0.16965045
   0.97683789  0.91911339  0.37256753
   0.81127103  0.53972577  0.47773354
   0.84857685  0.79316400  0.27011753
   0.90904860  0.70692909  0.40248251
   0.75410088  0.94590798  0.60017496
   0.76641131  0.48847079  0.58512393
