   0.60114394  0.93319792  0.49419292
   0.03971000  0.19194000  0.08602000
   0.31213520  0.43868139  0.28816286
   0.12074564  0.06061000  0.39103425
   0.17783068  0.31543794  0.18715478
   0.25929530  0.19295693  0.48609621
   0.37304000  0.19194000  0.08602000
   0.64464610  0.43802269  0.28776269
   0.45463103  0.06162170  0.39308237
   0.51117811  0.31510043  0.18687461
   0.58732355  0.18953869  0.49497699
   0.70637000  0.19194000  0.08602000
   0.97687262  0.43898365  0.28896156
   0.78754472  0.06167545  0.39172286
   0.84477351  0.31571864  0.18729221
   0.92423336  0.18991244  0.48744914
   0.03971000  0.69194000  0.08602000
   0.31688955  0.93977642  0.28939920
   0.11407950  0.56156379  0.39058252
   0.17912168  0.81610699  0.18763367
   0.25613327  0.69305750  0.48556640
   0.37304000  0.69194000  0.08602000
   0.64967867  0.93994168  0.28929205
   0.44518094  0.56243969  0.39003901
   0.51227267  0.81625922  0.18769746
   0.58639001  0.69514506  0.48541232
   0.70637000  0.69194000  0.08602000
   0.98238516  0.93893740  0.28874212
   0.84530168  0.81569063  0.18735992
   0.91895116  0.69804492  0.48477890
   0.77887617  0.56283646  0.38946756
   0.17944960  0.06402508  0.18578979
   0.24705413  0.43911535  0.49725237
   0.03971000  0.44194000  0.08602000
   0.31418286  0.18811568  0.28927019
   0.11201653  0.31539159  0.38883352
   0.51296960  0.06451462  0.18599664
   0.57910885  0.44105079  0.49236915
   0.37304000  0.44194000  0.08602000
   0.64722571  0.18922563  0.28976542
   0.44577695  0.31595067  0.39258738
   0.84612235  0.06429857  0.18535491
   0.91423038  0.44517511  0.49357202
   0.70637000  0.44194000  0.08602000
   0.98021090  0.18845127  0.28889151
   0.77628179  0.31628666  0.39514801
   0.17864202  0.56473940  0.18561646
   0.26789817  0.93217266  0.49483875
   0.03971000  0.94194000  0.08602000
   0.31383673  0.68804686  0.28881591
   0.12095907  0.81319926  0.38880684
   0.51192798  0.56446605  0.18549616
   0.37304000  0.94194000  0.08602000
   0.64734118  0.68831822  0.28868955
   0.45369108  0.81361941  0.38924517
   0.84539113  0.56430542  0.18566338
   0.93762934  0.93382743  0.49357009
   0.70637000  0.94194000  0.08602000
   0.98060106  0.68809526  0.28885447
   0.78678845  0.81421355  0.38966588
   0.17417000  0.33753000  0.10253000
   0.24408515  0.20934649  0.40440206
   0.03929983  0.33178719  0.51485889
   0.31228955  0.46062090  0.20440081
   0.11444879  0.08443530  0.30723272
   0.23858000  0.04636000  0.06951000
   0.04563538  0.17012268  0.16942922
   0.31046078  0.41864262  0.37224212
   0.13795322  0.04424535  0.47777797
   0.17978317  0.29199561  0.27029195
   0.50750000  0.33753000  0.10253000
   0.57666645  0.20885455  0.41037509
   0.37795404  0.33324053  0.50417654
   0.64550146  0.46026489  0.20416637
   0.44918879  0.08569906  0.30880692
   0.57191000  0.04636000  0.06951000
   0.37859964  0.16990491  0.16934032
   0.64393030  0.41854045  0.37169969
   0.46594833  0.03946562  0.47795704
   0.51248775  0.29190214  0.26980148
   0.84083000  0.33753000  0.10253000
   0.91441197  0.21054497  0.40624829
   0.71641956  0.33915394  0.49903970
   0.97959056  0.46091084  0.20487676
   0.78144561  0.08579229  0.30823715
   0.90524000  0.04636000  0.06951000
   0.71204747  0.17045177  0.16948215
   0.97624339  0.41877559  0.37361044
   0.80561257  0.04139609  0.47691498
   0.84599132  0.29269119  0.27028966
   0.17417000  0.83753000  0.10253000
   0.25353855  0.70545848  0.40251497
   0.06741105  0.82578582  0.50344636
   0.31423779  0.96107844  0.20562992
   0.11383097  0.58288662  0.30657955
   0.23858000  0.54636000  0.06951000
   0.04508726  0.67118449  0.16979988
   0.31941514  0.91762466  0.37282882
   0.11768589  0.54781936  0.47829074
   0.18074029  0.79318599  0.27094195
   0.50750000  0.83753000  0.10253000
   0.58616896  0.70591285  0.40154933
   0.40037152  0.82270979  0.50563274
   0.64757063  0.96135639  0.20547277
   0.44709018  0.58328711  0.30584583
   0.57191000  0.54636000  0.06951000
   0.37842016  0.67123335  0.16981141
   0.65253913  0.91823494  0.37297430
   0.44718727  0.55056488  0.47755406
   0.51388795  0.79357769  0.27098187
   0.84083000  0.83753000  0.10253000
   0.73612379  0.82489642  0.50130204
   0.98027512  0.96080895  0.20495704
   0.78037344  0.58254178  0.30483783
   0.90524000  0.54636000  0.06951000
   0.71212847  0.67059928  0.16950815
   0.98657021  0.91775869  0.37246200
   0.78226127  0.55377370  0.47675793
   0.84727461  0.79309894  0.27053175
   0.91981420  0.70660459  0.40140510
   0.60504001  0.15732160  0.59739196
   0.86528682  0.27321533  0.58565109
