   0.60783158  0.43316290  0.49497508
   0.03971000  0.19194000  0.08602000
   0.31799288  0.43832573  0.28844688
   0.11616668  0.05995824  0.39087962
   0.17867859  0.31569353  0.18721486
   0.26142741  0.19390938  0.48545231
   0.37304000  0.19194000  0.08602000
   0.65123209  0.43661335  0.28689961
   0.44843207  0.06046838  0.39093043
   0.51200444  0.31423508  0.18691839
   0.59491805  0.19118774  0.48502933
   0.70637000  0.19194000  0.08602000
   0.98422822  0.43831529  0.28904526
   0.78234890  0.06091143  0.39080214
   0.84584282  0.31585478  0.18735330
   0.92834867  0.19075149  0.48551518
   0.03971000  0.69194000  0.08602000
   0.31113117  0.93930745  0.28915395
   0.11911160  0.55997567  0.39107897
   0.17911996  0.81593595  0.18735856
   0.25950431  0.69159980  0.48600382
   0.37304000  0.69194000  0.08602000
   0.64557783  0.93915314  0.28872204
   0.45888953  0.55989454  0.39010607
   0.51180231  0.81557577  0.18721309
   0.59563381  0.69172918  0.48596615
   0.70637000  0.69194000  0.08602000
   0.97837589  0.93947310  0.28875373
   0.84538578  0.81581180  0.18709657
   0.92148863  0.69476182  0.49311799
   0.78661050  0.56310454  0.38520104
   0.17888268  0.06436618  0.18546452
   0.27586238  0.43333231  0.49246142
   0.03971000  0.44194000  0.08602000
   0.31512768  0.18768603  0.28945125
   0.12491112  0.31214023  0.39065848
   0.51240429  0.06415438  0.18553361
   0.37304000  0.44194000  0.08602000
   0.64875874  0.18809254  0.28979818
   0.45881098  0.31299070  0.38979709
   0.84557372  0.06453506  0.18546798
   0.94689815  0.43241699  0.49750658
   0.70637000  0.44194000  0.08602000
   0.98193074  0.18840066  0.28939297
   0.79179568  0.31429358  0.39238436
   0.18006710  0.56439773  0.18557842
   0.25540098  0.93765234  0.49470405
   0.03971000  0.94194000  0.08602000
   0.31527297  0.68824293  0.28929655
   0.10743345  0.81263363  0.39271252
   0.51317394  0.56330996  0.18487275
   0.58801012  0.93554271  0.49539594
   0.37304000  0.94194000  0.08602000
   0.64835580  0.68809169  0.28649826
   0.44328606  0.81623490  0.39093244
   0.84659970  0.56428911  0.18642378
   0.92132410  0.93791204  0.49463302
   0.70637000  0.94194000  0.08602000
   0.98310432  0.68880522  0.28714157
   0.77704575  0.81326983  0.39147587
   0.17417000  0.33753000  0.10253000
   0.25791603  0.20403686  0.40215831
   0.07679265  0.32229630  0.50007066
   0.31395448  0.46073512  0.20447003
   0.11473074  0.08310966  0.30667058
   0.23858000  0.04636000  0.06951000
   0.04529891  0.17043328  0.16955503
   0.32407826  0.41632410  0.37220504
   0.12394205  0.04849203  0.47811292
   0.18210163  0.29236869  0.27037389
   0.50750000  0.33753000  0.10253000
   0.58987407  0.20390527  0.40174653
   0.40690659  0.32506677  0.50213240
   0.64651244  0.45870107  0.20316361
   0.44844378  0.08269280  0.30662651
   0.57191000  0.04636000  0.06951000
   0.37838758  0.16974255  0.16942257
   0.65864508  0.41756703  0.37073650
   0.45704623  0.04572508  0.47830514
   0.51450859  0.29119707  0.27027625
   0.84083000  0.33753000  0.10253000
   0.92436219  0.20376697  0.40249765
   0.74251223  0.32393650  0.49570803
   0.98162085  0.46070409  0.20500564
   0.78231250  0.08319697  0.30640238
   0.90524000  0.04636000  0.06951000
   0.71195415  0.17048398  0.16960363
   0.99046880  0.41569321  0.37275207
   0.78888598  0.04644797  0.47852130
   0.84859012  0.29256126  0.27054100
   0.17417000  0.83753000  0.10253000
   0.24348106  0.70810560  0.40404116
   0.05565567  0.83317100  0.50303828
   0.31304811  0.96102132  0.20489827
   0.11519775  0.58437969  0.30701368
   0.23858000  0.54636000  0.06951000
   0.04641693  0.67066990  0.16984490
   0.30683281  0.91852864  0.37340916
   0.14225450  0.54220442  0.47719490
   0.18203355  0.79275656  0.27048310
   0.50750000  0.83753000  0.10253000
   0.57618143  0.70990882  0.40438859
   0.38601777  0.82920268  0.50386104
   0.64655593  0.96084929  0.20470201
   0.45015655  0.58406351  0.30612834
   0.57191000  0.54636000  0.06951000
   0.37993028  0.67002379  0.16960725
   0.64370541  0.91861100  0.37271388
   0.47724708  0.54301976  0.47655312
   0.51369747  0.79290693  0.27030657
   0.84083000  0.83753000  0.10253000
   0.72134413  0.82953529  0.50525390
   0.97988092  0.96124411  0.20459863
   0.78389635  0.58369146  0.29790820
   0.90524000  0.54636000  0.06951000
   0.71258096  0.67009178  0.16954908
   0.97541110  0.91597565  0.37286566
   0.81288719  0.54470782  0.50452680
   0.84823245  0.79382515  0.27017889
   0.90485615  0.70359222  0.41034943
   0.77064236  0.44459407  0.68675188
   0.80370100  0.50959381  0.59463410
