   0.60864708  0.93379862  0.49166163
   0.03971000  0.19194000  0.08602000
   0.31430548  0.43978210  0.28894250
   0.12564733  0.06090014  0.39114523
   0.17915692  0.31612788  0.18735667
   0.26258272  0.19320511  0.48624164
   0.37304000  0.19194000  0.08602000
   0.64689382  0.44101329  0.28920747
   0.45913501  0.06137521  0.38882282
   0.51214520  0.31691184  0.18740851
   0.58750077  0.18395450  0.49181113
   0.70637000  0.19194000  0.08602000
   0.97944386  0.43894827  0.28714828
   0.79152924  0.06175976  0.39025778
   0.84543195  0.31498008  0.18667382
   0.92422895  0.19453019  0.48533891
   0.03971000  0.69194000  0.08602000
   0.31681045  0.94020020  0.28650508
   0.11383591  0.56265749  0.38846403
   0.17780118  0.81532718  0.18661190
   0.25517766  0.69420459  0.48340747
   0.37304000  0.69194000  0.08602000
   0.65085500  0.93969638  0.28840077
   0.44878724  0.56380261  0.39083393
   0.51207534  0.81595380  0.18735350
   0.58337482  0.69833848  0.48707282
   0.70637000  0.69194000  0.08602000
   0.98316548  0.94011926  0.28880262
   0.84485953  0.81638082  0.18743918
   0.92033217  0.69820324  0.48849549
   0.78232367  0.56482420  0.39229166
   0.17943460  0.06476487  0.18497396
   0.24960964  0.43885475  0.49256197
   0.03971000  0.44194000  0.08602000
   0.31603833  0.19007164  0.28891241
   0.11496273  0.31631579  0.38955110
   0.51298056  0.06463290  0.18502458
   0.58318535  0.44242321  0.49501320
   0.37304000  0.44194000  0.08602000
   0.64926390  0.18980653  0.28806397
   0.44973177  0.31729478  0.39338923
   0.84618529  0.06430620  0.18548441
   0.91839402  0.44227129  0.49352604
   0.70637000  0.44194000  0.08602000
   0.98264449  0.18886353  0.28885801
   0.77980759  0.31596082  0.39016331
   0.17959626  0.56425248  0.18511887
   0.27415752  0.93054918  0.49388440
   0.03971000  0.94194000  0.08602000
   0.31342528  0.68895375  0.28816516
   0.12176147  0.81389829  0.38761510
   0.51306948  0.56518687  0.18574104
   0.37304000  0.94194000  0.08602000
   0.64749220  0.69008579  0.29035129
   0.45515859  0.81443691  0.38765929
   0.84568872  0.56446502  0.18492089
   0.94473357  0.93517704  0.49487714
   0.70637000  0.94194000  0.08602000
   0.97966768  0.68878286  0.28798738
   0.78868967  0.81554813  0.39171573
   0.17417000  0.33753000  0.10253000
   0.24797235  0.20944523  0.40413197
   0.04696472  0.33303377  0.50462581
   0.31429911  0.46126434  0.20486310
   0.11752025  0.08498735  0.30697688
   0.23858000  0.04636000  0.06951000
   0.04538016  0.17085071  0.16970061
   0.31359379  0.42014841  0.37301787
   0.14531211  0.04255059  0.47784988
   0.18129514  0.29367681  0.27065590
   0.50750000  0.33753000  0.10253000
   0.58298872  0.20995047  0.40833731
   0.38291068  0.33421606  0.50199408
   0.64736606  0.46215867  0.20522849
   0.45081490  0.08602020  0.30518859
   0.57191000  0.04636000  0.06951000
   0.37925658  0.17126252  0.16972125
   0.64739101  0.42054633  0.37317829
   0.47078245  0.03429384  0.47151078
   0.51509688  0.29477248  0.27059434
   0.84083000  0.33753000  0.10253000
   0.91490421  0.21052261  0.40307046
   0.71704900  0.33552472  0.50560109
   0.97990605  0.46042830  0.20329009
   0.78326748  0.08520945  0.30613423
   0.90524000  0.04636000  0.06951000
   0.71240576  0.16990425  0.16932001
   0.97913232  0.41893268  0.37105132
   0.81221001  0.04289187  0.47620292
   0.84853020  0.29256738  0.26955988
   0.17417000  0.83753000  0.10253000
   0.25467048  0.70684735  0.39991937
   0.07309407  0.82552124  0.50715748
   0.31367258  0.96054948  0.20268924
   0.11336170  0.58411929  0.30420953
   0.23858000  0.54636000  0.06951000
   0.04523412  0.66997438  0.16916255
   0.32022414  0.91768633  0.36961772
   0.11991999  0.54932879  0.47551796
   0.17986583  0.79360774  0.26956091
   0.50750000  0.83753000  0.10253000
   0.58877647  0.70790733  0.40279099
   0.40792577  0.81987835  0.50406876
   0.64715983  0.96075512  0.20466278
   0.44785373  0.58491942  0.30652532
   0.57191000  0.54636000  0.06951000
   0.37899547  0.67081725  0.16957994
   0.65493228  0.91882315  0.37221711
   0.45167019  0.55164812  0.47829747
   0.51360573  0.79387007  0.27081246
   0.84083000  0.83753000  0.10253000
   0.74217222  0.82613204  0.50151455
   0.98056699  0.96120859  0.20495909
   0.78121535  0.58558237  0.30744268
   0.90524000  0.54636000  0.06951000
   0.71235289  0.67114337  0.16940211
   0.98720918  0.91875202  0.37265384
   0.78636600  0.55198678  0.47991627
   0.84682172  0.79408454  0.27080075
   0.92265193  0.70883185  0.40536726
   0.56055157  0.13024432  0.58926092
   0.75417606  0.31150302  0.60322696
