   0.93458823  0.68912174  0.50356208
   0.03971000  0.19194000  0.09637000
   0.31758920  0.43833438  0.29747200
   0.11619861  0.06347873  0.40043248
   0.17933422  0.31484556  0.19592306
   0.25364284  0.19949059  0.49554393
   0.37304000  0.19194000  0.09637000
   0.65201190  0.44102995  0.29905801
   0.45065510  0.06365010  0.40008274
   0.51309437  0.31625032  0.19754444
   0.58962870  0.19530280  0.49787196
   0.70637000  0.19194000  0.09637000
   0.98466481  0.43921786  0.29812913
   0.78283308  0.06274179  0.39951401
   0.84529712  0.31573319  0.19732760
   0.91822663  0.19891256  0.49522829
   0.03971000  0.69194000  0.09637000
   0.31114626  0.93993281  0.29838392
   0.12700439  0.56121144  0.39972598
   0.17845063  0.81572588  0.19702125
   0.26663244  0.69419831  0.49501314
   0.37304000  0.69194000  0.09637000
   0.64583937  0.93936152  0.29798044
   0.45932136  0.56045682  0.39915607
   0.51155277  0.81557225  0.19713078
   0.60113450  0.69332574  0.49368176
   0.70637000  0.69194000  0.09637000
   0.97834335  0.93973427  0.29891643
   0.84484631  0.81609583  0.19732426
   0.79361181  0.56178884  0.40206460
   0.17881161  0.06422126  0.19526024
   0.28433047  0.43542283  0.50135835
   0.03971000  0.44194000  0.09637000
   0.31530273  0.18891936  0.29875111
   0.12527113  0.31333460  0.39857787
   0.51197763  0.06408552  0.19494487
   0.61411439  0.43254441  0.50286352
   0.37304000  0.44194000  0.09637000
   0.64818513  0.18842529  0.29789637
   0.45865324  0.31374620  0.39942500
   0.84548250  0.06421427  0.19521619
   0.95489474  0.43393189  0.50172919
   0.70637000  0.44194000  0.09637000
   0.98199359  0.18819707  0.29830575
   0.79158207  0.31330742  0.39747640
   0.17977330  0.56406247  0.19500824
   0.25509614  0.94323322  0.50362179
   0.03971000  0.94194000  0.09637000
   0.31459851  0.68883985  0.29807431
   0.10993394  0.81741820  0.40412244
   0.51342351  0.56437547  0.19500282
   0.58716144  0.93988955  0.50258609
   0.37304000  0.94194000  0.09637000
   0.64885215  0.68981407  0.29954854
   0.44460443  0.81710082  0.39913928
   0.84663654  0.56430345  0.19483523
   0.92088939  0.94264109  0.50193100
   0.70637000  0.94194000  0.09637000
   0.98204827  0.68975135  0.29913440
   0.77958137  0.81677548  0.40235863
   0.17294953  0.33249186  0.10913627
   0.25905616  0.20633153  0.41144111
   0.08356165  0.32296403  0.51047520
   0.31402279  0.45974968  0.21331594
   0.11531379  0.08387818  0.31614579
   0.23858000  0.04636000  0.07986000
   0.04503659  0.17049282  0.17994252
   0.32401259  0.41750895  0.38150212
   0.12254056  0.05311782  0.48788496
   0.18176004  0.29280119  0.27968457
   0.50750000  0.33753000  0.11288000
   0.59305240  0.20738161  0.41343673
   0.41384110  0.32508730  0.51147868
   0.64819500  0.46173547  0.21512036
   0.44869705  0.08440189  0.31571100
   0.57191000  0.04636000  0.07986000
   0.37887592  0.17101187  0.18020193
   0.65749020  0.41808455  0.38269345
   0.45656926  0.05086636  0.48769997
   0.51590237  0.29451114  0.28087797
   0.84083000  0.33753000  0.11288000
   0.92418235  0.20633029  0.41125961
   0.74828660  0.32043369  0.52124940
   0.98093750  0.46077592  0.21428922
   0.78172322  0.08368293  0.31523505
   0.90524000  0.04636000  0.07986000
   0.71163893  0.17071903  0.18010262
   0.99119848  0.41733921  0.38189826
   0.78687743  0.05128415  0.48727508
   0.84866420  0.29318213  0.28061805
   0.17417000  0.83753000  0.11288000
   0.24646432  0.71045125  0.41309227
   0.05610890  0.84008289  0.50685747
   0.31296143  0.96091132  0.21419468
   0.11585647  0.58477713  0.31618552
   0.23858000  0.54636000  0.07986000
   0.04589535  0.67028967  0.17981267
   0.30964179  0.92126718  0.38259654
   0.15434843  0.54370200  0.48464363
   0.18056741  0.79313474  0.27995348
   0.50750000  0.83753000  0.11288000
   0.57777823  0.70969301  0.41236902
   0.38613217  0.83515505  0.51267178
   0.64630469  0.96065169  0.21399367
   0.44905677  0.58414323  0.31533495
   0.57191000  0.54636000  0.07986000
   0.37885518  0.67030887  0.17986719
   0.64428006  0.91999934  0.38207124
   0.48382979  0.54410215  0.48565528
   0.51404216  0.79280034  0.28022664
   0.84083000  0.83753000  0.11288000
   0.72043278  0.83422531  0.51047609
   0.97965845  0.96109396  0.21475841
   0.78374735  0.58673063  0.31812663
   0.90524000  0.54636000  0.07986000
   0.71272839  0.67055797  0.17976911
   0.97630749  0.92096653  0.38306159
   0.81392750  0.53619150  0.48598203
   0.84734701  0.79345905  0.28045479
   0.91007394  0.70971148  0.41980823
  -0.02928356  0.64936379  0.60120985
   0.82192969  0.44536141  0.60518091
