   0.60772977  0.19563133  0.50798499
   0.03971000  0.19194000  0.09637000
   0.31986402  0.43993177  0.29960514
   0.11552091  0.06187950  0.40152382
   0.17980103  0.31629421  0.19794881
   0.26085195  0.19067298  0.49635517
   0.37304000  0.19194000  0.09637000
   0.65205341  0.43803072  0.29709038
   0.45130216  0.06582171  0.40400052
   0.51253299  0.31521371  0.19711751
   0.70637000  0.19194000  0.09637000
   0.98676200  0.43885130  0.29867785
   0.78398788  0.06268962  0.40017163
   0.84642311  0.31580802  0.19755731
   0.91589942  0.18699325  0.50371148
   0.03971000  0.69194000  0.09637000
   0.31360555  0.94083575  0.30072065
   0.12568800  0.56010897  0.40092165
   0.18001835  0.81656213  0.19801587
   0.25802740  0.69442922  0.49713433
   0.37304000  0.69194000  0.09637000
   0.64587815  0.93962893  0.29970444
   0.45751896  0.56037807  0.40209634
   0.51243350  0.81550920  0.19714505
   0.59225729  0.69140619  0.49836476
   0.70637000  0.69194000  0.09637000
   0.97893707  0.93923599  0.29925648
   0.84593472  0.81535836  0.19670577
   0.92447471  0.69043599  0.49531008
   0.79213456  0.55868383  0.39802008
   0.17935708  0.06469323  0.19610993
   0.27826681  0.43095971  0.50447254
   0.03971000  0.44194000  0.09637000
   0.31554925  0.18855063  0.30001115
   0.12613226  0.31160912  0.40101349
   0.51260510  0.06448917  0.19593812
   0.60199654  0.43708847  0.49797778
   0.37304000  0.44194000  0.09637000
   0.64866934  0.18813258  0.29939796
   0.46048121  0.31148600  0.40020117
   0.84601736  0.06468435  0.19587123
   0.94910739  0.43373628  0.50202382
   0.70637000  0.44194000  0.09637000
   0.98223990  0.18831754  0.29978999
   0.79269310  0.30986832  0.39929223
   0.18099318  0.56474332  0.19591482
   0.24736231  0.93733216  0.50558052
   0.03971000  0.94194000  0.09637000
   0.31692246  0.69011919  0.30024173
   0.11107457  0.81673010  0.40269748
   0.51406024  0.56421729  0.19532833
   0.58532083  0.93709375  0.50619104
   0.37304000  0.94194000  0.09637000
   0.64996529  0.68962247  0.29884409
   0.44499051  0.81789351  0.40363586
   0.84781425  0.56439149  0.19553333
   0.91714898  0.93433843  0.50435353
   0.70637000  0.94194000  0.09637000
   0.98393337  0.68971846  0.29881237
   0.77754809  0.81690812  0.40311102
   0.17417000  0.33753000  0.11288000
   0.25967688  0.20412346  0.41237165
   0.07743828  0.32245556  0.51221222
   0.31552605  0.46161231  0.21561717
   0.11520991  0.08318559  0.31663613
   0.23858000  0.04636000  0.07986000
   0.04571776  0.17111830  0.18033412
   0.32653159  0.41739381  0.38309154
   0.11977632  0.04645745  0.48855978
   0.18255203  0.29354331  0.28130738
   0.50750000  0.33753000  0.11288000
   0.59359409  0.20795885  0.41911583
   0.40775164  0.32239919  0.51307687
   0.64815277  0.46026199  0.21373189
   0.44984419  0.08506836  0.31852470
   0.57191000  0.04636000  0.07986000
   0.37877184  0.17037567  0.17995015
   0.66007539  0.41589453  0.38023149
   0.45291216  0.04964827  0.49005124
   0.51539252  0.29208785  0.28018708
   0.84083000  0.33753000  0.11288000
   0.92679303  0.20522545  0.41597668
   0.74030175  0.33984376  0.51381069
   0.98232129  0.46105069  0.21475198
   0.78184697  0.08408058  0.31723365
   0.90524000  0.04636000  0.07986000
   0.71219908  0.17072101  0.18012160
   0.99237884  0.41685009  0.38225341
   0.78688348  0.03968207  0.48334523
   0.84921181  0.29288858  0.28082891
   0.17417000  0.83753000  0.11288000
   0.24505368  0.70972463  0.41509699
   0.04759044  0.82851198  0.51328696
   0.31394699  0.96162110  0.21605985
   0.11762515  0.58531191  0.31738958
   0.23858000  0.54636000  0.07986000
   0.04726075  0.67114209  0.18040605
   0.31044340  0.92099165  0.38493729
   0.14887579  0.54239021  0.48732850
   0.18293750  0.79415086  0.28146896
   0.50684819  0.83328541  0.10959223
   0.57649063  0.70974316  0.41622303
   0.38142028  0.83181343  0.51554615
   0.64637510  0.96054278  0.21484545
   0.45132413  0.58631118  0.31870583
   0.57191000  0.54636000  0.07986000
   0.38017088  0.67068485  0.18057040
   0.64248084  0.91796534  0.38334020
   0.47510627  0.54200219  0.48854220
   0.51545028  0.79369075  0.28093947
   0.84037981  0.83321324  0.10925533
   0.71568764  0.82830811  0.51562954
   0.97947491  0.96052766  0.21456377
   0.78425245  0.58425953  0.31460096
   0.90524000  0.54636000  0.07986000
   0.71339269  0.67045098  0.18051414
   0.97635932  0.91833707  0.38331171
   0.81409945  0.54526780  0.48455883
   0.84889073  0.79342108  0.28042819
   0.90916708  0.70822818  0.41294319
   0.76144626  0.16785015  0.59281044
   0.76402571  0.48770263  0.59524169
