   0.28096277  0.43316422  0.49048102
   0.03971000  0.19194000  0.08602000
   0.31652550  0.43867962  0.28777534
   0.11701638  0.05714480  0.38833485
   0.17815125  0.31489483  0.18707326
   0.25943179  0.19340206  0.48154370
   0.37304000  0.19194000  0.08602000
   0.65044102  0.43779479  0.28562196
   0.44934348  0.05995759  0.38773283
   0.51100064  0.31365983  0.18642632
   0.59347624  0.19120204  0.48210872
   0.70637000  0.19194000  0.08602000
   0.98339089  0.43865010  0.28812030
   0.78458362  0.06074392  0.38788682
   0.84492564  0.31426638  0.18715164
   0.92666705  0.19427445  0.48227373
   0.03971000  0.69194000  0.08602000
   0.31184456  0.93641268  0.28656164
   0.11952212  0.56002156  0.39109851
   0.18021513  0.81351498  0.18450583
   0.26381281  0.69131350  0.48535045
   0.37304000  0.69194000  0.08602000
   0.64774536  0.93690855  0.28671422
   0.45929073  0.55979927  0.38930074
   0.51109992  0.81414149  0.18509210
   0.59793439  0.68955507  0.48601507
   0.70637000  0.69194000  0.08602000
   0.97983079  0.93642547  0.28708218
   0.84525898  0.81470664  0.18479912
   0.93145384  0.69216944  0.49558422
   0.78699059  0.56487725  0.38449317
   0.17916558  0.06269801  0.18384910
   0.03971000  0.44194000  0.08602000
   0.31355633  0.18674941  0.28809737
   0.12359114  0.31305229  0.38771254
   0.51238646  0.06285386  0.18396026
   0.61758491  0.43113443  0.49392652
   0.37304000  0.44194000  0.08602000
   0.64781041  0.18684139  0.28789320
   0.45774557  0.31478121  0.38951735
   0.84643127  0.06341345  0.18435948
   0.95032556  0.43200068  0.50222170
   0.70637000  0.44194000  0.08602000
   0.98144949  0.18658523  0.28806455
   0.79043548  0.31588281  0.38896036
   0.17822491  0.56316412  0.18503073
   0.25917415  0.93793772  0.49273309
   0.03971000  0.94194000  0.08602000
   0.31490810  0.68774790  0.28791150
   0.10871225  0.81077870  0.39374994
   0.51173629  0.56324392  0.18449263
   0.59057925  0.93614859  0.49117160
   0.37304000  0.94194000  0.08602000
   0.64852902  0.68927142  0.28588905
   0.44616819  0.81528032  0.38975088
   0.84512786  0.56329402  0.18505422
   0.92515238  0.93823223  0.49206158
   0.70637000  0.94194000  0.08602000
   0.98315576  0.68857166  0.28491466
   0.77846021  0.81285050  0.39396853
   0.17417000  0.33753000  0.10253000
   0.25507309  0.20285337  0.39785988
   0.07923087  0.32140123  0.50133435
   0.31274018  0.46008267  0.20405178
   0.11343053  0.07991689  0.30444541
   0.23858000  0.04636000  0.06951000
   0.04543761  0.16986807  0.16956149
   0.32187990  0.41796206  0.37146651
   0.12690501  0.04649334  0.47535054
   0.18090478  0.29216717  0.27019838
   0.50750000  0.33753000  0.10253000
   0.59086884  0.20501878  0.39902681
   0.41232007  0.32275427  0.49274670
   0.64476235  0.45827630  0.20220864
   0.44715496  0.08052231  0.30354833
   0.57191000  0.04636000  0.06951000
   0.37838700  0.16926170  0.16937963
   0.65811209  0.42021636  0.36981265
   0.46036761  0.04630505  0.47484339
   0.51395983  0.29178560  0.26957730
   0.84083000  0.33753000  0.10253000
   0.92304536  0.20556899  0.39916956
   0.74699076  0.32161225  0.49666653
   0.97948424  0.45941622  0.20425815
   0.78113671  0.08150217  0.30375175
   0.90524000  0.04636000  0.06951000
   0.71178402  0.16976848  0.16938341
   0.98939127  0.41786201  0.37194789
   0.79364837  0.04717875  0.47482811
   0.84761767  0.29222605  0.27035166
   0.17292008  0.83293544  0.09842109
   0.24663916  0.70659325  0.40343689
   0.05925956  0.83345426  0.50287657
   0.31388960  0.95808720  0.20164620
   0.11521261  0.58435829  0.30616011
   0.23858000  0.54636000  0.06951000
   0.04513757  0.66920310  0.16921198
   0.30790176  0.91675007  0.37110125
   0.14609435  0.54269782  0.47851790
   0.18166743  0.79117322  0.26781375
   0.50597885  0.83309565  0.09887203
   0.57697353  0.70906694  0.40380949
   0.39106389  0.83085324  0.50111335
   0.64713320  0.95833897  0.20194590
   0.44988170  0.58442343  0.30546147
   0.57191000  0.54636000  0.06951000
   0.37829652  0.66960547  0.16928755
   0.64627333  0.91732142  0.37103748
   0.48657322  0.53894988  0.47461323
   0.51240652  0.79263742  0.26870212
   0.83960215  0.83318589  0.09881530
   0.72438401  0.82965350  0.49966714
   0.98013949  0.95895935  0.20209898
   0.78345415  0.58470061  0.29696846
   0.90524000  0.54636000  0.06951000
   0.71141095  0.66983477  0.16897330
   0.97647313  0.91284890  0.37212189
   0.82351033  0.54380853  0.51181214
   0.84738071  0.79313110  0.26799725
   0.90768469  0.70190530  0.41297271
   0.49053629  0.50150319  0.65544614
   0.70373267  0.54283161  0.59355642
