   0.93768432  0.68973858  0.50284373
   0.03971000  0.19194000  0.09637000
   0.31778679  0.43855417  0.29773033
   0.11586497  0.06307435  0.40059590
   0.17958179  0.31494276  0.19598301
   0.25365162  0.19874012  0.49571399
   0.37304000  0.19194000  0.09637000
   0.65266292  0.44076665  0.29880421
   0.45031010  0.06357518  0.40056697
   0.51297282  0.31607414  0.19749213
   0.58907431  0.19562070  0.49814204
   0.70637000  0.19194000  0.09637000
   0.98474879  0.43892838  0.29814053
   0.78272233  0.06234842  0.39986559
   0.84534954  0.31576150  0.19739142
   0.91871720  0.19752497  0.49561989
   0.03971000  0.69194000  0.09637000
   0.31130591  0.94007228  0.29874972
   0.12711494  0.56012731  0.39957780
   0.17886991  0.81561398  0.19717324
   0.26227695  0.69257223  0.49665985
   0.37304000  0.69194000  0.09637000
   0.64584678  0.93935607  0.29825798
   0.45898824  0.56017198  0.39947623
   0.51149661  0.81570727  0.19729428
   0.59975623  0.69335155  0.49432143
   0.70637000  0.69194000  0.09637000
   0.97821133  0.93970100  0.29893723
   0.84483688  0.81583677  0.19735266
   0.79329968  0.56145056  0.40210183
   0.17887705  0.06425749  0.19541924
   0.28288157  0.43398230  0.50165419
   0.03971000  0.44194000  0.09637000
   0.31535051  0.18879587  0.29887463
   0.12533731  0.31302231  0.39884244
   0.51225353  0.06420302  0.19506134
   0.61402224  0.43240054  0.50316282
   0.37304000  0.44194000  0.09637000
   0.64831139  0.18841309  0.29815146
   0.45924898  0.31361865  0.39956630
   0.84551655  0.06427225  0.19518919
   0.95326153  0.43287567  0.50243821
   0.70637000  0.44194000  0.09637000
   0.98212455  0.18820314  0.29845710
   0.79178349  0.31323448  0.39793755
   0.17976088  0.56414766  0.19525821
   0.25372468  0.94325008  0.50381554
   0.03971000  0.94194000  0.09637000
   0.31459502  0.68883681  0.29841845
   0.10957831  0.81706085  0.40423161
   0.51347492  0.56418547  0.19493320
   0.58583753  0.93877538  0.50339321
   0.37304000  0.94194000  0.09637000
   0.64925823  0.68961555  0.29952044
   0.44351856  0.81668774  0.40024091
   0.84670682  0.56413805  0.19504809
   0.91976647  0.94242761  0.50226409
   0.70637000  0.94194000  0.09637000
   0.98234279  0.68937800  0.29889142
   0.77911514  0.81661897  0.40246626
   0.17322589  0.33265031  0.10918593
   0.25892960  0.20572381  0.41163951
   0.08256554  0.32238575  0.51133273
   0.31411116  0.45995262  0.21346979
   0.11536510  0.08360200  0.31635509
   0.23858000  0.04636000  0.07986000
   0.04514643  0.17043333  0.18004473
   0.32469211  0.41708762  0.38186064
   0.12183116  0.05338765  0.48811527
   0.18182383  0.29276806  0.27972124
   0.50750000  0.33753000  0.11288000
   0.59302327  0.20670464  0.41393872
   0.41365443  0.32430285  0.51167368
   0.64839017  0.46157679  0.21492085
   0.44905084  0.08412434  0.31625724
   0.57191000  0.04636000  0.07986000
   0.37871919  0.17079624  0.18009412
   0.65786420  0.41785021  0.38249284
   0.45604297  0.05054897  0.48830164
   0.51611404  0.29390611  0.28084840
   0.84083000  0.33753000  0.11288000
   0.92423202  0.20575166  0.41178213
   0.74780698  0.32134144  0.51964132
   0.98127979  0.46066873  0.21437571
   0.78174504  0.08365516  0.31572328
   0.90524000  0.04636000  0.07986000
   0.71174147  0.17060559  0.18009969
   0.99107960  0.41661101  0.38174884
   0.78540391  0.05108314  0.48764393
   0.84873411  0.29291594  0.28064192
   0.17417000  0.83753000  0.11288000
   0.24525933  0.70988509  0.41411051
   0.05581763  0.84078146  0.50584816
   0.31335184  0.96086154  0.21452832
   0.11600495  0.58482730  0.31632467
   0.23858000  0.54636000  0.07986000
   0.04600381  0.67048516  0.17988684
   0.30969264  0.92122593  0.38299289
   0.15204233  0.54156023  0.48466669
   0.18102863  0.79332984  0.28019654
   0.50750000  0.83753000  0.11288000
   0.57745856  0.70989853  0.41262388
   0.38340243  0.83412882  0.51289487
   0.64663056  0.96074920  0.21439026
   0.44925404  0.58460321  0.31569812
   0.57191000  0.54636000  0.07986000
   0.37915390  0.67043851  0.17987715
   0.64354810  0.91994248  0.38220945
   0.48264946  0.54267396  0.48618150
   0.51431869  0.79318515  0.28026577
   0.84083000  0.83753000  0.11288000
   0.71882624  0.83395018  0.51191312
   0.97976404  0.96104861  0.21489209
   0.78415385  0.58658706  0.31796711
   0.90524000  0.54636000  0.07986000
   0.71280799  0.67057284  0.17977071
   0.97608060  0.92059093  0.38287023
   0.81423969  0.53660114  0.48639546
   0.84768858  0.79351393  0.28042751
   0.90976639  0.70930859  0.41917750
  -0.00653358  0.65411128  0.59834874
   0.81446372  0.45822628  0.60552782
