   0.58726587  0.93968638  0.50549444
   0.03971000  0.19194000  0.08602000
   0.31736736  0.43752403  0.28809159
   0.11886832  0.05945000  0.39164312
   0.17879179  0.31490457  0.18699031
   0.26803473  0.18828395  0.48686777
   0.37304000  0.19194000  0.08602000
   0.65050968  0.43849198  0.28911051
   0.45136644  0.06221653  0.39111603
   0.51275482  0.31568856  0.18755655
   0.59439117  0.19127596  0.48850398
   0.70637000  0.19194000  0.08602000
   0.98321954  0.43653322  0.28743407
   0.78176652  0.06031386  0.39242637
   0.84531740  0.31481135  0.18685009
   0.93372118  0.18906101  0.48712329
   0.03971000  0.69194000  0.08602000
   0.31238303  0.93939965  0.28868806
   0.12032609  0.55717407  0.38769632
   0.17906384  0.81565609  0.18742106
   0.25788166  0.68697508  0.48118912
   0.37304000  0.69194000  0.08602000
   0.64539412  0.93969368  0.28886965
   0.45476021  0.56147767  0.38945628
   0.51215921  0.81554340  0.18731308
   0.58773751  0.69884307  0.48518839
   0.70637000  0.69194000  0.08602000
   0.97918259  0.94007263  0.28878322
   0.84554836  0.81580080  0.18740307
   0.92348933  0.69787747  0.48796505
   0.78802460  0.56229708  0.39183384
   0.17942734  0.06428088  0.18542439
   0.27155975  0.43253068  0.49091755
   0.03971000  0.44194000  0.08602000
   0.31570277  0.18793335  0.28945118
   0.12277867  0.31080290  0.39003788
   0.51216441  0.06430415  0.18531338
   0.60088682  0.43659358  0.49213494
   0.37304000  0.44194000  0.08602000
   0.64843660  0.18776559  0.28910679
   0.45694818  0.31366831  0.39175804
   0.84537778  0.06429452  0.18570665
   0.94088113  0.43309014  0.49198537
   0.70637000  0.44194000  0.08602000
   0.98189531  0.18720443  0.28923653
   0.79104593  0.31244985  0.38950755
   0.18052766  0.56382341  0.18527123
   0.26286794  0.93738692  0.50253086
   0.03971000  0.94194000  0.08602000
   0.31510050  0.68816063  0.28914834
   0.11114768  0.81410294  0.39006528
   0.51384201  0.56401987  0.18551514
   0.37304000  0.94194000  0.08602000
   0.64865529  0.68841397  0.28896660
   0.44440044  0.81820882  0.39307606
   0.84712921  0.56365382  0.18503158
   0.92483254  0.93605007  0.49635410
   0.70637000  0.94194000  0.08602000
   0.98155096  0.68749046  0.28825105
   0.77806085  0.81630071  0.39061914
   0.17417000  0.33753000  0.10253000
   0.25607029  0.20464230  0.40350578
   0.07076250  0.32422246  0.50271457
   0.31470336  0.46002587  0.20409787
   0.11609071  0.08361505  0.30709503
   0.23858000  0.04636000  0.06951000
   0.04497512  0.16989307  0.16942905
   0.32155909  0.41591004  0.37204399
   0.12708406  0.04620590  0.47971570
   0.18141765  0.29178993  0.27015981
   0.50750000  0.33753000  0.10253000
   0.59311185  0.20850830  0.40458339
   0.40481663  0.32578246  0.50002847
   0.64799071  0.46084788  0.20516914
   0.44960071  0.08368197  0.30618171
   0.57191000  0.04636000  0.06951000
   0.37866680  0.17074876  0.16964701
   0.65738243  0.41794774  0.37314292
   0.45756930  0.05054614  0.47428169
   0.51555554  0.29293123  0.27089362
   0.84083000  0.33753000  0.10253000
   0.92200052  0.20457911  0.40430737
   0.73516752  0.33028664  0.50814567
   0.98106945  0.45964218  0.20390951
   0.78236066  0.08366594  0.30724752
   0.90524000  0.04636000  0.06951000
   0.71160190  0.17009021  0.16936598
   0.98780422  0.41329022  0.37102210
   0.79309067  0.04664232  0.48043489
   0.84836483  0.29112685  0.26985257
   0.17417000  0.83753000  0.10253000
   0.24161717  0.70509636  0.39869844
   0.05845709  0.83103543  0.50548066
   0.31326608  0.96104760  0.20464916
   0.11411840  0.58165446  0.30447787
   0.23858000  0.54636000  0.06951000
   0.04664208  0.66993730  0.16950009
   0.30834184  0.91967668  0.37198120
   0.13748688  0.53977895  0.47322178
   0.18118188  0.79197772  0.27003366
   0.50750000  0.83753000  0.10253000
   0.57922176  0.70932590  0.40242085
   0.39318659  0.82163327  0.49303387
   0.64652876  0.96107174  0.20462286
   0.44940873  0.58308982  0.30574651
   0.57191000  0.54636000  0.06951000
   0.38007674  0.66981346  0.16953729
   0.64358252  0.92009303  0.37252381
   0.47000263  0.54592809  0.47601738
   0.51438523  0.79268647  0.27016187
   0.84083000  0.83753000  0.10253000
   0.72449739  0.83053758  0.50700194
   0.98007703  0.96131983  0.20465182
   0.78265367  0.58382654  0.30705359
   0.90524000  0.54636000  0.06951000
   0.71327042  0.67007057  0.16970850
   0.97727485  0.91866546  0.37277231
   0.80655254  0.54642849  0.48092363
   0.84851697  0.79287875  0.27046706
   0.90973029  0.70883963  0.40608407
   0.43309611  0.97831434  0.59513860
   0.78343371  0.46726728  0.59015848
