   0.93520509  0.93182608  0.49219484
   0.03971000  0.19194000  0.08602000
   0.31919535  0.44961791  0.29085518
   0.12735249  0.06181998  0.38800047
   0.18161860  0.31867721  0.18849620
   0.25968311  0.18943793  0.48283587
   0.37304000  0.19194000  0.08602000
   0.64709561  0.44361943  0.28383785
   0.47280519  0.07093127  0.39320420
   0.51089814  0.31481242  0.18549871
   0.59911702  0.19127873  0.49311377
   0.70637000  0.19194000  0.08602000
   0.98375224  0.44571217  0.28459030
   0.80207516  0.06234096  0.37339269
   0.84782577  0.31644404  0.18522637
   0.91330570  0.17552621  0.48136807
   0.03971000  0.69194000  0.08602000
   0.32600514  0.94646156  0.29026830
   0.12267364  0.56816968  0.38794641
   0.18097350  0.81851879  0.18920400
   0.24794160  0.69849582  0.48542822
   0.37304000  0.69194000  0.08602000
   0.65452390  0.93458416  0.28250541
   0.44920700  0.56949770  0.39577181
   0.51051764  0.81463187  0.18597366
   0.58144933  0.69933257  0.49173892
   0.70637000  0.69194000  0.08602000
   0.98657696  0.94099129  0.28790594
   0.84488691  0.81724929  0.18749789
   0.93001435  0.68717725  0.48151918
   0.78703772  0.56259973  0.38424680
   0.18053167  0.06496004  0.18775333
   0.23801100  0.43087711  0.49558023
   0.03971000  0.44194000  0.08602000
   0.31986542  0.19687533  0.29170418
   0.11657132  0.32404567  0.38697175
   0.51194624  0.06169017  0.18281904
   0.57641659  0.44098911  0.49447376
   0.37304000  0.44194000  0.08602000
   0.65049213  0.19215922  0.28320284
   0.45381564  0.32504456  0.39134384
   0.84748390  0.06569291  0.18753738
   0.91402469  0.43747093  0.49025733
   0.70637000  0.44194000  0.08602000
   0.98813157  0.19606164  0.28514563
   0.78222751  0.32007272  0.38230381
   0.17960793  0.56437576  0.18513855
   0.27633045  0.93162401  0.49213544
   0.03971000  0.94194000  0.08602000
   0.31637716  0.69497606  0.29041439
   0.13636997  0.81904679  0.38846181
   0.51095894  0.56662193  0.18410420
   0.61281451  0.93874667  0.49077078
   0.37304000  0.94194000  0.08602000
   0.64973865  0.69194971  0.29019578
   0.46634790  0.81954065  0.39213760
   0.84429668  0.56277855  0.18220300
   0.70637000  0.94194000  0.08602000
   0.98172025  0.69170698  0.28642576
   0.80008762  0.81675747  0.39327261
   0.17514180  0.33314190  0.10091406
   0.25035719  0.21556001  0.40078052
   0.03693848  0.33073159  0.49593232
   0.31466319  0.46256533  0.20530460
   0.12000982  0.08811176  0.30366638
   0.23858000  0.04636000  0.06951000
   0.04587528  0.17189846  0.17183956
   0.31847427  0.42889306  0.37442903
   0.14035295  0.03663991  0.47025547
   0.18684164  0.30187662  0.27347689
   0.50750000  0.33753000  0.10253000
   0.58818261  0.22059370  0.41158454
   0.37507725  0.32910139  0.50898447
   0.64465083  0.45957121  0.19931392
   0.45641688  0.09353708  0.30858407
   0.57191000  0.04636000  0.06951000
   0.37910383  0.16875577  0.16896011
   0.64872287  0.42231842  0.36598280
   0.47731858  0.04213609  0.47595586
   0.51643128  0.29703250  0.26806209
   0.84083000  0.33753000  0.10253000
   0.91656780  0.21341079  0.39337627
   0.70833534  0.33649473  0.51141262
   0.98245982  0.45981980  0.20014511
   0.78783585  0.08557573  0.29274634
   0.90524000  0.04636000  0.06951000
   0.71144919  0.17090871  0.16985861
   0.97814057  0.42806002  0.36807137
   0.80698856  0.02791572  0.45346098
   0.84863620  0.29909689  0.26773200
   0.17477144  0.83379326  0.10106055
   0.26525463  0.71196767  0.40216053
   0.06819753  0.81892505  0.50129822
   0.31546221  0.96218315  0.20623193
   0.11923374  0.58841810  0.30313051
   0.23858000  0.54636000  0.06951000
   0.04655432  0.67260960  0.17204469
   0.33563999  0.92521373  0.37301206
   0.11873855  0.54991876  0.47471224
   0.18261896  0.79986739  0.27392131
   0.50750000  0.83753000  0.10253000
   0.59646136  0.71059064  0.40922368
   0.40616047  0.82380230  0.50409031
   0.64869471  0.95892974  0.19972471
   0.45104742  0.59401822  0.31072973
   0.57191000  0.54636000  0.06951000
   0.37578397  0.67120527  0.16988200
   0.66663786  0.91208663  0.36395716
   0.44815268  0.55343858  0.48294279
   0.51442256  0.79361919  0.26873535
   0.84083000  0.83753000  0.10253000
   0.73487663  0.82967122  0.50944532
   0.98228791  0.96052584  0.20462850
   0.78353188  0.58691423  0.30205939
   0.90524000  0.54636000  0.06951000
   0.71253823  0.67138962  0.16856334
   0.99689518  0.91869011  0.36956208
   0.78230724  0.54524249  0.46802084
   0.84613547  0.79561974  0.27050928
   0.93302693  0.70849248  0.39849943
   0.87634690  0.15063743  0.57441339
   0.68052534  0.24933274  0.62244127
