   0.60742472  0.93301341  0.49190796
   0.03971000  0.19194000  0.08602000
   0.31434233  0.44034251  0.28892449
   0.12665015  0.06068587  0.39096880
   0.17794724  0.31514673  0.18719308
   0.26786662  0.19146068  0.48589307
   0.37304000  0.19194000  0.08602000
   0.64660116  0.44291261  0.28940790
   0.46076275  0.06247790  0.38623244
   0.51194015  0.31724613  0.18771719
   0.58579153  0.17981456  0.49011243
   0.70637000  0.19194000  0.08602000
   0.98046520  0.43846991  0.28586518
   0.79168185  0.06171876  0.39096315
   0.84571261  0.31388284  0.18585457
   0.92519255  0.19767719  0.48487550
   0.03971000  0.69194000  0.08602000
   0.31617991  0.93926928  0.28570304
   0.11449117  0.56205893  0.38668607
   0.17663204  0.81439599  0.18670211
   0.25035003  0.69589233  0.48258054
   0.37304000  0.69194000  0.08602000
   0.64984690  0.93892500  0.28926367
   0.44976426  0.56384768  0.39082635
   0.51156329  0.81525107  0.18759054
   0.57858147  0.70071179  0.48766031
   0.70637000  0.69194000  0.08602000
   0.98222741  0.94017808  0.28930077
   0.84371266  0.81565687  0.18794262
   0.92082805  0.69723386  0.48969194
   0.78360657  0.56632584  0.39276875
   0.17906968  0.06358228  0.18511832
   0.25078278  0.44233140  0.49136710
   0.03971000  0.44194000  0.08602000
   0.31530260  0.19009029  0.28859912
   0.11627403  0.31693204  0.38883367
   0.51261011  0.06421731  0.18540137
   0.58413089  0.43892018  0.49508604
   0.37304000  0.44194000  0.08602000
   0.64988553  0.19100712  0.28726452
   0.45012839  0.31790248  0.39405603
   0.84541645  0.06304685  0.18584251
   0.91712351  0.44032126  0.49384972
   0.70637000  0.44194000  0.08602000
   0.98138363  0.18765799  0.28897563
   0.78089232  0.31583354  0.38994658
   0.17884755  0.56310731  0.18510847
   0.27316995  0.92800593  0.49369554
   0.03971000  0.94194000  0.08602000
   0.31389561  0.68887087  0.28836563
   0.12083940  0.81380067  0.38699060
   0.51236643  0.56421533  0.18622556
   0.37304000  0.94194000  0.08602000
   0.64692514  0.68986523  0.29106367
   0.45572075  0.81649752  0.38823074
   0.84569937  0.56284633  0.18406199
   0.94588933  0.93501440  0.49623414
   0.70637000  0.94194000  0.08602000
   0.97892158  0.68873402  0.28765818
   0.78960606  0.81609363  0.39488104
   0.17417000  0.33753000  0.10253000
   0.24841609  0.20987197  0.40388385
   0.04961503  0.33456272  0.50253593
   0.31367245  0.45999978  0.20455656
   0.11758564  0.08437920  0.30712550
   0.23858000  0.04636000  0.06951000
   0.04452401  0.16901116  0.16966929
   0.31434574  0.42071932  0.37327820
   0.14815735  0.04332438  0.47786528
   0.18060109  0.29365431  0.27103468
   0.50750000  0.33753000  0.10253000
   0.58431632  0.21128807  0.40998110
   0.38157284  0.33453609  0.50033264
   0.64700345  0.46186696  0.20468039
   0.45060701  0.08560010  0.30207526
   0.57191000  0.04636000  0.06951000
   0.37852314  0.17071704  0.17008816
   0.64640046  0.42200965  0.37338206
   0.46811069  0.02939797  0.46759506
   0.51548993  0.29668136  0.27081650
   0.84083000  0.33753000  0.10253000
   0.91552483  0.21082775  0.40229457
   0.71716036  0.33001562  0.51095126
   0.97957603  0.45846034  0.20201462
   0.78206003  0.08394013  0.30698658
   0.90524000  0.04636000  0.06951000
   0.71152655  0.16862921  0.16949557
   0.97881357  0.41839449  0.36959382
   0.81431226  0.04487325  0.47638783
   0.84856842  0.29154649  0.26887100
   0.17417000  0.83753000  0.10253000
   0.25369584  0.70871312  0.39813735
   0.07153898  0.82482374  0.51021504
   0.31311602  0.96021693  0.20313081
   0.11344330  0.58330481  0.30271543
   0.23858000  0.54636000  0.06951000
   0.04515985  0.66929038  0.16938218
   0.32098745  0.91876865  0.36760555
   0.12041839  0.55241103  0.47314635
   0.17923466  0.79262800  0.26919089
   0.50750000  0.83753000  0.10253000
   0.58623817  0.70792094  0.40370795
   0.40753936  0.81884910  0.50417227
   0.64683683  0.96041969  0.20544461
   0.44796703  0.58470320  0.30722709
   0.57191000  0.54636000  0.06951000
   0.37864201  0.66998472  0.16993148
   0.65533111  0.91901771  0.37328357
   0.45320509  0.55119764  0.47891013
   0.51280429  0.79417827  0.27131099
   0.84083000  0.83753000  0.10253000
   0.74202282  0.82578518  0.50198638
   0.98096210  0.96133591  0.20547141
   0.78161971  0.58645893  0.30799157
   0.90524000  0.54636000  0.06951000
   0.71177829  0.67019772  0.17007372
   0.98733913  0.91993253  0.37365761
   0.78741985  0.55075474  0.48056737
   0.84622303  0.79457919  0.27141783
   0.92307772  0.71007200  0.40760252
   0.55459060  0.12384934  0.58423857
   0.75776976  0.32186771  0.60502734
