   0.91655321  0.94060332  0.49708637
   0.03971000  0.19194000  0.08602000
   0.31984105  0.44004892  0.28902514
   0.11531346  0.06085546  0.39045957
   0.17950301  0.31586074  0.18703235
   0.26024425  0.19102653  0.48606803
   0.37304000  0.19194000  0.08602000
   0.65159957  0.43775771  0.28619233
   0.45056619  0.06456641  0.39278117
   0.51239061  0.31502989  0.18651522
   0.59385062  0.19411197  0.49132862
   0.70637000  0.19194000  0.08602000
   0.98670763  0.43879229  0.28801198
   0.78225753  0.06257249  0.39072538
   0.84647670  0.31562389  0.18684772
   0.93073776  0.19114872  0.48657456
   0.03971000  0.69194000  0.08602000
   0.31335450  0.94071052  0.29019047
   0.12553480  0.56048158  0.39081658
   0.17973287  0.81611957  0.18725010
   0.25782490  0.69389562  0.48649636
   0.37304000  0.69194000  0.08602000
   0.64632067  0.93979747  0.28957120
   0.45905295  0.56299687  0.39219733
   0.51275194  0.81620535  0.18725297
   0.59502373  0.68200349  0.48951201
   0.70637000  0.69194000  0.08602000
   0.97866453  0.93928672  0.28893492
   0.84617662  0.81594170  0.18688270
   0.92104580  0.68871234  0.48532316
   0.79318737  0.55963129  0.38716813
   0.17917776  0.06478870  0.18564051
   0.27837831  0.43063157  0.49387369
   0.03971000  0.44194000  0.08602000
   0.31541601  0.18857695  0.28934553
   0.12732708  0.31230115  0.38917752
   0.51267982  0.06443342  0.18536877
   0.60617755  0.42697834  0.48894963
   0.37304000  0.44194000  0.08602000
   0.64900887  0.18793396  0.28860585
   0.45994768  0.31272881  0.38931203
   0.84604819  0.06459417  0.18532932
   0.94704920  0.42895716  0.49231298
   0.70637000  0.44194000  0.08602000
   0.98205616  0.18795075  0.28884563
   0.79395355  0.31143137  0.38776489
   0.18129344  0.56518560  0.18530667
   0.24821343  0.93628455  0.49563420
   0.03971000  0.94194000  0.08602000
   0.31711349  0.69035992  0.28994747
   0.11092428  0.81654935  0.39282266
   0.51435138  0.56466625  0.18468242
   0.58227003  0.94097880  0.49796122
   0.37304000  0.94194000  0.08602000
   0.64966184  0.68987426  0.28865593
   0.44621525  0.81760987  0.39372201
   0.84807382  0.56467881  0.18483307
   0.70637000  0.94194000  0.08602000
   0.98414751  0.68979758  0.28831629
   0.77687411  0.81557727  0.39231117
   0.17165813  0.33117841  0.10026637
   0.26036268  0.20490723  0.40241944
   0.07760275  0.32140635  0.50371747
   0.31539954  0.46152811  0.20537660
   0.11545442  0.08348180  0.30676268
   0.23858000  0.04636000  0.06951000
   0.04564477  0.17094642  0.17044434
   0.32645439  0.41722352  0.37301065
   0.12378943  0.04774807  0.47766078
   0.18273121  0.29391985  0.27116719
   0.50750000  0.33753000  0.10253000
   0.59458174  0.20845473  0.40718813
   0.40883502  0.31981669  0.50347408
   0.64813905  0.46036111  0.20367558
   0.44976177  0.08526501  0.30873280
   0.57191000  0.04636000  0.06951000
   0.37882913  0.17026427  0.16988300
   0.66032738  0.41445160  0.36946101
   0.44929549  0.05394714  0.48004555
   0.51537517  0.29239553  0.27005393
   0.84083000  0.33753000  0.10253000
   0.92808525  0.20756058  0.40317758
   0.74156285  0.32610618  0.51256777
   0.98237792  0.46093654  0.20470314
   0.78196736  0.08417316  0.30719531
   0.90524000  0.04636000  0.06951000
   0.71218999  0.17070447  0.16997073
   0.99279308  0.41618941  0.37215274
   0.78462417  0.05128304  0.47376873
   0.84937252  0.29317876  0.27067189
   0.17159232  0.83123505  0.10031408
   0.24475901  0.70916315  0.40485670
   0.04582664  0.82655262  0.50132984
   0.31366676  0.96162623  0.20586481
   0.11726282  0.58494986  0.30728326
   0.23858000  0.54636000  0.06951000
   0.04723556  0.67068298  0.17040932
   0.31055526  0.92163968  0.37496460
   0.14687696  0.54050527  0.47731892
   0.18287901  0.79396590  0.27132931
   0.50750000  0.83753000  0.10253000
   0.57722226  0.70929297  0.40806022
   0.37802399  0.83321453  0.50460522
   0.64676139  0.96142939  0.20531230
   0.45137755  0.58625958  0.30863317
   0.57191000  0.54636000  0.06951000
   0.38073664  0.67070507  0.17000370
   0.64368567  0.91914230  0.37384669
   0.47927241  0.53748188  0.47807753
   0.51554658  0.79338256  0.27088383
   0.84083000  0.83753000  0.10253000
   0.71483126  0.82625109  0.49660507
   0.98027272  0.96124522  0.20491124
   0.78402318  0.58414391  0.30375513
   0.90524000  0.54636000  0.06951000
   0.71379192  0.67045797  0.16975494
   0.97614183  0.91890165  0.37331317
   0.81061921  0.53617307  0.47442017
   0.84890852  0.79305704  0.27042112
   0.90826380  0.70715613  0.40490946
   0.75207200  0.94081813  0.59587561
   0.76258047  0.48992622  0.58368591
