   0.60484730  0.43147877  0.49271162
   0.03971000  0.19194000  0.08602000
   0.31812565  0.43868415  0.28911337
   0.11552253  0.06213326  0.39080313
   0.17948713  0.31643807  0.18758492
   0.26080940  0.19141994  0.48541049
   0.37304000  0.19194000  0.08602000
   0.65166828  0.43681381  0.28663679
   0.44956770  0.06222373  0.39254506
   0.51183748  0.31447402  0.18664209
   0.59239703  0.19085033  0.48797251
   0.70637000  0.19194000  0.08602000
   0.98467901  0.43893544  0.28857762
   0.78228755  0.06197585  0.39153911
   0.84648512  0.31569724  0.18712080
   0.92682344  0.19008289  0.48641036
   0.03971000  0.69194000  0.08602000
   0.31339522  0.94093706  0.28988641
   0.12259321  0.56013581  0.39096543
   0.17970182  0.81639332  0.18782388
   0.25915364  0.69180835  0.48663711
   0.37304000  0.69194000  0.08602000
   0.64601438  0.94019889  0.28926311
   0.45971291  0.55986217  0.39067665
   0.51260338  0.81615798  0.18746860
   0.59203704  0.69285486  0.48656293
   0.70637000  0.69194000  0.08602000
   0.97933673  0.94021086  0.28869776
   0.84591429  0.81603389  0.18714914
   0.92619936  0.69337766  0.48758828
   0.78812537  0.55980544  0.38778652
   0.17922757  0.06472219  0.18578504
   0.27543189  0.43186924  0.49421756
   0.03971000  0.44194000  0.08602000
   0.31598277  0.18867027  0.28951464
   0.12617116  0.31198869  0.39075087
   0.51248903  0.06430377  0.18564666
   0.37304000  0.44194000  0.08602000
   0.64907428  0.18818712  0.28909910
   0.46073360  0.31233459  0.38996733
   0.84590081  0.06466607  0.18547687
   0.94861768  0.43165164  0.49628325
   0.70637000  0.44194000  0.08602000
   0.98253310  0.18851772  0.28913630
   0.79256512  0.31259951  0.39065963
   0.18098596  0.56485425  0.18570844
   0.25239589  0.93730566  0.49530024
   0.03971000  0.94194000  0.08602000
   0.31625584  0.68952857  0.29003556
   0.10923683  0.81567724  0.39086624
   0.51393724  0.56419865  0.18487945
   0.58414868  0.93670697  0.49657439
   0.37304000  0.94194000  0.08602000
   0.64927610  0.68793412  0.28784640
   0.44389326  0.81673262  0.39150739
   0.84747606  0.56490971  0.18660888
   0.91734437  0.93552879  0.49507233
   0.70637000  0.94194000  0.08602000
   0.98301629  0.68908373  0.28837755
   0.77735956  0.81458655  0.39018755
   0.17417000  0.33753000  0.10253000
   0.26001384  0.20405888  0.40249095
   0.07663054  0.32124409  0.50114526
   0.31499960  0.46148188  0.20520747
   0.11596509  0.08394111  0.30635167
   0.23858000  0.04636000  0.06951000
   0.04582176  0.17112819  0.16992822
   0.32618107  0.41541026  0.37273986
   0.12063496  0.04887584  0.47814189
   0.18275092  0.29327037  0.27087389
   0.50750000  0.33753000  0.10253000
   0.59185075  0.20462761  0.40454696
   0.40673872  0.32276358  0.50326545
   0.64704035  0.45905237  0.20254038
   0.44956287  0.08470756  0.30811110
   0.57191000  0.04636000  0.06951000
   0.37850387  0.16974739  0.16952963
   0.65928513  0.41599871  0.37108852
   0.45419766  0.04745756  0.48045108
   0.51565149  0.29196068  0.26992963
   0.84083000  0.33753000  0.10253000
   0.92552886  0.20412709  0.40326065
   0.74214596  0.32329237  0.50069708
   0.98213291  0.46070839  0.20466244
   0.78256012  0.08424422  0.30692593
   0.90524000  0.04636000  0.06951000
   0.71212813  0.17047377  0.16972825
   0.99220858  0.41567312  0.37234330
   0.78750797  0.04650218  0.47901629
   0.84921476  0.29283160  0.27032500
   0.17417000  0.83753000  0.10253000
   0.24299688  0.70984706  0.40447403
   0.05397813  0.83200510  0.50339890
   0.31357020  0.96159393  0.20573942
   0.11715206  0.58461237  0.30701030
   0.23858000  0.54636000  0.06951000
   0.04730579  0.67095710  0.17004579
   0.30918326  0.92128508  0.37417520
   0.14440899  0.54157400  0.47758988
   0.18223976  0.79394644  0.27150069
   0.50750000  0.83753000  0.10253000
   0.57769864  0.71060173  0.40473705
   0.38356756  0.82922723  0.50445686
   0.64680701  0.96129168  0.20519907
   0.45035744  0.58438614  0.30716703
   0.57191000  0.54636000  0.06951000
   0.38057431  0.67078729  0.16981559
   0.64161056  0.92050860  0.37350415
   0.47325866  0.54194098  0.47669320
   0.51479236  0.79325343  0.27093315
   0.84083000  0.83753000  0.10253000
   0.71481493  0.83079296  0.50581084
   0.98017374  0.96136130  0.20455824
   0.78413023  0.58264961  0.29955051
   0.90524000  0.54636000  0.06951000
   0.71358730  0.67061188  0.16966042
   0.97540903  0.91896344  0.37293696
   0.81377360  0.54165753  0.49773494
   0.84790606  0.79381675  0.27054813
   0.90863459  0.70545309  0.40548900
   0.77333136  0.44368130  0.68217894
   0.78548436  0.48642201  0.58785856
