   0.92261020  0.69734287  0.49529208
   0.03971000  0.19194000  0.09637000
   0.31056680  0.44067850  0.29870311
   0.13111139  0.06090006  0.40076391
   0.17976296  0.31613030  0.19712531
   0.26149497  0.19604254  0.49715052
   0.37304000  0.19194000  0.09637000
   0.64464669  0.44018962  0.29848131
   0.46559476  0.06213539  0.40079361
   0.51285769  0.31617071  0.19723604
   0.59203876  0.19389670  0.49794130
   0.70637000  0.19194000  0.09637000
   0.97795669  0.44083452  0.29811522
   0.79886710  0.06074740  0.40063735
   0.84639245  0.31595462  0.19702040
   0.93805487  0.18779565  0.50063031
   0.03971000  0.69194000  0.09637000
   0.32173339  0.94029773  0.29895329
   0.11278836  0.56582338  0.39940845
   0.17903751  0.81670186  0.19793018
   0.25746812  0.70081256  0.49489402
   0.37304000  0.69194000  0.09637000
   0.65597636  0.93958598  0.29827325
   0.44526234  0.56531420  0.40013405
   0.51228758  0.81651442  0.19746581
   0.59171820  0.69738340  0.49522722
   0.70637000  0.69194000  0.09637000
   0.98872724  0.93935822  0.29859395
   0.84564327  0.81648276  0.19748649
   0.77859419  0.56433348  0.40004466
   0.18124642  0.06484829  0.19538426
   0.24256530  0.44615401  0.50363519
   0.03971000  0.44194000  0.09637000
   0.31876257  0.18949283  0.29891195
   0.10834448  0.31940407  0.40304777
   0.51481296  0.06489632  0.19527610
   0.56837963  0.44774618  0.50706544
   0.37304000  0.44194000  0.09637000
   0.65269942  0.18954016  0.29850874
   0.44277469  0.31856957  0.40058341
   0.84795703  0.06444585  0.19520894
   0.90866324  0.44726644  0.50133158
   0.70637000  0.44194000  0.09637000
   0.98568434  0.18954441  0.29894359
   0.77794333  0.31749467  0.40013013
   0.17789025  0.56528155  0.19534589
   0.29367815  0.93327131  0.50226125
   0.03971000  0.94194000  0.09637000
   0.31443488  0.68967849  0.29860461
   0.13207291  0.81275645  0.39830858
   0.51100930  0.56515018  0.19549699
   0.62822030  0.93124880  0.50185338
   0.37304000  0.94194000  0.09637000
   0.64777755  0.68901279  0.29872243
   0.46570305  0.81326123  0.39769168
   0.84457955  0.56528116  0.19547455
   0.96065356  0.93288897  0.50294543
   0.70637000  0.94194000  0.09637000
   0.98087590  0.68961899  0.29880713
   0.79866757  0.81251570  0.39849265
   0.17417000  0.33753000  0.11288000
   0.24399675  0.21206640  0.41545825
   0.04098795  0.34273734  0.50704845
   0.31212819  0.46151084  0.21483914
   0.12038095  0.08542406  0.31727123
   0.23858000  0.04636000  0.07986000
   0.04697879  0.17079313  0.18021621
   0.30765909  0.42185195  0.38329039
   0.16101238  0.04170921  0.48652568
   0.18437552  0.29299239  0.28040791
   0.50750000  0.33753000  0.11288000
   0.57745142  0.21375249  0.41684042
   0.36981463  0.33833924  0.51624043
   0.64552740  0.46174489  0.21488829
   0.45442311  0.08640431  0.31774471
   0.57191000  0.04636000  0.07986000
   0.38031763  0.17088091  0.18022101
   0.64136334  0.42102073  0.38304408
   0.49499710  0.04134188  0.48700569
   0.51752088  0.29294841  0.28065915
   0.84083000  0.33753000  0.11288000
   0.90927848  0.21115249  0.41818545
   0.69320487  0.33980030  0.52118661
   0.97857376  0.46154814  0.21441242
   0.78706393  0.08571139  0.31696335
   0.90524000  0.04636000  0.07986000
   0.71367772  0.17092281  0.18007191
   0.97426991  0.42197929  0.38200075
   0.82578895  0.03676333  0.48477727
   0.85075968  0.29313073  0.28037393
   0.17417000  0.83753000  0.11288000
   0.26601550  0.70548803  0.40971774
   0.09198592  0.82037244  0.50975186
   0.31590631  0.96181696  0.21532172
   0.11401774  0.58467178  0.31518495
   0.23858000  0.54636000  0.07986000
   0.04401252  0.67211833  0.18056049
   0.33193409  0.91854801  0.38303546
   0.11603613  0.55718207  0.48627454
   0.18164071  0.79545861  0.28154953
   0.50750000  0.83753000  0.11288000
   0.59742625  0.70452181  0.41072911
   0.42579252  0.82309902  0.51133387
   0.64924110  0.96128056  0.21492191
   0.44705362  0.58439800  0.31556588
   0.57191000  0.54636000  0.07986000
   0.37758806  0.67180705  0.18037337
   0.66474869  0.91713335  0.38204068
   0.44491123  0.55612842  0.48821285
   0.51526033  0.79480899  0.28126190
   0.84083000  0.83753000  0.11288000
   0.76007116  0.81943464  0.51064718
   0.98271897  0.96097763  0.21498333
   0.78052020  0.58379483  0.31579870
   0.90524000  0.54636000  0.07986000
   0.71093925  0.67176679  0.18046102
   0.99837314  0.91727673  0.38256517
   0.77515449  0.55502661  0.48841013
   0.84813690  0.79465739  0.28126880
   0.93121205  0.70369465  0.41004722
   0.98015320  0.15389204  0.60312002
   0.79525947  0.27057136  0.59268158
