   0.28036706  0.43272058  0.49082140
   0.03971000  0.19194000  0.08602000
   0.31728885  0.43903545  0.28834605
   0.11773410  0.05859424  0.38838787
   0.17892437  0.31548589  0.18721490
   0.26361491  0.19158545  0.48229610
   0.37304000  0.19194000  0.08602000
   0.65046256  0.43726865  0.28616402
   0.45154659  0.05999877  0.38855036
   0.51178675  0.31395439  0.18665750
   0.59767129  0.19153475  0.48321133
   0.70637000  0.19194000  0.08602000
   0.98347259  0.43929355  0.28848928
   0.78520066  0.06048274  0.38869570
   0.84594992  0.31566920  0.18718305
   0.93207660  0.19383559  0.48315771
   0.03971000  0.69194000  0.08602000
   0.31297318  0.93752200  0.28703826
   0.12114163  0.56010728  0.39121917
   0.17958805  0.81441080  0.18536564
   0.26619046  0.69168398  0.48574931
   0.37304000  0.69194000  0.08602000
   0.64708893  0.93792963  0.28686032
   0.46204193  0.56038813  0.38951347
   0.51215660  0.81454700  0.18530312
   0.60017144  0.69037611  0.48721069
   0.70637000  0.69194000  0.08602000
   0.97945664  0.93764636  0.28680906
   0.84570689  0.81471199  0.18502194
   0.93001501  0.69379735  0.49202695
   0.78855401  0.56240751  0.38478814
   0.18018357  0.06343510  0.18407104
   0.03971000  0.44194000  0.08602000
   0.31490950  0.18726822  0.28833678
   0.12359219  0.31285249  0.38807256
   0.51364547  0.06321022  0.18415177
   0.61472397  0.43122476  0.49331608
   0.37304000  0.44194000  0.08602000
   0.64845856  0.18735155  0.28817868
   0.45776014  0.31428900  0.38983297
   0.84697868  0.06350738  0.18407649
   0.94787555  0.43444476  0.50234480
   0.70637000  0.44194000  0.08602000
   0.98195576  0.18750989  0.28810956
   0.79105532  0.31481984  0.38969918
   0.17918650  0.56379576  0.18503638
   0.26077458  0.93780806  0.49265819
   0.03971000  0.94194000  0.08602000
   0.31595434  0.68819341  0.28830893
   0.11158576  0.81142066  0.39110639
   0.51223176  0.56288847  0.18434435
   0.59357357  0.93653760  0.49291436
   0.37304000  0.94194000  0.08602000
   0.64903588  0.68804312  0.28535276
   0.44704616  0.81535120  0.38991641
   0.84552929  0.56393509  0.18599395
   0.92635287  0.93827288  0.49303457
   0.70637000  0.94194000  0.08602000
   0.98351905  0.68856479  0.28607303
   0.78024495  0.81272414  0.39095097
   0.17417000  0.33753000  0.10253000
   0.25568885  0.20382717  0.39904631
   0.07916032  0.32382855  0.50234156
   0.31339201  0.46057796  0.20445954
   0.11443070  0.08127566  0.30448052
   0.23858000  0.04636000  0.06951000
   0.04652425  0.17030387  0.16961524
   0.32266837  0.41762180  0.37185140
   0.12808214  0.04684953  0.47551981
   0.18194439  0.29251924  0.27035396
   0.50750000  0.33753000  0.10253000
   0.59051509  0.20481565  0.40018726
   0.41336389  0.32278841  0.49374173
   0.64589271  0.45843857  0.20255132
   0.44817515  0.08157545  0.30450031
   0.57191000  0.04636000  0.06951000
   0.37949391  0.16940155  0.16927899
   0.65756213  0.41842301  0.37017475
   0.46252378  0.04621696  0.47581790
   0.51455813  0.29147224  0.26982945
   0.84083000  0.33753000  0.10253000
   0.92362469  0.20499625  0.40013171
   0.74715080  0.32303321  0.49858979
   0.98078692  0.46053593  0.20446744
   0.78224201  0.08210110  0.30443885
   0.90524000  0.04636000  0.06951000
   0.71328747  0.17020280  0.16972017
   0.98940559  0.41730771  0.37217465
   0.79493552  0.04776332  0.47626053
   0.84878842  0.29263694  0.27029069
   0.17275607  0.83284449  0.09915914
   0.24759344  0.70753524  0.40395282
   0.06011820  0.83344019  0.50239891
   0.31409160  0.95910715  0.20240057
   0.11632485  0.58487963  0.30675652
   0.23858000  0.54636000  0.06951000
   0.04510750  0.66989396  0.16957849
   0.31024400  0.91744148  0.37141577
   0.14525117  0.54245239  0.47823443
   0.18213297  0.79202252  0.26881106
   0.50609986  0.83283494  0.09897416
   0.57989839  0.71002576  0.40469701
   0.39228225  0.83074593  0.50195071
   0.64774800  0.95909780  0.20228753
   0.45105489  0.58463410  0.30578114
   0.57191000  0.54636000  0.06951000
   0.37851062  0.66961434  0.16932894
   0.64660638  0.91810012  0.37107383
   0.48394921  0.54051802  0.47430396
   0.51425766  0.79247827  0.26875171
   0.83931515  0.83286791  0.09888093
   0.72607315  0.83100284  0.50292647
   0.98110907  0.95926714  0.20204938
   0.78456500  0.58378208  0.29743881
   0.90524000  0.54636000  0.06951000
   0.71156491  0.66967274  0.16925304
   0.97898256  0.91426681  0.37109710
   0.81598479  0.54770217  0.51022619
   0.84843970  0.79314456  0.26838193
   0.90952381  0.70233033  0.40928706
   0.51554676  0.53297788  0.66418571
   0.68794214  0.55705891  0.58906546
