   0.28413643  0.43054646  0.49622464
   0.03971000  0.19194000  0.08602000
   0.31942609  0.43989694  0.28911757
   0.11431729  0.05999618  0.39010520
   0.17981735  0.31642206  0.18765618
   0.25690486  0.18698405  0.48421727
   0.37304000  0.19194000  0.08602000
   0.65224660  0.43795876  0.28646797
   0.45024050  0.06473736  0.39313182
   0.51223709  0.31504174  0.18680704
   0.59076264  0.19486456  0.49010167
   0.70637000  0.19194000  0.08602000
   0.98631688  0.43896912  0.28851964
   0.78166432  0.06237804  0.39158857
   0.84652031  0.31573730  0.18724966
   0.92914553  0.19253531  0.48595607
   0.03971000  0.69194000  0.08602000
   0.31335741  0.94069481  0.29023519
   0.12521020  0.55976526  0.39097177
   0.17987303  0.81590590  0.18711674
   0.25821474  0.69211878  0.48681584
   0.37304000  0.69194000  0.08602000
   0.64605125  0.93969667  0.28936240
   0.45908465  0.56146447  0.39013101
   0.51257199  0.81559963  0.18680903
   0.59043881  0.69018306  0.48711157
   0.70637000  0.69194000  0.08602000
   0.97869197  0.93921512  0.28884258
   0.84599709  0.81535534  0.18637951
   0.92808985  0.68944485  0.48512198
   0.79154932  0.55880972  0.38836900
   0.17913151  0.06465598  0.18576635
   0.03971000  0.44194000  0.08602000
   0.31567482  0.18879569  0.28975949
   0.12720274  0.31235508  0.38963679
   0.51243298  0.06438662  0.18550804
   0.60877044  0.42860096  0.49015364
   0.37304000  0.44194000  0.08602000
   0.64872986  0.18830279  0.28898823
   0.46005247  0.31281597  0.39118552
   0.84586014  0.06450845  0.18541065
   0.94505851  0.43066796  0.49420270
   0.70637000  0.44194000  0.08602000
   0.98228174  0.18829773  0.28901248
   0.79355031  0.31152395  0.38837746
   0.18106950  0.56459934  0.18571123
   0.24786691  0.93627092  0.49531649
   0.03971000  0.94194000  0.08602000
   0.31663864  0.69011830  0.28993589
   0.11086003  0.81631521  0.39193738
   0.51405114  0.56417226  0.18510230
   0.58396629  0.93697985  0.49584939
   0.37304000  0.94194000  0.08602000
   0.65012455  0.68927876  0.28836774
   0.44474632  0.81847802  0.39294606
   0.84760116  0.56433854  0.18557546
   0.91418405  0.93479568  0.49463285
   0.70637000  0.94194000  0.08602000
   0.98316846  0.68924551  0.28839070
   0.77792376  0.81691704  0.39218267
   0.17417000  0.33753000  0.10253000
   0.25587531  0.20126634  0.40088527
   0.07863789  0.32293778  0.50405609
   0.31554158  0.46156552  0.20520844
   0.11508144  0.08317317  0.30586799
   0.23858000  0.04636000  0.06951000
   0.04574858  0.17112041  0.16983479
   0.32484018  0.41676871  0.37185864
   0.11441628  0.04242408  0.47809596
   0.18251155  0.29333130  0.27073723
   0.50750000  0.33753000  0.10253000
   0.59608471  0.20552827  0.40537730
   0.41298853  0.31448995  0.49001639
   0.64783462  0.45999579  0.20301195
   0.44961211  0.08477547  0.30816302
   0.57191000  0.04636000  0.06951000
   0.37863342  0.17015828  0.16945992
   0.66063482  0.41408018  0.36917069
   0.45284697  0.04930843  0.48064582
   0.51522574  0.29188095  0.26957740
   0.84083000  0.33753000  0.10253000
   0.92629210  0.20443035  0.40278820
   0.74466438  0.32396699  0.50775932
   0.98234699  0.46077617  0.20440871
   0.78199984  0.08383437  0.30681760
   0.90524000  0.04636000  0.06951000
   0.71222398  0.17059711  0.16964908
   0.99300404  0.41549592  0.37191663
   0.78666102  0.04775560  0.47927054
   0.84939514  0.29263144  0.27026046
   0.17343157  0.83346805  0.09953025
   0.24537243  0.70986844  0.40501986
   0.04733494  0.82881941  0.50321742
   0.31322703  0.96099107  0.20511855
   0.11745485  0.58526252  0.30701046
   0.23858000  0.54636000  0.06951000
   0.04724476  0.67091537  0.17017130
   0.31043392  0.92165501  0.37478650
   0.14353937  0.54153567  0.47733608
   0.18284318  0.79422231  0.27099934
   0.50657889  0.83346661  0.09932498
   0.57707700  0.71198661  0.40537694
   0.38127108  0.83189020  0.50516983
   0.64626785  0.96059453  0.20444905
   0.45098439  0.58645782  0.30754439
   0.57191000  0.54636000  0.06951000
   0.38042102  0.67070225  0.17001521
   0.64393959  0.92050629  0.37379297
   0.47953258  0.53829866  0.47325505
   0.51533615  0.79382854  0.27055983
   0.84002449  0.83337671  0.09902587
   0.71409183  0.82960894  0.50547915
   0.97952966  0.96041469  0.20400449
   0.78387457  0.58407865  0.30244767
   0.90524000  0.54636000  0.06951000
   0.71351893  0.67046323  0.16974334
   0.97605853  0.91957433  0.37305799
   0.81214432  0.53914212  0.47730871
   0.84878131  0.79372531  0.26998142
   0.90919489  0.70914290  0.40341023
   0.46618605  0.45363146  0.60861152
   0.74358534  0.48912926  0.58892505
