   0.27710901  0.43303677  0.49216375
   0.03971000  0.19194000  0.08602000
   0.31828407  0.43872576  0.28902713
   0.11647388  0.06121362  0.39057347
   0.17907893  0.31568854  0.18741014
   0.25767449  0.19417378  0.48644433
   0.37304000  0.19194000  0.08602000
   0.65133579  0.43784377  0.28742197
   0.44979481  0.06211166  0.39184554
   0.51209662  0.31500643  0.18701544
   0.59079919  0.19391016  0.48781393
   0.70637000  0.19194000  0.08602000
   0.98396620  0.43804788  0.28832227
   0.78124483  0.05960754  0.38953801
   0.84609731  0.31558955  0.18714665
   0.92965935  0.18903945  0.48300434
   0.03971000  0.69194000  0.08602000
   0.31174483  0.94009380  0.28942956
   0.12260746  0.56017327  0.38925620
   0.17881916  0.81616850  0.18758725
   0.25969865  0.69087339  0.48531769
   0.37304000  0.69194000  0.08602000
   0.64469272  0.93836676  0.28784851
   0.46149765  0.55994117  0.39098084
   0.51161369  0.81495376  0.18685732
   0.59502026  0.69238217  0.48655099
   0.70637000  0.69194000  0.08602000
   0.97847348  0.93975418  0.28847267
   0.84536184  0.81552243  0.18707224
   0.92681397  0.69308897  0.48792215
   0.78983472  0.55974101  0.38994406
   0.17905465  0.06456098  0.18560745
   0.03971000  0.44194000  0.08602000
   0.31529829  0.18830489  0.28945680
   0.12517111  0.31180096  0.38984479
   0.51207770  0.06391101  0.18512780
   0.61000966  0.43211136  0.49425447
   0.37304000  0.44194000  0.08602000
   0.64827262  0.18754271  0.28858775
   0.45944825  0.31236942  0.39019759
   0.84554408  0.06418057  0.18531633
   0.94795993  0.43120392  0.49481205
   0.70637000  0.44194000  0.08602000
   0.98199071  0.18774752  0.28883543
   0.79095502  0.31109078  0.38845999
   0.18033059  0.56418214  0.18527028
   0.25314951  0.93744579  0.49471463
   0.03971000  0.94194000  0.08602000
   0.31507043  0.68809308  0.28899921
   0.11002106  0.81541896  0.39114599
   0.51338097  0.56353950  0.18515440
   0.58595979  0.93723354  0.49485781
   0.37304000  0.94194000  0.08602000
   0.64875407  0.68727148  0.28712725
   0.44438554  0.81654040  0.39059633
   0.84718483  0.56447335  0.18629486
   0.91931225  0.93765748  0.49405716
   0.70637000  0.94194000  0.08602000
   0.98206610  0.68862867  0.28800055
   0.77730479  0.81446103  0.39009190
   0.17417000  0.33753000  0.10253000
   0.25872829  0.20396945  0.40247284
   0.07862001  0.31991458  0.49738998
   0.31453987  0.46069523  0.20472984
   0.11557679  0.08345351  0.30629361
   0.23858000  0.04636000  0.06951000
   0.04524445  0.17047965  0.16958592
   0.32485138  0.41627252  0.37267013
   0.12088120  0.04805909  0.47820771
   0.18213852  0.29297373  0.27069131
   0.50750000  0.33753000  0.10253000
   0.59245279  0.20489439  0.40471938
   0.40891928  0.32346226  0.50123569
   0.64724236  0.45951636  0.20343849
   0.44905197  0.08410690  0.30752411
   0.57191000  0.04636000  0.06951000
   0.37841792  0.17020477  0.16953835
   0.65833911  0.41519314  0.37091133
   0.45483600  0.04775980  0.47928071
   0.51502649  0.29194611  0.27020439
   0.84083000  0.33753000  0.10253000
   0.92292763  0.20210679  0.40018023
   0.74058557  0.32372282  0.50629124
   0.98174879  0.46045645  0.20435909
   0.78126936  0.08238004  0.30515282
   0.90524000  0.04636000  0.06951000
   0.71180346  0.17035121  0.16956966
   0.99015538  0.41444562  0.37155459
   0.78857841  0.04606231  0.47683168
   0.84878478  0.29187500  0.27011622
   0.17417000  0.83753000  0.10253000
   0.24451272  0.71019951  0.40346533
   0.05239303  0.83240913  0.50387334
   0.31307732  0.96147068  0.20518829
   0.11560690  0.58411068  0.30602726
   0.23858000  0.54636000  0.06951000
   0.04657980  0.67067803  0.16976142
   0.30944041  0.92045728  0.37350945
   0.14453453  0.54078582  0.47308410
   0.18161927  0.79317291  0.27085635
   0.50750000  0.83753000  0.10253000
   0.57706633  0.71052740  0.40534528
   0.38393235  0.83005564  0.50364472
   0.64617335  0.96032095  0.20406682
   0.45023613  0.58441209  0.30711592
   0.57191000  0.54636000  0.06951000
   0.37968217  0.66958022  0.16931822
   0.64269370  0.91810552  0.37169072
   0.48036549  0.54216705  0.47706568
   0.51363431  0.79176991  0.26978205
   0.84083000  0.83753000  0.10253000
   0.71851133  0.83153782  0.50623117
   0.97996268  0.96094359  0.20429728
   0.78369719  0.58340734  0.30098794
   0.90524000  0.54636000  0.06951000
   0.71271782  0.66998089  0.16948550
   0.97592428  0.91893406  0.37262129
   0.81263213  0.54296367  0.48749309
   0.84768825  0.79346080  0.27021821
   0.90927677  0.70827332  0.40638888
   0.07897667  0.47680058  0.61955278
   0.81948975  0.47988535  0.59258565
