   0.57983721  0.18730353  0.49866058
   0.03971000  0.19194000  0.09637000
   0.31429152  0.44001099  0.29634046
   0.13015409  0.06301804  0.40084514
   0.18058510  0.31528831  0.19529482
   0.27389158  0.19315168  0.49999620
   0.37304000  0.19194000  0.09637000
   0.64665866  0.44002007  0.29677743
   0.46462078  0.06175009  0.39713462
   0.51386100  0.31564121  0.19527024
   0.70637000  0.19194000  0.09637000
   0.98058371  0.44004185  0.29636647
   0.79557773  0.06183958  0.39890157
   0.84722782  0.31541665  0.19526419
   0.93078705  0.19554216  0.49409242
   0.03971000  0.69194000  0.09637000
   0.32025114  0.94014026  0.29594894
   0.11442677  0.56486252  0.39755224
   0.18043527  0.81565244  0.19532260
   0.25289834  0.69789272  0.49352744
   0.37304000  0.69194000  0.09637000
   0.65451471  0.93976786  0.29655226
   0.44792122  0.56559246  0.39750386
   0.51401293  0.81571255  0.19553323
   0.58331994  0.70244473  0.49337420
   0.70637000  0.69194000  0.09637000
   0.98835360  0.94105466  0.29757105
   0.84751725  0.81612558  0.19594423
   0.91919124  0.69860349  0.49347038
   0.78162057  0.56448874  0.39798025
   0.18200904  0.06440139  0.19394727
   0.24510561  0.44524518  0.50024339
   0.03971000  0.44194000  0.09637000
   0.31881145  0.19055978  0.29743654
   0.11412969  0.31816377  0.39955468
   0.51540316  0.06435656  0.19380763
   0.57967120  0.44749424  0.50154665
   0.37304000  0.44194000  0.09637000
   0.65206501  0.18984272  0.29641886
   0.44547263  0.31831620  0.40219354
   0.84877852  0.06439183  0.19428387
   0.91342008  0.44322646  0.50255743
   0.70637000  0.44194000  0.09637000
   0.98560555  0.18990427  0.29740246
   0.77890319  0.31735233  0.39879469
   0.17983744  0.56430906  0.19405128
   0.28765468  0.93179003  0.50067318
   0.03971000  0.94194000  0.09637000
   0.31598682  0.68958366  0.29657043
   0.12832135  0.81441980  0.39660331
   0.51328323  0.56454185  0.19427038
   0.62134065  0.93224328  0.49961938
   0.37304000  0.94194000  0.09637000
   0.64966264  0.68981687  0.29700434
   0.46127034  0.81414351  0.39591787
   0.84636860  0.56441242  0.19413585
   0.95505709  0.93391483  0.50131423
   0.70637000  0.94194000  0.09637000
   0.98262473  0.68971796  0.29686329
   0.79533260  0.81444436  0.39677383
   0.17293167  0.33278914  0.10908787
   0.24500732  0.21203180  0.41707010
   0.04423935  0.33736649  0.51321438
   0.31420336  0.46012603  0.21180713
   0.12060970  0.08670219  0.31635964
   0.23858000  0.04636000  0.07986000
   0.04758830  0.17069514  0.17972178
   0.31156322  0.42146587  0.38027318
   0.15464179  0.04102682  0.48596359
   0.18385508  0.29378708  0.27870573
   0.50647362  0.33302177  0.10903278
   0.58161282  0.21186122  0.41577713
   0.38068717  0.34514214  0.50648666
   0.64746564  0.46040865  0.21210328
   0.45342274  0.08616222  0.31386995
   0.57191000  0.04636000  0.07986000
   0.38101938  0.17074877  0.17960820
   0.64425911  0.42087094  0.38115174
   0.48689811  0.03433645  0.47949360
   0.51749112  0.29399842  0.27858485
   0.83981674  0.33301992  0.10909148
   0.91347962  0.21157362  0.41252680
   0.70919030  0.33696553  0.51609157
   0.98074969  0.46023022  0.21192732
   0.78636398  0.08561002  0.31472193
   0.90524000  0.04636000  0.07986000
   0.71427121  0.17056725  0.17976711
   0.97783375  0.42091961  0.38054400
   0.82149553  0.04315471  0.48546480
   0.85085233  0.29358694  0.27863163
   0.17321959  0.83294481  0.10918136
   0.26104760  0.70660671  0.40860591
   0.08560610  0.82116299  0.50972639
   0.31664383  0.96033391  0.21187468
   0.11579022  0.58443684  0.31306526
   0.23858000  0.54636000  0.07986000
   0.04585711  0.67113773  0.17992611
   0.32712008  0.91825564  0.37904570
   0.11357522  0.55342854  0.48505113
   0.18286293  0.79470925  0.27870373
   0.50663043  0.83292837  0.10923967
   0.59527880  0.70688819  0.40816239
   0.42032234  0.81960288  0.51011379
   0.64997877  0.96031910  0.21232481
   0.44931904  0.58440103  0.31289002
   0.57191000  0.54636000  0.07986000
   0.37925194  0.67125862  0.17992196
   0.66119335  0.91877670  0.38025598
   0.44714929  0.55753503  0.48483066
   0.51644587  0.79496584  0.27904255
   0.83999936  0.83309349  0.10953045
   0.75387622  0.82269812  0.50951006
   0.98364533  0.96090277  0.21307453
   0.78248046  0.58433273  0.31350879
   0.90524000  0.54636000  0.07986000
   0.71281598  0.67149975  0.18008457
   0.99441427  0.91962790  0.38137310
   0.78322204  0.55206536  0.48556593
   0.85020829  0.79559829  0.27963397
   0.92789814  0.70620698  0.40894361
   0.41422882  0.15408946  0.58615041
   0.68438066  0.29607734  0.61095119
