   0.93184910  0.68691488  0.50362836
   0.03971000  0.19194000  0.09637000
   0.31784714  0.43839521  0.29720212
   0.11791248  0.06347399  0.40000031
   0.17970043  0.31507248  0.19580630
   0.25260067  0.20025920  0.49539123
   0.37304000  0.19194000  0.09637000
   0.65129399  0.44066085  0.29897019
   0.45094565  0.06452084  0.40023336
   0.51263369  0.31640359  0.19755660
   0.58816794  0.19534558  0.49887806
   0.70637000  0.19194000  0.09637000
   0.98482659  0.43981725  0.29797658
   0.78330366  0.06356636  0.39961567
   0.84570287  0.31578465  0.19721992
   0.92012544  0.19905735  0.49514832
   0.03971000  0.69194000  0.09637000
   0.31185193  0.94034007  0.29854608
   0.12734516  0.56248146  0.39924207
   0.17800123  0.81590092  0.19736814
   0.26798879  0.69500032  0.49415014
   0.37304000  0.69194000  0.09637000
   0.64623648  0.93983251  0.29805912
   0.45808153  0.56111347  0.39910338
   0.51173348  0.81554930  0.19721281
   0.60102032  0.69459601  0.49335677
   0.70637000  0.69194000  0.09637000
   0.97924228  0.94004044  0.29872895
   0.84540410  0.81598828  0.19753099
   0.79400907  0.56217843  0.40177253
   0.17883634  0.06454917  0.19545983
   0.28532989  0.43567447  0.50153050
   0.03971000  0.44194000  0.09637000
   0.31522134  0.18911291  0.29869757
   0.12538369  0.31395016  0.39856296
   0.51211968  0.06445339  0.19534303
   0.61344521  0.43312488  0.50300044
   0.37304000  0.44194000  0.09637000
   0.64839134  0.18897371  0.29814444
   0.45954776  0.31417911  0.39921719
   0.84544803  0.06438722  0.19541117
   0.95618775  0.43413314  0.49905210
   0.70637000  0.44194000  0.09637000
   0.98190558  0.18877301  0.29813430
   0.79224113  0.31370394  0.39714634
   0.17969868  0.56388921  0.19475445
   0.25492462  0.94199510  0.50344281
   0.03971000  0.94194000  0.09637000
   0.31488168  0.68907666  0.29825875
   0.11077051  0.81806539  0.40394507
   0.51357435  0.56463523  0.19546074
   0.58817693  0.94077064  0.50240858
   0.37304000  0.94194000  0.09637000
   0.64872971  0.68951520  0.29916892
   0.44608069  0.81833405  0.39870701
   0.84669428  0.56467080  0.19545596
   0.92314012  0.94098461  0.50171240
   0.70637000  0.94194000  0.09637000
   0.98202517  0.68998922  0.29946692
   0.78057196  0.81697010  0.40186176
   0.17295109  0.33266090  0.10932747
   0.25956409  0.20661673  0.41088899
   0.08626188  0.32237546  0.50982877
   0.31422069  0.45984710  0.21304186
   0.11542397  0.08433000  0.31565264
   0.23858000  0.04636000  0.07986000
   0.04501290  0.17086651  0.17997276
   0.32435025  0.41755266  0.38113816
   0.12330483  0.05245565  0.48753300
   0.18154878  0.29335266  0.27947023
   0.50750000  0.33753000  0.11288000
   0.59419478  0.20824778  0.41430170
   0.41404555  0.32537534  0.51176151
   0.64786759  0.46168278  0.21508414
   0.44939206  0.08499164  0.31606021
   0.57191000  0.04636000  0.07986000
   0.37861405  0.17137482  0.18034604
   0.65833607  0.41811751  0.38245647
   0.45672595  0.05040037  0.48740814
   0.51531854  0.29439493  0.28093789
   0.84083000  0.33753000  0.11288000
   0.92421297  0.20700591  0.41117106
   0.74429168  0.31905209  0.52504073
   0.98096050  0.46086466  0.21424148
   0.78194756  0.08429642  0.31505457
   0.90524000  0.04636000  0.07986000
   0.71174485  0.17078498  0.18013900
   0.99138782  0.41839579  0.38154826
   0.78898432  0.05162014  0.48726465
   0.84860939  0.29375735  0.28055842
   0.17417000  0.83753000  0.11288000
   0.24752570  0.71182654  0.41235649
   0.05732935  0.83687706  0.50947236
   0.31300627  0.96113589  0.21451400
   0.11593591  0.58528812  0.31590158
   0.23858000  0.54636000  0.07986000
   0.04601173  0.67032523  0.17986932
   0.31011639  0.92197808  0.38254121
   0.15832238  0.54561740  0.48359333
   0.18077836  0.79342958  0.28037399
   0.50750000  0.83753000  0.11288000
   0.57890340  0.71032024  0.41178360
   0.38752867  0.83499938  0.51291563
   0.64619924  0.96073310  0.21409415
   0.44940708  0.58403750  0.31519514
   0.57191000  0.54636000  0.07986000
   0.37925773  0.67020627  0.18003791
   0.64532474  0.92116932  0.38205114
   0.48436457  0.54461290  0.48548404
   0.51396799  0.79318247  0.28043122
   0.84083000  0.83753000  0.11288000
   0.72036630  0.83557529  0.50991361
   0.97987266  0.96111020  0.21459350
   0.78357664  0.58632156  0.31784120
   0.90524000  0.54636000  0.07986000
   0.71268995  0.67094548  0.18018236
   0.97691089  0.92123437  0.38298038
   0.81147576  0.53627385  0.48463527
   0.84751895  0.79383207  0.28092682
   0.91219359  0.71010488  0.41992155
  -0.05589879  0.63626868  0.60287214
   0.82848870  0.44090220  0.59942033
