   0.61018052  0.68536961  0.50387883
   0.03971000  0.19194000  0.09637000
   0.31978197  0.44027040  0.29956134
   0.11576199  0.06095239  0.40110839
   0.17987093  0.31651005  0.19779102
   0.26178061  0.18984562  0.49639007
   0.37304000  0.19194000  0.09637000
   0.65182010  0.43813018  0.29704173
   0.45065104  0.06466134  0.40349825
   0.51248121  0.31518115  0.19698172
   0.59293279  0.19493921  0.50176077
   0.70637000  0.19194000  0.09637000
   0.98701931  0.43882071  0.29852088
   0.78224032  0.06229139  0.40197928
   0.84666902  0.31573045  0.19737097
   0.93125249  0.19115561  0.49691900
   0.03971000  0.69194000  0.09637000
   0.31351030  0.94081921  0.30069922
   0.12516175  0.56063787  0.40139183
   0.18008961  0.81666914  0.19797078
   0.25688216  0.69408438  0.49721558
   0.37304000  0.69194000  0.09637000
   0.64622897  0.93975939  0.29991970
   0.45822174  0.56272547  0.40291036
   0.51286947  0.81631911  0.19773066
   0.70637000  0.69194000  0.09637000
   0.97876986  0.93916948  0.29940923
   0.84630886  0.81600905  0.19740024
   0.90692261  0.68639207  0.49968368
   0.79426055  0.55926771  0.39694524
   0.17926131  0.06467015  0.19609026
   0.27852868  0.43033912  0.50402416
   0.03971000  0.44194000  0.09637000
   0.31546184  0.18873193  0.29984976
   0.12757231  0.31226282  0.39958028
   0.51264973  0.06435016  0.19578059
   0.60576809  0.42686628  0.49886884
   0.37304000  0.44194000  0.09637000
   0.64877960  0.18814191  0.29907012
   0.46022485  0.31251437  0.39975866
   0.84613936  0.06461978  0.19571055
   0.94731252  0.42857161  0.50210178
   0.70637000  0.44194000  0.09637000
   0.98221093  0.18824099  0.29926999
   0.79380798  0.31151312  0.39805920
   0.18138007  0.56495923  0.19582078
   0.24726214  0.93710623  0.50586785
   0.03971000  0.94194000  0.09637000
   0.31710935  0.69007814  0.30058028
   0.11054743  0.81646838  0.40383709
   0.51429985  0.56455821  0.19515135
   0.58164531  0.94026518  0.50575871
   0.37304000  0.94194000  0.09637000
   0.64977819  0.68973639  0.29926096
   0.44581874  0.81719736  0.40433825
   0.84805765  0.56456833  0.19517145
   0.91731491  0.93861676  0.50514729
   0.70637000  0.94194000  0.09637000
   0.98424723  0.68979658  0.29903988
   0.77682094  0.81486343  0.40429895
   0.17414383  0.33748589  0.11286954
   0.25961846  0.20458639  0.41258049
   0.07802682  0.32207526  0.51429916
   0.31567852  0.46176953  0.21582812
   0.11528948  0.08357862  0.31689083
   0.23858000  0.04636000  0.07986000
   0.04601795  0.17127926  0.18045951
   0.32701383  0.41684771  0.38305927
   0.11902745  0.04868094  0.48867235
   0.18267824  0.29382832  0.28140938
   0.50747025  0.33748353  0.11286633
   0.59509981  0.20844610  0.41702099
   0.40980858  0.31936651  0.51415840
   0.64830998  0.46051051  0.21405732
   0.44977940  0.08549754  0.31891986
   0.57191000  0.04636000  0.07986000
   0.37881952  0.17034973  0.18012927
   0.66009425  0.41510162  0.38015075
   0.45211950  0.05265538  0.49127020
   0.51558738  0.29257604  0.28033895
   0.84083000  0.33753000  0.11288000
   0.92613846  0.20576764  0.41364082
   0.74261390  0.32663699  0.52518268
   0.98208100  0.46103983  0.21491887
   0.78201109  0.08432936  0.31759027
   0.90524000  0.04636000  0.07986000
   0.71226014  0.17079977  0.18030940
   0.99318872  0.41580973  0.38229979
   0.78606933  0.05183322  0.48939122
   0.84916085  0.29309848  0.28092964
   0.17414373  0.83748644  0.11286998
   0.24512176  0.70952009  0.41506751
   0.04718450  0.82944543  0.51137384
   0.31384008  0.96188993  0.21627970
   0.11747911  0.58486133  0.31745915
   0.23858000  0.54636000  0.07986000
   0.04755973  0.67103109  0.18041936
   0.31103836  0.92160995  0.38519231
   0.14629803  0.54048961  0.48766153
   0.18305977  0.79401156  0.28152959
   0.50747271  0.83748616  0.11286903
   0.57611156  0.71040590  0.42044518
   0.38016652  0.83281314  0.51546123
   0.64699052  0.96154007  0.21569909
   0.45164856  0.58623202  0.31894768
   0.57191000  0.54636000  0.07986000
   0.38071921  0.67081113  0.18023913
   0.64367954  0.91994795  0.38414016
   0.47764166  0.53674290  0.48690849
   0.51553092  0.79343203  0.28111018
   0.84083000  0.83753000  0.11288000
   0.71552996  0.83811921  0.51189194
   0.98010035  0.96133006  0.21526936
   0.78391579  0.58430603  0.31501647
   0.90524000  0.54636000  0.07986000
   0.71389004  0.67044178  0.18006923
   0.97524096  0.91895702  0.38357125
   0.81042936  0.52864028  0.47817265
   0.84879129  0.79292133  0.28054063
   0.91188772  0.70655773  0.41546566
   0.43351043  0.69403934  0.58319014
   0.75946760  0.48953866  0.59282576
