   0.94037532  0.18648801  0.49798488
   0.03971000  0.19194000  0.09637000
   0.31062372  0.44096934  0.29868454
   0.13018107  0.06155208  0.40073862
   0.17866201  0.31642125  0.19729345
   0.25803102  0.19497005  0.49813359
   0.37304000  0.19194000  0.09637000
   0.64443933  0.44112201  0.29886497
   0.46347903  0.06320512  0.40158546
   0.51188490  0.31660168  0.19735287
   0.59245811  0.19419445  0.49883851
   0.70637000  0.19194000  0.09637000
   0.97756372  0.44113914  0.29796172
   0.79657175  0.06094771  0.39971461
   0.84534454  0.31625332  0.19712372
   0.03971000  0.69194000  0.09637000
   0.32017345  0.94119059  0.29920045
   0.11232230  0.56579242  0.39939630
   0.17889025  0.81706863  0.19769107
   0.25485153  0.70114526  0.49512635
   0.37304000  0.69194000  0.09637000
   0.65336067  0.93986417  0.29801456
   0.44522794  0.56546022  0.40021586
   0.51198687  0.81640264  0.19727911
   0.58876088  0.69785902  0.49578683
   0.70637000  0.69194000  0.09637000
   0.98683956  0.94015733  0.29863649
   0.84543011  0.81663625  0.19746102
   0.92052388  0.69784686  0.49645182
   0.77818367  0.56510243  0.40073567
   0.18051708  0.06511825  0.19550482
   0.24382943  0.44540016  0.50361830
   0.03971000  0.44194000  0.09637000
   0.31655431  0.19066787  0.29929859
   0.10858926  0.31935401  0.40252968
   0.51369221  0.06478629  0.19510487
   0.57095428  0.44564522  0.50785627
   0.37304000  0.44194000  0.09637000
   0.64976009  0.19012769  0.29845757
   0.44294586  0.31951472  0.40203511
   0.84717740  0.06490110  0.19528274
   0.90985913  0.44667209  0.50136990
   0.70637000  0.44194000  0.09637000
   0.98323782  0.19035119  0.29897884
   0.77776073  0.31789145  0.40042020
   0.17816629  0.56528267  0.19538186
   0.29065204  0.93348864  0.50266455
   0.03971000  0.94194000  0.09637000
   0.31420065  0.69011766  0.29876841
   0.12910497  0.81374859  0.39874165
   0.51147979  0.56521178  0.19553509
   0.62487284  0.93213013  0.50202400
   0.37304000  0.94194000  0.09637000
   0.64743420  0.68986034  0.29895301
   0.46292188  0.81427234  0.39828133
   0.84482674  0.56530871  0.19535853
   0.95752216  0.93180388  0.50263599
   0.70637000  0.94194000  0.09637000
   0.98070528  0.69004429  0.29887133
   0.79592882  0.81331826  0.39871437
   0.17417000  0.33753000  0.11288000
   0.24385638  0.21251477  0.41623106
   0.04320843  0.34163334  0.50695547
   0.31237565  0.46169775  0.21471966
   0.11800151  0.08637621  0.31738815
   0.23858000  0.04636000  0.07986000
   0.04632575  0.17111873  0.18023306
   0.30790613  0.42214227  0.38318060
   0.15782509  0.04086986  0.48605301
   0.18172765  0.29402273  0.28071951
   0.50750000  0.33753000  0.11288000
   0.57782581  0.21415061  0.41754537
   0.37232909  0.33761970  0.51622453
   0.64588286  0.46183821  0.21484589
   0.45165975  0.08738557  0.31814208
   0.57191000  0.04636000  0.07986000
   0.37975700  0.17117984  0.18031372
   0.64197890  0.42144520  0.38358672
   0.49155713  0.04249526  0.48780858
   0.51522678  0.29435635  0.28085022
   0.84083000  0.33753000  0.11288000
   0.90906937  0.21113410  0.41636641
   0.69895425  0.33825629  0.52345082
   0.97899789  0.46168303  0.21422472
   0.78431654  0.08623957  0.31640294
   0.90524000  0.04636000  0.07986000
   0.71290485  0.17095318  0.18018860
   0.97421209  0.42194000  0.38178777
   0.82319665  0.03611341  0.48336565
   0.84823439  0.29395896  0.28045919
   0.17417000  0.83753000  0.11288000
   0.26303875  0.70658286  0.41003528
   0.08957019  0.82071187  0.51140666
   0.31515095  0.96213705  0.21537659
   0.11403413  0.58515814  0.31520630
   0.23858000  0.54636000  0.07986000
   0.04463841  0.67197061  0.18050854
   0.32889910  0.91982590  0.38322054
   0.11601783  0.55669830  0.48635169
   0.18139491  0.79575408  0.28139114
   0.50750000  0.83753000  0.11288000
   0.59492751  0.70577643  0.41123265
   0.42258750  0.82349099  0.51145474
   0.64818914  0.96139943  0.21446139
   0.44735534  0.58488231  0.31592087
   0.57191000  0.54636000  0.07986000
   0.37775613  0.67156450  0.18038034
   0.66194435  0.91740856  0.38152581
   0.44554348  0.55453414  0.48842492
   0.51442530  0.79476823  0.28080074
   0.84083000  0.83753000  0.11288000
   0.75556543  0.82004509  0.51155011
   0.98169440  0.96169653  0.21496176
   0.78056010  0.58506154  0.31632289
   0.90524000  0.54636000  0.07986000
   0.71108928  0.67165698  0.18043219
   0.99534120  0.91784869  0.38236753
   0.77481991  0.55392156  0.48903477
   0.84781830  0.79500602  0.28109577
   0.92844345  0.70522792  0.41163671
  -0.00015445  0.14642363  0.59912890
   0.81914334  0.26754031  0.58996666
