   0.60768225  0.93647798  0.49382640
   0.03971000  0.19194000  0.08602000
   0.31342546  0.43886160  0.28889469
   0.12726474  0.06137382  0.39116929
   0.17783788  0.31411005  0.18728876
   0.27096760  0.19070276  0.48499471
   0.37304000  0.19194000  0.08602000
   0.64661131  0.44239489  0.28937584
   0.46267991  0.06279421  0.38573169
   0.51153843  0.31621718  0.18772222
   0.58390825  0.17309064  0.49354122
   0.70637000  0.19194000  0.08602000
   0.98038271  0.43663343  0.28507431
   0.79070355  0.06151980  0.39111801
   0.84447743  0.31231905  0.18580415
   0.92520491  0.19584270  0.48422904
   0.03971000  0.69194000  0.08602000
   0.31555430  0.93916892  0.28543553
   0.11529437  0.56243326  0.38599144
   0.17667867  0.81465472  0.18646794
   0.25237695  0.69819149  0.48065246
   0.37304000  0.69194000  0.08602000
   0.64967738  0.93906803  0.28962549
   0.44933748  0.56392679  0.39081306
   0.51239837  0.81546306  0.18778428
   0.57559510  0.70139781  0.48855069
   0.70637000  0.69194000  0.08602000
   0.98157736  0.93971568  0.28959173
   0.84352482  0.81580345  0.18821266
   0.91924203  0.69694804  0.49083328
   0.78480338  0.56777242  0.39275228
   0.17867116  0.06316675  0.18579522
   0.25242177  0.44104137  0.49109666
   0.03971000  0.44194000  0.08602000
   0.31609202  0.18973066  0.28924710
   0.11524634  0.31525691  0.38876184
   0.51218250  0.06390405  0.18671088
   0.58433518  0.43840255  0.49567672
   0.37304000  0.44194000  0.08602000
   0.64822275  0.19048540  0.28752843
   0.45116319  0.31830725  0.39445201
   0.84509272  0.06242175  0.18586297
   0.91891071  0.44000835  0.49343499
   0.70637000  0.44194000  0.08602000
   0.98176676  0.18697378  0.28980914
   0.78069808  0.31597591  0.38921677
   0.17992763  0.56346230  0.18528788
   0.27493041  0.93030833  0.49423461
   0.03971000  0.94194000  0.08602000
   0.31364464  0.68879981  0.28852129
   0.12210810  0.81688634  0.38745520
   0.51264644  0.56413563  0.18619522
   0.37304000  0.94194000  0.08602000
   0.64665249  0.69018699  0.29134583
   0.45668735  0.81831539  0.39034895
   0.84509335  0.56287220  0.18393190
   0.94469147  0.93439240  0.49734643
   0.70637000  0.94194000  0.08602000
   0.97971661  0.68805411  0.28780333
   0.78936919  0.81747884  0.39488487
   0.17417000  0.33753000  0.10253000
   0.25016998  0.20854982  0.40380571
   0.04977261  0.33546008  0.50187715
   0.31302131  0.45953574  0.20460121
   0.11742568  0.08370646  0.30687248
   0.23858000  0.04636000  0.06951000
   0.04459618  0.16966896  0.16966680
   0.31388169  0.42105311  0.37281168
   0.14612342  0.04368938  0.47796770
   0.17857740  0.29256960  0.27085477
   0.50750000  0.33753000  0.10253000
   0.58493491  0.21058539  0.40883799
   0.38378082  0.33477104  0.49968940
   0.64724557  0.46181180  0.20513773
   0.45102284  0.08564500  0.30182981
   0.57191000  0.04636000  0.06951000
   0.37852427  0.17083447  0.17030767
   0.64679943  0.42406337  0.37294106
   0.46684520  0.02920925  0.46528605
   0.51514031  0.29643471  0.27099518
   0.84083000  0.33753000  0.10253000
   0.91491645  0.21091719  0.40234615
   0.71641217  0.32832491  0.51012593
   0.97922974  0.45809255  0.20143063
   0.78122638  0.08407321  0.30705070
   0.90524000  0.04636000  0.06951000
   0.71145996  0.16831766  0.16918097
   0.97926566  0.41791518  0.36874648
   0.81696587  0.04631240  0.47717294
   0.84873670  0.29123655  0.26866346
   0.17417000  0.83753000  0.10253000
   0.25345867  0.70766890  0.39700710
   0.07127101  0.82502911  0.51149695
   0.31216134  0.95882911  0.20208705
   0.11331298  0.58228686  0.30164950
   0.23858000  0.54636000  0.06951000
   0.04468367  0.66869040  0.16922495
   0.31968119  0.91944673  0.36835466
   0.12117089  0.55110926  0.47330538
   0.17802586  0.79288208  0.26926955
   0.50750000  0.83753000  0.10253000
   0.58689088  0.70715141  0.40399461
   0.40699091  0.82071373  0.50359581
   0.64684623  0.95955242  0.20566321
   0.44756186  0.58407195  0.30593568
   0.57191000  0.54636000  0.06951000
   0.37898122  0.67004287  0.16978100
   0.65384765  0.91888302  0.37352648
   0.45389899  0.55090723  0.47856239
   0.51330725  0.79409029  0.27144850
   0.84083000  0.83753000  0.10253000
   0.74148710  0.82736394  0.50161047
   0.97926135  0.95960957  0.20575352
   0.78209011  0.58711065  0.30816812
   0.90524000  0.54636000  0.06951000
   0.71205049  0.67026887  0.16979754
   0.98494147  0.92071083  0.37381132
   0.78808585  0.54847524  0.47937312
   0.84649891  0.79447898  0.27203834
   0.92387870  0.71115897  0.40870741
   0.54202713  0.10921198  0.58230192
   0.76412949  0.33506100  0.60610935
