   0.92781846  0.94158675  0.50154634
   0.03971000  0.19194000  0.08602000
   0.31562790  0.43750039  0.28610928
   0.11922566  0.06133114  0.39028301
   0.17987908  0.31340750  0.18553773
   0.26171433  0.19186852  0.48502358
   0.37304000  0.19194000  0.08602000
   0.65017672  0.43876594  0.28759499
   0.45819208  0.06269578  0.39230448
   0.51204476  0.31440677  0.18723295
   0.60033327  0.18709698  0.49012637
   0.70637000  0.19194000  0.08602000
   0.98339143  0.43937256  0.28758640
   0.78964472  0.06037835  0.38632901
   0.84570457  0.31405408  0.18690657
   0.92783203  0.18463210  0.48339774
   0.03971000  0.69194000  0.08602000
   0.31447524  0.94117588  0.28932269
   0.12120990  0.56313887  0.38983232
   0.18001807  0.81430935  0.18680632
   0.25369298  0.69510575  0.48585410
   0.37304000  0.69194000  0.08602000
   0.64844919  0.93868557  0.28645542
   0.45022943  0.56052377  0.38733458
   0.51074831  0.81490898  0.18680966
   0.58550054  0.69085027  0.48240062
   0.70637000  0.69194000  0.08602000
   0.98187790  0.93898340  0.28882588
   0.84554961  0.81551489  0.18752857
   0.91940442  0.69934753  0.48790680
   0.78914878  0.56388675  0.39052477
   0.17882019  0.06379508  0.18579689
   0.26345996  0.43297891  0.49227702
   0.03971000  0.44194000  0.08602000
   0.31561765  0.18882208  0.29042658
   0.12021479  0.31576713  0.38847262
   0.51185990  0.06337117  0.18498710
   0.59473032  0.43675109  0.49246898
   0.37304000  0.44194000  0.08602000
   0.64923533  0.18859347  0.28768463
   0.45416097  0.31460983  0.39080456
   0.84573241  0.06409975  0.18660646
   0.93478665  0.43676342  0.49145464
   0.70637000  0.44194000  0.08602000
   0.98266591  0.18919285  0.28775057
   0.78812250  0.31484762  0.38795011
   0.18007657  0.56381544  0.18460537
   0.26305368  0.93516428  0.49632929
   0.03971000  0.94194000  0.08602000
   0.31472996  0.68822627  0.28729150
   0.11781563  0.81744362  0.39043117
   0.51451347  0.56449725  0.18453221
   0.60044815  0.93588948  0.49839851
   0.37304000  0.94194000  0.08602000
   0.64835405  0.68969650  0.28974935
   0.45083263  0.81749248  0.38994000
   0.84722157  0.56417655  0.18480467
   0.70637000  0.94194000  0.08602000
   0.98223861  0.68898846  0.28832008
   0.78287133  0.81677046  0.39362030
   0.17236804  0.33283153  0.09983110
   0.25394262  0.20768455  0.40193301
   0.05998247  0.32502363  0.50006694
   0.31495366  0.45961007  0.20225825
   0.11526558  0.08519225  0.30631758
   0.23858000  0.04636000  0.06951000
   0.04496225  0.16919801  0.16923083
   0.31838807  0.41638240  0.36977395
   0.13332378  0.04566935  0.47777167
   0.18171974  0.29188059  0.26845887
   0.50750000  0.33753000  0.10253000
   0.59012506  0.21021259  0.40730741
   0.39531673  0.32528682  0.50325221
   0.64715974  0.46084989  0.20410125
   0.45219630  0.08569234  0.30788548
   0.57191000  0.04636000  0.06951000
   0.37799424  0.16901323  0.16970098
   0.65323089  0.41928895  0.37176042
   0.46862861  0.04478963  0.47954088
   0.51438111  0.29274537  0.27072268
   0.84083000  0.33753000  0.10253000
   0.92190588  0.20904667  0.39925103
   0.72820582  0.33123745  0.50938268
   0.98080408  0.45986633  0.20358578
   0.78327323  0.08382363  0.30189273
   0.90524000  0.04636000  0.06951000
   0.71109691  0.16920198  0.16981508
   0.98604573  0.42043846  0.37120449
   0.79769263  0.04426051  0.46785439
   0.84803515  0.29361506  0.27025813
   0.17277531  0.83306413  0.10028396
   0.25082425  0.70993874  0.40309984
   0.06109731  0.83097374  0.50643304
   0.31347031  0.96023212  0.20453367
   0.11561130  0.58450564  0.30539978
   0.23858000  0.54636000  0.06951000
   0.04611650  0.67035337  0.16955706
   0.31638647  0.92232174  0.37350249
   0.13513572  0.54416473  0.47631444
   0.18181619  0.79413157  0.27039885
   0.50750000  0.83753000  0.10253000
   0.58002571  0.70658921  0.39991382
   0.39412861  0.82753195  0.50442496
   0.64582540  0.95945771  0.20255113
   0.44754640  0.58246718  0.30363711
   0.57191000  0.54636000  0.06951000
   0.37921270  0.67015400  0.16952576
   0.64820350  0.91899269  0.36972241
   0.46224539  0.54160775  0.47382704
   0.51387785  0.79290348  0.26966276
   0.84083000  0.83753000  0.10253000
   0.72794692  0.82299005  0.49774167
   0.98030680  0.96042302  0.20489156
   0.78333111  0.58389359  0.30559544
   0.90524000  0.54636000  0.06951000
   0.71380940  0.67085206  0.16965405
   0.98146806  0.91872528  0.37232492
   0.79988887  0.54519465  0.47752059
   0.84829492  0.79339295  0.27079219
   0.92067646  0.70918251  0.40549870
   0.79362719  0.02112251  0.59010060
   0.76394101  0.42088956  0.59453080
