   0.27905039  0.43394366  0.49490621
   0.03971000  0.19194000  0.08602000
   0.31848237  0.43835897  0.28880703
   0.11549848  0.06139712  0.39030242
   0.17954543  0.31606197  0.18735429
   0.25617597  0.19512567  0.48554125
   0.37304000  0.19194000  0.08602000
   0.65217857  0.43756683  0.28731540
   0.44857215  0.06425961  0.39261469
   0.51224930  0.31493333  0.18681321
   0.58949892  0.19458817  0.48867518
   0.70637000  0.19194000  0.08602000
   0.98509639  0.43831192  0.28783999
   0.77905880  0.05967659  0.38984492
   0.84612964  0.31535102  0.18693012
   0.92604874  0.18573988  0.48314660
   0.03971000  0.69194000  0.08602000
   0.31313909  0.94141112  0.28969798
   0.12426580  0.55921353  0.38938199
   0.17958298  0.81649822  0.18770813
   0.25850613  0.69048143  0.48555238
   0.37304000  0.69194000  0.08602000
   0.64509916  0.93912023  0.28844330
   0.45802876  0.55968955  0.39077053
   0.51244928  0.81589968  0.18733534
   0.58979771  0.69362858  0.48636621
   0.70637000  0.69194000  0.08602000
   0.97861411  0.93966359  0.28848244
   0.84570758  0.81583525  0.18719893
   0.93034915  0.69139898  0.48519034
   0.79105074  0.55902267  0.38968532
   0.17920133  0.06480627  0.18588092
   0.03971000  0.44194000  0.08602000
   0.31623199  0.18931063  0.29004921
   0.12671738  0.31259513  0.39187490
   0.51246601  0.06437476  0.18549967
   0.61180107  0.43279408  0.49418213
   0.37304000  0.44194000  0.08602000
   0.64890200  0.18803442  0.28854930
   0.46043306  0.31314170  0.39089043
   0.84600477  0.06465538  0.18560452
   0.94916981  0.43042725  0.49386337
   0.70637000  0.44194000  0.08602000
   0.98250144  0.18857595  0.28950996
   0.79256074  0.31215845  0.38887406
   0.18096051  0.56483395  0.18582217
   0.25123818  0.93717075  0.49504252
   0.03971000  0.94194000  0.08602000
   0.31622349  0.68953532  0.28934608
   0.11066721  0.81655470  0.39010401
   0.51416124  0.56417954  0.18502853
   0.58346637  0.93569803  0.49627922
   0.37304000  0.94194000  0.08602000
   0.64911929  0.68796718  0.28846732
   0.44309729  0.81654991  0.39095534
   0.84743060  0.56461594  0.18580185
   0.91633658  0.93406650  0.49476739
   0.70637000  0.94194000  0.08602000
   0.98229279  0.68867250  0.28837788
   0.77665390  0.81450171  0.38971622
   0.17417000  0.33753000  0.10253000
   0.26089938  0.20307119  0.40152457
   0.08116278  0.31722958  0.49174243
   0.31501546  0.46121539  0.20483229
   0.11603005  0.08346834  0.30594041
   0.23858000  0.04636000  0.06951000
   0.04556284  0.17091871  0.16968640
   0.32551030  0.41632211  0.37240044
   0.11883971  0.04745140  0.47827237
   0.18260639  0.29282160  0.27039650
   0.50750000  0.33753000  0.10253000
   0.59321162  0.20571857  0.40575406
   0.41180914  0.32332941  0.50220907
   0.64767718  0.45974674  0.20320031
   0.44996734  0.08527710  0.30791436
   0.57191000  0.04636000  0.06951000
   0.37865811  0.16996190  0.16938365
   0.65852457  0.41470718  0.37092982
   0.45468268  0.04777306  0.48063862
   0.51575887  0.29220014  0.26979560
   0.84083000  0.33753000  0.10253000
   0.92197341  0.20173062  0.39998098
   0.74281271  0.32437848  0.50591751
   0.98167343  0.46048319  0.20389692
   0.78134908  0.08289453  0.30559643
   0.90524000  0.04636000  0.06951000
   0.71197358  0.17029937  0.16950042
   0.99243782  0.41501001  0.37108709
   0.78562654  0.04335643  0.47816765
   0.84884013  0.29235143  0.26993483
   0.17417000  0.83753000  0.10253000
   0.24417609  0.70926625  0.40327677
   0.05106317  0.82995532  0.50392443
   0.31371927  0.96171938  0.20543865
   0.11727460  0.58430782  0.30562866
   0.23858000  0.54636000  0.06951000
   0.04732387  0.67099587  0.16987128
   0.30918452  0.92207755  0.37403656
   0.14485356  0.54072749  0.47466822
   0.18183871  0.79441363  0.27125270
   0.50750000  0.83753000  0.10253000
   0.57622396  0.70932524  0.40459364
   0.38165841  0.82914612  0.50493974
   0.64651419  0.96110468  0.20450863
   0.44966760  0.58448301  0.30697703
   0.57191000  0.54636000  0.06951000
   0.38044994  0.67066730  0.16966094
   0.64132875  0.91806438  0.37239990
   0.47911925  0.54203117  0.47849637
   0.51502358  0.79271001  0.27048698
   0.84083000  0.83753000  0.10253000
   0.71440376  0.82885981  0.50694342
   0.97998582  0.96113414  0.20443731
   0.78336706  0.58346440  0.30216490
   0.90524000  0.54636000  0.06951000
   0.71357920  0.67049197  0.16948566
   0.97457190  0.91974556  0.37249722
   0.81346680  0.54130515  0.48316392
   0.84770424  0.79335686  0.27039662
   0.91102427  0.70926466  0.40402005
   0.07732256  0.46759076  0.61338858
   0.81553187  0.48271088  0.59313345
