   0.57278032  0.18736510  0.50268620
   0.03971000  0.19194000  0.09637000
   0.31543650  0.43947991  0.29633118
   0.12776939  0.06311894  0.40065523
   0.18019050  0.31458553  0.19531704
   0.26858902  0.19215770  0.50076250
   0.37304000  0.19194000  0.09637000
   0.64900540  0.44045296  0.29757957
   0.46194697  0.06281345  0.39913251
   0.51367749  0.31544483  0.19580497
   0.70637000  0.19194000  0.09637000
   0.98216385  0.43921902  0.29600453
   0.79303211  0.06148074  0.39855746
   0.84642942  0.31488088  0.19530417
   0.92478959  0.19514500  0.49344969
   0.03971000  0.69194000  0.09637000
   0.31922407  0.94100828  0.29663197
   0.11601218  0.56374626  0.39715090
   0.18040110  0.81564156  0.19543110
   0.25889674  0.69455794  0.49269015
   0.37304000  0.69194000  0.09637000
   0.65243247  0.93997351  0.29664194
   0.45105784  0.56442589  0.39717416
   0.51393202  0.81552401  0.19544725
   0.59107907  0.69817612  0.49305643
   0.70637000  0.69194000  0.09637000
   0.98636285  0.94119108  0.29744591
   0.84698258  0.81619389  0.19609261
   0.92758491  0.69473783  0.49534344
   0.78516283  0.56378612  0.39948626
   0.18035403  0.06421597  0.19455986
   0.24878815  0.44322224  0.49904289
   0.03971000  0.44194000  0.09637000
   0.31791016  0.19063278  0.29774494
   0.11725147  0.31734984  0.39925485
   0.51363812  0.06417401  0.19409452
   0.58300607  0.44468344  0.50302815
   0.37304000  0.44194000  0.09637000
   0.65084530  0.19017376  0.29677700
   0.44882483  0.31807962  0.40411832
   0.84696708  0.06422036  0.19420484
   0.91736522  0.44092592  0.50348542
   0.70637000  0.44194000  0.09637000
   0.98460032  0.18967483  0.29747433
   0.78135654  0.31604653  0.39932937
   0.18101052  0.56362979  0.19377317
   0.27863332  0.93253814  0.50303064
   0.03971000  0.94194000  0.09637000
   0.31568589  0.68966981  0.29633990
   0.12409605  0.81608749  0.39771896
   0.51479574  0.56422653  0.19429307
   0.61106653  0.93252232  0.50066190
   0.37304000  0.94194000  0.09637000
   0.64966451  0.69054677  0.29760475
   0.45669025  0.81535611  0.39692730
   0.84766285  0.56399138  0.19412993
   0.94585215  0.93514700  0.50211244
   0.70637000  0.94194000  0.09637000
   0.98269641  0.69010835  0.29676014
   0.79155654  0.81540232  0.39853320
   0.17284240  0.33280546  0.10924921
   0.24657466  0.21027942  0.41633888
   0.04759652  0.33460104  0.51190250
   0.31524280  0.45956025  0.21185618
   0.11976292  0.08628504  0.31595236
   0.23858000  0.04636000  0.07986000
   0.04572695  0.17030234  0.17976705
   0.31507627  0.42085454  0.38008764
   0.14572235  0.04156872  0.48658866
   0.18254773  0.29375625  0.27861194
   0.50621516  0.33290801  0.10972833
   0.58471877  0.21140485  0.41883240
   0.38474957  0.34262163  0.50298992
   0.64901703  0.46059203  0.21297554
   0.45278906  0.08685750  0.31513800
   0.57191000  0.04636000  0.07986000
   0.37910502  0.17059963  0.18002769
   0.64865172  0.42060985  0.38204530
   0.47755236  0.03483796  0.48162942
   0.51649350  0.29458058  0.27909385
   0.83929404  0.33285693  0.10921056
   0.91587017  0.21009802  0.41149489
   0.71166494  0.33348340  0.51942188
   0.98194733  0.45934816  0.21179513
   0.78513387  0.08566099  0.31451860
   0.90524000  0.04636000  0.07986000
   0.71233952  0.17038608  0.17974517
   0.98023302  0.42020833  0.37989442
   0.81214028  0.04360836  0.48526248
   0.84984628  0.29329501  0.27848930
   0.17301674  0.83285569  0.10909127
   0.25614023  0.70778856  0.40889396
   0.07653845  0.82518597  0.51232318
   0.31562339  0.96027386  0.21229181
   0.11580554  0.58453497  0.31264608
   0.23858000  0.54636000  0.07986000
   0.04709178  0.67050774  0.17981160
   0.32308284  0.91929200  0.37970399
   0.11681825  0.55265191  0.48448007
   0.18251785  0.79537603  0.27887047
   0.50636686  0.83290285  0.10911226
   0.59087253  0.70802071  0.40905482
   0.41177908  0.82167000  0.51022400
   0.64859583  0.96025842  0.21232588
   0.44970350  0.58449170  0.31277796
   0.57191000  0.54636000  0.07986000
   0.38048532  0.67063600  0.17978007
   0.65691827  0.91897037  0.38021257
   0.45193789  0.55560449  0.48474153
   0.51545164  0.79498204  0.27887662
   0.83963098  0.83301958  0.10959221
   0.74478296  0.82659915  0.50996316
   0.98199227  0.96074106  0.21299870
   0.78341963  0.58553463  0.31489291
   0.90524000  0.54636000  0.07986000
   0.71400281  0.67134250  0.18009236
   0.98950760  0.92022810  0.38129380
   0.78668620  0.54998208  0.48735483
   0.84981218  0.79554336  0.27976628
   0.92457613  0.70775155  0.41196030
   0.41001750  0.16084779  0.58558495
   0.72704524  0.34262827  0.61368992
