   0.58212673  0.94066030  0.49544583
   0.03971000  0.19194000  0.08602000
   0.31978361  0.44024818  0.28919471
   0.11577095  0.06097461  0.39074966
   0.17987328  0.31650424  0.18743359
   0.26181993  0.18981032  0.48603035
   0.37304000  0.19194000  0.08602000
   0.65180633  0.43810851  0.28667865
   0.45070625  0.06472168  0.39320048
   0.51248660  0.31518562  0.18663328
   0.59290783  0.19484800  0.49141358
   0.70637000  0.19194000  0.08602000
   0.98698733  0.43880833  0.28814940
   0.78224407  0.06232042  0.39164261
   0.84665693  0.31572791  0.18701565
   0.93118716  0.19122794  0.48656545
   0.03971000  0.69194000  0.08602000
   0.31351748  0.94082928  0.29031556
   0.12509177  0.56056172  0.39099384
   0.18008464  0.81666140  0.18760901
   0.25622500  0.69341408  0.48692861
   0.37304000  0.69194000  0.08602000
   0.64622386  0.93976722  0.28954316
   0.45819280  0.56265683  0.39250293
   0.51286023  0.81631284  0.18736688
   0.60981138  0.68568991  0.49324183
   0.70637000  0.69194000  0.08602000
   0.97875869  0.93916940  0.28903735
   0.84629684  0.81600070  0.18703838
   0.90764021  0.68652203  0.48915400
   0.79420487  0.55924440  0.38655181
   0.17927008  0.06467718  0.18573336
   0.27848208  0.43023810  0.49368875
   0.03971000  0.44194000  0.08602000
   0.31548874  0.18873717  0.28948777
   0.12756405  0.31226066  0.38921610
   0.51264104  0.06435965  0.18542713
   0.60582446  0.42677296  0.48853535
   0.37304000  0.44194000  0.08602000
   0.64876562  0.18815187  0.28871422
   0.46025043  0.31253157  0.38940582
   0.84613025  0.06462159  0.18535546
   0.94722678  0.42851617  0.49177754
   0.70637000  0.44194000  0.08602000
   0.98221533  0.18824739  0.28891070
   0.79374886  0.31153681  0.38770420
   0.18137925  0.56495930  0.18546212
   0.24680908  0.93758814  0.49554172
   0.03971000  0.94194000  0.08602000
   0.31710247  0.69007839  0.29020898
   0.11055608  0.81648177  0.39344509
   0.51430757  0.56454857  0.18479696
   0.37304000  0.94194000  0.08602000
   0.64980690  0.68970706  0.28889537
   0.44585814  0.81725739  0.39388891
   0.84803496  0.56456267  0.18482440
   0.91745823  0.93869050  0.49478374
   0.70637000  0.94194000  0.08602000
   0.98418620  0.68977231  0.28867997
   0.77686900  0.81489985  0.39392399
   0.17417000  0.33753000  0.10253000
   0.25960623  0.20459968  0.40225385
   0.07805236  0.32210910  0.50394155
   0.31567015  0.46177087  0.20548389
   0.11528634  0.08356442  0.30655258
   0.23858000  0.04636000  0.06951000
   0.04600638  0.17127376  0.17011561
   0.32698762  0.41688410  0.37273226
   0.11895840  0.04856671  0.47829499
   0.18266942  0.29382631  0.27106706
   0.50750000  0.33753000  0.10253000
   0.59514259  0.20846318  0.40668313
   0.40975145  0.31945393  0.50379517
   0.64831064  0.46051322  0.20370142
   0.44975957  0.08547249  0.30855926
   0.57191000  0.04636000  0.06951000
   0.37880703  0.17033408  0.16978241
   0.66006596  0.41503229  0.36977667
   0.45212630  0.05287781  0.48048277
   0.51556811  0.29255958  0.26999303
   0.84083000  0.33753000  0.10253000
   0.92618504  0.20578207  0.40329754
   0.74258558  0.32663593  0.51473332
   0.98209921  0.46103900  0.20457775
   0.78201903  0.08431060  0.30724441
   0.90524000  0.04636000  0.06951000
   0.71226423  0.17079016  0.16996211
   0.99324184  0.41584994  0.37196990
   0.78620637  0.05168695  0.47901634
   0.84918064  0.29309541  0.27058487
   0.17417000  0.83753000  0.10253000
   0.24525380  0.70962756  0.40474834
   0.04673978  0.82908620  0.50104065
   0.31384022  0.96188190  0.20594154
   0.11750109  0.58487941  0.30712939
   0.23858000  0.54636000  0.06951000
   0.04756427  0.67103690  0.17007402
   0.31098423  0.92149761  0.37488201
   0.14647045  0.54065262  0.47729915
   0.18306831  0.79401465  0.27119103
   0.50750000  0.83753000  0.10253000
   0.57615477  0.71039569  0.41010277
   0.38029201  0.83218128  0.50464991
   0.64698507  0.96153012  0.20535737
   0.45164805  0.58626676  0.30861819
   0.57191000  0.54636000  0.06951000
   0.38071691  0.67081500  0.16989496
   0.64363852  0.91985545  0.37381299
   0.47789009  0.53699214  0.47668216
   0.51553197  0.79344003  0.27077747
   0.84083000  0.83753000  0.10253000
   0.71555587  0.83739248  0.50161897
   0.98010515  0.96132748  0.20492770
   0.78392527  0.58433956  0.30461377
   0.90524000  0.54636000  0.06951000
   0.71389230  0.67044965  0.16972127
   0.97523692  0.91893910  0.37323541
   0.81044505  0.52903268  0.46815085
   0.84880683  0.79294180  0.27020583
   0.91172604  0.70666359  0.40515055
   0.41440164  0.93719091  0.58408095
   0.75961592  0.48959917  0.58252891
