   0.27871581  0.43047795  0.49371455
   0.03971000  0.19194000  0.08602000
   0.31978140  0.44026493  0.28920387
   0.11576116  0.06095761  0.39074692
   0.17987177  0.31650874  0.18743589
   0.26184483  0.18985955  0.48603578
   0.37304000  0.19194000  0.08602000
   0.65181520  0.43812279  0.28668526
   0.45065670  0.06466621  0.39314014
   0.51248357  0.31518404  0.18663014
   0.59298972  0.19499497  0.49139961
   0.70637000  0.19194000  0.08602000
   0.98701276  0.43882302  0.28815694
   0.78224424  0.06229784  0.39161949
   0.84666473  0.31573072  0.18701711
   0.93109564  0.19103854  0.48659032
   0.03971000  0.69194000  0.08602000
   0.31350461  0.94081543  0.29032873
   0.12517497  0.56062689  0.39105951
   0.18008629  0.81666385  0.18761472
   0.25681925  0.69401902  0.48683769
   0.37304000  0.69194000  0.08602000
   0.64622533  0.93975786  0.28955561
   0.45819075  0.56269220  0.39254317
   0.51286419  0.81631453  0.18737325
   0.60996071  0.68550561  0.49338174
   0.70637000  0.69194000  0.08602000
   0.97876330  0.93916621  0.28904592
   0.84630295  0.81600375  0.18704334
   0.90727077  0.68645024  0.48922994
   0.79423610  0.55924615  0.38658167
   0.17926507  0.06467371  0.18573567
   0.03971000  0.44194000  0.08602000
   0.31547071  0.18873952  0.28949109
   0.12757288  0.31227385  0.38920426
   0.51264612  0.06435458  0.18542678
   0.60584333  0.42681877  0.48853692
   0.37304000  0.44194000  0.08602000
   0.64878111  0.18815244  0.28871371
   0.46023386  0.31254243  0.38941028
   0.84613564  0.06462148  0.18535667
   0.94711082  0.42869550  0.49176710
   0.70637000  0.44194000  0.08602000
   0.98221290  0.18824824  0.28891414
   0.79380184  0.31153872  0.38770790
   0.18137883  0.56495993  0.18546756
   0.24734213  0.93714376  0.49551590
   0.03971000  0.94194000  0.08602000
   0.31709650  0.69007362  0.29022478
   0.11059427  0.81646219  0.39346938
   0.51430281  0.56455463  0.18479859
   0.58156861  0.94028879  0.49540079
   0.37304000  0.94194000  0.08602000
   0.64978844  0.68972094  0.28890314
   0.44578194  0.81721852  0.39398205
   0.84804944  0.56456637  0.18482221
   0.91735353  0.93867146  0.49478536
   0.70637000  0.94194000  0.08602000
   0.98422965  0.68977828  0.28868352
   0.77683141  0.81487486  0.39392925
   0.17417000  0.33753000  0.10253000
   0.25960744  0.20458307  0.40224226
   0.07799076  0.32164857  0.50368348
   0.31567578  0.46176891  0.20548148
   0.11529058  0.08357319  0.30654939
   0.23858000  0.04636000  0.06951000
   0.04601341  0.17127619  0.17011366
   0.32699918  0.41684510  0.37271786
   0.11899842  0.04862693  0.47832590
   0.18267487  0.29382295  0.27106477
   0.50750000  0.33753000  0.10253000
   0.59508599  0.20841544  0.40668952
   0.40978177  0.31933906  0.50377549
   0.64830943  0.46051027  0.20370613
   0.44977656  0.08549009  0.30857704
   0.57191000  0.04636000  0.06951000
   0.37881391  0.17034175  0.16978257
   0.66008110  0.41506337  0.36978570
   0.45211439  0.05261366  0.48092449
   0.51557762  0.29256451  0.26999302
   0.84083000  0.33753000  0.10253000
   0.92617682  0.20577950  0.40328614
   0.74250434  0.32657933  0.51476664
   0.98208678  0.46103719  0.20457281
   0.78201373  0.08432293  0.30724604
   0.90524000  0.04636000  0.06951000
   0.71226116  0.17079423  0.16996212
   0.99319537  0.41578958  0.37195812
   0.78606046  0.05178186  0.47904641
   0.84916492  0.29309222  0.27058250
   0.17417000  0.83753000  0.10253000
   0.24516186  0.70955849  0.40472344
   0.04697727  0.82929958  0.50104680
   0.31384250  0.96188849  0.20593653
   0.11747815  0.58487056  0.30710533
   0.23858000  0.54636000  0.06951000
   0.04756165  0.67103430  0.17007149
   0.31101439  0.92159611  0.37485114
   0.14632168  0.54064228  0.47712588
   0.18306375  0.79401846  0.27118513
   0.50750000  0.83753000  0.10253000
   0.57617636  0.71039910  0.41010894
   0.38019751  0.83275114  0.50514545
   0.64698820  0.96153668  0.20535497
   0.45165388  0.58624674  0.30860682
   0.57191000  0.54636000  0.06951000
   0.38071962  0.67081322  0.16989216
   0.64368455  0.91992516  0.37380162
   0.47783377  0.53686138  0.47659871
   0.51553673  0.79343916  0.27076831
   0.84083000  0.83753000  0.10253000
   0.71550719  0.83779655  0.50159942
   0.98010272  0.96132952  0.20492526
   0.78391707  0.58432242  0.30464202
   0.90524000  0.54636000  0.06951000
   0.71389157  0.67044547  0.16972086
   0.97523426  0.91895448  0.37323288
   0.81040861  0.52882652  0.46796224
   0.84879980  0.79293432  0.27019966
   0.91180198  0.70661904  0.40515670
   0.11271353  0.43056059  0.58362066
   0.75967049  0.48953225  0.58251350
