   0.60812761  0.93376689  0.49248995
   0.03971000  0.19194000  0.08602000
   0.31411043  0.43977024  0.28865176
   0.12463866  0.06090773  0.39096148
   0.17910588  0.31603097  0.18730486
   0.26152817  0.19361071  0.48619878
   0.37304000  0.19194000  0.08602000
   0.64682908  0.44036475  0.28886063
   0.45846777  0.06158464  0.39000521
   0.51221476  0.31648178  0.18737243
   0.58523073  0.18411908  0.49306847
   0.70637000  0.19194000  0.08602000
   0.97938289  0.43943763  0.28785314
   0.79053671  0.06099140  0.39014563
   0.84554756  0.31562453  0.18693448
   0.92432073  0.19344240  0.48556178
   0.03971000  0.69194000  0.08602000
   0.31693071  0.94003314  0.28769564
   0.11506234  0.56255554  0.38931206
   0.17855530  0.81609839  0.18694280
   0.25819656  0.69319033  0.48390560
   0.37304000  0.69194000  0.08602000
   0.65025451  0.93965364  0.28815610
   0.44790065  0.56359680  0.39066012
   0.51202935  0.81602576  0.18722090
   0.58611995  0.69783477  0.48604909
   0.70637000  0.69194000  0.08602000
   0.98346456  0.93994662  0.28857826
   0.84522977  0.81641619  0.18731530
   0.92124382  0.69852127  0.48718257
   0.78179971  0.56456046  0.39154358
   0.17994505  0.06494065  0.18527620
   0.24944171  0.43864740  0.49372145
   0.03971000  0.44194000  0.08602000
   0.31628460  0.18966067  0.28916214
   0.11476387  0.31605037  0.38953775
   0.51318785  0.06478355  0.18507522
   0.58300153  0.44203895  0.49393389
   0.37304000  0.44194000  0.08602000
   0.64930817  0.18943822  0.28844538
   0.44923531  0.31670775  0.39307467
   0.84656425  0.06480229  0.18535971
   0.91938799  0.44250589  0.49340024
   0.70637000  0.44194000  0.08602000
   0.98259743  0.18899102  0.28866429
   0.77998192  0.31558216  0.39103056
   0.17935049  0.56456007  0.18536845
   0.27354092  0.93166345  0.49403212
   0.03971000  0.94194000  0.08602000
   0.31359043  0.68907187  0.28846893
   0.12245797  0.81399806  0.38844221
   0.51269125  0.56508000  0.18583897
   0.37304000  0.94194000  0.08602000
   0.64742909  0.68952303  0.28949386
   0.45528227  0.81440038  0.38840835
   0.84579982  0.56463724  0.18533022
   0.94382983  0.93509674  0.49385169
   0.70637000  0.94194000  0.08602000
   0.98020278  0.68900826  0.28843485
   0.78882595  0.81517636  0.39052184
   0.17417000  0.33753000  0.10253000
   0.24775993  0.20939720  0.40432256
   0.04564408  0.33194533  0.50611814
   0.31352020  0.46100448  0.20468935
   0.11704125  0.08521794  0.30678769
   0.23858000  0.04636000  0.06951000
   0.04601602  0.17114327  0.16956685
   0.31351495  0.41950809  0.37279198
   0.14393821  0.04404690  0.47773085
   0.18149430  0.29345469  0.27064182
   0.50750000  0.33753000  0.10253000
   0.58230255  0.20985121  0.40937833
   0.38318006  0.33436583  0.50267760
   0.64672449  0.46144243  0.20492491
   0.45116782  0.08590946  0.30652983
   0.57191000  0.04636000  0.06951000
   0.37960085  0.17135952  0.16956137
   0.64722363  0.41999562  0.37300134
   0.46950758  0.03556750  0.47286260
   0.51513211  0.29407532  0.27070465
   0.84083000  0.33753000  0.10253000
   0.91534845  0.20996047  0.40360616
   0.71727499  0.33672788  0.50581336
   0.98007611  0.46077429  0.20403720
   0.78339173  0.08518931  0.30632120
   0.90524000  0.04636000  0.06951000
   0.71248820  0.17068593  0.16937796
   0.97898956  0.41908223  0.37199126
   0.81074314  0.04280312  0.47595600
   0.84828199  0.29294918  0.27003699
   0.17417000  0.83753000  0.10253000
   0.25490914  0.70633343  0.40101016
   0.07295959  0.82632135  0.50538910
   0.31422739  0.96135524  0.20404100
   0.11383301  0.58422258  0.30537648
   0.23858000  0.54636000  0.06951000
   0.04542622  0.67073289  0.16941305
   0.32078104  0.91788016  0.37083450
   0.12001945  0.54884288  0.47628239
   0.18009946  0.79361594  0.26994556
   0.50750000  0.83753000  0.10253000
   0.58833548  0.70716190  0.40188580
   0.40710827  0.82131024  0.50361933
   0.64741748  0.96103399  0.20430815
   0.44740312  0.58468606  0.30625998
   0.57191000  0.54636000  0.06951000
   0.37869950  0.67095642  0.16962072
   0.65454786  0.91825005  0.37192670
   0.45165567  0.55169861  0.47787265
   0.51378618  0.79377482  0.27044510
   0.84083000  0.83753000  0.10253000
   0.74194092  0.82539820  0.50133879
   0.98065671  0.96130503  0.20461562
   0.78119218  0.58479800  0.30665046
   0.90524000  0.54636000  0.06951000
   0.71240294  0.67121723  0.16961488
   0.98829662  0.91875238  0.37247653
   0.78673722  0.55176384  0.47901912
   0.84704586  0.79424730  0.27065500
   0.92158362  0.70831318  0.40402313
   0.56273118  0.13230713  0.59052596
   0.75670798  0.31066927  0.59991952
