   0.57864136  0.68796938  0.50218006
   0.03971000  0.19194000  0.09637000
   0.31861577  0.43885731  0.29786977
   0.11496591  0.06160843  0.40079600
   0.17981774  0.31514880  0.19637852
   0.25481931  0.19283137  0.49642700
   0.37304000  0.19194000  0.09637000
   0.65189659  0.43763734  0.29731825
   0.45076167  0.06411778  0.40213115
   0.51339064  0.31457178  0.19584879
   0.58687396  0.19991239  0.50008108
   0.70637000  0.19194000  0.09637000
   0.98705754  0.43995031  0.29913172
   0.78221644  0.06209134  0.40121803
   0.84652572  0.31564388  0.19751409
   0.92761138  0.19216189  0.49670739
   0.03971000  0.69194000  0.09637000
   0.31342151  0.94046740  0.29954759
   0.12659714  0.56131595  0.40289365
   0.18000551  0.81562295  0.19688619
   0.27506120  0.68960103  0.50318050
   0.37304000  0.69194000  0.09637000
   0.64547813  0.93944897  0.29928811
   0.45898949  0.56028265  0.39938200
   0.51333594  0.81540947  0.19666175
   0.70637000  0.69194000  0.09637000
   0.97911120  0.93886252  0.29918676
   0.84591583  0.81562143  0.19747645
   0.93159737  0.69388645  0.49502230
   0.79038388  0.55986213  0.39936880
   0.17901051  0.06454045  0.19573535
   0.27967319  0.42990872  0.50408525
   0.03971000  0.44194000  0.09637000
   0.31583235  0.18897619  0.29928533
   0.12683056  0.31251725  0.39957567
   0.51252592  0.06419867  0.19542020
   0.60949791  0.43076619  0.50040913
   0.37304000  0.44194000  0.09637000
   0.64895473  0.18824165  0.29890513
   0.45965067  0.31202290  0.39952628
   0.84594522  0.06426651  0.19555903
   0.94926806  0.43234052  0.50447553
   0.70637000  0.44194000  0.09637000
   0.98221317  0.18816563  0.29900464
   0.79402435  0.31234206  0.39878531
   0.18073255  0.56485182  0.19558490
   0.24947126  0.94168317  0.50251551
   0.03971000  0.94194000  0.09637000
   0.31683381  0.69022353  0.29962007
   0.11262853  0.81617459  0.40200791
   0.51392684  0.56425125  0.19502366
   0.58525577  0.94338104  0.50474109
   0.37304000  0.94194000  0.09637000
   0.64923163  0.68926536  0.29901222
   0.44385692  0.81693285  0.40578914
   0.84766978  0.56440762  0.19518338
   0.91448746  0.93779236  0.50533501
   0.70637000  0.94194000  0.09637000
   0.98341241  0.68911882  0.29948077
   0.77595311  0.81554898  0.40337952
   0.17288791  0.33279424  0.10996233
   0.25914969  0.20444457  0.41261287
   0.07771174  0.32089509  0.51373267
   0.31472462  0.46060563  0.21386824
   0.11561467  0.08357687  0.31662113
   0.23858000  0.04636000  0.07986000
   0.04507299  0.17066875  0.18022688
   0.32547193  0.41518694  0.38093047
   0.11629496  0.04925730  0.48893410
   0.18194126  0.29291075  0.28001460
   0.50636365  0.33264630  0.10949989
   0.59527915  0.20701751  0.41529974
   0.41265783  0.31882383  0.51380260
   0.64829559  0.45981416  0.21324941
   0.44955084  0.08515996  0.31772438
   0.57191000  0.04636000  0.07986000
   0.37849730  0.17034847  0.18009227
   0.65939250  0.41589546  0.38170346
   0.45265094  0.05497388  0.49018207
   0.51587356  0.29263691  0.27953296
   0.84083000  0.33753000  0.11288000
   0.92537432  0.20528632  0.41353340
   0.74423459  0.32853330  0.51988164
   0.98210701  0.46121197  0.21508140
   0.78208781  0.08391948  0.31704613
   0.90524000  0.04636000  0.07986000
   0.71201525  0.17071850  0.18038356
   0.99305745  0.41737930  0.38310237
   0.78674492  0.04998470  0.48928115
   0.84948560  0.29362170  0.28116549
   0.17290704  0.83283102  0.11010810
   0.24214226  0.70926981  0.41920413
   0.04851603  0.83337959  0.51336696
   0.31354069  0.96099257  0.21470427
   0.11847460  0.58599004  0.31839408
   0.23858000  0.54636000  0.07986000
   0.04666344  0.67076900  0.18035784
   0.31019976  0.92149504  0.38376689
   0.14677727  0.53851092  0.48868307
   0.18187706  0.79401987  0.28080348
   0.50642048  0.83282157  0.10992092
   0.57872449  0.70859603  0.41757430
   0.38448827  0.84150070  0.50543456
   0.64676088  0.96082417  0.21459889
   0.45026185  0.58507390  0.31635067
   0.57191000  0.54636000  0.07986000
   0.37981674  0.67066540  0.18025813
   0.64246765  0.91984151  0.38366152
   0.47793430  0.53252120  0.48142712
   0.51548636  0.79343499  0.28022304
   0.84083000  0.83753000  0.11288000
   0.71283879  0.83423283  0.51255033
   0.98012071  0.96103138  0.21505287
   0.78300640  0.58356513  0.31587980
   0.90524000  0.54636000  0.07986000
   0.71313254  0.67036779  0.18022678
   0.97609805  0.91872702  0.38351244
   0.81560624  0.54240532  0.48769461
   0.84849756  0.79251136  0.28077485
   0.91115852  0.70789012  0.41346754
   0.42320787  0.65808370  0.58603296
   0.76502349  0.48613929  0.59800929
