   0.95445798  0.93095111  0.49225923
   0.03971000  0.19194000  0.08602000
   0.31099081  0.44102072  0.28847879
   0.13053817  0.06133249  0.39036093
   0.17865938  0.31698955  0.18710410
   0.25016862  0.19192905  0.49067133
   0.37304000  0.19194000  0.08602000
   0.64438805  0.43988878  0.28809903
   0.46255987  0.06222286  0.39125513
   0.51215575  0.31621115  0.18745547
   0.59760841  0.19228310  0.48873289
   0.70637000  0.19194000  0.08602000
   0.97849870  0.44004475  0.28803259
   0.79474806  0.06164838  0.39302861
   0.84457937  0.31594344  0.18718293
   0.94633293  0.18928848  0.48866133
   0.03971000  0.69194000  0.08602000
   0.32047631  0.93976127  0.28870950
   0.11247551  0.56475199  0.38920321
   0.17823130  0.81611392  0.18740036
   0.25565238  0.69908985  0.48444203
   0.37304000  0.69194000  0.08602000
   0.65406440  0.94087447  0.28973354
   0.44570976  0.56510084  0.39027655
   0.51247654  0.81693621  0.18774000
   0.59074490  0.69695908  0.48523134
   0.70637000  0.69194000  0.08602000
   0.98602296  0.94023810  0.28852329
   0.84578609  0.81596672  0.18734271
   0.91975616  0.69711443  0.48575665
   0.77755826  0.56456226  0.38986920
   0.18076311  0.06488249  0.18493606
   0.24394353  0.44664536  0.49306810
   0.03971000  0.44194000  0.08602000
   0.31580418  0.19012834  0.28870218
   0.11102690  0.31811089  0.39251685
   0.51415185  0.06543360  0.18600578
   0.57183842  0.44355158  0.49652025
   0.37304000  0.44194000  0.08602000
   0.64940681  0.18985764  0.28964670
   0.44359458  0.31829506  0.39340170
   0.84746658  0.06505357  0.18507798
   0.91128711  0.44800504  0.49235722
   0.70637000  0.44194000  0.08602000
   0.98230538  0.19011071  0.28950898
   0.77912610  0.31807888  0.39103369
   0.17805706  0.56521729  0.18571221
   0.28853939  0.93072873  0.49056069
   0.03971000  0.94194000  0.08602000
   0.31534691  0.69002339  0.28934996
   0.12793145  0.81273422  0.38745827
   0.51150413  0.56528691  0.18585396
   0.62109224  0.93204519  0.49380007
   0.37304000  0.94194000  0.08602000
   0.64823077  0.68997886  0.28909525
   0.46222917  0.81403385  0.38900930
   0.84444806  0.56479191  0.18575931
   0.70637000  0.94194000  0.08602000
   0.98099323  0.68896132  0.28833542
   0.79541596  0.81424592  0.38853953
   0.17417000  0.33753000  0.10253000
   0.24534355  0.21129652  0.40696760
   0.04281834  0.34517040  0.49972915
   0.31260901  0.46229490  0.20458982
   0.11720529  0.08629405  0.30654803
   0.23858000  0.04636000  0.06951000
   0.04693168  0.17104647  0.16946502
   0.30897600  0.42130250  0.37253207
   0.15592934  0.03645784  0.47342856
   0.18116910  0.29408972  0.26989163
   0.50750000  0.33753000  0.10253000
   0.57947447  0.21277713  0.40756810
   0.37077582  0.33830938  0.50286021
   0.64534574  0.46163348  0.20465953
   0.45088308  0.08614572  0.30744279
   0.57191000  0.04636000  0.06951000
   0.38031211  0.17094582  0.16982696
   0.64379467  0.41973073  0.37181351
   0.48904413  0.04095161  0.47697220
   0.51441911  0.29317666  0.27043378
   0.84083000  0.33753000  0.10253000
   0.91103941  0.21216848  0.40768048
   0.70633064  0.33625276  0.51357580
   0.97847603  0.46116600  0.20417487
   0.78393885  0.08687562  0.30942986
   0.90524000  0.04636000  0.06951000
   0.71336706  0.17066671  0.16957184
   0.97661407  0.42110753  0.37189600
   0.82145001  0.03823081  0.47676261
   0.84735834  0.29341702  0.27026578
   0.17417000  0.83753000  0.10253000
   0.26188014  0.70571889  0.39972698
   0.08615294  0.81958723  0.50061889
   0.31507897  0.96138870  0.20488431
   0.11462251  0.58433803  0.30508447
   0.23858000  0.54636000  0.06951000
   0.04423986  0.67088622  0.16984710
   0.32812831  0.91790600  0.37236184
   0.11519183  0.55669826  0.47626780
   0.18226079  0.79388509  0.27053952
   0.50750000  0.83753000  0.10253000
   0.59536845  0.70573260  0.40102373
   0.41919635  0.82285324  0.50158646
   0.64859115  0.96242745  0.20582454
   0.44817332  0.58487584  0.30577055
   0.57191000  0.54636000  0.06951000
   0.37863701  0.67162163  0.17004069
   0.66101209  0.91845785  0.37325693
   0.44610305  0.55553096  0.47753323
   0.51590059  0.79525287  0.27115454
   0.84083000  0.83753000  0.10253000
   0.75155199  0.81964792  0.50463656
   0.98143881  0.96164790  0.20460640
   0.78082698  0.58436339  0.30513240
   0.90524000  0.54636000  0.06951000
   0.71130231  0.67078466  0.16983614
   0.99522496  0.91741008  0.37162974
   0.77502553  0.55248914  0.47811799
   0.84880779  0.79421486  0.27044193
   0.92592624  0.70594703  0.40147169
   0.06090607  0.15759012  0.57954234
   0.83347209  0.26097752  0.58347922
