   0.59270806  0.19479445  0.50188487
   0.03971000  0.19194000  0.09637000
   0.31978080  0.44025747  0.29955488
   0.11578120  0.06096514  0.40111199
   0.17987179  0.31650628  0.19779136
   0.26182178  0.18967665  0.49649870
   0.37304000  0.19194000  0.09637000
   0.65182019  0.43812451  0.29704319
   0.45067059  0.06465671  0.40353276
   0.51248479  0.31518308  0.19698604
   0.70637000  0.19194000  0.09637000
   0.98700829  0.43881395  0.29851909
   0.78224120  0.06230792  0.40197865
   0.84666227  0.31572938  0.19737155
   0.93124959  0.19116875  0.49691916
   0.03971000  0.69194000  0.09637000
   0.31351732  0.94082753  0.30069746
   0.12514149  0.56061837  0.40137755
   0.18008792  0.81666690  0.19796885
   0.25685596  0.69410152  0.49718050
   0.37304000  0.69194000  0.09637000
   0.64622667  0.93976432  0.29991346
   0.45820296  0.56269722  0.40287389
   0.51286629  0.81631633  0.19772682
   0.61001078  0.68551751  0.50373772
   0.70637000  0.69194000  0.09637000
   0.97877255  0.93917386  0.29940216
   0.84630342  0.81600595  0.19739626
   0.90722832  0.68645405  0.49959198
   0.79423220  0.55925700  0.39692399
   0.17926933  0.06467218  0.19608986
   0.27842770  0.43032550  0.50402173
   0.03971000  0.44194000  0.09637000
   0.31547537  0.18873156  0.29984893
   0.12756545  0.31224947  0.39957933
   0.51264725  0.06435318  0.19578234
   0.60589356  0.42684299  0.49887089
   0.37304000  0.44194000  0.09637000
   0.64876692  0.18814551  0.29907323
   0.46026989  0.31249422  0.39973545
   0.84613759  0.06462078  0.19571096
   0.94725025  0.42852211  0.50211591
   0.70637000  0.44194000  0.09637000
   0.98221494  0.18824170  0.29926969
   0.79377102  0.31150725  0.39806139
   0.18137893  0.56495774  0.19582014
   0.24742062  0.93724265  0.50587395
   0.03971000  0.94194000  0.09637000
   0.31710121  0.69008128  0.30057251
   0.11056483  0.81648686  0.40382357
   0.51430277  0.56455147  0.19515261
   0.58153407  0.94036779  0.50574664
   0.37304000  0.94194000  0.09637000
   0.64979065  0.68972719  0.29925497
   0.44579304  0.81724294  0.40433169
   0.84804779  0.56456234  0.19517479
   0.91736996  0.93870491  0.50513201
   0.70637000  0.94194000  0.09637000
   0.98423035  0.68978842  0.29903708
   0.77684328  0.81489550  0.40428061
   0.17402575  0.33728535  0.11282519
   0.25958879  0.20461489  0.41258906
   0.07807418  0.32212582  0.51428977
   0.31567470  0.46177074  0.21582614
   0.11528035  0.08356923  0.31689343
   0.23858000  0.04636000  0.07986000
   0.04600917  0.17127668  0.18046008
   0.32701900  0.41687095  0.38307633
   0.11890401  0.04856088  0.48864322
   0.18267445  0.29383081  0.28141021
   0.50733570  0.33727224  0.11280717
   0.59516322  0.20846780  0.41702600
   0.40977279  0.32004305  0.51396144
   0.64830958  0.46051471  0.21404923
   0.44977164  0.08548748  0.31890898
   0.57191000  0.04636000  0.07986000
   0.37881735  0.17034934  0.18012801
   0.66005283  0.41508395  0.38016029
   0.45212490  0.05229664  0.49107708
   0.51557634  0.29256682  0.28033660
   0.84067798  0.33727520  0.11281571
   0.92613760  0.20575852  0.41364471
   0.74280479  0.32684359  0.52511921
   0.98208832  0.46104119  0.21491818
   0.78201645  0.08432093  0.31759267
   0.90524000  0.04636000  0.07986000
   0.71226191  0.17079895  0.18030910
   0.99320942  0.41583040  0.38230412
   0.78610246  0.05175099  0.48939083
   0.84917052  0.29309768  0.28093035
   0.17402433  0.83728553  0.11282735
   0.24513701  0.70951709  0.41507647
   0.04697315  0.82927602  0.51139273
   0.31383833  0.96188520  0.21627996
   0.11749002  0.58487062  0.31746576
   0.23858000  0.54636000  0.07986000
   0.04755894  0.67103462  0.18042057
   0.31100667  0.92156645  0.38519049
   0.14635030  0.54053504  0.48767650
   0.18305893  0.79400813  0.28153231
   0.50734874  0.83728400  0.11282261
   0.57614932  0.71037327  0.42045586
   0.38016590  0.83268429  0.51549215
   0.64699179  0.96153632  0.21569867
   0.45165092  0.58624516  0.31895588
   0.57191000  0.54636000  0.07986000
   0.38071626  0.67081495  0.18024032
   0.64368281  0.91990130  0.38414412
   0.47771912  0.53682200  0.48697410
   0.51553389  0.79343159  0.28111832
   0.84067604  0.83728060  0.11281531
   0.71552402  0.83778183  0.51195022
   0.98010038  0.96132739  0.21526937
   0.78393381  0.58433364  0.31500328
   0.90524000  0.54636000  0.07986000
   0.71388863  0.67044864  0.18007008
   0.97522380  0.91892727  0.38357933
   0.81043071  0.52882575  0.47830750
   0.84878963  0.79292216  0.28054699
   0.91183801  0.70660788  0.41547155
   0.42727652  0.18958348  0.58597212
   0.75951401  0.48950222  0.59284283
