   0.60332798  0.19121487  0.50604481
   0.03971000  0.19194000  0.09637000
   0.31582474  0.43767406  0.29832506
   0.12027573  0.06038233  0.40047763
   0.17916084  0.31452070  0.19682018
   0.25029003  0.19760956  0.49679765
   0.37304000  0.19194000  0.09637000
   0.64962556  0.43860452  0.30129539
   0.45546849  0.06343276  0.40447900
   0.51309509  0.31639986  0.19813981
   0.70637000  0.19194000  0.09637000
   0.98228713  0.43855158  0.30007009
   0.78890465  0.05823069  0.39683549
   0.84539565  0.31647562  0.19756302
   0.91158640  0.18389624  0.49979263
   0.03971000  0.69194000  0.09637000
   0.31607899  0.94250145  0.29994536
   0.12030745  0.56372252  0.39970460
   0.18003102  0.81720784  0.19815551
   0.26661478  0.69611061  0.49452098
   0.37304000  0.69194000  0.09637000
   0.64688021  0.93916322  0.29465614
   0.45291300  0.56402181  0.39823511
   0.51252141  0.81434789  0.19469435
   0.60056275  0.69448378  0.49203799
   0.70637000  0.69194000  0.09637000
   0.98294289  0.93985511  0.29626883
   0.84677504  0.81401482  0.19562644
   0.92336919  0.70132391  0.49455841
   0.78667918  0.56644993  0.40130774
   0.18086843  0.06534979  0.19588883
   0.25625714  0.43812808  0.50231897
   0.03971000  0.44194000  0.09637000
   0.31895054  0.19089234  0.30094465
   0.11767715  0.31418825  0.40262887
   0.51389238  0.06534182  0.19452988
   0.59227618  0.44900410  0.50043297
   0.37304000  0.44194000  0.09637000
   0.64969480  0.19065757  0.30072091
   0.45417225  0.31582532  0.40495635
   0.84674203  0.06453812  0.19372687
   0.93346931  0.44458263  0.49987834
   0.70637000  0.44194000  0.09637000
   0.98388029  0.18971763  0.29862964
   0.78506004  0.31339533  0.40386462
   0.17948229  0.56379141  0.19559969
   0.27070333  0.93622306  0.50587050
   0.03971000  0.94194000  0.09637000
   0.31477931  0.68802307  0.29788592
   0.11870492  0.81674006  0.39778912
   0.51260616  0.56324338  0.19587219
   0.60565177  0.93023331  0.50514818
   0.37304000  0.94194000  0.09637000
   0.64779669  0.68674827  0.29677199
   0.45048278  0.81600436  0.39738294
   0.84648402  0.56434911  0.19660164
   0.93415760  0.93111105  0.50288060
   0.70637000  0.94194000  0.09637000
   0.98195640  0.68826060  0.29936446
   0.78429206  0.81623529  0.39506281
   0.17417000  0.33753000  0.11288000
   0.25214120  0.20647815  0.41418377
   0.05568972  0.32805719  0.50998936
   0.31327341  0.45955169  0.21452335
   0.11832072  0.08520442  0.31539950
   0.23858000  0.04636000  0.07986000
   0.04659824  0.17030234  0.17953149
   0.31793858  0.41714749  0.38300105
   0.13440862  0.04551619  0.48937657
   0.18326090  0.29269793  0.28070642
   0.50750000  0.33753000  0.11288000
   0.58540266  0.20992935  0.42258076
   0.38904389  0.33527826  0.51032943
   0.64802229  0.46039026  0.21677899
   0.45187928  0.08749916  0.32095193
   0.57191000  0.04636000  0.07986000
   0.38000265  0.17172537  0.18003308
   0.65309019  0.41936194  0.38614184
   0.47045160  0.03937810  0.48968563
   0.51553662  0.29403657  0.28251658
   0.84083000  0.33753000  0.11288000
   0.91929395  0.20484729  0.41540841
   0.72443749  0.34506782  0.51240337
   0.98051691  0.46085366  0.21620130
   0.78314032  0.08464247  0.31312491
   0.90524000  0.04636000  0.07986000
   0.71330102  0.17181471  0.17971289
   0.98279257  0.41807327  0.38502434
   0.80046832  0.03145788  0.48037320
   0.84944362  0.29336445  0.28139960
   0.17417000  0.83753000  0.11288000
   0.24950948  0.71024652  0.41143367
   0.07084320  0.83036572  0.51750927
   0.31552528  0.96373004  0.21624546
   0.11469632  0.58345097  0.31670694
   0.23858000  0.54636000  0.07986000
   0.04574882  0.67108437  0.18061743
   0.31675774  0.92275009  0.38398430
   0.13169189  0.54939459  0.48584653
   0.18285677  0.79505932  0.28157415
   0.50604129  0.83179432  0.10891231
   0.58650497  0.71084906  0.41030091
   0.40059151  0.82525516  0.51671241
   0.64705902  0.96012360  0.21101626
   0.44799609  0.58292710  0.31412702
   0.57191000  0.54636000  0.07986000
   0.37883014  0.66906053  0.17972798
   0.64963608  0.91921650  0.37759341
   0.45569297  0.55462618  0.48501459
   0.51528420  0.79162956  0.27766011
   0.83954054  0.83154229  0.10929350
   0.73931435  0.82355622  0.51685852
   0.98065675  0.96036300  0.21221538
   0.78182908  0.58391091  0.31688884
   0.90524000  0.54636000  0.07986000
   0.71163222  0.66912453  0.18018797
   0.98394053  0.92136217  0.38012175
   0.79832864  0.55728333  0.48627568
   0.84885882  0.79279282  0.27933216
   0.91832742  0.71189897  0.41200860
   0.74134338  0.15111866  0.58601538
   0.77418275  0.40934368  0.60329713
