   0.93109230  0.68543899  0.50325465
   0.03971000  0.19194000  0.09637000
   0.31855088  0.43897961  0.29726685
   0.11890065  0.06288151  0.39991051
   0.17962447  0.31533307  0.19577393
   0.24921521  0.19979521  0.49557443
   0.37304000  0.19194000  0.09637000
   0.65238403  0.44068653  0.29820722
   0.45183816  0.06607182  0.40145940
   0.51271182  0.31635452  0.19736504
   0.58054406  0.19446013  0.50077454
   0.70637000  0.19194000  0.09637000
   0.98559756  0.43996544  0.29766756
   0.78464415  0.06385904  0.40011368
   0.84539059  0.31613861  0.19717374
   0.92113901  0.19643359  0.49530182
   0.03971000  0.69194000  0.09637000
   0.31323339  0.94195697  0.29928502
   0.12913984  0.56291142  0.39864239
   0.17914172  0.81676311  0.19752393
   0.26855583  0.69516006  0.49358755
   0.37304000  0.69194000  0.09637000
   0.64744005  0.94084018  0.29845808
   0.46001444  0.56106013  0.39908818
   0.51200584  0.81630368  0.19739693
   0.60144544  0.69351337  0.49378265
   0.70637000  0.69194000  0.09637000
   0.97971250  0.94035457  0.29863349
   0.84535467  0.81623196  0.19737516
   0.79394605  0.56285505  0.40032584
   0.17915757  0.06486126  0.19565824
   0.28499468  0.43551761  0.50150123
   0.03971000  0.44194000  0.09637000
   0.31584334  0.18993353  0.29911975
   0.12733038  0.31361706  0.39850863
   0.51230677  0.06492061  0.19545017
   0.61243048  0.43198571  0.50207945
   0.37304000  0.44194000  0.09637000
   0.64914302  0.18979590  0.29833666
   0.46094119  0.31412296  0.39952210
   0.84559382  0.06456531  0.19521805
   0.95579510  0.43143085  0.49614884
   0.70637000  0.44194000  0.09637000
   0.98246545  0.18937540  0.29815433
   0.79317527  0.31458377  0.39816724
   0.18021408  0.56475514  0.19503169
   0.25436768  0.94021809  0.50434268
   0.03971000  0.94194000  0.09637000
   0.31586812  0.69034783  0.29834251
   0.11168009  0.81836287  0.40319534
   0.51366892  0.56478576  0.19508955
   0.58846571  0.93981632  0.50316507
   0.37304000  0.94194000  0.09637000
   0.64929357  0.69035249  0.29911952
   0.44739232  0.81942631  0.39911398
   0.84712120  0.56502682  0.19528496
   0.92267773  0.93972417  0.50277343
   0.70637000  0.94194000  0.09637000
   0.98299433  0.69088353  0.29882393
   0.78150937  0.81704065  0.40192731
   0.17313415  0.33265986  0.10909416
   0.26137989  0.20583118  0.41064695
   0.08717937  0.31980475  0.50944373
   0.31431004  0.46026874  0.21305323
   0.11579220  0.08461339  0.31563714
   0.23858000  0.04636000  0.07986000
   0.04514050  0.17088628  0.17996563
   0.32630446  0.41742508  0.38122401
   0.12303693  0.05052812  0.48737435
   0.18215193  0.29377913  0.27949050
   0.50750000  0.33753000  0.11288000
   0.59530699  0.20901467  0.41626297
   0.41230608  0.32413488  0.51243041
   0.64820090  0.46167607  0.21447905
   0.45074728  0.08634187  0.31702762
   0.57191000  0.04636000  0.07986000
   0.37861222  0.17129654  0.18026658
   0.65879778  0.41812977  0.38152808
   0.45515036  0.04856773  0.48876329
   0.51578826  0.29462201  0.28064363
   0.84083000  0.33753000  0.11288000
   0.92522560  0.20746563  0.41171635
   0.73921700  0.31828167  0.52345604
   0.98143497  0.46115884  0.21388386
   0.78270094  0.08549557  0.31583005
   0.90524000  0.04636000  0.07986000
   0.71183358  0.17098273  0.18013133
   0.99347284  0.41813568  0.38131487
   0.79007380  0.04960139  0.48767868
   0.84893951  0.29431954  0.28044630
   0.17417000  0.83753000  0.11288000
   0.24871242  0.71288373  0.41173617
   0.05611381  0.83560622  0.51091481
   0.31376421  0.96193881  0.21501393
   0.11682792  0.58588023  0.31516668
   0.23858000  0.54636000  0.07986000
   0.04647659  0.67125951  0.18015822
   0.31144212  0.92387214  0.38348490
   0.15954036  0.54514190  0.48288022
   0.18184512  0.79524359  0.28076935
   0.50750000  0.83753000  0.11288000
   0.57907171  0.71070824  0.41222779
   0.38808257  0.83411667  0.51348441
   0.64660322  0.96144977  0.21449863
   0.44964115  0.58495129  0.31531199
   0.57191000  0.54636000  0.07986000
   0.37953757  0.67094255  0.18010836
   0.64702660  0.92140008  0.38246930
   0.48540732  0.54326327  0.48554571
   0.51497306  0.79440066  0.28070316
   0.84083000  0.83753000  0.11288000
   0.72057326  0.83407001  0.51108985
   0.97989714  0.96136168  0.21456169
   0.78443859  0.58676942  0.31650566
   0.90524000  0.54636000  0.07986000
   0.71286772  0.67101790  0.18000147
   0.97778908  0.92102281  0.38272761
   0.81140601  0.53500024  0.48272797
   0.84793940  0.79442000  0.28065619
   0.91347067  0.71037711  0.41917428
  -0.06629905  0.63719389  0.60337500
   0.81693027  0.44048185  0.59613320
