   0.93630302  0.68925451  0.50027037
   0.03971000  0.19194000  0.09637000
   0.31899706  0.43853098  0.29812962
   0.11595617  0.06261088  0.40044503
   0.18007423  0.31521083  0.19629529
   0.25241961  0.19778580  0.49640264
   0.37304000  0.19194000  0.09637000
   0.65235066  0.43897187  0.29881230
   0.44984571  0.06332234  0.40235840
   0.51322026  0.31580268  0.19754030
   0.58775907  0.19626716  0.49911592
   0.70637000  0.19194000  0.09637000
   0.98575091  0.43876772  0.29820725
   0.78132015  0.06237532  0.40139785
   0.84609933  0.31562149  0.19736763
   0.92272115  0.19268372  0.49696197
   0.03971000  0.69194000  0.09637000
   0.31258796  0.94016958  0.30011058
   0.12700531  0.55982068  0.39993632
   0.17934164  0.81633596  0.19791146
   0.25226976  0.68904746  0.49916164
   0.37304000  0.69194000  0.09637000
   0.64562415  0.93969790  0.29943279
   0.45768832  0.56054255  0.40079864
   0.51261018  0.81592394  0.19770366
   0.59504725  0.69380091  0.49626763
   0.70637000  0.69194000  0.09637000
   0.97923411  0.93957350  0.29885433
   0.84588078  0.81572212  0.19754305
   0.79185227  0.56060106  0.40089038
   0.17953707  0.06456482  0.19596865
   0.28084385  0.43167392  0.50277942
   0.03971000  0.44194000  0.09637000
   0.31598879  0.18878608  0.29946161
   0.12636136  0.31206627  0.39908202
   0.51254634  0.06445969  0.19598475
   0.61244490  0.43301773  0.50403166
   0.37304000  0.44194000  0.09637000
   0.64906846  0.18837980  0.29941480
   0.46024963  0.31272761  0.39995515
   0.84586777  0.06427498  0.19564390
   0.94916233  0.42959899  0.50264047
   0.70637000  0.44194000  0.09637000
   0.98241974  0.18834670  0.29877834
   0.79306165  0.31220435  0.39917243
   0.18068724  0.56462023  0.19540330
   0.25166497  0.94176398  0.50426845
   0.03971000  0.94194000  0.09637000
   0.31631269  0.68939936  0.29949231
   0.10967612  0.81691192  0.40431667
   0.51402493  0.56442934  0.19541780
   0.58191612  0.93849740  0.50599617
   0.37304000  0.94194000  0.09637000
   0.64943617  0.68884867  0.29935074
   0.44333973  0.81694765  0.40286964
   0.84739436  0.56459179  0.19563739
   0.91606220  0.94053198  0.50258600
   0.70637000  0.94194000  0.09637000
   0.98306738  0.68957376  0.29987528
   0.77809282  0.81608150  0.40134048
   0.17312410  0.33284112  0.10950482
   0.26018903  0.20513200  0.41192567
   0.08072564  0.31922740  0.51323853
   0.31470688  0.46029521  0.21385619
   0.11583247  0.08390918  0.31612866
   0.23858000  0.04636000  0.07986000
   0.04554729  0.17065014  0.18010418
   0.32564276  0.41631344  0.38204347
   0.11869719  0.05214642  0.48803232
   0.18269775  0.29303312  0.27999779
   0.50750000  0.33753000  0.11288000
   0.59378316  0.20613122  0.41491043
   0.41333364  0.32292517  0.51278530
   0.64829801  0.46106663  0.21498615
   0.44940613  0.08446413  0.31783319
   0.57191000  0.04636000  0.07986000
   0.37907478  0.17078066  0.18024551
   0.65892153  0.41615708  0.38240746
   0.45399817  0.05011931  0.49019179
   0.51616514  0.29304435  0.28087388
   0.84083000  0.33753000  0.11288000
   0.92530079  0.20500377  0.41332323
   0.74492930  0.32369986  0.51839869
   0.98174979  0.46089303  0.21443737
   0.78230494  0.08399558  0.31705673
   0.90524000  0.04636000  0.07986000
   0.71217419  0.17054066  0.18007911
   0.99202572  0.41537631  0.38152853
   0.78376219  0.04887267  0.48926534
   0.84905616  0.29281361  0.28057825
   0.17417000  0.83753000  0.11288000
   0.24472872  0.70933429  0.41625051
   0.05203403  0.83958443  0.50520102
   0.31369789  0.96148616  0.21573698
   0.11720536  0.58487612  0.31667060
   0.23858000  0.54636000  0.07986000
   0.04673232  0.67094560  0.18016764
   0.30946252  0.92108962  0.38442858
   0.14827606  0.53551967  0.48335541
   0.18196463  0.79362045  0.28125154
   0.50750000  0.83753000  0.11288000
   0.57732276  0.70974533  0.41453100
   0.37993874  0.83214344  0.51430314
   0.64680439  0.96115677  0.21525371
   0.44995844  0.58440204  0.31688375
   0.57191000  0.54636000  0.07986000
   0.38006584  0.67067347  0.18010148
   0.64271602  0.91992442  0.38361785
   0.48048882  0.54253252  0.48741028
   0.51527133  0.79293258  0.28092043
   0.84083000  0.83753000  0.11288000
   0.71542896  0.83312581  0.51499189
   0.98014525  0.96091283  0.21476526
   0.78385864  0.58489732  0.31704332
   0.90524000  0.54636000  0.07986000
   0.71323954  0.67055207  0.18006022
   0.97586767  0.92040128  0.38265126
   0.81339962  0.53760105  0.48551733
   0.84822148  0.79288472  0.28077866
   0.90833104  0.70897349  0.41708564
   0.03884370  0.65364974  0.59144337
   0.80188177  0.49608458  0.60295688
