   0.60377684  0.19006982  0.50265775
   0.03971000  0.19194000  0.09637000
   0.31289321  0.44058508  0.29823420
   0.12494658  0.06169533  0.40009344
   0.17929131  0.31610186  0.19719404
   0.26039861  0.19534354  0.49485699
   0.37304000  0.19194000  0.09637000
   0.64759229  0.44096914  0.29879325
   0.46088698  0.06434670  0.40254551
   0.51238904  0.31648386  0.19735210
   0.70637000  0.19194000  0.09637000
   0.97980625  0.44077709  0.29823636
   0.79321721  0.06055780  0.39754434
   0.84599122  0.31637808  0.19698311
   0.91536687  0.18910929  0.49763892
   0.03971000  0.69194000  0.09637000
   0.31978989  0.94161016  0.29923674
   0.11527840  0.56476057  0.39962375
   0.18002649  0.81705953  0.19772852
   0.25865431  0.69581969  0.49524645
   0.37304000  0.69194000  0.09637000
   0.65199446  0.93869205  0.29602513
   0.44772906  0.56478882  0.39920637
   0.51309523  0.81510300  0.19514356
   0.58992435  0.69594068  0.49497664
   0.70637000  0.69194000  0.09637000
   0.98566342  0.93952958  0.29760273
   0.84715778  0.81578750  0.19595688
   0.92214843  0.70021504  0.49591415
   0.78273330  0.56536197  0.40026429
   0.18122858  0.06503927  0.19523384
   0.24640175  0.44009957  0.50314772
   0.03971000  0.44194000  0.09637000
   0.31755564  0.19032166  0.29947839
   0.11102568  0.31745515  0.40091450
   0.51404733  0.06456280  0.19430733
   0.57942229  0.44534722  0.50255159
   0.37304000  0.44194000  0.09637000
   0.65036657  0.19017856  0.29833730
   0.44645995  0.31796707  0.40182248
   0.84757298  0.06463030  0.19441316
   0.91793490  0.44604960  0.50297965
   0.70637000  0.44194000  0.09637000
   0.98384976  0.18973922  0.29819512
   0.77820137  0.31690428  0.40117910
   0.17952748  0.56484745  0.19529981
   0.28072885  0.93443942  0.50332512
   0.03971000  0.94194000  0.09637000
   0.31561488  0.69010798  0.29799724
   0.12545944  0.81594316  0.39938708
   0.51279934  0.56471994  0.19543170
   0.61423915  0.93328808  0.50280526
   0.37304000  0.94194000  0.09637000
   0.64919247  0.68954676  0.29770624
   0.45864904  0.81555013  0.39878292
   0.84647834  0.56507670  0.19533335
   0.94696570  0.93387148  0.50097862
   0.70637000  0.94194000  0.09637000
   0.98253703  0.69048306  0.29889805
   0.79168337  0.81475542  0.39843918
   0.17417000  0.33753000  0.11288000
   0.24626983  0.21066127  0.41293673
   0.04314407  0.33479246  0.51089043
   0.31362427  0.46103109  0.21405459
   0.11776316  0.08505801  0.31567761
   0.23858000  0.04636000  0.07986000
   0.04695951  0.17097415  0.17984052
   0.31121073  0.42122204  0.38233854
   0.14739840  0.04441377  0.48668881
   0.18304307  0.29366247  0.28039998
   0.50750000  0.33753000  0.11288000
   0.57957368  0.21305183  0.41963640
   0.37960751  0.33550632  0.51321416
   0.64757088  0.46133937  0.21416280
   0.45235978  0.08752947  0.31807390
   0.57191000  0.04636000  0.07986000
   0.38016591  0.17095566  0.17975108
   0.64454063  0.42191993  0.38311767
   0.47952481  0.04149552  0.48727233
   0.51641455  0.29454593  0.28056273
   0.84083000  0.33753000  0.11288000
   0.91237088  0.20995770  0.41392358
   0.71306712  0.34407968  0.51310164
   0.98065137  0.46136216  0.21402316
   0.78415467  0.08486387  0.31351203
   0.90524000  0.04636000  0.07986000
   0.71346328  0.17103564  0.17958027
   0.97674770  0.42158649  0.38224243
   0.81249307  0.03635664  0.48014926
   0.84969006  0.29432284  0.28002267
   0.17417000  0.83753000  0.11288000
   0.25741953  0.70815238  0.41151044
   0.07950300  0.82656914  0.51241605
   0.31612469  0.96224074  0.21487310
   0.11574000  0.58517594  0.31539727
   0.23858000  0.54636000  0.07986000
   0.04625414  0.67157044  0.18028280
   0.32485086  0.92038657  0.38306154
   0.11966925  0.55219898  0.48679659
   0.18245917  0.79568433  0.28091520
   0.50597615  0.83243465  0.10884067
   0.59104654  0.70723544  0.41079167
   0.41230810  0.82383676  0.51212651
   0.64837853  0.95990974  0.21171580
   0.44898030  0.58482631  0.31486148
   0.57191000  0.54636000  0.07986000
   0.37877292  0.67073965  0.17959235
   0.65715910  0.91723778  0.37936208
   0.44792949  0.55249459  0.48667721
   0.51552309  0.79322397  0.27834953
   0.83985914  0.83238814  0.10919731
   0.74619046  0.82247358  0.51086425
   0.98213350  0.96083371  0.21317470
   0.78257505  0.58533136  0.31577118
   0.90524000  0.54636000  0.07986000
   0.71235635  0.67109226  0.17992870
   0.99058271  0.91859742  0.38150556
   0.78514330  0.55589693  0.48739710
   0.84900734  0.79439530  0.27957338
   0.92561746  0.70799258  0.41142711
   0.74146926  0.14436696  0.58708327
   0.77378092  0.35613286  0.61172745
