   0.95377607  0.93105219  0.49280192
   0.03971000  0.19194000  0.08602000
   0.31162457  0.44049356  0.28882450
   0.12875430  0.06017154  0.38965197
   0.17934846  0.31644750  0.18728427
   0.24708234  0.19033781  0.49073112
   0.37304000  0.19194000  0.08602000
   0.64464311  0.43992321  0.28899817
   0.45995995  0.06148717  0.39088611
   0.51218865  0.31697582  0.18714418
   0.59274635  0.19268237  0.48717604
   0.70637000  0.19194000  0.08602000
   0.97777393  0.44021745  0.28839426
   0.79670618  0.06298530  0.39325856
   0.84562114  0.31689885  0.18701144
   0.94379761  0.18932863  0.49225447
   0.03971000  0.69194000  0.08602000
   0.31918895  0.94015622  0.28851301
   0.11480140  0.56320580  0.38922457
   0.17962524  0.81703261  0.18721030
   0.25851254  0.69672308  0.48420423
   0.37304000  0.69194000  0.08602000
   0.65429232  0.94225263  0.28979608
   0.44513052  0.56531814  0.38989027
   0.51325015  0.81757544  0.18781116
   0.59041101  0.69899416  0.48489548
   0.70637000  0.69194000  0.08602000
   0.98647597  0.94016496  0.28828544
   0.84574828  0.81709546  0.18737664
   0.92205005  0.69596696  0.48588869
   0.77827607  0.56377844  0.39025851
   0.18121054  0.06565176  0.18600903
   0.24173056  0.44401215  0.49437600
   0.03971000  0.44194000  0.08602000
   0.31628832  0.19086411  0.28980504
   0.10987697  0.31612183  0.39219743
   0.51450810  0.06553552  0.18546972
   0.57343794  0.44427191  0.49489171
   0.37304000  0.44194000  0.08602000
   0.64934046  0.19098382  0.28986412
   0.44332377  0.31931925  0.39460250
   0.84783327  0.06548062  0.18567894
   0.90894902  0.44708379  0.49222430
   0.70637000  0.44194000  0.08602000
   0.98299448  0.19057109  0.28900558
   0.77843832  0.31629132  0.39193869
   0.17887891  0.56550556  0.18554833
   0.28696636  0.93044729  0.49144018
   0.03971000  0.94194000  0.08602000
   0.31484522  0.69004116  0.28875617
   0.12938681  0.81303296  0.38937061
   0.51197971  0.56565052  0.18579060
   0.61913391  0.93264747  0.49385489
   0.37304000  0.94194000  0.08602000
   0.64830265  0.68972823  0.28929524
   0.46309503  0.81425346  0.38877012
   0.84519740  0.56593907  0.18569677
   0.70637000  0.94194000  0.08602000
   0.98128948  0.68950125  0.28924179
   0.79629438  0.81400784  0.38861496
   0.17417000  0.33753000  0.10253000
   0.24396793  0.21001141  0.40692500
   0.03883107  0.34623302  0.50551400
   0.31268676  0.46182421  0.20460529
   0.11740271  0.08650847  0.30665553
   0.23858000  0.04636000  0.06951000
   0.04696165  0.17120781  0.16989503
   0.30738824  0.42158402  0.37296540
   0.15378069  0.03426585  0.47262096
   0.18105905  0.29412288  0.27067198
   0.50750000  0.33753000  0.10253000
   0.57803729  0.21134613  0.40571208
   0.37491267  0.33851757  0.49937148
   0.64612473  0.46219365  0.20477114
   0.45054659  0.08652654  0.30712023
   0.57191000  0.04636000  0.06951000
   0.38018093  0.17120246  0.16962384
   0.64365000  0.42028863  0.37322115
   0.48661607  0.04165230  0.47700432
   0.51457413  0.29408706  0.27038986
   0.84083000  0.33753000  0.10253000
   0.91207322  0.21220384  0.41086695
   0.70450538  0.33766723  0.50827570
   0.97945250  0.46233461  0.20433940
   0.78488952  0.08836269  0.30898611
   0.90524000  0.04636000  0.06951000
   0.71368486  0.17116452  0.16956467
   0.97611748  0.41946503  0.37242437
   0.82080203  0.03984224  0.47853472
   0.84780708  0.29393790  0.27010910
   0.17417000  0.83753000  0.10253000
   0.26265026  0.70473846  0.39961394
   0.08642064  0.81892576  0.49978431
   0.31550738  0.96205102  0.20463822
   0.11436022  0.58428915  0.30517783
   0.23858000  0.54636000  0.06951000
   0.04505523  0.67214952  0.16969790
   0.32804164  0.91742449  0.37189158
   0.11375971  0.55553277  0.47641649
   0.18095194  0.79480510  0.27049777
   0.50750000  0.83753000  0.10253000
   0.59513133  0.70526447  0.40062079
   0.42046062  0.82214466  0.49921132
   0.64914240  0.96277991  0.20555393
   0.44768217  0.58483634  0.30573654
   0.57191000  0.54636000  0.06951000
   0.37828726  0.67246821  0.17005738
   0.66324828  0.91940115  0.37315286
   0.44451071  0.55605659  0.47764986
   0.51575375  0.79575607  0.27127086
   0.84083000  0.83753000  0.10253000
   0.75138738  0.82249504  0.50434477
   0.98161666  0.96189060  0.20466197
   0.78085039  0.58397848  0.30585989
   0.90524000  0.54636000  0.06951000
   0.71136959  0.67232411  0.16988691
   0.99411102  0.91684411  0.37113510
   0.77615307  0.55302941  0.47789380
   0.84798123  0.79427865  0.27078284
   0.92632316  0.70522347  0.40148964
   0.09917135  0.16501222  0.57915912
   0.82064371  0.26024674  0.58251193
