   0.94107435  0.93379036  0.49229674
   0.03971000  0.19194000  0.08602000
   0.31244275  0.43893734  0.28661918
   0.12502091  0.06316868  0.39065958
   0.17928942  0.31413695  0.18501703
   0.26125141  0.19420858  0.48658139
   0.37304000  0.19194000  0.08602000
   0.64753691  0.43929539  0.28702797
   0.45765440  0.06176219  0.38905923
   0.51248827  0.31505991  0.18656630
   0.59098902  0.19310379  0.48558364
   0.70637000  0.19194000  0.08602000
   0.98076027  0.43940320  0.28802974
   0.79111227  0.06335069  0.39221843
   0.84588022  0.31508987  0.18666850
   0.92755039  0.18739941  0.49396317
   0.03971000  0.69194000  0.08602000
   0.31780667  0.93857463  0.28701039
   0.11508270  0.56263581  0.38989879
   0.17910478  0.81447999  0.18571051
   0.25121366  0.69721522  0.48466497
   0.37304000  0.69194000  0.08602000
   0.65250040  0.94150829  0.28872646
   0.44616387  0.56342747  0.38817724
   0.51311430  0.81603124  0.18701317
   0.58820783  0.69644515  0.48338492
   0.70637000  0.69194000  0.08602000
   0.98509977  0.94029648  0.28840317
   0.84598218  0.81543423  0.18709472
   0.91883739  0.69819893  0.48482647
   0.78111729  0.56474852  0.38900340
   0.18029620  0.06358375  0.18448756
   0.24641287  0.44106860  0.49415655
   0.03971000  0.44194000  0.08602000
   0.31669642  0.18859851  0.28706851
   0.11197799  0.31670416  0.39263061
   0.51394481  0.06469179  0.18514143
   0.57443299  0.44473109  0.49326848
   0.37304000  0.44194000  0.08602000
   0.65017657  0.18995144  0.28919375
   0.44692020  0.31696974  0.38827278
   0.84746975  0.06379488  0.18435164
   0.91218450  0.44408572  0.49229409
   0.70637000  0.44194000  0.08602000
   0.98429551  0.18945729  0.28813146
   0.78184236  0.31579630  0.39004537
   0.17950392  0.56435824  0.18470532
   0.27572299  0.93472761  0.49207750
   0.03971000  0.94194000  0.08602000
   0.31560783  0.68924484  0.28798527
   0.12266843  0.81491384  0.38835584
   0.51314943  0.56433534  0.18459672
   0.60517495  0.93285827  0.49255667
   0.37304000  0.94194000  0.08602000
   0.64923625  0.68926855  0.28766412
   0.45591142  0.81518147  0.38843221
   0.84679424  0.56458808  0.18508889
   0.70637000  0.94194000  0.08602000
   0.98311144  0.68892017  0.28819660
   0.79024616  0.81579160  0.38804315
   0.17308922  0.33238075  0.09909724
   0.24870802  0.21137070  0.40418990
   0.04362073  0.33781098  0.50289412
   0.31374342  0.45962825  0.20235883
   0.11829948  0.08568041  0.30649331
   0.23858000  0.04636000  0.06951000
   0.04642448  0.16936746  0.16947877
   0.31066661  0.41967996  0.37105161
   0.14453664  0.04365627  0.47664372
   0.18298618  0.29248454  0.26865398
   0.50750000  0.33753000  0.10253000
   0.58071673  0.21103677  0.40076441
   0.37857535  0.33609052  0.50516972
   0.64758218  0.46044212  0.20389083
   0.45054200  0.08373316  0.30487198
   0.57191000  0.04636000  0.06951000
   0.37982560  0.17013702  0.16984872
   0.64804190  0.42003159  0.37103544
   0.47579401  0.04233747  0.47512765
   0.51624177  0.29312552  0.27004281
   0.84083000  0.33753000  0.10253000
   0.91321788  0.21070867  0.41112735
   0.70630370  0.34287238  0.50603337
   0.98101205  0.46051420  0.20439727
   0.78539435  0.08719140  0.30832824
   0.90524000  0.04636000  0.06951000
   0.71365154  0.16999159  0.16935011
   0.97892848  0.41923468  0.37240072
   0.80460657  0.03787619  0.47579730
   0.84941621  0.29321858  0.27030493
   0.17305171  0.83263765  0.09951779
   0.25602666  0.70697457  0.40125168
   0.07315183  0.82570894  0.50148571
   0.31468619  0.95925707  0.20302186
   0.11610364  0.58427146  0.30573427
   0.23858000  0.54636000  0.06951000
   0.04544494  0.67029293  0.16984874
   0.32210920  0.91865754  0.37126425
   0.11764267  0.55106184  0.47679332
   0.18226617  0.79329070  0.26969736
   0.50750000  0.83753000  0.10253000
   0.58903006  0.70665068  0.40012682
   0.40590871  0.82523144  0.50163785
   0.64896298  0.96130876  0.20519459
   0.44885236  0.58377696  0.30422712
   0.57191000  0.54636000  0.06951000
   0.37982743  0.67126410  0.16991325
   0.65584679  0.91983325  0.37244581
   0.44635629  0.55296023  0.47524113
   0.51604227  0.79489455  0.27079463
   0.84083000  0.83753000  0.10253000
   0.73858521  0.82294849  0.50268036
   0.98202373  0.96036388  0.20456781
   0.78256739  0.58424799  0.30441116
   0.90524000  0.54636000  0.06951000
   0.71261427  0.67097072  0.17009634
   0.98997857  0.92033776  0.37247664
   0.78128171  0.55272926  0.47660967
   0.84977016  0.79436700  0.27103603
   0.92179714  0.70809998  0.40148873
   0.92692110  0.13613243  0.59645873
   0.75487279  0.26086546  0.58379006
