   0.27917106  0.43261480  0.49197482
   0.03971000  0.19194000  0.08602000
   0.31776337  0.43751927  0.28727422
   0.11249367  0.05862304  0.38870037
   0.17863943  0.31546651  0.18683578
   0.25737553  0.19203126  0.48234915
   0.37304000  0.19194000  0.08602000
   0.65087320  0.43684073  0.28738527
   0.44912072  0.05943217  0.39055141
   0.51259297  0.31478005  0.18684863
   0.59199063  0.19252598  0.48609672
   0.70637000  0.19194000  0.08602000
   0.98441166  0.43953446  0.28911783
   0.78114624  0.06140131  0.39074286
   0.84605379  0.31622849  0.18753112
   0.92686538  0.19119937  0.48647277
   0.03971000  0.69194000  0.08602000
   0.31137117  0.93974662  0.28782769
   0.12265375  0.55950044  0.39168207
   0.17958675  0.81488928  0.18630669
   0.26463442  0.69011621  0.48653499
   0.37304000  0.69194000  0.08602000
   0.64519937  0.94004196  0.28770373
   0.46031798  0.55923562  0.38840891
   0.51303921  0.81520029  0.18607972
   0.59296026  0.69258998  0.48528869
   0.70637000  0.69194000  0.08602000
   0.97743266  0.93802104  0.28584858
   0.84589301  0.81437103  0.18519616
   0.92925735  0.69326174  0.48715663
   0.78857051  0.55951025  0.38892893
   0.17965183  0.06432217  0.18463908
   0.03971000  0.44194000  0.08602000
   0.31537291  0.18794752  0.28947425
   0.12578478  0.31159075  0.38788952
   0.51260857  0.06401666  0.18460245
   0.61251477  0.43407259  0.49205490
   0.37304000  0.44194000  0.08602000
   0.64887466  0.18807644  0.28875148
   0.45914618  0.31192977  0.39057669
   0.84576620  0.06425408  0.18405867
   0.94718464  0.43097163  0.49721789
   0.70637000  0.44194000  0.08602000
   0.98175462  0.18740382  0.28782557
   0.79237029  0.31306758  0.39059091
   0.17987774  0.56419158  0.18534720
   0.25193550  0.93630160  0.49455312
   0.03971000  0.94194000  0.08602000
   0.31537020  0.68837734  0.28791567
   0.10870774  0.81363633  0.38903183
   0.51315253  0.56329307  0.18497214
   0.58568092  0.93699544  0.49558434
   0.37304000  0.94194000  0.08602000
   0.64794961  0.68741385  0.28584554
   0.44201224  0.81513782  0.38964437
   0.84667982  0.56455023  0.18685064
   0.91906930  0.93703239  0.49510914
   0.70637000  0.94194000  0.08602000
   0.98146346  0.68838615  0.28784796
   0.77495363  0.81407083  0.38790885
   0.17417000  0.33753000  0.10253000
   0.25683674  0.20111554  0.39862311
   0.07616769  0.32067056  0.50466754
   0.31366725  0.46030459  0.20351743
   0.11413569  0.08142152  0.30425651
   0.23858000  0.04636000  0.06951000
   0.04524137  0.17086428  0.16950916
   0.32450407  0.41531615  0.37090000
   0.12245727  0.04617295  0.47635136
   0.18161134  0.29174986  0.26988271
   0.50750000  0.33753000  0.10253000
   0.59284911  0.20234239  0.40237055
   0.41078267  0.32360645  0.49436719
   0.64664527  0.45899334  0.20351650
   0.44912926  0.08281528  0.30582483
   0.57191000  0.04636000  0.06951000
   0.37884316  0.17029498  0.16931687
   0.65855925  0.41550516  0.37187364
   0.45560744  0.04710831  0.47828010
   0.51505498  0.29156443  0.26998674
   0.84083000  0.33753000  0.10253000
   0.92484039  0.20423101  0.40311407
   0.74156096  0.32323790  0.50126244
   0.98127420  0.46089939  0.20505202
   0.78245920  0.08384797  0.30617539
   0.90524000  0.04636000  0.06951000
   0.71224406  0.17115862  0.16957407
   0.99197150  0.41586707  0.37282785
   0.78869944  0.04571296  0.47861557
   0.84906513  0.29319794  0.27075217
   0.17315118  0.83363180  0.09977381
   0.24343864  0.70851886  0.40488947
   0.05314887  0.83317303  0.50584311
   0.31337642  0.95994391  0.20353307
   0.11630017  0.58504768  0.30734252
   0.23858000  0.54636000  0.06951000
   0.04657261  0.67036406  0.16992515
   0.30714988  0.91827330  0.37178735
   0.14462730  0.54076521  0.47821773
   0.18069029  0.79313136  0.26989690
   0.50640935  0.83382203  0.09959694
   0.57686109  0.70953861  0.40280189
   0.38443215  0.82999639  0.50466330
   0.64721647  0.96039318  0.20318723
   0.44929348  0.58351564  0.30485518
   0.57191000  0.54636000  0.06951000
   0.37992273  0.67020698  0.16977851
   0.64096626  0.91929767  0.37184543
   0.48156392  0.54307229  0.47308262
   0.51385917  0.79304580  0.26945694
   0.83961612  0.83358779  0.09914297
   0.71895072  0.83032699  0.50533845
   0.97974990  0.95959057  0.20163893
   0.78264250  0.58280754  0.29960143
   0.90524000  0.54636000  0.06951000
   0.71248535  0.66971954  0.16944150
   0.97366765  0.91730644  0.36994964
   0.82041651  0.54463489  0.49442875
   0.84729150  0.79236318  0.26841784
   0.90827765  0.70725349  0.40466399
   0.47952232  0.47975373  0.62639012
   0.73932999  0.49012830  0.59433470
