   0.27933089  0.43261687  0.49276422
   0.03971000  0.19194000  0.08602000
   0.31739071  0.43760684  0.28752908
   0.11607108  0.05861434  0.38800918
   0.17853846  0.31483352  0.18697508
   0.25519668  0.19266056  0.48302162
   0.37304000  0.19194000  0.08602000
   0.65070803  0.43679570  0.28727272
   0.44912453  0.05991121  0.38941788
   0.51142637  0.31416234  0.18717130
   0.59109659  0.19133672  0.48467493
   0.70637000  0.19194000  0.08602000
   0.98327091  0.43858564  0.28911160
   0.78247530  0.06080085  0.38978526
   0.84548532  0.31625281  0.18739918
   0.92996792  0.19270274  0.48475452
   0.03971000  0.69194000  0.08602000
   0.31167439  0.93776183  0.28706164
   0.12080637  0.55964323  0.39127701
   0.17838536  0.81447403  0.18525172
   0.26453339  0.69109016  0.48620026
   0.37304000  0.69194000  0.08602000
   0.64475034  0.93891068  0.28715620
   0.46071228  0.55982281  0.38829530
   0.51145088  0.81477632  0.18541762
   0.59616064  0.69142660  0.48447908
   0.70637000  0.69194000  0.08602000
   0.97782966  0.93775116  0.28621453
   0.84528234  0.81427991  0.18468388
   0.92878128  0.69406236  0.49141308
   0.78785692  0.56170269  0.38676332
   0.17919857  0.06343557  0.18384256
   0.03971000  0.44194000  0.08602000
   0.31460578  0.18646157  0.28790960
   0.12467874  0.31143404  0.38790417
   0.51308670  0.06407841  0.18438994
   0.60960667  0.43159945  0.49255149
   0.37304000  0.44194000  0.08602000
   0.64823666  0.18761315  0.28894488
   0.45789827  0.31284322  0.38927091
   0.84575566  0.06355543  0.18376895
   0.94650024  0.43253720  0.49880888
   0.70637000  0.44194000  0.08602000
   0.98095602  0.18748821  0.28775874
   0.79143516  0.31312859  0.39106075
   0.17927036  0.56327343  0.18460956
   0.25519786  0.93729883  0.49338691
   0.03971000  0.94194000  0.08602000
   0.31490978  0.68795345  0.28791987
   0.10865850  0.81195861  0.39017190
   0.51218223  0.56246600  0.18427155
   0.58815102  0.93561372  0.49379930
   0.37304000  0.94194000  0.08602000
   0.64824656  0.68775107  0.28508760
   0.44289650  0.81618290  0.38911886
   0.84550719  0.56363617  0.18643255
   0.92105394  0.93842776  0.49360012
   0.70637000  0.94194000  0.08602000
   0.98190263  0.68810616  0.28621787
   0.77733955  0.81421330  0.38957453
   0.17417000  0.33753000  0.10253000
   0.25619860  0.20239583  0.39923600
   0.07809221  0.32256972  0.50369244
   0.31361610  0.45980311  0.20394789
   0.11369084  0.08146327  0.30389821
   0.23858000  0.04636000  0.06951000
   0.04567822  0.16990627  0.16933085
   0.32352001  0.41595589  0.37067239
   0.12211557  0.04683953  0.47552806
   0.18156681  0.29140446  0.26987122
   0.50750000  0.33753000  0.10253000
   0.59055955  0.20373512  0.40143029
   0.41099437  0.32161224  0.49316750
   0.64597539  0.45824391  0.20363830
   0.44817519  0.08137301  0.30511738
   0.57191000  0.04636000  0.06951000
   0.37882464  0.16976558  0.16951370
   0.65940251  0.41669847  0.37120232
   0.45749781  0.04477543  0.47662359
   0.51396515  0.29109643  0.27056752
   0.84083000  0.33753000  0.10253000
   0.92447340  0.20318155  0.40164609
   0.74218022  0.32250955  0.50009045
   0.98120998  0.46075693  0.20523518
   0.78173782  0.08261675  0.30525174
   0.90524000  0.04636000  0.06951000
   0.71269956  0.17093196  0.16979539
   0.99064478  0.41471264  0.37272651
   0.79001278  0.04778602  0.47745690
   0.84800386  0.29256626  0.27046675
   0.17332188  0.83289867  0.09899711
   0.24337490  0.70889165  0.40455514
   0.05580655  0.83492490  0.50478395
   0.31306663  0.95944793  0.20231835
   0.11485526  0.58467682  0.30741144
   0.23858000  0.54636000  0.06951000
   0.04471596  0.66959265  0.16949223
   0.30724233  0.91794197  0.37131732
   0.14507070  0.54107513  0.47735714
   0.18085544  0.79193058  0.26868425
   0.50665179  0.83292882  0.09912262
   0.57724881  0.71106881  0.40261164
   0.38734420  0.82969118  0.50365904
   0.64628397  0.95991015  0.20257017
   0.44954181  0.58420404  0.30490032
   0.57191000  0.54636000  0.06951000
   0.37843968  0.66935274  0.16936597
   0.64353247  0.91930997  0.37132835
   0.48053458  0.54187132  0.47327402
   0.51333861  0.79248353  0.26881000
   0.83989279  0.83269744  0.09838710
   0.72205142  0.83069484  0.50374648
   0.97961932  0.95902458  0.20159556
   0.78343791  0.58375832  0.29924601
   0.90524000  0.54636000  0.06951000
   0.71138807  0.66923826  0.16923744
   0.97696866  0.91562043  0.37038744
   0.81882027  0.54534033  0.50396976
   0.84796721  0.79282346  0.26800223
   0.90673310  0.70513687  0.40905167
   0.48618539  0.49050530  0.63481852
   0.73433784  0.50013414  0.59304709
