   0.60000190  0.19314763  0.50557961
   0.03971000  0.19194000  0.09637000
   0.31987040  0.44000580  0.29959888
   0.11535403  0.06114367  0.40103010
   0.17990688  0.31638485  0.19786498
   0.26165297  0.19050850  0.49637552
   0.37304000  0.19194000  0.09637000
   0.65181789  0.43793225  0.29714383
   0.45082614  0.06495678  0.40354238
   0.51256491  0.31523812  0.19710338
   0.70637000  0.19194000  0.09637000
   0.98688655  0.43880908  0.29859730
   0.78296590  0.06204394  0.40173447
   0.84648910  0.31577970  0.19746998
   0.92195042  0.18845188  0.50167720
   0.03971000  0.69194000  0.09637000
   0.31356248  0.94081193  0.30071695
   0.12538082  0.56049212  0.40117994
   0.18002273  0.81649787  0.19800460
   0.25764507  0.69397780  0.49709372
   0.37304000  0.69194000  0.09637000
   0.64622857  0.93988745  0.29997816
   0.45831750  0.56183907  0.40256063
   0.51251996  0.81578607  0.19752617
   0.59682272  0.68938239  0.49870597
   0.70637000  0.69194000  0.09637000
   0.97875418  0.93917695  0.29943327
   0.84589777  0.81552956  0.19714569
   0.91857282  0.68816156  0.49578226
   0.79323467  0.55911249  0.39746646
   0.17946108  0.06471774  0.19610222
   0.27873374  0.43074960  0.50419155
   0.03971000  0.44194000  0.09637000
   0.31553145  0.18862249  0.29988258
   0.12703628  0.31206792  0.40008578
   0.51258472  0.06443266  0.19588371
   0.60450580  0.43172131  0.49832522
   0.37304000  0.44194000  0.09637000
   0.64880958  0.18800681  0.29921451
   0.46044778  0.31231633  0.39960539
   0.84607615  0.06466368  0.19583435
   0.95032873  0.43149236  0.50202643
   0.70637000  0.44194000  0.09637000
   0.98209489  0.18808735  0.29953803
   0.79363522  0.31091001  0.39819368
   0.18139663  0.56501149  0.19582345
   0.24875123  0.93749494  0.50571107
   0.03971000  0.94194000  0.09637000
   0.31689390  0.69017396  0.30034583
   0.11096571  0.81650335  0.40327736
   0.51424688  0.56454851  0.19520387
   0.58359882  0.93964333  0.50615601
   0.37304000  0.94194000  0.09637000
   0.64978329  0.68968052  0.29901486
   0.44537451  0.81753423  0.40416161
   0.84785058  0.56456132  0.19532369
   0.91612901  0.93743903  0.50472067
   0.70637000  0.94194000  0.09637000
   0.98429647  0.68976777  0.29888821
   0.77711195  0.81612689  0.40378331
   0.17417000  0.33753000  0.11288000
   0.25983127  0.20425622  0.41272229
   0.08033426  0.32338251  0.51304502
   0.31550547  0.46166559  0.21567641
   0.11538627  0.08336152  0.31687926
   0.23858000  0.04636000  0.07986000
   0.04571526  0.17116243  0.18041009
   0.32653611  0.41707739  0.38312713
   0.11986979  0.04730205  0.48862907
   0.18261628  0.29375538  0.28135573
   0.50750000  0.33753000  0.11288000
   0.59354023  0.20827482  0.41791398
   0.40872829  0.32084262  0.51356462
   0.64824894  0.46041701  0.21379950
   0.44969104  0.08510883  0.31879619
   0.57191000  0.04636000  0.07986000
   0.37879913  0.17036725  0.18002970
   0.65947064  0.41491525  0.38013539
   0.44945790  0.04971863  0.48986289
   0.51536598  0.29229943  0.28020248
   0.84083000  0.33753000  0.11288000
   0.92740316  0.20579611  0.41430149
   0.73991291  0.34377808  0.51716510
   0.98222638  0.46096822  0.21483339
   0.78179896  0.08413220  0.31750566
   0.90524000  0.04636000  0.07986000
   0.71224391  0.17076174  0.18020835
   0.99285627  0.41643340  0.38226060
   0.78657333  0.04202718  0.48376681
   0.84926063  0.29313259  0.28085921
   0.17417000  0.83753000  0.11288000
   0.24509622  0.70960243  0.41504108
   0.04417618  0.82705462  0.51253003
   0.31394298  0.96181134  0.21618078
   0.11747300  0.58507584  0.31748287
   0.23858000  0.54636000  0.07986000
   0.04737039  0.67108395  0.18043835
   0.31062480  0.92144020  0.38514794
   0.14730785  0.54154413  0.48750881
   0.18289858  0.79400077  0.28154185
   0.50452918  0.83162119  0.11057021
   0.57737583  0.70952715  0.41921642
   0.37996569  0.83309528  0.51550128
   0.64683248  0.96123098  0.21530692
   0.45165268  0.58660256  0.31880817
   0.57191000  0.54636000  0.07986000
   0.38038218  0.67065641  0.18043673
   0.64303617  0.91862273  0.38380600
   0.48028606  0.53962713  0.48877128
   0.51566604  0.79350241  0.28120912
   0.83785353  0.83152507  0.11032049
   0.71730505  0.82926488  0.51428703
   0.97993129  0.96110375  0.21495232
   0.78426366  0.58471631  0.31431555
   0.90524000  0.54636000  0.07986000
   0.71363204  0.67041005  0.18030736
   0.97598113  0.91857431  0.38352813
   0.81086732  0.53691364  0.48332014
   0.84883896  0.79315385  0.28062901
   0.90933550  0.70762898  0.41497503
   0.76223237  0.17617089  0.59248566
   0.76213980  0.48984088  0.59436305
