   0.27401114  0.43534051  0.49225116
   0.03971000  0.19194000  0.08602000
   0.31683316  0.44014560  0.28928363
   0.12162802  0.05997826  0.39060685
   0.17907947  0.31611367  0.18769670
   0.26375990  0.19442422  0.48506351
   0.37304000  0.19194000  0.08602000
   0.64915218  0.43793067  0.28658178
   0.45454411  0.06203532  0.39086125
   0.51175752  0.31437223  0.18681854
   0.59762190  0.19456925  0.48560170
   0.70637000  0.19194000  0.08602000
   0.98255457  0.43917216  0.28865198
   0.78779360  0.06115752  0.38990629
   0.84619129  0.31539103  0.18717326
   0.93219733  0.19342994  0.48419488
   0.03971000  0.69194000  0.08602000
   0.31404859  0.93908400  0.28913958
   0.11875807  0.56123731  0.39129671
   0.17892736  0.81600415  0.18727757
   0.26336701  0.69160157  0.48635584
   0.37304000  0.69194000  0.08602000
   0.64774313  0.93854211  0.28841488
   0.46011533  0.56147407  0.39164385
   0.51077764  0.81568608  0.18707859
   0.59996264  0.69379357  0.48734916
   0.70637000  0.69194000  0.08602000
   0.98090659  0.93914150  0.28881593
   0.84483025  0.81612211  0.18699931
   0.92983430  0.69514370  0.49299229
   0.78727209  0.56399901  0.38524247
   0.17929413  0.06421922  0.18551446
   0.03971000  0.44194000  0.08602000
   0.31602756  0.18865929  0.28966106
   0.12211409  0.31471453  0.38961290
   0.51292670  0.06412201  0.18561012
   0.60927407  0.43693339  0.50022589
   0.37304000  0.44194000  0.08602000
   0.64937685  0.18807651  0.28905101
   0.45646306  0.31703929  0.39165842
   0.84609927  0.06426063  0.18544885
   0.94124007  0.43398985  0.50057863
   0.70637000  0.44194000  0.08602000
   0.98256269  0.18838702  0.28907018
   0.78860586  0.31647879  0.39044464
   0.17914561  0.56442191  0.18559115
   0.26787757  0.93807469  0.49408331
   0.03971000  0.94194000  0.08602000
   0.31465838  0.68894068  0.28994016
   0.11409570  0.81264285  0.39317755
   0.51233782  0.56374901  0.18476538
   0.59941483  0.93648520  0.49401583
   0.37304000  0.94194000  0.08602000
   0.64769239  0.68890413  0.28672831
   0.44972560  0.81592097  0.39152080
   0.84581138  0.56461727  0.18634357
   0.93325420  0.93820533  0.49339084
   0.70637000  0.94194000  0.08602000
   0.98243518  0.68967763  0.28708182
   0.78327153  0.81341869  0.39201999
   0.17417000  0.33753000  0.10253000
   0.25511879  0.20669736  0.40210763
   0.07355713  0.32550766  0.50259035
   0.31363462  0.46127113  0.20526138
   0.11581393  0.08332786  0.30662481
   0.23858000  0.04636000  0.06951000
   0.04602699  0.17100922  0.16984372
   0.32081993  0.41952945  0.37341990
   0.13523160  0.04815146  0.47781095
   0.18235874  0.29322958  0.27114498
   0.50750000  0.33753000  0.10253000
   0.58894503  0.20821279  0.40296224
   0.40714701  0.32766066  0.49867664
   0.64553808  0.45891350  0.20267055
   0.44950993  0.08347873  0.30687521
   0.57191000  0.04636000  0.06951000
   0.37866700  0.16982513  0.16945764
   0.65534660  0.42016501  0.37074053
   0.46875055  0.04689996  0.47798717
   0.51514126  0.29174461  0.27005964
   0.84083000  0.33753000  0.10253000
   0.92125130  0.20710875  0.40180605
   0.73839095  0.32716651  0.50293099
   0.98066522  0.46064072  0.20466658
   0.78310409  0.08310995  0.30585172
   0.90524000  0.04636000  0.06951000
   0.71255489  0.17023945  0.16957954
   0.98716118  0.41776256  0.37233329
   0.80101187  0.04733715  0.47699480
   0.84874488  0.29241659  0.27030512
   0.17417000  0.83753000  0.10253000
   0.24977140  0.70756456  0.40415441
   0.06722797  0.83341926  0.50041954
   0.31371228  0.96101819  0.20491213
   0.11463578  0.58498314  0.30681176
   0.23858000  0.54636000  0.06951000
   0.04567889  0.67056937  0.16972080
   0.31415632  0.91902033  0.37344699
   0.13834118  0.54365638  0.47740131
   0.18155012  0.79324319  0.27053656
   0.50750000  0.83753000  0.10253000
   0.58257447  0.70974122  0.40497479
   0.39736664  0.82898802  0.50245038
   0.64663966  0.96044832  0.20442438
   0.45011810  0.58537166  0.30724808
   0.57191000  0.54636000  0.06951000
   0.37862445  0.67008618  0.16945201
   0.64970317  0.91844544  0.37260752
   0.47826244  0.54487652  0.47900626
   0.51275641  0.79318706  0.27027118
   0.84083000  0.83753000  0.10253000
   0.73250272  0.83042771  0.50373458
   0.98069308  0.96123453  0.20451114
   0.78316617  0.58435958  0.29753693
   0.90524000  0.54636000  0.06951000
   0.71185186  0.67049599  0.16948645
   0.98189333  0.91641548  0.37309800
   0.81076585  0.55024926  0.51008493
   0.84739015  0.79445263  0.27014275
   0.91152138  0.70325243  0.40957410
   0.05569169  0.56208724  0.67659148
   0.91559887  0.56302446  0.59432352
