   0.57645089  0.68972260  0.50302610
   0.03971000  0.19194000  0.09637000
   0.31935190  0.43981790  0.29925905
   0.11603267  0.06104936  0.40080333
   0.17956376  0.31573545  0.19712477
   0.25898458  0.19110372  0.49645703
   0.37304000  0.19194000  0.09637000
   0.65188842  0.43799249  0.29692834
   0.45112307  0.06469881  0.40315268
   0.51238435  0.31468792  0.19610025
   0.59080221  0.19681077  0.50149575
   0.70637000  0.19194000  0.09637000
   0.98673418  0.43891995  0.29867859
   0.78194513  0.06231404  0.40179358
   0.84643662  0.31571162  0.19746264
   0.92926149  0.19191403  0.49682472
   0.03971000  0.69194000  0.09637000
   0.31356520  0.94069451  0.30046073
   0.12656986  0.56129434  0.40178078
   0.17980563  0.81601144  0.19733958
   0.27397475  0.69230722  0.50291776
   0.37304000  0.69194000  0.09637000
   0.64599037  0.93966663  0.29974282
   0.45951291  0.56097788  0.40129754
   0.51267040  0.81566792  0.19707791
   0.70637000  0.69194000  0.09637000
   0.97903257  0.93906665  0.29937716
   0.84609621  0.81589045  0.19749646
   0.92653635  0.69034705  0.49504399
   0.79081680  0.55929268  0.39847840
   0.17924045  0.06448713  0.19613849
   0.27919422  0.43098935  0.50436657
   0.03971000  0.44194000  0.09637000
   0.31559665  0.18877824  0.29974568
   0.12716358  0.31257520  0.39989180
   0.51259740  0.06427584  0.19590297
   0.60688287  0.42734228  0.49963510
   0.37304000  0.44194000  0.09637000
   0.64886767  0.18826927  0.29910385
   0.46008690  0.31233975  0.39970733
   0.84578398  0.06435703  0.19577275
   0.94795923  0.43002173  0.50329508
   0.70637000  0.44194000  0.09637000
   0.98244172  0.18835829  0.29925824
   0.79360208  0.31132429  0.39820975
   0.18111079  0.56473743  0.19598977
   0.24733391  0.94209903  0.50384131
   0.03971000  0.94194000  0.09637000
   0.31683397  0.69012855  0.30057830
   0.11241700  0.81585397  0.40289114
   0.51410256  0.56440796  0.19538879
   0.58528385  0.94121937  0.50535233
   0.37304000  0.94194000  0.09637000
   0.64971894  0.68963578  0.29938606
   0.44437165  0.81618957  0.40480475
   0.84753245  0.56433344  0.19545582
   0.91549183  0.93742823  0.50484595
   0.70637000  0.94194000  0.09637000
   0.98387391  0.68954675  0.29896556
   0.77627162  0.81614691  0.40401637
   0.17373913  0.33337592  0.10998458
   0.25931684  0.20397719  0.41259287
   0.07797085  0.32137386  0.51401003
   0.31500380  0.46069252  0.21493936
   0.11529336  0.08349083  0.31679213
   0.23858000  0.04636000  0.07986000
   0.04550959  0.17106916  0.18065570
   0.32582878  0.41594617  0.38239099
   0.11519883  0.04997307  0.48906332
   0.18253064  0.29364573  0.28108962
   0.50706550  0.33319502  0.10930000
   0.59528832  0.20781218  0.41660091
   0.40994483  0.31877568  0.51383149
   0.64749620  0.45958902  0.21317524
   0.44989909  0.08529987  0.31853635
   0.57191000  0.04636000  0.07986000
   0.37866254  0.17037427  0.18039546
   0.66044292  0.41518351  0.38070201
   0.45373790  0.05465905  0.49086862
   0.51557084  0.29241964  0.28002218
   0.84083000  0.33753000  0.11288000
   0.92580271  0.20523170  0.41367424
   0.74292960  0.32615346  0.52202181
   0.98223038  0.46079067  0.21471649
   0.78216433  0.08421378  0.31741415
   0.90524000  0.04636000  0.07986000
   0.71217799  0.17076903  0.18029676
   0.99227136  0.41621489  0.38232750
   0.78760129  0.04946967  0.48960837
   0.84926127  0.29296406  0.28087815
   0.17371134  0.83343160  0.11004586
   0.24409488  0.70944090  0.41848985
   0.04646954  0.83090262  0.51317195
   0.31345297  0.96095460  0.21554283
   0.11760014  0.58523365  0.31729811
   0.23858000  0.54636000  0.07986000
   0.04703147  0.67100592  0.18064236
   0.31029116  0.92180530  0.38457995
   0.14685799  0.53976752  0.48686856
   0.18285075  0.79419853  0.28134125
   0.50707158  0.83344016  0.10981036
   0.57900517  0.70904512  0.41894056
   0.38128320  0.84335543  0.50689068
   0.64636060  0.96076096  0.21496936
   0.45105450  0.58607791  0.31811066
   0.57191000  0.54636000  0.07986000
   0.38035715  0.67079461  0.18054694
   0.64292838  0.92002349  0.38402968
   0.47827759  0.53297434  0.48340869
   0.51532729  0.79368156  0.28098135
   0.84083000  0.83753000  0.11288000
   0.71584153  0.83391894  0.51239003
   0.98026120  0.96112080  0.21506744
   0.78394289  0.58375981  0.31478000
   0.90524000  0.54636000  0.07986000
   0.71356671  0.67054478  0.18010286
   0.97626063  0.91917271  0.38368569
   0.81230530  0.53794325  0.48627361
   0.84870039  0.79313978  0.28061499
   0.91008415  0.70748813  0.41285551
   0.43152111  0.67072829  0.58744977
   0.76233587  0.48851227  0.59551953
