   0.95378732  0.93122394  0.49287090
   0.03971000  0.19194000  0.08602000
   0.31162310  0.44043248  0.28883043
   0.12881851  0.06024602  0.38970218
   0.17933424  0.31635424  0.18736448
   0.24686974  0.19021958  0.49088576
   0.37304000  0.19194000  0.08602000
   0.64459046  0.43988466  0.28899914
   0.45989527  0.06155005  0.39090281
   0.51211036  0.31688928  0.18717087
   0.59250906  0.19266810  0.48714964
   0.70637000  0.19194000  0.08602000
   0.97777846  0.44021361  0.28841116
   0.79683159  0.06299771  0.39325876
   0.84570202  0.31690189  0.18703429
   0.94379739  0.18938170  0.49249670
   0.03971000  0.69194000  0.08602000
   0.31917641  0.94024609  0.28850697
   0.11491199  0.56307041  0.38922606
   0.17972782  0.81702730  0.18723673
   0.25849775  0.69651931  0.48422911
   0.37304000  0.69194000  0.08602000
   0.65425610  0.94230645  0.28978279
   0.44508623  0.56534991  0.38998649
   0.51330947  0.81760221  0.18778666
   0.59033224  0.69902957  0.48487766
   0.70637000  0.69194000  0.08602000
   0.98650289  0.94015595  0.28825352
   0.84570779  0.81711427  0.18742359
   0.92200896  0.69587715  0.48578547
   0.77837844  0.56387918  0.39035449
   0.18114421  0.06568811  0.18606299
   0.24179418  0.44398268  0.49440695
   0.03971000  0.44194000  0.08602000
   0.31634585  0.19099059  0.28986432
   0.10989983  0.31600324  0.39215937
   0.51452244  0.06553700  0.18543340
   0.57342196  0.44468479  0.49481859
   0.37304000  0.44194000  0.08602000
   0.64932283  0.19103689  0.28984282
   0.44299301  0.31924387  0.39467136
   0.84775616  0.06551873  0.18570663
   0.90915038  0.44726839  0.49219863
   0.70637000  0.44194000  0.08602000
   0.98296119  0.19055987  0.28899643
   0.77850881  0.31636898  0.39194741
   0.17884749  0.56557629  0.18553275
   0.28727911  0.93058914  0.49153538
   0.03971000  0.94194000  0.08602000
   0.31469028  0.69004986  0.28871585
   0.12906565  0.81303402  0.38946174
   0.51197419  0.56575011  0.18576357
   0.61935976  0.93296608  0.49382586
   0.37304000  0.94194000  0.08602000
   0.64814395  0.68968792  0.28931208
   0.46314452  0.81425932  0.38872908
   0.84530126  0.56603960  0.18567120
   0.70637000  0.94194000  0.08602000
   0.98118223  0.68958799  0.28928587
   0.79613224  0.81375314  0.38862081
   0.17417000  0.33753000  0.10253000
   0.24405728  0.21003815  0.40681796
   0.03822952  0.34593244  0.50567203
   0.31276020  0.46182291  0.20458280
   0.11743909  0.08652387  0.30659055
   0.23858000  0.04636000  0.06951000
   0.04695343  0.17110604  0.16989766
   0.30740270  0.42152080  0.37298109
   0.15380415  0.03416954  0.47247071
   0.18110311  0.29412999  0.27066486
   0.50750000  0.33753000  0.10253000
   0.57791944  0.21141120  0.40565032
   0.37521555  0.33823356  0.49917208
   0.64617706  0.46224276  0.20471825
   0.45052557  0.08648904  0.30712752
   0.57191000  0.04636000  0.06951000
   0.38013289  0.17116856  0.16961956
   0.64374261  0.42025290  0.37333612
   0.48647127  0.04151559  0.47706136
   0.51448790  0.29408267  0.27032082
   0.84083000  0.33753000  0.10253000
   0.91197313  0.21211475  0.41087089
   0.70439176  0.33741004  0.50810883
   0.97952097  0.46233537  0.20432980
   0.78494838  0.08847113  0.30889741
   0.90524000  0.04636000  0.06951000
   0.71376417  0.17118497  0.16959351
   0.97590614  0.41945376  0.37247260
   0.82039292  0.03984506  0.47850638
   0.84782977  0.29396132  0.27007624
   0.17417000  0.83753000  0.10253000
   0.26261497  0.70472875  0.39961590
   0.08665616  0.81887490  0.49975233
   0.31548424  0.96213915  0.20459849
   0.11433133  0.58426533  0.30520029
   0.23858000  0.54636000  0.06951000
   0.04511461  0.67221982  0.16972211
   0.32808549  0.91734926  0.37189012
   0.11335510  0.55560040  0.47642442
   0.18093346  0.79486692  0.27047759
   0.50750000  0.83753000  0.10253000
   0.59535563  0.70548577  0.40062175
   0.42043474  0.82222679  0.49912193
   0.64918955  0.96275071  0.20549779
   0.44766920  0.58472188  0.30565444
   0.57191000  0.54636000  0.06951000
   0.37833654  0.67250543  0.17009727
   0.66334739  0.91945451  0.37318669
   0.44471223  0.55618657  0.47764142
   0.51569721  0.79583118  0.27123447
   0.84083000  0.83753000  0.10253000
   0.75117113  0.82242485  0.50429953
   0.98168424  0.96194418  0.20460080
   0.78100560  0.58389164  0.30586510
   0.90524000  0.54636000  0.06951000
   0.71135280  0.67235857  0.16989969
   0.99404500  0.91669675  0.37108343
   0.77633931  0.55287346  0.47793164
   0.84798579  0.79429034  0.27072523
   0.92643591  0.70507165  0.40156492
   0.10119465  0.16530609  0.57915829
   0.81989116  0.26042803  0.58260716
