   0.27659060  0.43279131  0.49124833
   0.03971000  0.19194000  0.08602000
   0.31815638  0.43918076  0.28817893
   0.11888814  0.05841426  0.38836666
   0.17881734  0.31549460  0.18725575
   0.26359773  0.19113332  0.48215890
   0.37304000  0.19194000  0.08602000
   0.65070233  0.43733050  0.28620919
   0.45244743  0.06060941  0.38923313
   0.51166168  0.31372456  0.18662711
   0.59859498  0.19070255  0.48399989
   0.70637000  0.19194000  0.08602000
   0.98422578  0.43915618  0.28876088
   0.78610066  0.06111888  0.38914570
   0.84587334  0.31516586  0.18722914
   0.93092906  0.19440095  0.48400858
   0.03971000  0.69194000  0.08602000
   0.31402158  0.93813743  0.28736366
   0.12092635  0.56045275  0.39129934
   0.18026677  0.81441737  0.18536497
   0.26455984  0.69200102  0.48604210
   0.37304000  0.69194000  0.08602000
   0.64851081  0.93830265  0.28710609
   0.46141060  0.56115264  0.38962143
   0.51234892  0.81495223  0.18542719
   0.59848468  0.68976309  0.48748677
   0.70637000  0.69194000  0.08602000
   0.98125374  0.93751823  0.28673218
   0.84607359  0.81475839  0.18487127
   0.92898061  0.69368303  0.49226430
   0.78829972  0.56311140  0.38471995
   0.18009184  0.06326942  0.18412622
   0.03971000  0.44194000  0.08602000
   0.31532190  0.18741783  0.28870679
   0.12520345  0.31306924  0.38848718
   0.51326177  0.06326088  0.18429682
   0.61247475  0.43163008  0.49360010
   0.37304000  0.44194000  0.08602000
   0.64910520  0.18743193  0.28830603
   0.45871855  0.31484518  0.38983413
   0.84692760  0.06392682  0.18409092
   0.94568780  0.43416917  0.50169138
   0.70637000  0.44194000  0.08602000
   0.98234664  0.18779013  0.28819848
   0.79201329  0.31499200  0.39027245
   0.17921750  0.56383789  0.18516185
   0.26109155  0.93757590  0.49294093
   0.03971000  0.94194000  0.08602000
   0.31669212  0.68853417  0.28849412
   0.11222876  0.81219305  0.39216446
   0.51219564  0.56350392  0.18448490
   0.59369987  0.93622048  0.49342961
   0.37304000  0.94194000  0.08602000
   0.64978510  0.68874094  0.28563548
   0.44847011  0.81605741  0.39070003
   0.84528351  0.56381379  0.18581686
   0.92719317  0.93777826  0.49305586
   0.70637000  0.94194000  0.08602000
   0.98411773  0.68883371  0.28590915
   0.78127678  0.81334831  0.39187061
   0.17417000  0.33753000  0.10253000
   0.25660768  0.20367573  0.39891289
   0.07620610  0.32475090  0.50312785
   0.31371043  0.46062244  0.20451665
   0.11480660  0.08158158  0.30436903
   0.23858000  0.04636000  0.06951000
   0.04673076  0.17034106  0.16949868
   0.32348952  0.41813982  0.37165598
   0.12848640  0.04644287  0.47559942
   0.18254402  0.29250124  0.27043770
   0.50750000  0.33753000  0.10253000
   0.59154359  0.20536095  0.40098426
   0.41061368  0.32320827  0.49446066
   0.64559814  0.45849767  0.20246452
   0.44936046  0.08209005  0.30501751
   0.57191000  0.04636000  0.06951000
   0.37936590  0.16903890  0.16934949
   0.65859682  0.41841314  0.37037052
   0.46191674  0.04651612  0.47684103
   0.51531886  0.29146087  0.26985415
   0.84083000  0.33753000  0.10253000
   0.92484554  0.20553949  0.40110510
   0.74493631  0.32386674  0.49831991
   0.98103487  0.46007710  0.20469851
   0.78301361  0.08267912  0.30477240
   0.90524000  0.04636000  0.06951000
   0.71288888  0.17021202  0.16953522
   0.99079807  0.41708402  0.37245269
   0.79543572  0.04739772  0.47678025
   0.84878010  0.29277907  0.27053600
   0.17319258  0.83273836  0.09910645
   0.24825645  0.70760443  0.40399983
   0.06067255  0.83241884  0.50182006
   0.31456440  0.95895592  0.20262638
   0.11683003  0.58488122  0.30660485
   0.23858000  0.54636000  0.06951000
   0.04550785  0.66975470  0.16936236
   0.31159838  0.91803303  0.37182638
   0.14134821  0.54361577  0.47859121
   0.18331171  0.79237964  0.26887036
   0.50642141  0.83288871  0.09906913
   0.58060139  0.71034612  0.40502278
   0.39194168  0.83063992  0.50192940
   0.64801699  0.95934323  0.20234247
   0.45198579  0.58500581  0.30576163
   0.57191000  0.54636000  0.06951000
   0.37856888  0.67006717  0.16938461
   0.64851039  0.91839663  0.37152532
   0.48082960  0.54032994  0.47473316
   0.51507299  0.79329670  0.26896790
   0.83987500  0.83274772  0.09888507
   0.72688835  0.82993794  0.50308206
   0.98103265  0.95936154  0.20204709
   0.78469829  0.58391923  0.29714235
   0.90524000  0.54636000  0.06951000
   0.71175277  0.66994985  0.16913802
   0.97917709  0.91476958  0.37136801
   0.81637810  0.54656126  0.50793633
   0.84926465  0.79344631  0.26820095
   0.91037208  0.70297819  0.40937718
   0.52754175  0.54965126  0.66328908
   0.69839550  0.56256602  0.58794007
