   0.27939024  0.43268754  0.49106577
   0.03971000  0.19194000  0.08602000
   0.31754301  0.43892429  0.28835818
   0.11792862  0.05828025  0.38839683
   0.17902555  0.31574429  0.18728908
   0.26372110  0.19129668  0.48220526
   0.37304000  0.19194000  0.08602000
   0.65046926  0.43718314  0.28621098
   0.45195305  0.06027086  0.38885129
   0.51189703  0.31397664  0.18667837
   0.59813918  0.19118926  0.48345913
   0.70637000  0.19194000  0.08602000
   0.98361682  0.43918955  0.28862171
   0.78552935  0.06069010  0.38889065
   0.84602055  0.31564779  0.18733970
   0.93116406  0.19376694  0.48338622
   0.03971000  0.69194000  0.08602000
   0.31316066  0.93761312  0.28721939
   0.12118924  0.56029827  0.39126324
   0.17977260  0.81431474  0.18541200
   0.26572387  0.69179604  0.48582847
   0.37304000  0.69194000  0.08602000
   0.64754855  0.93808198  0.28697445
   0.46197599  0.56081890  0.38950924
   0.51221390  0.81476440  0.18536254
   0.59987366  0.69036197  0.48732598
   0.70637000  0.69194000  0.08602000
   0.98006601  0.93752391  0.28681368
   0.84579151  0.81473513  0.18501002
   0.92948160  0.69384818  0.49218360
   0.78862932  0.56274073  0.38474203
   0.18010678  0.06319127  0.18406131
   0.03971000  0.44194000  0.08602000
   0.31529543  0.18740135  0.28848361
   0.12391221  0.31290192  0.38829055
   0.51370771  0.06310982  0.18420174
   0.61415949  0.43131556  0.49325168
   0.37304000  0.44194000  0.08602000
   0.64868368  0.18734384  0.28819478
   0.45814482  0.31441837  0.38993706
   0.84693605  0.06340294  0.18407446
   0.94727616  0.43435933  0.50209371
   0.70637000  0.44194000  0.08602000
   0.98206638  0.18768628  0.28817874
   0.79123568  0.31476785  0.38994824
   0.17920234  0.56362791  0.18506963
   0.26019188  0.93772955  0.49281054
   0.03971000  0.94194000  0.08602000
   0.31641994  0.68843994  0.28836626
   0.11146950  0.81161170  0.39154242
   0.51229140  0.56296597  0.18438907
   0.59375553  0.93642961  0.49311231
   0.37304000  0.94194000  0.08602000
   0.64924086  0.68827689  0.28545431
   0.44723629  0.81574607  0.39015981
   0.84586198  0.56375293  0.18594139
   0.92682951  0.93816523  0.49303714
   0.70637000  0.94194000  0.08602000
   0.98381608  0.68869267  0.28601986
   0.78072075  0.81301381  0.39127676
   0.17417000  0.33753000  0.10253000
   0.25611972  0.20374588  0.39899529
   0.07801799  0.32426889  0.50263275
   0.31356561  0.46065755  0.20447074
   0.11448102  0.08150569  0.30442430
   0.23858000  0.04636000  0.06951000
   0.04646995  0.17032865  0.16952599
   0.32306498  0.41783433  0.37170549
   0.12818389  0.04674975  0.47549483
   0.18205347  0.29247228  0.27037028
   0.50750000  0.33753000  0.10253000
   0.59083505  0.20486932  0.40054101
   0.41270990  0.32313802  0.49399081
   0.64565220  0.45851321  0.20247987
   0.44832326  0.08178556  0.30458576
   0.57191000  0.04636000  0.06951000
   0.37936509  0.16933417  0.16926394
   0.65804267  0.41852834  0.37025689
   0.46252637  0.04657819  0.47617573
   0.51468346  0.29140703  0.26983837
   0.84083000  0.33753000  0.10253000
   0.92401977  0.20514078  0.40049660
   0.74606334  0.32311374  0.49847700
   0.98073093  0.46040390  0.20449338
   0.78251384  0.08227983  0.30449868
   0.90524000  0.04636000  0.06951000
   0.71294905  0.17017631  0.16968579
   0.98981214  0.41717194  0.37226806
   0.79540053  0.04784795  0.47643897
   0.84889305  0.29267901  0.27036899
   0.17318181  0.83320022  0.09912420
   0.24795681  0.70760669  0.40395687
   0.06036695  0.83296432  0.50216213
   0.31412012  0.95897321  0.20244435
   0.11646240  0.58492187  0.30665654
   0.23858000  0.54636000  0.06951000
   0.04514575  0.66992057  0.16951603
   0.31115833  0.91757947  0.37153056
   0.14372557  0.54301798  0.47833207
   0.18269349  0.79211917  0.26881252
   0.50642072  0.83317501  0.09893400
   0.58015963  0.71011892  0.40482067
   0.39205739  0.83078620  0.50188806
   0.64778949  0.95923439  0.20220950
   0.45132640  0.58478248  0.30579699
   0.57191000  0.54636000  0.06951000
   0.37852718  0.66990257  0.16939986
   0.64725239  0.91818948  0.37115019
   0.48252484  0.54003566  0.47428393
   0.51446096  0.79274627  0.26880378
   0.83978005  0.83330433  0.09885885
   0.72633591  0.83058225  0.50306081
   0.98103094  0.95932516  0.20195744
   0.78461308  0.58385299  0.29736849
   0.90524000  0.54636000  0.06951000
   0.71133057  0.66971654  0.16925945
   0.97937637  0.91469497  0.37114648
   0.81613622  0.54725511  0.50934259
   0.84861484  0.79320777  0.26828288
   0.90971881  0.70234612  0.40921086
   0.51930422  0.53829824  0.66395139
   0.69145045  0.55883085  0.58883294
