   0.27717875  0.43356246  0.49243037
   0.03971000  0.19194000  0.08602000
   0.31811982  0.43868292  0.28880272
   0.11679578  0.06094501  0.39052416
   0.17910556  0.31576488  0.18736556
   0.25705492  0.19426232  0.48583646
   0.37304000  0.19194000  0.08602000
   0.65122346  0.43761733  0.28729554
   0.44991317  0.06244288  0.39146350
   0.51189338  0.31464947  0.18692715
   0.59160522  0.19365887  0.48732775
   0.70637000  0.19194000  0.08602000
   0.98387587  0.43841823  0.28804477
   0.78179561  0.05991823  0.38935625
   0.84548799  0.31528712  0.18701458
   0.92847153  0.18976790  0.48295153
   0.03971000  0.69194000  0.08602000
   0.31198426  0.93990270  0.28912156
   0.12182969  0.55977890  0.38963041
   0.17887235  0.81577462  0.18740914
   0.26067650  0.69049663  0.48515935
   0.37304000  0.69194000  0.08602000
   0.64517337  0.93823362  0.28787365
   0.46013910  0.55988740  0.39069380
   0.51155669  0.81494583  0.18684584
   0.59473651  0.69303263  0.48633935
   0.70637000  0.69194000  0.08602000
   0.97889493  0.93953147  0.28844366
   0.84531231  0.81568310  0.18706330
   0.92780763  0.69334549  0.48860120
   0.78943909  0.56018690  0.38987427
   0.17884035  0.06433459  0.18555846
   0.03971000  0.44194000  0.08602000
   0.31536021  0.18817599  0.28940174
   0.12572420  0.31241541  0.38987769
   0.51205627  0.06389019  0.18516863
   0.61036012  0.43316238  0.49437985
   0.37304000  0.44194000  0.08602000
   0.64817606  0.18740881  0.28834291
   0.45941462  0.31283667  0.39044911
   0.84552371  0.06413772  0.18526884
   0.94727117  0.43133441  0.49491085
   0.70637000  0.44194000  0.08602000
   0.98178638  0.18773656  0.28885352
   0.79174681  0.31217301  0.38851208
   0.18003595  0.56397495  0.18547186
   0.25346368  0.93739689  0.49467190
   0.03971000  0.94194000  0.08602000
   0.31526017  0.68836966  0.28911362
   0.11010267  0.81495626  0.39138450
   0.51331834  0.56324068  0.18491957
   0.58677330  0.93624759  0.49466011
   0.37304000  0.94194000  0.08602000
   0.64868036  0.68741320  0.28756101
   0.44426860  0.81630861  0.39071186
   0.84659698  0.56422983  0.18628776
   0.92054923  0.93732841  0.49433267
   0.70637000  0.94194000  0.08602000
   0.98213395  0.68837388  0.28794646
   0.77779087  0.81452423  0.39043141
   0.17417000  0.33753000  0.10253000
   0.25843672  0.20389512  0.40195212
   0.07740669  0.32011307  0.49787579
   0.31424984  0.46074366  0.20481874
   0.11539891  0.08309189  0.30617544
   0.23858000  0.04636000  0.06951000
   0.04517329  0.17061457  0.16967278
   0.32482125  0.41680814  0.37250993
   0.12237655  0.04843572  0.47809271
   0.18186231  0.29255805  0.27062633
   0.50750000  0.33753000  0.10253000
   0.59278226  0.20526714  0.40425522
   0.41005139  0.32413489  0.50069365
   0.64687313  0.45922978  0.20343684
   0.44891755  0.08370189  0.30700822
   0.57191000  0.04636000  0.06951000
   0.37808063  0.16979944  0.16942678
   0.65802593  0.41583842  0.37098628
   0.45679243  0.04750296  0.47896462
   0.51501067  0.29176517  0.27007357
   0.84083000  0.33753000  0.10253000
   0.92307503  0.20313481  0.40037792
   0.74065693  0.32426034  0.50609868
   0.98095988  0.46017700  0.20425235
   0.78141944  0.08212935  0.30495205
   0.90524000  0.04636000  0.06951000
   0.71158808  0.17006534  0.16948372
   0.99055056  0.41513941  0.37140892
   0.78872081  0.04620695  0.47687800
   0.84804496  0.29192388  0.27009141
   0.17417000  0.83753000  0.10253000
   0.24468778  0.70918703  0.40318114
   0.05309701  0.83207988  0.50409912
   0.31308346  0.96110652  0.20495910
   0.11584438  0.58409812  0.30573461
   0.23858000  0.54636000  0.06951000
   0.04645373  0.67031088  0.16966463
   0.30924450  0.92050513  0.37336118
   0.14372818  0.54127415  0.47419356
   0.18164416  0.79323901  0.27060848
   0.50750000  0.83753000  0.10253000
   0.57704166  0.71009095  0.40467373
   0.38515121  0.82975939  0.50318612
   0.64598301  0.96024817  0.20391499
   0.44992767  0.58432241  0.30676795
   0.57191000  0.54636000  0.06951000
   0.37958514  0.66960040  0.16939310
   0.64302088  0.91854827  0.37186152
   0.47968084  0.54214331  0.47739100
   0.51390251  0.79204609  0.26984249
   0.84083000  0.83753000  0.10253000
   0.71850502  0.83059090  0.50547438
   0.97979082  0.96095900  0.20439442
   0.78344438  0.58344015  0.30094911
   0.90524000  0.54636000  0.06951000
   0.71266861  0.67005003  0.16946604
   0.97565479  0.91901595  0.37266482
   0.81127280  0.54368261  0.48997545
   0.84767288  0.79361045  0.27024341
   0.90960829  0.70769381  0.40682992
   0.08113819  0.48243545  0.62309937
   0.82041917  0.47923223  0.59344987
