   0.60168341  0.93321546  0.49416757
   0.03971000  0.19194000  0.08602000
   0.31216500  0.43907007  0.28820921
   0.12081088  0.06074157  0.39104386
   0.17794107  0.31551420  0.18718321
   0.25951200  0.19305485  0.48610935
   0.37304000  0.19194000  0.08602000
   0.64463524  0.43826625  0.28795738
   0.45477146  0.06164643  0.39315135
   0.51129200  0.31514636  0.18706633
   0.58778584  0.18941407  0.49481603
   0.70637000  0.19194000  0.08602000
   0.97723479  0.43905955  0.28894474
   0.78747575  0.06154286  0.39131396
   0.84466806  0.31571585  0.18728465
   0.92332741  0.19000362  0.48717953
   0.03971000  0.69194000  0.08602000
   0.31666628  0.93989775  0.28938095
   0.11382861  0.56177374  0.39060237
   0.17887436  0.81598152  0.18762546
   0.25630592  0.69313224  0.48551185
   0.37304000  0.69194000  0.08602000
   0.64905127  0.93968814  0.28905442
   0.44543826  0.56240835  0.39016344
   0.51196156  0.81609230  0.18754703
   0.58592678  0.69506911  0.48554609
   0.70637000  0.69194000  0.08602000
   0.98250442  0.93901117  0.28867828
   0.84527279  0.81560027  0.18738373
   0.91838269  0.69792442  0.48518346
   0.77883878  0.56296044  0.38976324
   0.17938622  0.06418334  0.18562813
   0.24739460  0.43900148  0.49688566
   0.03971000  0.44194000  0.08602000
   0.31419222  0.18865711  0.28942214
   0.11183694  0.31552477  0.38869044
   0.51285851  0.06439924  0.18568447
   0.57962895  0.44125228  0.49294430
   0.37304000  0.44194000  0.08602000
   0.64725852  0.18916902  0.28977893
   0.44591947  0.31597809  0.39259316
   0.84611815  0.06423923  0.18540894
   0.91423118  0.44481458  0.49357058
   0.70637000  0.44194000  0.08602000
   0.98032814  0.18855103  0.28883816
   0.77619806  0.31595407  0.39430703
   0.17843205  0.56445481  0.18558735
   0.26822420  0.93227396  0.49495417
   0.03971000  0.94194000  0.08602000
   0.31360915  0.68830616  0.28884949
   0.12091931  0.81341878  0.38903137
   0.51181684  0.56429690  0.18539468
   0.37304000  0.94194000  0.08602000
   0.64703297  0.68823954  0.28874260
   0.45368842  0.81374438  0.38933179
   0.84528768  0.56436343  0.18565592
   0.93785501  0.93370657  0.49335005
   0.70637000  0.94194000  0.08602000
   0.98024657  0.68809620  0.28877131
   0.78680163  0.81429370  0.38974759
   0.17417000  0.33753000  0.10253000
   0.24421163  0.20946873  0.40432967
   0.03919791  0.33130301  0.51480223
   0.31253144  0.46063410  0.20444043
   0.11474681  0.08457935  0.30707309
   0.23858000  0.04636000  0.06951000
   0.04553134  0.17024796  0.16945653
   0.31029949  0.41884361  0.37223710
   0.13817859  0.04417656  0.47800633
   0.17953839  0.29255916  0.27042716
   0.50750000  0.33753000  0.10253000
   0.57717776  0.20901585  0.41062102
   0.37813126  0.33326468  0.50393747
   0.64581316  0.46022781  0.20425976
   0.44887625  0.08571356  0.30877097
   0.57191000  0.04636000  0.06951000
   0.37863120  0.17009046  0.16942721
   0.64367936  0.41846641  0.37181336
   0.46612743  0.03908062  0.47787031
   0.51266361  0.29226136  0.27020004
   0.84083000  0.33753000  0.10253000
   0.91437997  0.21045731  0.40588527
   0.71615677  0.33929974  0.49988719
   0.97930066  0.46079396  0.20493687
   0.78158679  0.08534081  0.30773056
   0.90524000  0.04636000  0.06951000
   0.71227829  0.17041821  0.16944324
   0.97596850  0.41898708  0.37357658
   0.80587045  0.04110707  0.47643972
   0.84616960  0.29272510  0.27044794
   0.17417000  0.83753000  0.10253000
   0.25351995  0.70566606  0.40242939
   0.06799629  0.82579094  0.50346831
   0.31398030  0.96107297  0.20546769
   0.11346885  0.58331826  0.30649698
   0.23858000  0.54636000  0.06951000
   0.04500996  0.67090776  0.16972320
   0.31934539  0.91783161  0.37304041
   0.11841074  0.54758538  0.47832275
   0.18049629  0.79332277  0.27100981
   0.50750000  0.83753000  0.10253000
   0.58638750  0.70600890  0.40179683
   0.40102219  0.82269003  0.50562911
   0.64722053  0.96114521  0.20524411
   0.44703456  0.58357555  0.30595712
   0.57191000  0.54636000  0.06951000
   0.37823979  0.67097741  0.16973280
   0.65235600  0.91825757  0.37276263
   0.44768033  0.55034804  0.47757143
   0.51373740  0.79336774  0.27084582
   0.84083000  0.83753000  0.10253000
   0.73595031  0.82480142  0.50136162
   0.98029171  0.96070179  0.20487175
   0.78025805  0.58270768  0.30527395
   0.90524000  0.54636000  0.06951000
   0.71160916  0.67058121  0.16962321
   0.98646111  0.91799312  0.37251663
   0.78248561  0.55340157  0.47701711
   0.84708419  0.79302094  0.27065984
   0.91988028  0.70682743  0.40199402
   0.60547068  0.15649653  0.59633202
   0.86403971  0.27314768  0.58519625
