   0.57392608  0.18775424  0.50192677
   0.03971000  0.19194000  0.09637000
   0.31582648  0.44019693  0.29639046
   0.12769861  0.06245731  0.40078919
   0.18039719  0.31568860  0.19528182
   0.26914545  0.19307628  0.49987149
   0.37304000  0.19194000  0.09637000
   0.64877226  0.44086890  0.29744152
   0.46273979  0.06308342  0.39881956
   0.51414287  0.31616451  0.19558020
   0.70637000  0.19194000  0.09637000
   0.98145429  0.43995636  0.29589468
   0.79317411  0.06138719  0.39834124
   0.84713175  0.31523782  0.19496791
   0.92576065  0.19591842  0.49320810
   0.03971000  0.69194000  0.09637000
   0.31987325  0.94088418  0.29686112
   0.11485273  0.56483166  0.39709327
   0.18079175  0.81588533  0.19562597
   0.25689228  0.69465700  0.49279123
   0.37304000  0.69194000  0.09637000
   0.65305226  0.93974852  0.29666468
   0.44987001  0.56492813  0.39772507
   0.51383539  0.81555466  0.19564420
   0.58982691  0.69866940  0.49344389
   0.70637000  0.69194000  0.09637000
   0.98672709  0.94082565  0.29756479
   0.84720796  0.81596511  0.19593734
   0.92706322  0.69437660  0.49495742
   0.78421879  0.56370370  0.39939844
   0.18074641  0.06434301  0.19425206
   0.24621664  0.44356858  0.49903587
   0.03971000  0.44194000  0.09637000
   0.31853255  0.19136230  0.29792288
   0.11582898  0.31746382  0.39890791
   0.51376451  0.06420355  0.19396680
   0.58185660  0.44643156  0.50275772
   0.37304000  0.44194000  0.09637000
   0.65142426  0.19050923  0.29668310
   0.44703663  0.31780038  0.40382162
   0.84724613  0.06428649  0.19415406
   0.91518412  0.44162248  0.50376033
   0.70637000  0.44194000  0.09637000
   0.98513083  0.18992242  0.29710638
   0.77976716  0.31648679  0.39908744
   0.18115097  0.56418569  0.19392874
   0.28059385  0.93176592  0.50240589
   0.03971000  0.94194000  0.09637000
   0.31597622  0.68997375  0.29658300
   0.12531138  0.81510444  0.39762708
   0.51409605  0.56439874  0.19439407
   0.61466577  0.93341151  0.49934522
   0.37304000  0.94194000  0.09637000
   0.64983907  0.69036796  0.29762030
   0.45881553  0.81517988  0.39708520
   0.84757719  0.56430393  0.19389650
   0.94712446  0.93430534  0.50124320
   0.70637000  0.94194000  0.09637000
   0.98243599  0.68965205  0.29681156
   0.79241713  0.81507274  0.39866729
   0.17318053  0.33303656  0.10888857
   0.24522491  0.21070423  0.41641452
   0.04540455  0.33511444  0.51229967
   0.31534224  0.45956342  0.21163467
   0.11998053  0.08669845  0.31554002
   0.23858000  0.04636000  0.07986000
   0.04683545  0.17076389  0.17971781
   0.31398245  0.42108926  0.38005586
   0.14663207  0.04059647  0.48619898
   0.18346661  0.29439893  0.27873776
   0.50654592  0.33318358  0.10918359
   0.58406198  0.21153802  0.41797434
   0.38174976  0.34405567  0.50286913
   0.64910850  0.46043210  0.21251022
   0.45324192  0.08759060  0.31535333
   0.57191000  0.04636000  0.07986000
   0.38015991  0.17123897  0.17974580
   0.64564998  0.42048826  0.38204494
   0.47878159  0.03525277  0.48113124
   0.51802682  0.29520511  0.27891749
   0.83955701  0.33302542  0.10890569
   0.91453241  0.21048562  0.41113220
   0.71086211  0.33521609  0.51851165
   0.98181272  0.45950093  0.21121607
   0.78544813  0.08541358  0.31412121
   0.90524000  0.04636000  0.07986000
   0.71305900  0.17078818  0.17960716
   0.98002927  0.42030782  0.38022966
   0.81347498  0.04474937  0.48484922
   0.85063301  0.29364825  0.27830391
   0.17331688  0.83316599  0.10933098
   0.25749980  0.70727096  0.40866075
   0.07832044  0.82372889  0.51083107
   0.31560314  0.96077289  0.21254747
   0.11625045  0.58464856  0.31283948
   0.23858000  0.54636000  0.07986000
   0.04744341  0.67100880  0.17995301
   0.32512849  0.91964365  0.37986558
   0.11544694  0.55169217  0.48494691
   0.18236609  0.79485148  0.27911387
   0.50655773  0.83309119  0.10926015
   0.59248089  0.70738437  0.40899231
   0.41318814  0.82108696  0.50949519
   0.64874419  0.96008865  0.21241346
   0.45002088  0.58508966  0.31304397
   0.57191000  0.54636000  0.07986000
   0.38043694  0.67112363  0.17977886
   0.65843912  0.91881010  0.38036718
   0.45104950  0.55574090  0.48482577
   0.51616200  0.79461632  0.27925573
   0.83979583  0.83326064  0.10962153
   0.74701237  0.82502735  0.50898476
   0.98235933  0.96059426  0.21283383
   0.78310069  0.58541651  0.31483234
   0.90524000  0.54636000  0.07986000
   0.71405224  0.67099736  0.18001446
   0.99184854  0.91958145  0.38125164
   0.78623721  0.55067794  0.48728227
   0.84966409  0.79528380  0.27948570
   0.92487046  0.70713034  0.41136173
   0.41426951  0.16157639  0.58566052
   0.71758315  0.32781021  0.61395034
