   0.94225610  0.93376931  0.49064850
   0.03971000  0.19194000  0.08602000
   0.31424582  0.43997305  0.28758398
   0.12533313  0.06178163  0.38977694
   0.18053174  0.31661550  0.18553924
   0.25301324  0.19700596  0.48587838
   0.37304000  0.19194000  0.08602000
   0.64900090  0.44045780  0.28765194
   0.45903657  0.06284269  0.39099293
   0.51435596  0.31684706  0.18667468
   0.58750708  0.19462010  0.48801356
   0.70637000  0.19194000  0.08602000
   0.98200344  0.44094130  0.28751543
   0.79208406  0.06010885  0.38776498
   0.84659917  0.31702177  0.18685561
   0.92206751  0.18549658  0.48978030
   0.03971000  0.69194000  0.08602000
   0.31847586  0.94118636  0.28765859
   0.11669367  0.56398638  0.38914769
   0.18105612  0.81685877  0.18557759
   0.25818352  0.69866278  0.48453895
   0.37304000  0.69194000  0.08602000
   0.65230992  0.93974228  0.28598550
   0.44881627  0.56487831  0.38906183
   0.51375520  0.81635389  0.18621139
   0.59419812  0.69765958  0.48398237
   0.70637000  0.69194000  0.08602000
   0.98636965  0.94059456  0.28680685
   0.84681991  0.81666583  0.18663130
   0.92235178  0.69672109  0.48546437
   0.78333740  0.56278552  0.39008483
   0.18133971  0.06548444  0.18409487
   0.25128252  0.44177504  0.49280838
   0.03971000  0.44194000  0.08602000
   0.31762253  0.19060437  0.28828392
   0.11384523  0.31692268  0.39226021
   0.51457371  0.06528579  0.18406167
   0.57867778  0.44527980  0.49457713
   0.37304000  0.44194000  0.08602000
   0.65068896  0.18986902  0.28768657
   0.44925846  0.31826520  0.39086945
   0.84784372  0.06547455  0.18413888
   0.91754463  0.44132622  0.49211788
   0.70637000  0.44194000  0.08602000
   0.98445597  0.19068059  0.28789789
   0.78400291  0.31515854  0.38966804
   0.17997127  0.56562296  0.18460653
   0.27763782  0.93633177  0.49211445
   0.03971000  0.94194000  0.08602000
   0.31583740  0.68987792  0.28702511
   0.12467617  0.81480286  0.38888335
   0.51341275  0.56509297  0.18453783
   0.60810488  0.93287556  0.49322361
   0.37304000  0.94194000  0.08602000
   0.64893501  0.68933993  0.28734985
   0.45860798  0.81537862  0.38728253
   0.84658046  0.56543880  0.18466717
   0.70637000  0.94194000  0.08602000
   0.98310516  0.68995930  0.28767985
   0.79124924  0.81368904  0.38620218
   0.17346640  0.33296331  0.09890318
   0.25031551  0.21022470  0.40318542
   0.04991291  0.33392198  0.49687820
   0.31386562  0.46114934  0.20305600
   0.11825718  0.08605443  0.30582322
   0.23858000  0.04636000  0.06951000
   0.04714364  0.17197176  0.16971610
   0.31393931  0.42060474  0.37249860
   0.14302255  0.04496567  0.47625432
   0.18333138  0.29437053  0.26937729
   0.50750000  0.33753000  0.10253000
   0.58274217  0.21157586  0.40584504
   0.38008070  0.33404767  0.50531258
   0.64819617  0.46191929  0.20427534
   0.45188345  0.08641542  0.30677200
   0.57191000  0.04636000  0.06951000
   0.38137658  0.17192702  0.16986397
   0.64954011  0.41914187  0.37184135
   0.47719258  0.04495649  0.47739915
   0.51709517  0.29424285  0.27007804
   0.84083000  0.33753000  0.10253000
   0.91428854  0.20795153  0.40510142
   0.70535793  0.33883795  0.50918140
   0.98128386  0.46200800  0.20383059
   0.78526804  0.08533898  0.30430293
   0.90524000  0.04636000  0.06951000
   0.71371805  0.17172636  0.16951731
   0.98041578  0.41975839  0.37140804
   0.80450694  0.03608195  0.47139766
   0.85025859  0.29466251  0.27005519
   0.17386137  0.83299674  0.09907026
   0.25925851  0.70817983  0.40085530
   0.07733619  0.82613477  0.49796691
   0.31595953  0.96187710  0.20329103
   0.11639029  0.58544859  0.30518377
   0.23858000  0.54636000  0.06951000
   0.04640908  0.67208243  0.16984057
   0.32348522  0.92013848  0.37198117
   0.12331212  0.55210803  0.47586382
   0.18317215  0.79551084  0.26930654
   0.50750000  0.83753000  0.10253000
   0.59114215  0.70766292  0.40051408
   0.40663360  0.82755392  0.50295387
   0.64922415  0.96180108  0.20293261
   0.44867296  0.58428978  0.30475515
   0.57191000  0.54636000  0.06951000
   0.37980876  0.67135290  0.16966789
   0.65713591  0.91713730  0.36922708
   0.45315947  0.55334438  0.47679522
   0.51622791  0.79394241  0.26913737
   0.84083000  0.83753000  0.10253000
   0.74242335  0.82411420  0.50557373
   0.98285426  0.96203038  0.20333004
   0.78260057  0.58476509  0.30537027
   0.90524000  0.54636000  0.06951000
   0.71272232  0.67174248  0.16995320
   0.99060968  0.91856222  0.37067138
   0.78499342  0.55036220  0.47873077
   0.84998766  0.79480289  0.26983446
   0.92268282  0.70606129  0.40148716
   0.87833396  0.13848907  0.59107417
   0.71265183  0.27126727  0.59671690
