   0.95478202  0.93187873  0.49225768
   0.03971000  0.19194000  0.08602000
   0.31194602  0.44044595  0.28832959
   0.13057202  0.06116440  0.39014680
   0.17859252  0.31616678  0.18691539
   0.25589714  0.19404455  0.48878551
   0.37304000  0.19194000  0.08602000
   0.64508714  0.43977485  0.28769111
   0.46313360  0.06351304  0.39206711
   0.51189831  0.31587622  0.18667189
   0.59465818  0.19280220  0.48998728
   0.70637000  0.19194000  0.08602000
   0.97839141  0.44064127  0.28765879
   0.79578358  0.05993731  0.38965399
   0.84547311  0.31586336  0.18671484
   0.94237959  0.18602144  0.48658891
   0.03971000  0.69194000  0.08602000
   0.31976576  0.94114286  0.28924365
   0.11345706  0.56528816  0.38927422
   0.17957352  0.81661817  0.18743671
   0.25429358  0.70120528  0.48470586
   0.37304000  0.69194000  0.08602000
   0.65268550  0.93945915  0.28819807
   0.44719648  0.56469529  0.38995855
   0.51228330  0.81625779  0.18720090
   0.59160084  0.69605240  0.48536427
   0.70637000  0.69194000  0.08602000
   0.98622167  0.93992797  0.28813020
   0.84575522  0.81599223  0.18700882
   0.91999127  0.69682857  0.48642381
   0.77851282  0.56355639  0.39038286
   0.18070572  0.06455412  0.18496914
   0.24678596  0.44472633  0.49286733
   0.03971000  0.44194000  0.08602000
   0.31629667  0.19040661  0.28898077
   0.11069609  0.31876081  0.39203485
   0.51387936  0.06440878  0.18471497
   0.57334924  0.44302185  0.49916865
   0.37304000  0.44194000  0.08602000
   0.64933197  0.18950810  0.28811304
   0.44519596  0.31946949  0.39251957
   0.84719666  0.06450966  0.18501019
   0.91119598  0.44543441  0.49124906
   0.70637000  0.44194000  0.08602000
   0.98289139  0.18996781  0.28884014
   0.77970552  0.31669672  0.38989727
   0.17829645  0.56495334  0.18512919
   0.28899427  0.93309002  0.49276797
   0.03971000  0.94194000  0.08602000
   0.31470237  0.68951255  0.28831928
   0.12769164  0.81362832  0.38874138
   0.51151225  0.56485584  0.18493581
   0.62099827  0.93123978  0.49314313
   0.37304000  0.94194000  0.08602000
   0.64795239  0.68879151  0.28823687
   0.46140373  0.81417026  0.38843927
   0.84493597  0.56485246  0.18486079
   0.70637000  0.94194000  0.08602000
   0.98112175  0.68932298  0.28822177
   0.79470468  0.81275821  0.38817412
   0.17417000  0.33753000  0.10253000
   0.24614001  0.21204245  0.40597669
   0.04554140  0.34108451  0.49475605
   0.31249070  0.46146633  0.20432408
   0.11802687  0.08605351  0.30696254
   0.23858000  0.04636000  0.06951000
   0.04649222  0.17062602  0.16979658
   0.31016437  0.42162179  0.37287045
   0.15730147  0.03949267  0.47511456
   0.18134755  0.29382289  0.27035860
   0.50750000  0.33753000  0.10253000
   0.58019826  0.21398764  0.40883771
   0.37331311  0.33616916  0.50645777
   0.64570401  0.46125887  0.20407601
   0.45156291  0.08746240  0.30849088
   0.57191000  0.04636000  0.06951000
   0.37992200  0.17032235  0.16966359
   0.64438672  0.41990401  0.37199101
   0.49012628  0.04196706  0.47806981
   0.51473279  0.29330106  0.27000307
   0.84083000  0.33753000  0.10253000
   0.91119716  0.20982309  0.40517933
   0.70056004  0.33507006  0.51658114
   0.97907032  0.46124520  0.20390774
   0.78392787  0.08563389  0.30636687
   0.90524000  0.04636000  0.06951000
   0.71313918  0.17043179  0.16972108
   0.97576345  0.42152288  0.37145800
   0.81986522  0.03659419  0.47400295
   0.84780432  0.29337637  0.27014285
   0.17417000  0.83753000  0.10253000
   0.26183909  0.70693287  0.40037837
   0.08672342  0.82071267  0.50019340
   0.31555575  0.96173185  0.20541455
   0.11473313  0.58493201  0.30505743
   0.23858000  0.54636000  0.06951000
   0.04486600  0.67162563  0.17015145
   0.32772941  0.91986241  0.37322760
   0.11868043  0.55600255  0.47603064
   0.18185789  0.79521813  0.27118124
   0.50750000  0.83753000  0.10253000
   0.59339618  0.70595953  0.40143967
   0.41940036  0.82376354  0.50235820
   0.64816592  0.96129225  0.20467661
   0.44801220  0.58446744  0.30565362
   0.57191000  0.54636000  0.06951000
   0.37791974  0.67150367  0.17012238
   0.66070266  0.91697988  0.37175668
   0.44979120  0.55246312  0.47801413
   0.51480916  0.79421806  0.27072990
   0.84083000  0.83753000  0.10253000
   0.75310290  0.82023694  0.50417868
   0.98166239  0.96120547  0.20448078
   0.78107343  0.58381317  0.30540189
   0.90524000  0.54636000  0.06951000
   0.71117464  0.67120293  0.16991423
   0.99365864  0.91774290  0.37190324
   0.77638599  0.55159571  0.47924620
   0.84819783  0.79416313  0.27059208
   0.92533558  0.70477314  0.40208751
   0.02204219  0.14875594  0.58669372
   0.83814810  0.26911485  0.58083056
