   0.57370786  0.18764729  0.50206959
   0.03971000  0.19194000  0.09637000
   0.31574558  0.44006989  0.29641870
   0.12776920  0.06263437  0.40077485
   0.18032428  0.31547009  0.19529965
   0.26893200  0.19282634  0.50001415
   0.37304000  0.19194000  0.09637000
   0.64887648  0.44084259  0.29744994
   0.46266690  0.06306262  0.39893115
   0.51406040  0.31602286  0.19560957
   0.70637000  0.19194000  0.09637000
   0.98152327  0.43981023  0.29590447
   0.79320035  0.06138836  0.39836043
   0.84703093  0.31518667  0.19503827
   0.92555941  0.19583723  0.49323695
   0.03971000  0.69194000  0.09637000
   0.31980772  0.94092685  0.29684798
   0.11499610  0.56463080  0.39708902
   0.18078615  0.81590637  0.19557908
   0.25711572  0.69460093  0.49278398
   0.37304000  0.69194000  0.09637000
   0.65298069  0.93978538  0.29669583
   0.45005133  0.56483245  0.39761839
   0.51387507  0.81557244  0.19562417
   0.59002155  0.69851479  0.49337499
   0.70637000  0.69194000  0.09637000
   0.98668850  0.94092330  0.29754156
   0.84719005  0.81604312  0.19596186
   0.92721753  0.69441249  0.49503285
   0.78437792  0.56366556  0.39941474
   0.18061161  0.06429271  0.19430690
   0.24647659  0.44346157  0.49902447
   0.03971000  0.44194000  0.09637000
   0.31840905  0.19124906  0.29788808
   0.11613436  0.31744438  0.39896124
   0.51368000  0.06417983  0.19398727
   0.58205565  0.44610130  0.50280796
   0.37304000  0.44194000  0.09637000
   0.65137535  0.19051748  0.29668665
   0.44723545  0.31782229  0.40387661
   0.84716826  0.06428560  0.19415560
   0.91555630  0.44145783  0.50373180
   0.70637000  0.44194000  0.09637000
   0.98501293  0.18988390  0.29716465
   0.77997182  0.31639861  0.39914103
   0.18109956  0.56411179  0.19389522
   0.28035119  0.93185642  0.50253870
   0.03971000  0.94194000  0.09637000
   0.31593437  0.68992109  0.29654163
   0.12513409  0.81526690  0.39764525
   0.51420076  0.56436351  0.19436739
   0.61403958  0.93333067  0.49954779
   0.37304000  0.94194000  0.09637000
   0.64978429  0.69041074  0.29762708
   0.45849920  0.81529244  0.39705896
   0.84757801  0.56425666  0.19392547
   0.94688776  0.93441314  0.50137555
   0.70637000  0.94194000  0.09637000
   0.98240279  0.68971550  0.29679834
   0.79220887  0.81514337  0.39866082
   0.17314636  0.33302549  0.10895055
   0.24544663  0.21064289  0.41639451
   0.04577671  0.33506478  0.51223677
   0.31531589  0.45954373  0.21166414
   0.11997069  0.08663566  0.31558921
   0.23858000  0.04636000  0.07986000
   0.04668800  0.17071085  0.17971985
   0.31425730  0.42114675  0.38005250
   0.14648607  0.04074136  0.48626440
   0.18333455  0.29433965  0.27869079
   0.50646523  0.33311736  0.10928228
   0.58414223  0.21147192  0.41811270
   0.38229891  0.34394564  0.50288479
   0.64908478  0.46045921  0.21259125
   0.45312191  0.08745904  0.31530757
   0.57191000  0.04636000  0.07986000
   0.38001710  0.17116331  0.17978203
   0.64614579  0.42057557  0.38205606
   0.47866902  0.03526675  0.48118525
   0.51777187  0.29508755  0.27893211
   0.83947667  0.33298610  0.10895969
   0.91467242  0.21033899  0.41119067
   0.71097197  0.33496528  0.51868121
   0.98184664  0.45944427  0.21130005
   0.78544851  0.08549766  0.31417742
   0.90524000  0.04636000  0.07986000
   0.71294564  0.17073830  0.17961695
   0.98015487  0.42043692  0.38016096
   0.81320230  0.04456406  0.48490237
   0.85049634  0.29356250  0.27831887
   0.17327189  0.83311061  0.10929390
   0.25721779  0.70733496  0.40867769
   0.07806253  0.82403154  0.51105076
   0.31562091  0.96066020  0.21249833
   0.11622987  0.58465579  0.31280986
   0.23858000  0.54636000  0.07986000
   0.04738586  0.67089988  0.17993542
   0.32483867  0.91951881  0.37981911
   0.11574402  0.55190636  0.48486856
   0.18238304  0.79493448  0.27908576
   0.50651548  0.83305528  0.10923560
   0.59225696  0.70745245  0.40902127
   0.41296200  0.82114429  0.50959070
   0.64871223  0.96007323  0.21239501
   0.44996945  0.58499245  0.31299251
   0.57191000  0.54636000  0.07986000
   0.38046178  0.67106037  0.17977269
   0.65819082  0.91880573  0.38033072
   0.45118893  0.55570839  0.48481738
   0.51601245  0.79465916  0.27918722
   0.83973183  0.83320007  0.10963391
   0.74675174  0.82530909  0.50912843
   0.98229344  0.96056840  0.21285170
   0.78316607  0.58545661  0.31483159
   0.90524000  0.54636000  0.07986000
   0.71408776  0.67108044  0.18002761
   0.99147748  0.91964845  0.38125017
   0.78615373  0.55053150  0.48729828
   0.84972699  0.79530814  0.27953059
   0.92487620  0.70722895  0.41147936
   0.41355464  0.16146684  0.58562673
   0.71913638  0.33012831  0.61389029
