   0.94215426  0.19211388  0.50011554
   0.03971000  0.19194000  0.09637000
   0.31014034  0.44210946  0.29912160
   0.13017584  0.06201705  0.40004393
   0.17959149  0.31779759  0.19772301
   0.24776755  0.19281834  0.50147561
   0.37304000  0.19194000  0.09637000
   0.64223277  0.44093444  0.29917061
   0.46220549  0.06436792  0.40109147
   0.51402845  0.31673505  0.19745471
   0.60035837  0.19326836  0.49816751
   0.70637000  0.19194000  0.09637000
   0.97765436  0.44243314  0.29794925
   0.79423690  0.06304497  0.40191157
   0.84657169  0.31731589  0.19749093
   0.03971000  0.69194000  0.09637000
   0.32118486  0.94129942  0.29907215
   0.11059218  0.56594625  0.39954839
   0.17860634  0.81788436  0.19799565
   0.25102732  0.70234396  0.49590620
   0.37304000  0.69194000  0.09637000
   0.65501250  0.94070535  0.29936409
   0.44187303  0.56620630  0.40081735
   0.51400980  0.81700026  0.19789875
   0.58839425  0.69976068  0.49460862
   0.70637000  0.69194000  0.09637000
   0.98687175  0.94062492  0.29865404
   0.84678885  0.81686741  0.19767965
   0.91896319  0.69762216  0.49553079
   0.77588486  0.56416373  0.40061619
   0.18147817  0.06602376  0.19604108
   0.24087155  0.44822754  0.50342696
   0.03971000  0.44194000  0.09637000
   0.31706635  0.19193216  0.29980009
   0.10445729  0.31988508  0.40401641
   0.51503707  0.06519539  0.19591978
   0.56964938  0.44633342  0.50770462
   0.37304000  0.44194000  0.09637000
   0.65091202  0.19086944  0.29902618
   0.43668813  0.32083427  0.40458472
   0.84824630  0.06580531  0.19565609
   0.90720762  0.44802758  0.50226562
   0.70637000  0.44194000  0.09637000
   0.98410192  0.19238398  0.30050633
   0.77263218  0.31816896  0.39942540
   0.17989265  0.56724377  0.19616593
   0.29216592  0.93247587  0.49991308
   0.03971000  0.94194000  0.09637000
   0.31562705  0.69079270  0.29998313
   0.13206227  0.81283117  0.39812418
   0.51289436  0.56630766  0.19613630
   0.62554806  0.93308763  0.50180547
   0.37304000  0.94194000  0.09637000
   0.64870637  0.68960764  0.29969745
   0.46580299  0.81356011  0.39810612
   0.84592785  0.56622203  0.19561469
   0.95866484  0.93235411  0.50141294
   0.70637000  0.94194000  0.09637000
   0.98133203  0.68995852  0.29960113
   0.79905766  0.81263725  0.39868478
   0.17417000  0.33753000  0.11288000
   0.23996993  0.21293958  0.41763757
   0.03980413  0.34678165  0.50611056
   0.31382798  0.46322134  0.21475193
   0.11825408  0.08760656  0.31700235
   0.23858000  0.04636000  0.07986000
   0.04787921  0.17176753  0.18005283
   0.30195296  0.42352507  0.38337476
   0.15827006  0.03592170  0.48251608
   0.18248287  0.29558699  0.28079949
   0.50750000  0.33753000  0.11288000
   0.57403352  0.21518971  0.41776396
   0.37080021  0.34083707  0.51234433
   0.64703692  0.46239421  0.21482720
   0.45223273  0.08780654  0.31754919
   0.57191000  0.04636000  0.07986000
   0.38198632  0.17106291  0.17999794
   0.63614732  0.42188827  0.38362557
   0.49309986  0.04235583  0.48641054
   0.51583336  0.29415537  0.28052178
   0.84083000  0.33753000  0.11288000
   0.90420764  0.21305119  0.41767860
   0.70231959  0.33909880  0.52305731
   0.98085150  0.46291274  0.21391568
   0.78501428  0.08763548  0.31791862
   0.90524000  0.04636000  0.07986000
   0.71435596  0.17162216  0.18012136
   0.96959886  0.42274236  0.38145388
   0.82290212  0.04010172  0.48610725
   0.84874190  0.29515856  0.28058071
   0.17417000  0.83753000  0.11288000
   0.26564356  0.70527076  0.40961523
   0.09166197  0.81790574  0.50936820
   0.31517134  0.96264532  0.21521193
   0.11513453  0.58555534  0.31515515
   0.23858000  0.54636000  0.07986000
   0.04501168  0.67295624  0.18026793
   0.33255306  0.91892211  0.38258618
   0.10974378  0.55866616  0.48674591
   0.18252163  0.79591915  0.28146321
   0.50750000  0.83753000  0.11288000
   0.59832919  0.70451146  0.41002539
   0.42428551  0.82295223  0.51047683
   0.64941181  0.96232995  0.21538004
   0.44818621  0.58486780  0.31627799
   0.57191000  0.54636000  0.07986000
   0.37936491  0.67254350  0.18019448
   0.66544389  0.91752026  0.38268566
   0.44327635  0.55766012  0.48891942
   0.51651838  0.79505098  0.28132026
   0.84083000  0.83753000  0.11288000
   0.75819532  0.82082728  0.51019587
   0.98192931  0.96242572  0.21494889
   0.78060914  0.58367403  0.31589121
   0.90524000  0.54636000  0.07986000
   0.71186463  0.67232087  0.18011618
   0.99766690  0.91650124  0.38153457
   0.77292147  0.55381276  0.48910506
   0.84901189  0.79456770  0.28102378
   0.93031673  0.70305771  0.41041301
   0.07035058  0.16358415  0.58509322
   0.78054637  0.27901652  0.60695160
