   0.60907520  0.43424437  0.49680428
   0.03971000  0.19194000  0.08602000
   0.31614459  0.43882529  0.28879587
   0.11789199  0.05995661  0.39013162
   0.17796909  0.31535335  0.18742367
   0.26547415  0.19297852  0.48422022
   0.37304000  0.19194000  0.08602000
   0.64930065  0.43718148  0.28646065
   0.45141025  0.06121380  0.39011734
   0.51073211  0.31387719  0.18674116
   0.59681511  0.19325814  0.48487525
   0.70637000  0.19194000  0.08602000
   0.98281525  0.43867004  0.28877101
   0.78446108  0.06122578  0.39020903
   0.84524981  0.31521081  0.18717477
   0.93000406  0.19341676  0.48458541
   0.03971000  0.69194000  0.08602000
   0.31161390  0.93869036  0.28868367
   0.11800466  0.56074793  0.39179152
   0.17832320  0.81528977  0.18724192
   0.26247142  0.69314315  0.48644290
   0.37304000  0.69194000  0.08602000
   0.64523797  0.93861219  0.28882915
   0.45889542  0.56007280  0.39086793
   0.51132009  0.81512233  0.18730309
   0.59933029  0.69185788  0.48645644
   0.70637000  0.69194000  0.08602000
   0.97777970  0.93887176  0.28886277
   0.84470223  0.81560174  0.18718798
   0.92644928  0.69474236  0.49389361
   0.78665362  0.56300426  0.38516255
   0.17853697  0.06359452  0.18528700
   0.27526921  0.43355003  0.49300563
   0.03971000  0.44194000  0.08602000
   0.31399590  0.18764850  0.28910806
   0.12299656  0.31396232  0.39037785
   0.51201033  0.06324982  0.18516401
   0.37304000  0.44194000  0.08602000
   0.64803384  0.18756137  0.28885427
   0.45729689  0.31452243  0.38964146
   0.84522166  0.06369873  0.18552077
   0.94686379  0.43430456  0.50045859
   0.70637000  0.44194000  0.08602000
   0.98133670  0.18819264  0.28915977
   0.78974508  0.31570373  0.39095497
   0.17930676  0.56385748  0.18542088
   0.26106182  0.93818861  0.49354242
   0.03971000  0.94194000  0.08602000
   0.31452564  0.68829616  0.28961311
   0.10919952  0.81276587  0.39242487
   0.51227818  0.56357765  0.18499245
   0.59358618  0.93769501  0.49373329
   0.37304000  0.94194000  0.08602000
   0.64736445  0.68809087  0.28694235
   0.44478142  0.81593674  0.39112404
   0.84536055  0.56389604  0.18592512
   0.92702315  0.93822658  0.49346905
   0.70637000  0.94194000  0.08602000
   0.98206230  0.68874690  0.28719272
   0.77898416  0.81325966  0.39253629
   0.17417000  0.33753000  0.10253000
   0.25665581  0.20539528  0.40125822
   0.07608917  0.32504725  0.50056338
   0.31345890  0.46047563  0.20484829
   0.11401695  0.08282946  0.30636849
   0.23858000  0.04636000  0.06951000
   0.04507667  0.17000676  0.16968171
   0.32182850  0.41774407  0.37263702
   0.12897504  0.04800488  0.47694095
   0.18123504  0.29266086  0.27068527
   0.50750000  0.33753000  0.10253000
   0.58974314  0.20639887  0.40173087
   0.40794275  0.32548661  0.50173432
   0.64523125  0.45844556  0.20267593
   0.44783918  0.08284082  0.30609761
   0.57191000  0.04636000  0.06951000
   0.37833519  0.16911440  0.16941759
   0.65595006  0.41895372  0.37071651
   0.46206589  0.04777415  0.47725111
   0.51380289  0.29135309  0.26994273
   0.84083000  0.33753000  0.10253000
   0.92232890  0.20583505  0.40171198
   0.74341206  0.32504586  0.49916767
   0.98048081  0.46023589  0.20451844
   0.78162600  0.08281978  0.30600353
   0.90524000  0.04636000  0.06951000
   0.71180740  0.16979509  0.16965464
   0.98873402  0.41737242  0.37272304
   0.79540296  0.04832818  0.47738756
   0.84782518  0.29260528  0.27023011
   0.17417000  0.83753000  0.10253000
   0.24487715  0.70828552  0.40434708
   0.06041818  0.83290134  0.50272254
   0.31263763  0.96035230  0.20458959
   0.11502886  0.58423991  0.30718682
   0.23858000  0.54636000  0.06951000
   0.04526192  0.66986797  0.16962061
   0.30885266  0.91902515  0.37290405
   0.14254545  0.54335910  0.47863167
   0.18084076  0.79225680  0.27042202
   0.50750000  0.83753000  0.10253000
   0.57765172  0.70947405  0.40469537
   0.39184852  0.83090703  0.50272996
   0.64611297  0.96002988  0.20474815
   0.44942458  0.58416675  0.30677747
   0.57191000  0.54636000  0.06951000
   0.37873329  0.66986236  0.16951024
   0.64523790  0.91810469  0.37290889
   0.47733168  0.54352967  0.47765282
   0.51257976  0.79244382  0.27059755
   0.84083000  0.83753000  0.10253000
   0.72626903  0.83121323  0.50277781
   0.97946043  0.96054963  0.20474500
   0.78309346  0.58357408  0.29758240
   0.90524000  0.54636000  0.06951000
   0.71171224  0.67004267  0.16948231
   0.97765173  0.91572641  0.37295023
   0.81320217  0.54672908  0.50912858
   0.84642318  0.79327876  0.27037192
   0.90751931  0.70276027  0.41065172
   0.78149967  0.46630663  0.69433025
   0.79682992  0.51491472  0.59967897
