   0.27897650  0.43247767  0.49277665
   0.03971000  0.19194000  0.08602000
   0.31774580  0.43767534  0.28757139
   0.11482170  0.05862468  0.38815574
   0.17857125  0.31511402  0.18685003
   0.25622229  0.19282781  0.48294379
   0.37304000  0.19194000  0.08602000
   0.65067706  0.43678761  0.28765733
   0.44923781  0.05998964  0.38959100
   0.51182150  0.31429051  0.18701539
   0.59182475  0.19205227  0.48499743
   0.70637000  0.19194000  0.08602000
   0.98369962  0.43911430  0.28931607
   0.78206601  0.06078440  0.39022537
   0.84558131  0.31639171  0.18740702
   0.92913142  0.19205147  0.48510359
   0.03971000  0.69194000  0.08602000
   0.31117176  0.93826519  0.28726561
   0.12106878  0.55957228  0.39125290
   0.17888893  0.81487110  0.18567110
   0.26470734  0.69046649  0.48621246
   0.37304000  0.69194000  0.08602000
   0.64447739  0.93912072  0.28739444
   0.46132069  0.55992042  0.38829180
   0.51214763  0.81510148  0.18565096
   0.59580515  0.69320579  0.48455956
   0.70637000  0.69194000  0.08602000
   0.97790627  0.93815439  0.28616893
   0.84538958  0.81427368  0.18472985
   0.92957583  0.69483078  0.48950266
   0.78850910  0.56120372  0.38765020
   0.17931044  0.06388552  0.18408064
   0.03971000  0.44194000  0.08602000
   0.31486638  0.18674609  0.28847492
   0.12428077  0.31042194  0.38790328
   0.51309318  0.06419493  0.18445036
   0.60923445  0.43269129  0.49242013
   0.37304000  0.44194000  0.08602000
   0.64860819  0.18790559  0.28884634
   0.45856840  0.31241523  0.38952123
   0.84581119  0.06386215  0.18370781
   0.94667804  0.43180920  0.49822780
   0.70637000  0.44194000  0.08602000
   0.98104890  0.18743949  0.28777770
   0.79241024  0.31275336  0.39114806
   0.17943783  0.56341711  0.18479010
   0.25496520  0.93784556  0.49378126
   0.03971000  0.94194000  0.08602000
   0.31438794  0.68786253  0.28784680
   0.10793766  0.81243905  0.38939949
   0.51249874  0.56262105  0.18446376
   0.58842764  0.93553169  0.49444939
   0.37304000  0.94194000  0.08602000
   0.64805594  0.68711930  0.28518979
   0.44284015  0.81564046  0.38912435
   0.84560608  0.56380795  0.18673561
   0.92135912  0.93840731  0.49415390
   0.70637000  0.94194000  0.08602000
   0.98166810  0.68785749  0.28683472
   0.77778192  0.81436093  0.38866132
   0.17417000  0.33753000  0.10253000
   0.25631415  0.20208381  0.39925916
   0.07790211  0.32179516  0.50414602
   0.31375320  0.45985757  0.20379021
   0.11389575  0.08161667  0.30384518
   0.23858000  0.04636000  0.06951000
   0.04562137  0.17007116  0.16943368
   0.32401241  0.41555905  0.37055556
   0.12187420  0.04678423  0.47555756
   0.18176051  0.29159283  0.26974657
   0.50750000  0.33753000  0.10253000
   0.59138128  0.20328323  0.40195995
   0.41067540  0.32185369  0.49358271
   0.64625226  0.45861973  0.20362500
   0.44874936  0.08169894  0.30553925
   0.57191000  0.04636000  0.06951000
   0.37893642  0.16987926  0.16946322
   0.65879722  0.41634657  0.37134593
   0.45588386  0.04469319  0.47733548
   0.51411548  0.29141076  0.27046724
   0.84083000  0.33753000  0.10253000
   0.92449860  0.20332603  0.40247289
   0.74174923  0.32263489  0.50050412
   0.98149574  0.46098177  0.20525502
   0.78167733  0.08284892  0.30571903
   0.90524000  0.04636000  0.06951000
   0.71252198  0.17104572  0.16982282
   0.99071015  0.41524794  0.37268872
   0.78878254  0.04702221  0.47792438
   0.84865249  0.29286639  0.27059647
   0.17277096  0.83250332  0.09920728
   0.24305073  0.70885376  0.40507252
   0.05356885  0.83398716  0.50532101
   0.31317614  0.95994344  0.20255642
   0.11558018  0.58501032  0.30750730
   0.23858000  0.54636000  0.06951000
   0.04523803  0.66983586  0.16962965
   0.30741489  0.91757408  0.37151603
   0.14507076  0.54127688  0.47722309
   0.18079553  0.79209037  0.26929255
   0.50598418  0.83252746  0.09921648
   0.57712969  0.71108917  0.40273086
   0.38688734  0.83043320  0.50408531
   0.64663454  0.96025879  0.20277774
   0.44923459  0.58397236  0.30475449
   0.57191000  0.54636000  0.06951000
   0.37904261  0.66963975  0.16958130
   0.64236068  0.91952585  0.37142505
   0.48077949  0.54197644  0.47300794
   0.51370826  0.79268553  0.26912662
   0.83925232  0.83226864  0.09856885
   0.72012829  0.83029547  0.50439088
   0.97981634  0.95931696  0.20150861
   0.78300933  0.58329953  0.29946207
   0.90524000  0.54636000  0.06951000
   0.71152593  0.66915338  0.16927811
   0.97525236  0.91580870  0.37029185
   0.81827968  0.54488011  0.50098923
   0.84761352  0.79262200  0.26816209
   0.90646713  0.70576988  0.40757546
   0.48458463  0.48713209  0.63162164
   0.73640637  0.49512291  0.59352123
