   0.60781728  0.43301176  0.49531598
   0.03971000  0.19194000  0.08602000
   0.31783350  0.43825765  0.28844386
   0.11630891  0.05985265  0.39085564
   0.17865481  0.31555776  0.18724807
   0.26145895  0.19373732  0.48527809
   0.37304000  0.19194000  0.08602000
   0.65116259  0.43669471  0.28675467
   0.44839844  0.06038378  0.39083461
   0.51180359  0.31410582  0.18689352
   0.59463874  0.19083810  0.48480364
   0.70637000  0.19194000  0.08602000
   0.98402460  0.43825955  0.28899445
   0.78238789  0.06081544  0.39072322
   0.84577961  0.31573999  0.18738118
   0.92832786  0.19080611  0.48541212
   0.03971000  0.69194000  0.08602000
   0.31110745  0.93901392  0.28909095
   0.11931778  0.56005860  0.39104631
   0.17911906  0.81588057  0.18723322
   0.25972135  0.69179797  0.48602175
   0.37304000  0.69194000  0.08602000
   0.64564147  0.93905528  0.28871059
   0.45900654  0.55992542  0.39011720
   0.51172900  0.81560041  0.18713193
   0.59585805  0.69162912  0.48607164
   0.70637000  0.69194000  0.08602000
   0.97833513  0.93928961  0.28882089
   0.84543832  0.81587629  0.18698760
   0.92188751  0.69497140  0.49310283
   0.78650888  0.56299829  0.38535929
   0.17885480  0.06428444  0.18544067
   0.27556925  0.43326416  0.49252009
   0.03971000  0.44194000  0.08602000
   0.31487284  0.18752138  0.28938327
   0.12474328  0.31229122  0.39051544
   0.51233695  0.06412318  0.18554947
   0.37304000  0.44194000  0.08602000
   0.64863275  0.18795248  0.28980075
   0.45887093  0.31327054  0.38960583
   0.84556218  0.06447130  0.18548351
   0.94745149  0.43257386  0.49777131
   0.70637000  0.44194000  0.08602000
   0.98192327  0.18831281  0.28937839
   0.79144979  0.31440679  0.39211835
   0.18000107  0.56432241  0.18551634
   0.25624685  0.93798788  0.49466808
   0.03971000  0.94194000  0.08602000
   0.31524727  0.68823725  0.28928719
   0.10767612  0.81261762  0.39289935
   0.51315218  0.56336003  0.18484642
   0.58782086  0.93541775  0.49525473
   0.37304000  0.94194000  0.08602000
   0.64838579  0.68823554  0.28651200
   0.44321965  0.81613760  0.39092138
   0.84649339  0.56428647  0.18643118
   0.92184476  0.93784265  0.49459340
   0.70637000  0.94194000  0.08602000
   0.98296325  0.68886606  0.28705544
   0.77696112  0.81350684  0.39172269
   0.17417000  0.33753000  0.10253000
   0.25812196  0.20422237  0.40201961
   0.07678849  0.32300923  0.50001744
   0.31392297  0.46059551  0.20447418
   0.11465226  0.08295164  0.30671869
   0.23858000  0.04636000  0.06951000
   0.04529771  0.17043510  0.16955554
   0.32380345  0.41615101  0.37222480
   0.12408546  0.04871262  0.47810195
   0.18210001  0.29227096  0.27043926
   0.50750000  0.33753000  0.10253000
   0.58958840  0.20411763  0.40161337
   0.40756213  0.32526363  0.50195328
   0.64629473  0.45848470  0.20303675
   0.44813699  0.08247837  0.30658078
   0.57191000  0.04636000  0.06951000
   0.37839225  0.16978732  0.16942479
   0.65830464  0.41771374  0.37071387
   0.45774449  0.04579887  0.47810889
   0.51438336  0.29116085  0.27027319
   0.84083000  0.33753000  0.10253000
   0.92398101  0.20374045  0.40239749
   0.74274985  0.32398652  0.49574084
   0.98145385  0.46061747  0.20498491
   0.78212334  0.08315357  0.30640402
   0.90524000  0.04636000  0.06951000
   0.71194628  0.17052835  0.16962256
   0.99024654  0.41563226  0.37268809
   0.78944440  0.04634935  0.47839929
   0.84850055  0.29240414  0.27055455
   0.17417000  0.83753000  0.10253000
   0.24341369  0.70816994  0.40409648
   0.05583555  0.83301431  0.50319383
   0.31303630  0.96101561  0.20485817
   0.11522562  0.58436644  0.30697811
   0.23858000  0.54636000  0.06951000
   0.04624709  0.67047920  0.16977933
   0.30677103  0.91860068  0.37338672
   0.14237969  0.54227655  0.47738723
   0.18199555  0.79259635  0.27029946
   0.50750000  0.83753000  0.10253000
   0.57605799  0.70981033  0.40431072
   0.38632705  0.82904891  0.50374881
   0.64646423  0.96081244  0.20461436
   0.45008700  0.58404084  0.30621403
   0.57191000  0.54636000  0.06951000
   0.37980744  0.66997013  0.16955279
   0.64376445  0.91880232  0.37277387
   0.47669067  0.54284452  0.47666008
   0.51352293  0.79287407  0.27021770
   0.84083000  0.83753000  0.10253000
   0.72109055  0.82961813  0.50502812
   0.97980433  0.96119349  0.20458241
   0.78389019  0.58375173  0.29791433
   0.90524000  0.54636000  0.06951000
   0.71255086  0.67008247  0.16950155
   0.97586521  0.91603047  0.37303301
   0.81362023  0.54509909  0.50487722
   0.84801227  0.79383551  0.27006241
   0.90509877  0.70360612  0.41025115
   0.77113260  0.44512384  0.68718807
   0.80332785  0.51089325  0.59550571
