   0.27634040  0.43413863  0.49313835
   0.03971000  0.19194000  0.08602000
   0.31759510  0.43842249  0.28865622
   0.11716032  0.06067683  0.39035532
   0.17863309  0.31548106  0.18729206
   0.25682949  0.19486558  0.48502019
   0.37304000  0.19194000  0.08602000
   0.65108947  0.43781330  0.28730192
   0.45049257  0.06256166  0.39116165
   0.51168135  0.31461686  0.18688401
   0.59194282  0.19377510  0.48694583
   0.70637000  0.19194000  0.08602000
   0.98394514  0.43836829  0.28800613
   0.78198437  0.06038620  0.38947343
   0.84540229  0.31528988  0.18696253
   0.92770762  0.19011230  0.48329277
   0.03971000  0.69194000  0.08602000
   0.31249248  0.93974151  0.28897602
   0.12162644  0.56000117  0.38969297
   0.17897871  0.81564719  0.18735987
   0.26016209  0.68998444  0.48539104
   0.37304000  0.69194000  0.08602000
   0.64582510  0.93859112  0.28817614
   0.45821963  0.56003649  0.39049300
   0.51196951  0.81515832  0.18714558
   0.59338152  0.69311032  0.48598314
   0.70637000  0.69194000  0.08602000
   0.97880853  0.93901365  0.28864325
   0.84515623  0.81557981  0.18720983
   0.92922428  0.69316481  0.48918248
   0.78887980  0.56111635  0.38949564
   0.17871866  0.06406680  0.18550115
   0.03971000  0.44194000  0.08602000
   0.31547088  0.18834939  0.28946713
   0.12533899  0.31253552  0.39015391
   0.51195606  0.06349589  0.18506585
   0.60933636  0.43363048  0.49497049
   0.37304000  0.44194000  0.08602000
   0.64852572  0.18756373  0.28826060
   0.45927588  0.31409900  0.39069770
   0.84564569  0.06413096  0.18536895
   0.94662206  0.43213166  0.49561322
   0.70637000  0.44194000  0.08602000
   0.98239379  0.18804796  0.28894197
   0.79176925  0.31311655  0.38857555
   0.17988819  0.56411338  0.18552943
   0.25574945  0.93754301  0.49430900
   0.03971000  0.94194000  0.08602000
   0.31525264  0.68846686  0.28900511
   0.11050457  0.81448551  0.39113789
   0.51298837  0.56352005  0.18504136
   0.58841803  0.93640015  0.49427069
   0.37304000  0.94194000  0.08602000
   0.64873446  0.68777343  0.28785943
   0.44408105  0.81618281  0.39049355
   0.84628591  0.56412212  0.18588340
   0.92204738  0.93669870  0.49420857
   0.70637000  0.94194000  0.08602000
   0.98220719  0.68829975  0.28782700
   0.77793646  0.81426701  0.39093058
   0.17417000  0.33753000  0.10253000
   0.25894410  0.20410319  0.40129590
   0.07698516  0.32060321  0.49704341
   0.31392597  0.46050909  0.20459176
   0.11530828  0.08286362  0.30602266
   0.23858000  0.04636000  0.06951000
   0.04512380  0.17035737  0.16963949
   0.32384722  0.41690328  0.37227431
   0.12379151  0.04796181  0.47775664
   0.18196109  0.29248794  0.27043244
   0.50750000  0.33753000  0.10253000
   0.59245543  0.20585861  0.40391060
   0.40950960  0.32463138  0.49982693
   0.64653944  0.45921205  0.20328366
   0.44927589  0.08375649  0.30685205
   0.57191000  0.04636000  0.06951000
   0.37834329  0.16968736  0.16944378
   0.65790908  0.41675015  0.37110342
   0.45827444  0.04730944  0.47855017
   0.51510493  0.29188757  0.27002989
   0.84083000  0.33753000  0.10253000
   0.92257423  0.20345564  0.40044168
   0.74025489  0.32404534  0.50544866
   0.98106715  0.46016925  0.20407728
   0.78185410  0.08272312  0.30535581
   0.90524000  0.04636000  0.06951000
   0.71146558  0.17007316  0.16956439
   0.99073321  0.41539966  0.37133908
   0.79029180  0.04574376  0.47727984
   0.84841002  0.29203140  0.27000279
   0.17417000  0.83753000  0.10253000
   0.24509854  0.70886223  0.40343980
   0.05572586  0.83257885  0.50438039
   0.31312802  0.96073540  0.20481438
   0.11603852  0.58414806  0.30585217
   0.23858000  0.54636000  0.06951000
   0.04616054  0.67044727  0.16971432
   0.30919264  0.92054645  0.37319686
   0.14227425  0.54153994  0.47482825
   0.18124937  0.79320465  0.27064253
   0.50750000  0.83753000  0.10253000
   0.57711419  0.70964854  0.40393654
   0.38713882  0.82951199  0.50290288
   0.64640879  0.96029344  0.20426536
   0.44954115  0.58410453  0.30650903
   0.57191000  0.54636000  0.06951000
   0.37928086  0.67001298  0.16953931
   0.64372827  0.91851036  0.37214828
   0.47784700  0.54303433  0.47734318
   0.51405959  0.79240706  0.27028297
   0.84083000  0.83753000  0.10253000
   0.72061828  0.83022606  0.50457130
   0.97963031  0.96070536  0.20448973
   0.78353775  0.58362576  0.30054915
   0.90524000  0.54636000  0.06951000
   0.71239265  0.67012015  0.16946068
   0.97642909  0.91829027  0.37273614
   0.81116566  0.54408276  0.49286225
   0.84762168  0.79341033  0.27038085
   0.90991492  0.70766065  0.40721978
   0.08405367  0.49107215  0.62860449
   0.82368617  0.48042742  0.59515136
