   0.90846920  0.68676144  0.49925621
   0.03971000  0.19194000  0.09637000
   0.31978793  0.44023127  0.29953553
   0.11582840  0.06102727  0.40109124
   0.17987504  0.31649474  0.19777146
   0.26171148  0.18984613  0.49639128
   0.37304000  0.19194000  0.09637000
   0.65181745  0.43811535  0.29703696
   0.45067707  0.06471196  0.40346659
   0.51249650  0.31519414  0.19698012
   0.59300967  0.19502788  0.50177185
   0.70637000  0.19194000  0.09637000
   0.98696807  0.43880073  0.29849524
   0.78226854  0.06237443  0.40197768
   0.84663151  0.31572643  0.19735197
   0.93123500  0.19115020  0.49693145
   0.03971000  0.69194000  0.09637000
   0.31351413  0.94081841  0.30065106
   0.12510349  0.56054104  0.40133525
   0.18006950  0.81664496  0.19794050
   0.25691283  0.69399437  0.49717236
   0.37304000  0.69194000  0.09637000
   0.64621268  0.93975651  0.29986046
   0.45820761  0.56260668  0.40283602
   0.51284582  0.81629376  0.19769443
   0.60895299  0.68606716  0.50327927
   0.70637000  0.69194000  0.09637000
   0.97876675  0.93916830  0.29934800
   0.84627335  0.81598312  0.19736179
   0.79407849  0.55919038  0.39684005
   0.17929880  0.06468966  0.19607272
   0.27831392  0.43018272  0.50405899
   0.03971000  0.44194000  0.09637000
   0.31551017  0.18877455  0.29982536
   0.12757821  0.31227126  0.39957597
   0.51264785  0.06437237  0.19577019
   0.60578738  0.42669306  0.49889894
   0.37304000  0.44194000  0.09637000
   0.64876964  0.18819129  0.29905585
   0.46036292  0.31255484  0.39971185
   0.84613543  0.06463264  0.19569918
   0.94732956  0.42849561  0.50216248
   0.70637000  0.44194000  0.09637000
   0.98223332  0.18826409  0.29925299
   0.79373856  0.31155384  0.39803889
   0.18138424  0.56495691  0.19580836
   0.24767873  0.93739901  0.50588090
   0.03971000  0.94194000  0.09637000
   0.31709598  0.69007306  0.30053908
   0.11064914  0.81652456  0.40376586
   0.51431192  0.56453153  0.19515130
   0.58140295  0.94052481  0.50577273
   0.37304000  0.94194000  0.09637000
   0.64980353  0.68967778  0.29923486
   0.44574409  0.81729958  0.40430438
   0.84800898  0.56454548  0.19517820
   0.91772047  0.93958325  0.50534245
   0.70637000  0.94194000  0.09637000
   0.98415924  0.68974470  0.29901259
   0.77682381  0.81496597  0.40419294
   0.17417000  0.33753000  0.11288000
   0.25959914  0.20455173  0.41260471
   0.07809231  0.32213034  0.51427768
   0.31565261  0.46176316  0.21582671
   0.11526853  0.08353705  0.31692762
   0.23858000  0.04636000  0.07986000
   0.04597419  0.17126224  0.18047859
   0.32694628  0.41690029  0.38309558
   0.11911959  0.04852609  0.48858275
   0.18265513  0.29381251  0.28143057
   0.50750000  0.33753000  0.11288000
   0.59508910  0.20838807  0.41704395
   0.40976907  0.31946066  0.51412532
   0.64830794  0.46052104  0.21403077
   0.44977122  0.08543396  0.31893690
   0.57191000  0.04636000  0.07986000
   0.37880953  0.17034176  0.18014194
   0.65992320  0.41494559  0.38019738
   0.45207181  0.05248216  0.49127383
   0.51553005  0.29249646  0.28034584
   0.84083000  0.33753000  0.11288000
   0.92612527  0.20574330  0.41366164
   0.74247811  0.32661502  0.52499378
   0.98211402  0.46103783  0.21492992
   0.78202678  0.08429514  0.31761678
   0.90524000  0.04636000  0.07986000
   0.71226536  0.17079210  0.18032548
   0.99323840  0.41586193  0.38233262
   0.78590199  0.05166376  0.48928629
   0.84919312  0.29307729  0.28095285
   0.17417000  0.83753000  0.11288000
   0.24511271  0.70956839  0.41509855
   0.04742930  0.82818057  0.51066318
   0.31384055  0.96187474  0.21630527
   0.11751021  0.58490729  0.31749751
   0.23858000  0.54636000  0.07986000
   0.04755853  0.67105222  0.18043851
   0.31098459  0.92152904  0.38523152
   0.14637477  0.54063647  0.48767438
   0.18306425  0.79402040  0.28156321
   0.50750000  0.83753000  0.11288000
   0.57647356  0.71042846  0.42039878
   0.38018649  0.83281347  0.51546553
   0.64699577  0.96152664  0.21571511
   0.45164866  0.58629843  0.31896714
   0.57191000  0.54636000  0.07986000
   0.38070312  0.67083299  0.18025533
   0.64366461  0.91978413  0.38419135
   0.47814666  0.53705928  0.48713874
   0.51554950  0.79345629  0.28116083
   0.84083000  0.83753000  0.11288000
   0.71404409  0.83606589  0.51145258
   0.98010635  0.96132043  0.21528723
   0.78402424  0.58444555  0.31495940
   0.90524000  0.54636000  0.07986000
   0.71388760  0.67047786  0.18008462
   0.97519653  0.91881684  0.38363137
   0.81044382  0.52947813  0.47885222
   0.84880363  0.79293914  0.28058815
   0.91168358  0.70681115  0.41558477
   0.88869464  0.85903046  0.60338576
   0.75974686  0.48960533  0.59297858
