   0.59288965  0.19490535  0.50178270
   0.03971000  0.19194000  0.09637000
   0.31978015  0.44026772  0.29955907
   0.11576385  0.06095275  0.40111036
   0.17987033  0.31650932  0.19779025
   0.26178760  0.18981030  0.49640976
   0.37304000  0.19194000  0.09637000
   0.65182003  0.43812900  0.29704058
   0.45065374  0.06465940  0.40350596
   0.51248087  0.31518056  0.19698110
   0.70637000  0.19194000  0.09637000
   0.98701787  0.43881890  0.29851983
   0.78224022  0.06229326  0.40197975
   0.84666859  0.31572989  0.19737028
   0.93124993  0.19115341  0.49691985
   0.03971000  0.69194000  0.09637000
   0.31351133  0.94082137  0.30069954
   0.12515663  0.56063607  0.40138774
   0.18008962  0.81666944  0.19796979
   0.25685108  0.69412482  0.49718827
   0.37304000  0.69194000  0.09637000
   0.64622939  0.93976078  0.29991881
   0.45821690  0.56272404  0.40290343
   0.51286933  0.81631933  0.19772942
   0.61026378  0.68538046  0.50385413
   0.70637000  0.69194000  0.09637000
   0.97877046  0.93917070  0.29940858
   0.84630880  0.81600926  0.19739932
   0.90691060  0.68638528  0.49968854
   0.79426313  0.55926764  0.39694527
   0.17926170  0.06467040  0.19608997
   0.27851140  0.43032918  0.50402031
   0.03971000  0.44194000  0.09637000
   0.31546279  0.18873028  0.29984980
   0.12756917  0.31225809  0.39957988
   0.51264950  0.06435058  0.19578043
   0.60580065  0.42686509  0.49887016
   0.37304000  0.44194000  0.09637000
   0.64877762  0.18814100  0.29907059
   0.46022907  0.31250713  0.39975554
   0.84613956  0.06462014  0.19571017
   0.94729095  0.42856129  0.50210289
   0.70637000  0.44194000  0.09637000
   0.98221090  0.18824031  0.29926994
   0.79380291  0.31150950  0.39806025
   0.18137980  0.56495959  0.19582002
   0.24727284  0.93711775  0.50587072
   0.03971000  0.94194000  0.09637000
   0.31710840  0.69008023  0.30057864
   0.11054451  0.81647307  0.40383701
   0.51430050  0.56455845  0.19515047
   0.58162074  0.94027960  0.50575757
   0.37304000  0.94194000  0.09637000
   0.64978194  0.68973767  0.29925909
   0.44581510  0.81720781  0.40433849
   0.84805778  0.56456861  0.19517087
   0.91733727  0.93862726  0.50514673
   0.70637000  0.94194000  0.09637000
   0.98424643  0.68979789  0.29903947
   0.77683241  0.81486645  0.40429648
   0.17414377  0.33748552  0.11287003
   0.25961433  0.20459452  0.41258165
   0.07803803  0.32208833  0.51429814
   0.31567904  0.46177013  0.21582930
   0.11528824  0.08357804  0.31689062
   0.23858000  0.04636000  0.07986000
   0.04601803  0.17127940  0.18046001
   0.32701982  0.41685381  0.38306297
   0.11900709  0.04866652  0.48866513
   0.18267899  0.29383015  0.28141004
   0.50747013  0.33748313  0.11286676
   0.59511149  0.20845324  0.41702109
   0.40980323  0.31949237  0.51412390
   0.64830992  0.46051086  0.21405804
   0.44977848  0.08549772  0.31891800
   0.57191000  0.04636000  0.07986000
   0.37881952  0.17034988  0.18012964
   0.66009142  0.41510526  0.38015187
   0.45212907  0.05260212  0.49123492
   0.51558752  0.29257760  0.28033938
   0.84080236  0.33748367  0.11286831
   0.92613956  0.20576791  0.41364086
   0.74265360  0.32667702  0.52517713
   0.98208151  0.46104022  0.21491967
   0.78201117  0.08432835  0.31759049
   0.90524000  0.04636000  0.07986000
   0.71226035  0.17079981  0.18030984
   0.99319353  0.41581371  0.38230075
   0.78607590  0.05182382  0.48939015
   0.84916191  0.29309958  0.28093006
   0.17414351  0.83748555  0.11287043
   0.24513128  0.70951129  0.41507118
   0.04717512  0.82944291  0.51137413
   0.31383970  0.96188913  0.21627999
   0.11748182  0.58486193  0.31746105
   0.23858000  0.54636000  0.07986000
   0.04755981  0.67103084  0.18042010
   0.31103394  0.92160208  0.38519009
   0.14632551  0.54050637  0.48767118
   0.18305981  0.79400966  0.28153042
   0.50747250  0.83748527  0.11286956
   0.57609260  0.71040332  0.42045107
   0.38017744  0.83269714  0.51549039
   0.64699032  0.96153933  0.21569976
   0.45165017  0.58623276  0.31895107
   0.57191000  0.54636000  0.07986000
   0.38071932  0.67081090  0.18024006
   0.64368051  0.91994115  0.38414075
   0.47762166  0.53677127  0.48692984
   0.51553071  0.79343029  0.28111151
   0.84080201  0.83748465  0.11286824
   0.71548800  0.83808306  0.51190095
   0.98010007  0.96132953  0.21526988
   0.78391433  0.58430612  0.31501696
   0.90524000  0.54636000  0.07986000
   0.71388975  0.67044157  0.18007001
   0.97523705  0.91895405  0.38357170
   0.81043013  0.52864105  0.47817045
   0.84878993  0.79292039  0.28054127
   0.91188873  0.70656052  0.41546210
   0.42729573  0.18976063  0.58579857
   0.75946982  0.48953313  0.59282415
