   0.60835308  0.43516603  0.49784912
   0.03971000  0.19194000  0.08602000
   0.31613789  0.43948408  0.28899745
   0.11953324  0.06002825  0.39023072
   0.17845626  0.31588280  0.18753957
   0.26542877  0.19416407  0.48401408
   0.37304000  0.19194000  0.08602000
   0.64936439  0.43772806  0.28638671
   0.45240670  0.06188624  0.39069889
   0.51101601  0.31415903  0.18676957
   0.59791211  0.19333576  0.48514446
   0.70637000  0.19194000  0.08602000
   0.98256259  0.43946810  0.28903037
   0.78590237  0.06177241  0.39033119
   0.84535987  0.31570044  0.18735859
   0.93032131  0.19374213  0.48486008
   0.03971000  0.69194000  0.08602000
   0.31278935  0.93909565  0.28911115
   0.11903114  0.56126666  0.39165422
   0.17866236  0.81575955  0.18723215
   0.26382080  0.69302042  0.48626885
   0.37304000  0.69194000  0.08602000
   0.64706081  0.93899959  0.28877671
   0.45913989  0.56096915  0.39094702
   0.51102120  0.81569756  0.18727077
   0.59873467  0.69258618  0.48643956
   0.70637000  0.69194000  0.08602000
   0.97976379  0.93867409  0.28874260
   0.84466710  0.81586313  0.18697883
   0.92718786  0.69427492  0.49353290
   0.78668522  0.56360008  0.38531654
   0.17890448  0.06411421  0.18543103
   0.27449837  0.43497079  0.49317692
   0.03971000  0.44194000  0.08602000
   0.31442809  0.18801705  0.28937547
   0.12266847  0.31441145  0.39027609
   0.51236136  0.06394492  0.18550263
   0.37304000  0.44194000  0.08602000
   0.64804589  0.18830028  0.28924878
   0.45708595  0.31593208  0.38991196
   0.84570658  0.06430837  0.18543031
   0.94557310  0.43515632  0.50094774
   0.70637000  0.44194000  0.08602000
   0.98131839  0.18850725  0.28917257
   0.78959048  0.31659238  0.39115461
   0.17883582  0.56430831  0.18561875
   0.26424717  0.93826418  0.49375856
   0.03971000  0.94194000  0.08602000
   0.31436683  0.68895672  0.28976024
   0.11173732  0.81262027  0.39311641
   0.51182536  0.56359169  0.18475328
   0.59691840  0.93702084  0.49385191
   0.37304000  0.94194000  0.08602000
   0.64723864  0.68881580  0.28699739
   0.44764996  0.81647322  0.39132110
   0.84530522  0.56440494  0.18626413
   0.93045531  0.93826837  0.49350762
   0.70637000  0.94194000  0.08602000
   0.98191650  0.68937588  0.28719435
   0.78144226  0.81363703  0.39241273
   0.17417000  0.33753000  0.10253000
   0.25643145  0.20603403  0.40119985
   0.07497103  0.32556600  0.50064911
   0.31307957  0.46099607  0.20497268
   0.11420117  0.08289805  0.30637842
   0.23858000  0.04636000  0.06951000
   0.04535824  0.17063715  0.16969666
   0.32139790  0.41874389  0.37284352
   0.13163727  0.04818192  0.47720098
   0.18129283  0.29283896  0.27084118
   0.50750000  0.33753000  0.10253000
   0.58908973  0.20740681  0.40219313
   0.40661495  0.32692920  0.50167029
   0.64507774  0.45881993  0.20262214
   0.44836764  0.08338923  0.30659134
   0.57191000  0.04636000  0.06951000
   0.37827284  0.16950191  0.16937081
   0.65611040  0.41967907  0.37048884
   0.46498157  0.04738594  0.47767241
   0.51384553  0.29182786  0.27010991
   0.84083000  0.33753000  0.10253000
   0.92208814  0.20674701  0.40216105
   0.74175896  0.32621824  0.49971506
   0.98024349  0.46071842  0.20486860
   0.78187893  0.08362754  0.30622820
   0.90524000  0.04636000  0.06951000
   0.71198860  0.17034621  0.16964228
   0.98829561  0.41815513  0.37279985
   0.79789184  0.04741666  0.47758583
   0.84761470  0.29299100  0.27060840
   0.17417000  0.83753000  0.10253000
   0.24754593  0.70800137  0.40412304
   0.06412532  0.83241243  0.50194156
   0.31322210  0.96067731  0.20488424
   0.11457592  0.58521204  0.30714777
   0.23858000  0.54636000  0.06951000
   0.04517751  0.67050292  0.16975158
   0.31126173  0.91925600  0.37343563
   0.14104973  0.54443747  0.47867166
   0.18097178  0.79320036  0.27047019
   0.50750000  0.83753000  0.10253000
   0.58053050  0.70961166  0.40427312
   0.39566322  0.83028780  0.50221771
   0.64653370  0.96065380  0.20466015
   0.44910711  0.58488827  0.30678313
   0.57191000  0.54636000  0.06951000
   0.37837425  0.67021134  0.16956341
   0.64777267  0.91902834  0.37287004
   0.47702689  0.54442823  0.47793471
   0.51262788  0.79346843  0.27055672
   0.84083000  0.83753000  0.10253000
   0.72981586  0.83040354  0.50284818
   0.97990125  0.96088378  0.20451567
   0.78274342  0.58422381  0.29777346
   0.90524000  0.54636000  0.06951000
   0.71143005  0.67028794  0.16941200
   0.97973926  0.91605050  0.37303541
   0.81233720  0.54734069  0.51024229
   0.84675569  0.79415261  0.27013605
   0.90949435  0.70246116  0.41036968
   0.78757102  0.48732137  0.69731501
   0.80177662  0.52413545  0.60145301
