   0.57976048  0.68747166  0.50161303
   0.03971000  0.19194000  0.09637000
   0.31842773  0.43856127  0.29737643
   0.11471347  0.06143323  0.40074211
   0.17983002  0.31507215  0.19617406
   0.25431915  0.19341629  0.49655978
   0.37304000  0.19194000  0.09637000
   0.65207765  0.43787467  0.29751130
   0.45057706  0.06408063  0.40183145
   0.51370562  0.31467242  0.19590052
   0.58524619  0.20084202  0.49964964
   0.70637000  0.19194000  0.09637000
   0.98712869  0.44022852  0.29936969
   0.78200571  0.06203676  0.40112858
   0.84680856  0.31599370  0.19769203
   0.92672715  0.19229598  0.49649289
   0.03971000  0.69194000  0.09637000
   0.31335444  0.94037317  0.29927311
   0.12642111  0.56132605  0.40321243
   0.17992080  0.81561428  0.19681473
   0.27491543  0.68893726  0.50300346
   0.37304000  0.69194000  0.09637000
   0.64536478  0.93933528  0.29916351
   0.45906445  0.56032588  0.39895040
   0.51350052  0.81540720  0.19654006
   0.70637000  0.69194000  0.09637000
   0.97914020  0.93883999  0.29916460
   0.84604815  0.81564311  0.19755353
   0.93197677  0.69422486  0.49527693
   0.79065438  0.56041680  0.39970612
   0.17893250  0.06428516  0.19557589
   0.28050166  0.43010356  0.50411829
   0.03971000  0.44194000  0.09637000
   0.31556584  0.18883158  0.29902162
   0.12684067  0.31267910  0.39934990
   0.51256876  0.06412497  0.19524661
   0.60967064  0.43177379  0.50024254
   0.37304000  0.44194000  0.09637000
   0.64907389  0.18834897  0.29882525
   0.45953233  0.31207989  0.39933695
   0.84577239  0.06417403  0.19548259
   0.94951576  0.43247127  0.50470679
   0.70637000  0.44194000  0.09637000
   0.98224419  0.18819707  0.29883751
   0.79383746  0.31258232  0.39895219
   0.18055447  0.56460880  0.19537716
   0.24957537  0.94176275  0.50232984
   0.03971000  0.94194000  0.09637000
   0.31652117  0.69008545  0.29938331
   0.11244638  0.81603119  0.40179967
   0.51395062  0.56412248  0.19491535
   0.58503655  0.94311294  0.50459609
   0.37304000  0.94194000  0.09637000
   0.64918805  0.68908980  0.29884949
   0.44384973  0.81664959  0.40588680
   0.84751058  0.56431499  0.19515225
   0.91445621  0.93850766  0.50525060
   0.70637000  0.94194000  0.09637000
   0.98338066  0.68908446  0.29964255
   0.77593291  0.81563875  0.40307952
   0.17298459  0.33297224  0.10984358
   0.25875522  0.20448109  0.41258835
   0.07801557  0.32064483  0.51380014
   0.31450746  0.46031972  0.21347464
   0.11543126  0.08358637  0.31665326
   0.23858000  0.04636000  0.07986000
   0.04500824  0.17054042  0.18014272
   0.32526554  0.41486844  0.38047006
   0.11648927  0.04912042  0.48880538
   0.18190137  0.29262510  0.27971239
   0.50648285  0.33288940  0.10955255
   0.59533808  0.20705516  0.41476441
   0.41292491  0.31839037  0.51371808
   0.64829805  0.45980493  0.21340752
   0.44943015  0.08498863  0.31735857
   0.57191000  0.04636000  0.07986000
   0.37857279  0.17039824  0.18007723
   0.65933909  0.41594494  0.38192251
   0.45262794  0.05506671  0.48980259
   0.51604623  0.29263457  0.27957772
   0.84083000  0.33753000  0.11288000
   0.92551952  0.20550669  0.41342587
   0.74403469  0.32903751  0.51944858
   0.98216960  0.46135017  0.21526246
   0.78213700  0.08387146  0.31684758
   0.90524000  0.04636000  0.07986000
   0.71222910  0.17093786  0.18036056
   0.99262521  0.41718731  0.38325135
   0.78700763  0.05012181  0.48920142
   0.84958477  0.29384907  0.28129787
   0.17307414  0.83306824  0.11005863
   0.24202954  0.70921415  0.41933623
   0.04913892  0.83398083  0.51359025
   0.31337483  0.96083056  0.21451144
   0.11833618  0.58610293  0.31863926
   0.23858000  0.54636000  0.07986000
   0.04659076  0.67076867  0.18030184
   0.31016777  0.92132634  0.38350645
   0.14713501  0.53828764  0.48873502
   0.18180625  0.79389808  0.28061740
   0.50656258  0.83305270  0.10989228
   0.57883617  0.70830989  0.41731745
   0.38492337  0.84168773  0.50545582
   0.64665537  0.96074355  0.21446776
   0.45004238  0.58491367  0.31569771
   0.57191000  0.54636000  0.07986000
   0.37980684  0.67066758  0.18019897
   0.64254317  0.91981055  0.38349320
   0.47875985  0.53227007  0.48078452
   0.51543575  0.79332704  0.28002363
   0.84083000  0.83753000  0.11288000
   0.71354078  0.83425792  0.51258424
   0.98009094  0.96089081  0.21501908
   0.78297340  0.58368253  0.31613562
   0.90524000  0.54636000  0.07986000
   0.71317739  0.67048430  0.18014008
   0.97592277  0.91906656  0.38334393
   0.81581554  0.54341227  0.48818254
   0.84851290  0.79237043  0.28073634
   0.91120910  0.70836618  0.41363077
   0.42091195  0.65528352  0.58535118
   0.76585278  0.48492738  0.59866519
