   0.92033475  0.69843134  0.49592139
   0.03971000  0.19194000  0.09637000
   0.31191279  0.44053305  0.29843174
   0.13131354  0.06131262  0.40065282
   0.17981141  0.31604451  0.19717274
   0.25990394  0.19544500  0.49735704
   0.37304000  0.19194000  0.09637000
   0.64595909  0.44059426  0.29847207
   0.46476385  0.06226599  0.40097968
   0.51311214  0.31611701  0.19719867
   0.59254355  0.19415819  0.49783998
   0.70637000  0.19194000  0.09637000
   0.97912751  0.44045695  0.29791812
   0.79834680  0.06125369  0.40061802
   0.84642198  0.31591343  0.19705727
   0.93928156  0.18686954  0.49995393
   0.03971000  0.69194000  0.09637000
   0.32149860  0.94024937  0.29883725
   0.11282333  0.56546004  0.39931648
   0.17939428  0.81659540  0.19753289
   0.25491966  0.70098252  0.49498955
   0.37304000  0.69194000  0.09637000
   0.65497195  0.94006293  0.29845716
   0.44536012  0.56545156  0.39993026
   0.51274456  0.81643516  0.19741558
   0.58870638  0.69796286  0.49555866
   0.70637000  0.69194000  0.09637000
   0.98814052  0.93977007  0.29861980
   0.84606668  0.81642627  0.19747360
   0.77860358  0.56498275  0.40026176
   0.18145837  0.06463801  0.19530228
   0.24276198  0.44546184  0.50400334
   0.03971000  0.44194000  0.09637000
   0.31873588  0.18982574  0.29886877
   0.10991226  0.31877053  0.40263220
   0.51470827  0.06452863  0.19512300
   0.56982912  0.44623276  0.50667911
   0.37304000  0.44194000  0.09637000
   0.65228331  0.18960503  0.29856761
   0.44447614  0.31903039  0.40099477
   0.84813535  0.06462600  0.19525773
   0.90999379  0.44717158  0.50163770
   0.70637000  0.44194000  0.09637000
   0.98568659  0.18976585  0.29893164
   0.77935933  0.31750710  0.40062769
   0.17861898  0.56513272  0.19538059
   0.29142682  0.93360941  0.50232616
   0.03971000  0.94194000  0.09637000
   0.31490132  0.68979739  0.29872369
   0.13015761  0.81344763  0.39856824
   0.51184818  0.56503126  0.19545595
   0.62543737  0.93187764  0.50222581
   0.37304000  0.94194000  0.09637000
   0.64811740  0.68964465  0.29879598
   0.46395739  0.81396015  0.39823217
   0.84515999  0.56504276  0.19526537
   0.95835446  0.93193945  0.50262281
   0.70637000  0.94194000  0.09637000
   0.98141516  0.68962807  0.29871787
   0.79704844  0.81319431  0.39851478
   0.17417000  0.33753000  0.11288000
   0.24549551  0.21225195  0.41567962
   0.04233585  0.34176728  0.50944280
   0.31285888  0.46150878  0.21454947
   0.12031034  0.08578984  0.31720878
   0.23858000  0.04636000  0.07986000
   0.04727246  0.17077474  0.18014433
   0.30896099  0.42172254  0.38279821
   0.15860180  0.04161205  0.48637021
   0.18411905  0.29334887  0.28050556
   0.50750000  0.33753000  0.11288000
   0.57881260  0.21340812  0.41650645
   0.37182353  0.33781618  0.51626790
   0.64624405  0.46150321  0.21458714
   0.45379996  0.08638294  0.31760776
   0.57191000  0.04636000  0.07986000
   0.38058136  0.17078438  0.18022067
   0.64361207  0.42095946  0.38305879
   0.49195415  0.04210956  0.48732410
   0.51748758  0.29345465  0.28063380
   0.84083000  0.33753000  0.11288000
   0.91099019  0.21131690  0.41790490
   0.69850034  0.33969738  0.52122484
   0.97942448  0.46142794  0.21415948
   0.78713016  0.08615597  0.31715884
   0.90524000  0.04636000  0.07986000
   0.71382157  0.17066863  0.18013396
   0.97570448  0.42126637  0.38188710
   0.82384420  0.03624517  0.48429685
   0.85074255  0.29319969  0.28036338
   0.17417000  0.83753000  0.11288000
   0.26387661  0.70614532  0.40983343
   0.09057529  0.82090116  0.51081034
   0.31620679  0.96150861  0.21510487
   0.11472561  0.58452364  0.31505971
   0.23858000  0.54636000  0.07986000
   0.04483656  0.67167441  0.18047654
   0.32982291  0.91911214  0.38285691
   0.11546580  0.55672146  0.48636396
   0.18195087  0.79530558  0.28121523
   0.50750000  0.83753000  0.11288000
   0.59611687  0.70553814  0.41090093
   0.42323699  0.82318793  0.51105883
   0.64933650  0.96140125  0.21480588
   0.44800688  0.58452084  0.31565149
   0.57191000  0.54636000  0.07986000
   0.37816531  0.67154545  0.18045687
   0.66318031  0.91776434  0.38206322
   0.44421661  0.55510911  0.48816560
   0.51537082  0.79486999  0.28099509
   0.84083000  0.83753000  0.11288000
   0.75663249  0.81938875  0.51157793
   0.98275334  0.96140878  0.21495323
   0.78111726  0.58464155  0.31581029
   0.90524000  0.54636000  0.07986000
   0.71137968  0.67152884  0.18044348
   0.99651641  0.91780869  0.38241977
   0.77450806  0.55445449  0.48845144
   0.84857237  0.79477750  0.28108953
   0.92942687  0.70494548  0.41100094
   0.97892567  0.14464817  0.60301404
   0.80369523  0.26658603  0.59041897
