   0.93198583  0.68739269  0.50379195
   0.03971000  0.19194000  0.09637000
   0.31772569  0.43827747  0.29727020
   0.11746904  0.06345553  0.40006986
   0.17968411  0.31508795  0.19588420
   0.25314555  0.20010199  0.49552547
   0.37304000  0.19194000  0.09637000
   0.65114774  0.44062653  0.29906757
   0.45069307  0.06411408  0.40005530
   0.51283604  0.31644991  0.19758181
   0.58883455  0.19521174  0.49834688
   0.70637000  0.19194000  0.09637000
   0.98475459  0.43955083  0.29807852
   0.78312497  0.06334170  0.39961454
   0.84567309  0.31585044  0.19724275
   0.91939944  0.19915062  0.49520004
   0.03971000  0.69194000  0.09637000
   0.31144580  0.94008041  0.29845290
   0.12701018  0.56201830  0.39949286
   0.17794293  0.81582229  0.19725998
   0.26758618  0.69466196  0.49404658
   0.37304000  0.69194000  0.09637000
   0.64599750  0.93948810  0.29798251
   0.45822112  0.56085244  0.39907233
   0.51167718  0.81540892  0.19713361
   0.60150688  0.69438831  0.49356182
   0.70637000  0.69194000  0.09637000
   0.97905675  0.93995694  0.29884394
   0.84521014  0.81593678  0.19744991
   0.79409060  0.56216584  0.40196727
   0.17890687  0.06452247  0.19534995
   0.28468115  0.43573798  0.50148866
   0.03971000  0.44194000  0.09637000
   0.31533167  0.18924817  0.29863205
   0.12506011  0.31378374  0.39852109
   0.51202130  0.06440826  0.19518598
   0.61394672  0.43328106  0.50288470
   0.37304000  0.44194000  0.09637000
   0.64844313  0.18895068  0.29801048
   0.45923441  0.31434414  0.39920483
   0.84537147  0.06439700  0.19535395
   0.95591633  0.43451581  0.49999741
   0.70637000  0.44194000  0.09637000
   0.98194134  0.18872894  0.29815542
   0.79223061  0.31381691  0.39709637
   0.17961076  0.56378098  0.19481215
   0.25467431  0.94228890  0.50340312
   0.03971000  0.94194000  0.09637000
   0.31489420  0.68877593  0.29819367
   0.11021869  0.81776038  0.40406687
   0.51342710  0.56445810  0.19540169
   0.58753568  0.94028540  0.50242388
   0.37304000  0.94194000  0.09637000
   0.64860705  0.68936963  0.29927773
   0.44594522  0.81787003  0.39872096
   0.84666441  0.56448078  0.19525475
   0.92280835  0.94147849  0.50166181
   0.70637000  0.94194000  0.09637000
   0.98191114  0.68981880  0.29944900
   0.78013463  0.81673923  0.40203663
   0.17316474  0.33286654  0.10931538
   0.25920105  0.20649702  0.41101258
   0.08524238  0.32322594  0.50995630
   0.31411851  0.45981108  0.21302596
   0.11534564  0.08414699  0.31581340
   0.23858000  0.04636000  0.07986000
   0.04510228  0.17083900  0.17994450
   0.32424635  0.41741945  0.38119329
   0.12294280  0.05300288  0.48767805
   0.18161102  0.29314963  0.27954002
   0.50750000  0.33753000  0.11288000
   0.59379101  0.20788770  0.41387072
   0.41398737  0.32535510  0.51160720
   0.64791702  0.46178144  0.21503112
   0.44911258  0.08464342  0.31596644
   0.57191000  0.04636000  0.07986000
   0.37853023  0.17124786  0.18031752
   0.65824821  0.41803946  0.38254233
   0.45681515  0.05032730  0.48742459
   0.51537321  0.29436290  0.28101106
   0.84083000  0.33753000  0.11288000
   0.92393105  0.20651920  0.41108190
   0.74647499  0.31951418  0.52394188
   0.98082194  0.46077674  0.21424632
   0.78163256  0.08395224  0.31501492
   0.90524000  0.04636000  0.07986000
   0.71180706  0.17073629  0.18011423
   0.99093772  0.41805475  0.38172324
   0.78832657  0.05157892  0.48717268
   0.84859696  0.29351669  0.28057357
   0.17417000  0.83753000  0.11288000
   0.24739751  0.71167563  0.41277853
   0.05789520  0.83803408  0.50862038
   0.31296609  0.96093214  0.21440621
   0.11588635  0.58530786  0.31591276
   0.23858000  0.54636000  0.07986000
   0.04609664  0.67030885  0.17981767
   0.31003501  0.92164087  0.38242185
   0.15698296  0.54478140  0.48400627
   0.18082427  0.79342242  0.28019499
   0.50750000  0.83753000  0.11288000
   0.57885372  0.71046411  0.41185735
   0.38759853  0.83544248  0.51280729
   0.64615037  0.96057391  0.21404663
   0.44940991  0.58400239  0.31524144
   0.57191000  0.54636000  0.07986000
   0.37927887  0.67023344  0.18002402
   0.64483582  0.92095299  0.38206433
   0.48408232  0.54436323  0.48545701
   0.51379495  0.79332213  0.28033314
   0.84083000  0.83753000  0.11288000
   0.72013026  0.83554707  0.50984928
   0.97980360  0.96111628  0.21459108
   0.78340353  0.58623740  0.31805418
   0.90524000  0.54636000  0.07986000
   0.71266302  0.67094221  0.18004102
   0.97643570  0.92111660  0.38299349
   0.81301225  0.53634291  0.48520974
   0.84751663  0.79382816  0.28080336
   0.91181628  0.70993077  0.42003860
  -0.04946125  0.63914800  0.60229008
   0.82819083  0.44235056  0.60169046
