   0.60598156  0.93245851  0.49250543
   0.03971000  0.19194000  0.08602000
   0.31365481  0.43956787  0.28844369
   0.12408871  0.06147868  0.39085345
   0.17883110  0.31598075  0.18727794
   0.26035909  0.19444156  0.48634703
   0.37304000  0.19194000  0.08602000
   0.64630972  0.43917960  0.28851824
   0.45832878  0.06248985  0.39134142
   0.51222838  0.31591282  0.18734642
   0.58383990  0.18516433  0.49403329
   0.70637000  0.19194000  0.08602000
   0.97925319  0.43970299  0.28876139
   0.79014745  0.06121499  0.39050154
   0.84566614  0.31630567  0.18721334
   0.92415967  0.19332808  0.48618704
   0.03971000  0.69194000  0.08602000
   0.31767120  0.94034250  0.28892222
   0.11551913  0.56236470  0.39019174
   0.17874479  0.81640601  0.18759507
   0.25985944  0.69270468  0.48501827
   0.37304000  0.69194000  0.08602000
   0.65025341  0.93935326  0.28821113
   0.44787737  0.56311474  0.39007490
   0.51177260  0.81596879  0.18715120
   0.58915905  0.69620909  0.48518065
   0.70637000  0.69194000  0.08602000
   0.98359833  0.93985196  0.28862654
   0.84537174  0.81603294  0.18742987
   0.92217191  0.69737570  0.48579144
   0.78184656  0.56332878  0.39034210
   0.17993281  0.06482450  0.18568604
   0.24925348  0.43851728  0.49457399
   0.03971000  0.44194000  0.08602000
   0.31612735  0.18946057  0.28920485
   0.11482996  0.31595958  0.38933836
   0.51307278  0.06463589  0.18539259
   0.58295697  0.44270016  0.49338378
   0.37304000  0.44194000  0.08602000
   0.64951330  0.18936380  0.28870074
   0.44903248  0.31683173  0.39304593
   0.84659180  0.06448937  0.18524154
   0.91908653  0.44232381  0.49341391
   0.70637000  0.44194000  0.08602000
   0.98230196  0.18888008  0.28860755
   0.77949905  0.31510405  0.39190515
   0.17866758  0.56465507  0.18557116
   0.27153639  0.93111141  0.49345760
   0.03971000  0.94194000  0.08602000
   0.31407065  0.68897037  0.28875049
   0.12233757  0.81392264  0.38884867
   0.51221135  0.56455320  0.18557707
   0.37304000  0.94194000  0.08602000
   0.64734291  0.68899925  0.28876259
   0.45554681  0.81446368  0.38879349
   0.84574908  0.56477984  0.18567456
   0.94160703  0.93513277  0.49302290
   0.70637000  0.94194000  0.08602000
   0.98042779  0.68906990  0.28880678
   0.78899695  0.81478459  0.38976087
   0.17417000  0.33753000  0.10253000
   0.24792022  0.20980743  0.40413952
   0.04469235  0.33165620  0.50792428
   0.31306110  0.46099079  0.20463458
   0.11695556  0.08511008  0.30678059
   0.23858000  0.04636000  0.06951000
   0.04599945  0.17073762  0.16957591
   0.31333658  0.41950789  0.37249126
   0.14228265  0.04474423  0.47761500
   0.18137614  0.29322097  0.27042139
   0.50750000  0.33753000  0.10253000
   0.58171929  0.21053856  0.41065016
   0.38290965  0.33453477  0.50315233
   0.64647031  0.46089550  0.20468862
   0.45103776  0.08623453  0.30738109
   0.57191000  0.04636000  0.06951000
   0.37918975  0.17082037  0.16960283
   0.64748599  0.41905373  0.37260812
   0.46879191  0.03569727  0.47394917
   0.51489862  0.29350837  0.27048963
   0.84083000  0.33753000  0.10253000
   0.91547979  0.20952495  0.40415298
   0.71656765  0.33752319  0.50450892
   0.97975036  0.46123192  0.20490731
   0.78329374  0.08496155  0.30646109
   0.90524000  0.04636000  0.06951000
   0.71274063  0.17091695  0.16958050
   0.97893837  0.41918604  0.37289730
   0.80924362  0.04286224  0.47617616
   0.84830067  0.29326964  0.27029587
   0.17417000  0.83753000  0.10253000
   0.25540989  0.70642534  0.40178580
   0.07079325  0.82623575  0.50360972
   0.31413738  0.96160449  0.20518603
   0.11388645  0.58415855  0.30620387
   0.23858000  0.54636000  0.06951000
   0.04531083  0.67129423  0.16973096
   0.32094953  0.91835346  0.37197855
   0.12100971  0.54867662  0.47727295
   0.18051791  0.79388896  0.27083406
   0.50750000  0.83753000  0.10253000
   0.58856345  0.70668312  0.40141788
   0.40577694  0.82178766  0.50431439
   0.64739518  0.96097229  0.20444787
   0.44772280  0.58418968  0.30595074
   0.57191000  0.54636000  0.06951000
   0.37839848  0.67081383  0.16955990
   0.65467261  0.91843244  0.37191922
   0.45147946  0.55136146  0.47733402
   0.51362205  0.79358036  0.27030265
   0.84083000  0.83753000  0.10253000
   0.74080346  0.82497721  0.50098776
   0.98094816  0.96113260  0.20472377
   0.78059877  0.58386268  0.30592984
   0.90524000  0.54636000  0.06951000
   0.71174225  0.67088212  0.16967103
   0.98826999  0.91888399  0.37242292
   0.78701245  0.55178211  0.47781334
   0.84716496  0.79390281  0.27068521
   0.92152771  0.70734845  0.40266465
   0.56498813  0.13395522  0.59184974
   0.76753825  0.31076162  0.59821092
