   0.60334083  0.93353147  0.49446396
   0.03971000  0.19194000  0.08602000
   0.31309228  0.43924156  0.28794317
   0.12257738  0.06104687  0.39078897
   0.17834267  0.31519780  0.18710974
   0.25835011  0.19367070  0.48652817
   0.37304000  0.19194000  0.08602000
   0.64586385  0.43836340  0.28730482
   0.45676313  0.06128111  0.39216515
   0.51135593  0.31492473  0.18669586
   0.58562683  0.18628256  0.49382798
   0.70637000  0.19194000  0.08602000
   0.97874426  0.43955994  0.28876598
   0.78918596  0.06154356  0.39121025
   0.84517468  0.31575569  0.18723893
   0.92059287  0.19342622  0.48804477
   0.03971000  0.69194000  0.08602000
   0.31666850  0.94047548  0.28886503
   0.11585447  0.56242960  0.39062137
   0.17863173  0.81632255  0.18748698
   0.26120107  0.69250203  0.48545588
   0.37304000  0.69194000  0.08602000
   0.64994316  0.93957594  0.28855921
   0.44720340  0.56257898  0.38958216
   0.51208613  0.81581198  0.18755895
   0.58739550  0.69533825  0.48466295
   0.70637000  0.69194000  0.08602000
   0.98322932  0.93931595  0.28864322
   0.84513512  0.81591027  0.18740280
   0.92144665  0.69665461  0.48413241
   0.78154111  0.56242783  0.38940263
   0.17975296  0.06427389  0.18561631
   0.24682012  0.43773564  0.49532692
   0.03971000  0.44194000  0.08602000
   0.31608087  0.18940534  0.28973938
   0.11395600  0.31665964  0.38968806
   0.51295588  0.06454292  0.18558125
   0.58178993  0.43971621  0.49319104
   0.37304000  0.44194000  0.08602000
   0.64862012  0.18914638  0.28940182
   0.44790154  0.31638440  0.39289558
   0.84613951  0.06447666  0.18563722
   0.91768350  0.44240771  0.49375463
   0.70637000  0.44194000  0.08602000
   0.98192991  0.18873059  0.28891395
   0.77844635  0.31545846  0.39237516
   0.17825653  0.56476913  0.18562735
   0.27033408  0.93252857  0.49503950
   0.03971000  0.94194000  0.08602000
   0.31389958  0.68918332  0.28894072
   0.12355963  0.81443299  0.38957442
   0.51167413  0.56435496  0.18528578
   0.37304000  0.94194000  0.08602000
   0.64792594  0.68835822  0.28898085
   0.45557608  0.81443818  0.38926562
   0.84550122  0.56496573  0.18611923
   0.93966345  0.93449067  0.49274278
   0.70637000  0.94194000  0.08602000
   0.98170546  0.68896660  0.28926448
   0.78892409  0.81445038  0.38932661
   0.17417000  0.33753000  0.10253000
   0.24581750  0.20925311  0.40442795
   0.04066435  0.33084595  0.51163838
   0.31258974  0.46055492  0.20411042
   0.11634990  0.08443687  0.30712171
   0.23858000  0.04636000  0.06951000
   0.04548313  0.17011796  0.16955977
   0.31279278  0.41947308  0.37235382
   0.13955216  0.04401874  0.47759924
   0.18079991  0.29291494  0.27051350
   0.50750000  0.33753000  0.10253000
   0.58087083  0.20903879  0.41021335
   0.37940972  0.33226139  0.50289198
   0.64553049  0.46058542  0.20377138
   0.44995155  0.08566271  0.30824528
   0.57191000  0.04636000  0.06951000
   0.37878695  0.16983356  0.16926105
   0.64570197  0.41843385  0.37155039
   0.46650793  0.03726740  0.47547075
   0.51443599  0.29258294  0.26965507
   0.84083000  0.33753000  0.10253000
   0.91432946  0.21016346  0.40589601
   0.71675572  0.33641562  0.50419239
   0.97924383  0.46081390  0.20469726
   0.78305069  0.08516832  0.30750263
   0.90524000  0.04636000  0.06951000
   0.71234702  0.17052086  0.16944242
   0.97786014  0.41944608  0.37326867
   0.80698490  0.04281826  0.47707521
   0.84763559  0.29315523  0.27054606
   0.17417000  0.83753000  0.10253000
   0.25557243  0.70641489  0.40233562
   0.07062266  0.82617875  0.50160532
   0.31424838  0.96107881  0.20487097
   0.11468723  0.58364086  0.30664892
   0.23858000  0.54636000  0.06951000
   0.04476960  0.67158119  0.16972942
   0.32132297  0.91807559  0.37200910
   0.12014939  0.54906078  0.47769171
   0.18034244  0.79405993  0.27064406
   0.50750000  0.83753000  0.10253000
   0.58790494  0.70608894  0.40129202
   0.40405712  0.82376069  0.50582329
   0.64710129  0.96069835  0.20505468
   0.44723859  0.58413392  0.30552081
   0.57191000  0.54636000  0.06951000
   0.37841629  0.67114496  0.16968968
   0.65445705  0.91877788  0.37227039
   0.45142081  0.54997518  0.47710365
   0.51420359  0.79378255  0.27097824
   0.84083000  0.83753000  0.10253000
   0.73976244  0.82547301  0.49967127
   0.98022010  0.96078534  0.20493975
   0.78126695  0.58242805  0.30488059
   0.90524000  0.54636000  0.06951000
   0.71139314  0.67098671  0.16957959
   0.98863125  0.91858199  0.37248414
   0.78603310  0.55095558  0.47717819
   0.84765286  0.79359300  0.27072981
   0.92176068  0.70617746  0.40133744
   0.57693031  0.14424634  0.59356360
   0.80237415  0.30486141  0.59502167
