   0.26774413  0.43717919  0.49306733
   0.03971000  0.19194000  0.08602000
   0.31550135  0.43988801  0.28779736
   0.12085099  0.05780369  0.38924315
   0.17828633  0.31590016  0.18753796
   0.26526204  0.19609129  0.48284193
   0.37304000  0.19194000  0.08602000
   0.64747365  0.43829580  0.28613182
   0.45471664  0.06180792  0.39021329
   0.51194651  0.31446400  0.18692509
   0.59873606  0.19354651  0.48380300
   0.70637000  0.19194000  0.08602000
   0.98185011  0.43978116  0.28842608
   0.78790315  0.06173157  0.39072734
   0.84548781  0.31575642  0.18746355
   0.93064463  0.19467761  0.48347877
   0.03971000  0.69194000  0.08602000
   0.31403625  0.93912378  0.28884846
   0.11548363  0.56155898  0.39054234
   0.17901802  0.81565745  0.18718823
   0.26265053  0.69406706  0.48656475
   0.37304000  0.69194000  0.08602000
   0.64960113  0.93952762  0.28874106
   0.45588634  0.56131268  0.39005899
   0.51178848  0.81570715  0.18745307
   0.59450556  0.69273887  0.48499967
   0.70637000  0.69194000  0.08602000
   0.98199050  0.93838406  0.28862379
   0.84419541  0.81555094  0.18695303
   0.92770632  0.69280583  0.49618309
   0.78661654  0.56427831  0.38583173
   0.17952215  0.06353252  0.18510576
   0.03971000  0.44194000  0.08602000
   0.31592921  0.18759874  0.28930829
   0.12015876  0.31519044  0.38928134
   0.51351105  0.06316460  0.18524815
   0.60540478  0.43897944  0.50151679
   0.37304000  0.44194000  0.08602000
   0.64983225  0.18782693  0.28848062
   0.45586816  0.31766175  0.39164650
   0.84569959  0.06393840  0.18527537
   0.93483755  0.43590135  0.50376447
   0.70637000  0.44194000  0.08602000
   0.98223977  0.18813030  0.28878934
   0.78625064  0.31793878  0.38928987
   0.17864552  0.56466556  0.18578133
   0.27030692  0.93600637  0.49360397
   0.03971000  0.94194000  0.08602000
   0.31495168  0.68966339  0.28897416
   0.11251757  0.81176323  0.39357679
   0.51166112  0.56441561  0.18465835
   0.60087568  0.93578709  0.49253764
   0.37304000  0.94194000  0.08602000
   0.64798802  0.68917486  0.28710012
   0.44984296  0.81731588  0.39032110
   0.84529191  0.56475880  0.18547350
   0.93715944  0.93804144  0.49312809
   0.70637000  0.94194000  0.08602000
   0.98137093  0.68974492  0.28679350
   0.78346143  0.81386073  0.39295779
   0.17417000  0.33753000  0.10253000
   0.25334960  0.20543697  0.39913613
   0.06951704  0.32929848  0.50055866
   0.31307580  0.46125144  0.20438987
   0.11541058  0.08212214  0.30638008
   0.23858000  0.04636000  0.06951000
   0.04603453  0.17029102  0.16928527
   0.31841327  0.41867703  0.37115533
   0.13594681  0.04487626  0.47668972
   0.18295660  0.29229131  0.27055984
   0.50750000  0.33753000  0.10253000
   0.58975584  0.20891814  0.40156215
   0.40158073  0.32817555  0.49566057
   0.64528632  0.45980603  0.20254996
   0.44965173  0.08255043  0.30578451
   0.57191000  0.04636000  0.06951000
   0.37918203  0.16933368  0.16945295
   0.65417509  0.42138084  0.37002710
   0.47124197  0.04510516  0.47688966
   0.51522893  0.29117362  0.26944907
   0.84083000  0.33753000  0.10253000
   0.91894596  0.20813460  0.40216101
   0.73566840  0.32829489  0.50199401
   0.98059375  0.46098365  0.20487069
   0.78405731  0.08358381  0.30572342
   0.90524000  0.04636000  0.06951000
   0.71193088  0.17031268  0.16961930
   0.98567007  0.41898471  0.37162417
   0.80366112  0.04699896  0.47718384
   0.84947367  0.29275304  0.27028795
   0.17417000  0.83753000  0.10253000
   0.24864374  0.70746400  0.40370570
   0.06882310  0.82833833  0.50189339
   0.31487678  0.96003214  0.20430877
   0.11422611  0.58536132  0.30621468
   0.23858000  0.54636000  0.06951000
   0.04496329  0.67031209  0.16964982
   0.31306241  0.91864582  0.37301200
   0.13228898  0.54487388  0.47676674
   0.18187254  0.79306114  0.27021455
   0.50750000  0.83753000  0.10253000
   0.58069140  0.70853603  0.40247611
   0.39985927  0.82739029  0.50037219
   0.64800596  0.96011815  0.20473030
   0.44903926  0.58493257  0.30524765
   0.57191000  0.54636000  0.06951000
   0.37758183  0.67053813  0.16962606
   0.65072631  0.92031989  0.37271882
   0.47174268  0.54408667  0.47761835
   0.51247812  0.79425088  0.27074733
   0.84083000  0.83753000  0.10253000
   0.73379124  0.82934692  0.50106211
   0.98048987  0.96084315  0.20438011
   0.78346017  0.58414673  0.29806307
   0.90524000  0.54636000  0.06951000
   0.71012859  0.67069042  0.16922422
   0.98164897  0.91512057  0.37336138
   0.80605171  0.54673157  0.51423984
   0.84737184  0.79381552  0.27011358
   0.91152593  0.70218124  0.41143331
   0.08242952  0.54775646  0.67601167
   0.90919935  0.54480612  0.60083916
