   0.60252052  0.93434570  0.49586271
   0.03971000  0.19194000  0.08602000
   0.31274094  0.43935450  0.28787132
   0.12106663  0.06076886  0.39107279
   0.17797978  0.31475282  0.18722365
   0.25602207  0.19093494  0.48639208
   0.37304000  0.19194000  0.08602000
   0.64506613  0.43749092  0.28665810
   0.45527713  0.06043452  0.39250950
   0.51072511  0.31449528  0.18636143
   0.58736699  0.18762313  0.49404137
   0.70637000  0.19194000  0.08602000
   0.97841546  0.43946488  0.28853018
   0.78822255  0.06221382  0.39248424
   0.84472554  0.31518552  0.18709807
   0.91598641  0.19277366  0.48983643
   0.03971000  0.69194000  0.08602000
   0.31592959  0.94010225  0.28831949
   0.11555337  0.56246272  0.39055137
   0.17858420  0.81594531  0.18706518
   0.26113176  0.69374879  0.48582661
   0.37304000  0.69194000  0.08602000
   0.64964475  0.94022456  0.28943305
   0.44656191  0.56172995  0.38979574
   0.51252359  0.81596864  0.18788209
   0.58570328  0.69523436  0.48450951
   0.70637000  0.69194000  0.08602000
   0.98298175  0.93892364  0.28879450
   0.84493164  0.81586827  0.18751263
   0.91989467  0.69569892  0.48353176
   0.78012033  0.56094605  0.38889332
   0.17904571  0.06358987  0.18520247
   0.24609091  0.43756804  0.49607262
   0.03971000  0.44194000  0.08602000
   0.31502279  0.18916609  0.28997810
   0.11191733  0.31612583  0.39001943
   0.51289238  0.06393499  0.18541166
   0.57988875  0.43833383  0.49308642
   0.37304000  0.44194000  0.08602000
   0.64791553  0.18892172  0.29005744
   0.44621378  0.31501610  0.39257219
   0.84556422  0.06415063  0.18598420
   0.91551803  0.44348027  0.49384767
   0.70637000  0.44194000  0.08602000
   0.98127773  0.18851454  0.28930054
   0.77721162  0.31562402  0.39228819
   0.17802784  0.56440631  0.18541188
   0.26851504  0.93337113  0.49637873
   0.03971000  0.94194000  0.08602000
   0.31431671  0.68941499  0.28885630
   0.12335314  0.81428874  0.39034804
   0.51124434  0.56459220  0.18501275
   0.37304000  0.94194000  0.08602000
   0.64819624  0.68811910  0.28912448
   0.45601000  0.81441249  0.38914714
   0.84489614  0.56483054  0.18596172
   0.93839265  0.93435497  0.49239966
   0.70637000  0.94194000  0.08602000
   0.98179185  0.68862878  0.28928416
   0.78834544  0.81424975  0.38957211
   0.17417000  0.33753000  0.10253000
   0.24361382  0.20946683  0.40452173
   0.03665217  0.33169106  0.51624377
   0.31212417  0.46012963  0.20386164
   0.11576245  0.08465242  0.30711401
   0.23858000  0.04636000  0.06951000
   0.04515348  0.16977378  0.16956383
   0.31105543  0.41835316  0.37201843
   0.13733713  0.04336078  0.47813573
   0.18029404  0.29239082  0.27056813
   0.50750000  0.33753000  0.10253000
   0.57983487  0.20862691  0.40939197
   0.37675116  0.33212645  0.50254578
   0.64490785  0.46004771  0.20289826
   0.44895172  0.08558563  0.30823702
   0.57191000  0.04636000  0.06951000
   0.37840726  0.16933661  0.16890669
   0.64362536  0.41751729  0.37078536
   0.46498570  0.03912723  0.47720386
   0.51355511  0.29150679  0.26916798
   0.84083000  0.33753000  0.10253000
   0.91385544  0.21177158  0.40773228
   0.71666077  0.33665400  0.50312758
   0.97906538  0.46040666  0.20449186
   0.78290235  0.08593283  0.30843170
   0.90524000  0.04636000  0.06951000
   0.71191544  0.17010875  0.16941083
   0.97674417  0.41975153  0.37323306
   0.80460553  0.04299625  0.47828068
   0.84698653  0.29272585  0.27048726
   0.17417000  0.83753000  0.10253000
   0.25641739  0.70631736  0.40282485
   0.06896303  0.82500615  0.50046834
   0.31417720  0.96079468  0.20447129
   0.11547100  0.58352611  0.30641806
   0.23858000  0.54636000  0.06951000
   0.04423593  0.67107572  0.16969732
   0.32103346  0.91705775  0.37170264
   0.11952833  0.54842819  0.47779170
   0.18049088  0.79374040  0.27018126
   0.50750000  0.83753000  0.10253000
   0.58704391  0.70556390  0.40129852
   0.40219002  0.82394594  0.50732156
   0.64702569  0.96122137  0.20560769
   0.44725409  0.58390058  0.30542404
   0.57191000  0.54636000  0.06951000
   0.37793835  0.67138301  0.16997846
   0.65442731  0.91880190  0.37285672
   0.45033950  0.54788987  0.47715625
   0.51465839  0.79365924  0.27147586
   0.84083000  0.83753000  0.10253000
   0.73677394  0.82480611  0.49887346
   0.98007780  0.96094513  0.20509131
   0.78173756  0.58152606  0.30426167
   0.90524000  0.54636000  0.06951000
   0.71111885  0.67109765  0.16972297
   0.98808615  0.91766385  0.37249889
   0.78466759  0.54995391  0.47671281
   0.84764795  0.79275636  0.27089380
   0.92084464  0.70532918  0.40031806
   0.59048879  0.15506362  0.59481596
   0.84763835  0.29615799  0.59095015
