   0.92387974  0.68841498  0.49470678
   0.03971000  0.19194000  0.09637000
   0.31994171  0.44013301  0.29950169
   0.11534687  0.06025642  0.40069867
   0.17981706  0.31620847  0.19768121
   0.26098464  0.18997882  0.49643437
   0.37304000  0.19194000  0.09637000
   0.65177149  0.43798444  0.29689248
   0.45022148  0.06425564  0.40321677
   0.51245055  0.31511080  0.19689835
   0.59200660  0.19445512  0.50165109
   0.70637000  0.19194000  0.09637000
   0.98700365  0.43897562  0.29848351
   0.78142367  0.06176561  0.40166276
   0.84641761  0.31571295  0.19729946
   0.93029737  0.19104932  0.49698692
   0.03971000  0.69194000  0.09637000
   0.31347153  0.94053673  0.30072588
   0.12607374  0.56125603  0.40129813
   0.18008440  0.81660123  0.19798727
   0.25799114  0.69505533  0.49738850
   0.37304000  0.69194000  0.09637000
   0.64619108  0.93968290  0.30003121
   0.45898598  0.56229174  0.40290280
   0.51285241  0.81622880  0.19773035
   0.58460615  0.68493273  0.49578619
   0.70637000  0.69194000  0.09637000
   0.97882387  0.93905522  0.29955811
   0.84623633  0.81603446  0.19742173
   0.79345883  0.56033087  0.39847147
   0.17933189  0.06452885  0.19596531
   0.27891310  0.43132027  0.50434953
   0.03971000  0.44194000  0.09637000
   0.31517406  0.18820243  0.29976136
   0.12750264  0.31202843  0.39967144
   0.51261862  0.06423350  0.19575063
   0.60666245  0.42787055  0.49974598
   0.37304000  0.44194000  0.09637000
   0.64890963  0.18769167  0.29908448
   0.45950517  0.31193632  0.39946524
   0.84603637  0.06438323  0.19568199
   0.94665330  0.43018429  0.50297561
   0.70637000  0.44194000  0.09637000
   0.98234458  0.18771887  0.29923728
   0.79390847  0.31111122  0.39808604
   0.18133165  0.56503828  0.19567459
   0.24844885  0.93617522  0.50609047
   0.03971000  0.94194000  0.09637000
   0.31686510  0.69035042  0.30023572
   0.11068651  0.81664901  0.40365273
   0.51408264  0.56457621  0.19509232
   0.58251785  0.93626330  0.50623736
   0.37304000  0.94194000  0.09637000
   0.64962900  0.68998572  0.29890240
   0.44524047  0.81731366  0.40415433
   0.84803360  0.56460067  0.19521272
   0.91554208  0.93628546  0.51024781
   0.70637000  0.94194000  0.09637000
   0.98479249  0.69011816  0.29874167
   0.77799957  0.81654357  0.40359796
   0.17417000  0.33753000  0.11288000
   0.26047313  0.20518114  0.41277844
   0.07744486  0.32126269  0.51393085
   0.31547928  0.46158924  0.21571830
   0.11547766  0.08372181  0.31703109
   0.23858000  0.04636000  0.07986000
   0.04567926  0.17130469  0.18063470
   0.32632070  0.41696275  0.38322870
   0.12174016  0.04858243  0.48765045
   0.18267543  0.29392537  0.28146797
   0.50750000  0.33753000  0.11288000
   0.59518063  0.20789763  0.41719725
   0.40814289  0.31926872  0.51359236
   0.64820748  0.46031364  0.21392224
   0.44991931  0.08536652  0.31886128
   0.57191000  0.04636000  0.07986000
   0.37887105  0.17058060  0.18021992
   0.65947241  0.41487141  0.38035927
   0.45297360  0.05410113  0.49114461
   0.51547907  0.29252030  0.28026190
   0.84083000  0.33753000  0.11288000
   0.92626709  0.20642470  0.41385858
   0.74201529  0.32582284  0.52229551
   0.98218471  0.46090109  0.21492237
   0.78209090  0.08443185  0.31769943
   0.90524000  0.04636000  0.07986000
   0.71225115  0.17089051  0.18042183
   0.99213915  0.41588782  0.38248804
   0.78451301  0.05039152  0.48855508
   0.84927100  0.29315851  0.28102427
   0.17417000  0.83753000  0.11288000
   0.24538391  0.70894896  0.41477800
   0.05701562  0.82561427  0.50288177
   0.31392352  0.96183601  0.21623553
   0.11712242  0.58478905  0.31751565
   0.23858000  0.54636000  0.07986000
   0.04711664  0.67094564  0.18058929
   0.31145290  0.92232648  0.38500624
   0.14620502  0.53989496  0.48757866
   0.18272604  0.79393059  0.28157005
   0.50750000  0.83753000  0.11288000
   0.57607434  0.70768571  0.41714474
   0.38000729  0.83418783  0.51508115
   0.64693185  0.96147232  0.21549562
   0.45146489  0.58617831  0.31878560
   0.57191000  0.54636000  0.07986000
   0.38050818  0.67080739  0.18040484
   0.64374332  0.91993855  0.38394039
   0.48119152  0.53909252  0.48922625
   0.51565601  0.79343296  0.28125322
   0.84083000  0.83753000  0.11288000
   0.71180160  0.83238973  0.50686593
   0.98019400  0.96133900  0.21504724
   0.78404417  0.58403488  0.31423410
   0.90524000  0.54636000  0.07986000
   0.71354038  0.67057344  0.18021577
   0.97601992  0.91953547  0.38338791
   0.81045791  0.53820230  0.48665992
   0.84870563  0.79309398  0.28065285
   0.90682281  0.70638849  0.41387825
   0.89001004  0.86104209  0.61718448
   0.76396881  0.49013367  0.59531365
