   0.58304762  0.19089208  0.50682014
   0.03971000  0.19194000  0.09637000
   0.31986073  0.43994956  0.29983145
   0.11629982  0.06144481  0.40110640
   0.17954138  0.31580558  0.19756348
   0.27107508  0.19059593  0.50137060
   0.37304000  0.19194000  0.09637000
   0.65181481  0.43791586  0.29717802
   0.45142715  0.06447202  0.40293075
   0.51215207  0.31465958  0.19664405
   0.70637000  0.19194000  0.09637000
   0.98697952  0.43877058  0.29867745
   0.78175113  0.06236415  0.40201722
   0.84616989  0.31520155  0.19708743
   0.93120418  0.19173741  0.49684598
   0.03971000  0.69194000  0.09637000
   0.31358802  0.94085257  0.30081242
   0.12558491  0.56052876  0.40135052
   0.17975824  0.81609734  0.19778091
   0.25754922  0.69388606  0.49713316
   0.37304000  0.69194000  0.09637000
   0.64610104  0.93977508  0.29996615
   0.45805428  0.56148714  0.40280107
   0.51249272  0.81573255  0.19749601
   0.59588836  0.68897419  0.49855897
   0.70637000  0.69194000  0.09637000
   0.97885178  0.93919297  0.29947998
   0.84589458  0.81549554  0.19709030
   0.91988412  0.68839582  0.49554922
   0.79323308  0.55929177  0.39766015
   0.17946127  0.06486339  0.19609428
   0.27610576  0.43553617  0.50329303
   0.03971000  0.44194000  0.09637000
   0.31532382  0.18843557  0.29996091
   0.12807466  0.31209700  0.39979629
   0.51263289  0.06456534  0.19588361
   0.60953709  0.43022185  0.49859260
   0.37304000  0.44194000  0.09637000
   0.64858429  0.18793856  0.29929310
   0.45970966  0.31164631  0.39981572
   0.84613166  0.06475604  0.19575331
   0.94747304  0.43006422  0.50250965
   0.70637000  0.44194000  0.09637000
   0.98241867  0.18803655  0.29934854
   0.79347941  0.31138516  0.39837992
   0.18140643  0.56520595  0.19578751
   0.24895815  0.93757483  0.50617115
   0.03971000  0.94194000  0.09637000
   0.31692301  0.69019760  0.30037152
   0.11104796  0.81658208  0.40333927
   0.51420903  0.56473933  0.19516520
   0.58389084  0.93697732  0.50577186
   0.37304000  0.94194000  0.09637000
   0.64967109  0.68972987  0.29901562
   0.44532479  0.81750451  0.40425770
   0.84804666  0.56477330  0.19527354
   0.91568615  0.93667844  0.50491086
   0.70637000  0.94194000  0.09637000
   0.98446737  0.68986132  0.29887639
   0.77705671  0.81585953  0.40372543
   0.17173560  0.33220484  0.11069417
   0.25843020  0.20438575  0.41389639
   0.07689719  0.32192972  0.51387003
   0.31539775  0.46146736  0.21540898
   0.11514451  0.08337664  0.31686681
   0.23858000  0.04636000  0.07986000
   0.04554466  0.17088587  0.18072934
   0.32655580  0.41737234  0.38284123
   0.11731839  0.04562369  0.48766847
   0.18263022  0.29389433  0.28131965
   0.50462705  0.33188385  0.11014472
   0.59678195  0.20780340  0.41841326
   0.40328629  0.33284620  0.50619502
   0.64805230  0.46011197  0.21358754
   0.44967273  0.08515955  0.31880837
   0.57191000  0.04636000  0.07986000
   0.37867873  0.17017294  0.18033125
   0.65994949  0.41541134  0.38007844
   0.45274388  0.04482422  0.48477053
   0.51551187  0.29262307  0.28018606
   0.83824114  0.33195627  0.11037951
   0.92585683  0.20558841  0.41376312
   0.74588409  0.32922833  0.52245388
   0.98198437  0.46070475  0.21461187
   0.78209707  0.08418460  0.31756343
   0.90524000  0.04636000  0.07986000
   0.71207811  0.17050811  0.18054865
   0.99255796  0.41601333  0.38230983
   0.78709258  0.04972703  0.48936479
   0.84932365  0.29313933  0.28088855
   0.17169410  0.83222565  0.11071460
   0.24502461  0.70947128  0.41495151
   0.04424371  0.82723939  0.51249416
   0.31370046  0.96152174  0.21596554
   0.11735175  0.58502265  0.31741673
   0.23858000  0.54636000  0.07986000
   0.04708627  0.67068945  0.18071495
   0.31001407  0.92094752  0.38475047
   0.14541477  0.54071756  0.48783744
   0.18282021  0.79402427  0.28147802
   0.50491717  0.83222650  0.11056113
   0.57737355  0.70954279  0.41913953
   0.37979484  0.83233544  0.51554095
   0.64681980  0.96116639  0.21531945
   0.45163232  0.58656149  0.31865527
   0.57191000  0.54636000  0.07986000
   0.38041415  0.67051855  0.18052643
   0.64413594  0.91906926  0.38400971
   0.48173055  0.54155537  0.48828303
   0.51571540  0.79351200  0.28121743
   0.83816443  0.83210941  0.11030687
   0.71755636  0.83158857  0.51433469
   0.97992358  0.96095884  0.21487149
   0.78416675  0.58446167  0.31435408
   0.90524000  0.54636000  0.07986000
   0.71353227  0.67029006  0.18035693
   0.97552353  0.91883277  0.38351793
   0.81164718  0.53711846  0.48381314
   0.84883337  0.79317410  0.28060451
   0.90930578  0.70763587  0.41458060
   0.42661491  0.17968639  0.59184734
   0.76174019  0.48735744  0.59418062
