   0.57882090  0.68693577  0.50005068
   0.03971000  0.19194000  0.09637000
   0.31818522  0.43799090  0.29634194
   0.11559827  0.06197203  0.40023012
   0.17966453  0.31459456  0.19559119
   0.25318397  0.19434811  0.49596890
   0.37304000  0.19194000  0.09637000
   0.65224042  0.43882649  0.29795155
   0.45052787  0.06395981  0.40104228
   0.51375078  0.31506174  0.19625385
   0.58303939  0.20059607  0.49894196
   0.70637000  0.19194000  0.09637000
   0.98649376  0.44016406  0.29926655
   0.78185095  0.06233552  0.40065601
   0.84647760  0.31621779  0.19769888
   0.92507566  0.19302363  0.49616668
   0.03971000  0.69194000  0.09637000
   0.31328084  0.93973455  0.29870129
   0.12698387  0.56160661  0.40246155
   0.17984072  0.81544721  0.19639436
   0.27469644  0.68969815  0.50212563
   0.37304000  0.69194000  0.09637000
   0.64541046  0.93946634  0.29863312
   0.45952188  0.55972997  0.39762625
   0.51310476  0.81547534  0.19624988
   0.70637000  0.69194000  0.09637000
   0.97943174  0.93917618  0.29882859
   0.84607288  0.81570370  0.19734002
   0.92979635  0.69539253  0.49624619
   0.79091888  0.56136159  0.40036807
   0.17919024  0.06393726  0.19525736
   0.28144468  0.43047462  0.50328961
   0.03971000  0.44194000  0.09637000
   0.31546716  0.18820226  0.29824997
   0.12621193  0.31275118  0.39857033
   0.51274076  0.06431050  0.19519753
   0.60964445  0.43091852  0.49942551
   0.37304000  0.44194000  0.09637000
   0.64917319  0.18854298  0.29863346
   0.45901188  0.31219597  0.39805580
   0.84579846  0.06413139  0.19521950
   0.95127774  0.43243027  0.50394884
   0.70637000  0.44194000  0.09637000
   0.98231018  0.18833580  0.29829145
   0.79327214  0.31254860  0.39829869
   0.18057760  0.56417484  0.19490967
   0.24965302  0.94301949  0.50271103
   0.03971000  0.94194000  0.09637000
   0.31604471  0.68959615  0.29872095
   0.11286914  0.81628480  0.40186492
   0.51406723  0.56416301  0.19481875
   0.58515196  0.94237441  0.50385794
   0.37304000  0.94194000  0.09637000
   0.64946203  0.68965993  0.29850996
   0.44415088  0.81624852  0.40406779
   0.84750201  0.56446532  0.19540319
   0.91453649  0.93888961  0.50462371
   0.70637000  0.94194000  0.09637000
   0.98331404  0.68950450  0.29940419
   0.77650115  0.81638202  0.40279772
   0.17301023  0.33268004  0.10935492
   0.25869714  0.20502981  0.41184445
   0.07872026  0.32059056  0.51390514
   0.31471993  0.45941941  0.21251021
   0.11514973  0.08366638  0.31601396
   0.23858000  0.04636000  0.07986000
   0.04523555  0.17021740  0.17993594
   0.32459681  0.41480786  0.37928945
   0.11603880  0.05026842  0.48813616
   0.18216045  0.29229806  0.27910987
   0.50658386  0.33279151  0.10974862
   0.59441387  0.20740010  0.41374377
   0.41338519  0.31815166  0.51341929
   0.64818445  0.46017936  0.21376454
   0.44954935  0.08435546  0.31656289
   0.57191000  0.04636000  0.07986000
   0.37873049  0.17068893  0.18032391
   0.65974060  0.41709518  0.38224273
   0.45280669  0.05432277  0.48882594
   0.51613857  0.29332907  0.28014694
   0.84083000  0.33753000  0.11288000
   0.92514297  0.20581643  0.41296916
   0.74429291  0.32772397  0.51955420
   0.98208829  0.46140625  0.21530270
   0.78225613  0.08387899  0.31631703
   0.90524000  0.04636000  0.07986000
   0.71234309  0.17109059  0.18046579
   0.99195244  0.41750884  0.38294037
   0.78673667  0.04904001  0.48847645
   0.84947190  0.29409207  0.28133823
   0.17306394  0.83286518  0.10975173
   0.24313320  0.70982315  0.41898111
   0.04918688  0.83503319  0.51476575
   0.31367477  0.96028888  0.21394563
   0.11765756  0.58603522  0.31820127
   0.23858000  0.54636000  0.07986000
   0.04649153  0.67055253  0.18009931
   0.31042053  0.92070031  0.38286430
   0.14860681  0.53851214  0.48726869
   0.18167073  0.79342277  0.28017639
   0.50655619  0.83286025  0.10968795
   0.57877878  0.70823052  0.41593632
   0.38416405  0.84224672  0.50661729
   0.64662860  0.96055683  0.21397228
   0.45009839  0.58455568  0.31439837
   0.57191000  0.54636000  0.07986000
   0.37987015  0.67046658  0.18006024
   0.64261270  0.92005879  0.38285924
   0.47931163  0.53194037  0.47931061
   0.51485790  0.79347297  0.27982203
   0.84083000  0.83753000  0.11288000
   0.71388666  0.83332885  0.51133712
   0.98016138  0.96077900  0.21468551
   0.78332063  0.58470401  0.31661015
   0.90524000  0.54636000  0.07986000
   0.71325452  0.67039219  0.18015400
   0.97629480  0.91948267  0.38305475
   0.81636397  0.54291273  0.48889831
   0.84852013  0.79295240  0.28060728
   0.91188645  0.70935638  0.41455819
   0.42029357  0.65439642  0.58390414
   0.76667754  0.47503922  0.59877446
