   0.60266184  0.19097661  0.50280229
   0.03971000  0.19194000  0.09637000
   0.31310655  0.43947116  0.29818219
   0.12479909  0.06169135  0.40009075
   0.17930599  0.31579210  0.19727178
   0.25675793  0.19651293  0.49539059
   0.37304000  0.19194000  0.09637000
   0.64730676  0.44067184  0.29935112
   0.46071807  0.06414466  0.40313055
   0.51253353  0.31648747  0.19768344
   0.70637000  0.19194000  0.09637000
   0.97997332  0.44051475  0.29853321
   0.79246097  0.05962805  0.39703392
   0.84575611  0.31623395  0.19735432
   0.91466024  0.18850308  0.49721382
   0.03971000  0.69194000  0.09637000
   0.31959848  0.94242222  0.29936223
   0.11631350  0.56471143  0.39970591
   0.17980180  0.81701583  0.19775532
   0.26114136  0.69524660  0.49509376
   0.37304000  0.69194000  0.09637000
   0.65143310  0.93878430  0.29507688
   0.44825722  0.56503003  0.39872753
   0.51251198  0.81467187  0.19467067
   0.59244911  0.69516646  0.49421657
   0.70637000  0.69194000  0.09637000
   0.98543252  0.93981707  0.29716872
   0.84722731  0.81524475  0.19565613
   0.92446324  0.70101848  0.49608909
   0.78377916  0.56610551  0.40055129
   0.18108110  0.06513393  0.19528790
   0.24643429  0.44010171  0.50226148
   0.03971000  0.44194000  0.09637000
   0.31744173  0.19039846  0.29994839
   0.11174248  0.31713206  0.40120836
   0.51382638  0.06464141  0.19448708
   0.57966653  0.44590149  0.50227433
   0.37304000  0.44194000  0.09637000
   0.65030983  0.18974294  0.29828492
   0.44770105  0.31879720  0.40287228
   0.84740868  0.06431383  0.19422964
   0.91799309  0.44551830  0.50252611
   0.70637000  0.44194000  0.09637000
   0.98348282  0.18945650  0.29774860
   0.77933502  0.31695626  0.40189640
   0.17917762  0.56424140  0.19530140
   0.28032981  0.93477584  0.50452522
   0.03971000  0.94194000  0.09637000
   0.31555331  0.68973415  0.29745257
   0.12509440  0.81635776  0.39930617
   0.51277509  0.56414352  0.19547913
   0.61325262  0.93211631  0.50337923
   0.37304000  0.94194000  0.09637000
   0.64891359  0.68930844  0.29748518
   0.45751492  0.81566637  0.39779069
   0.84629274  0.56470007  0.19575782
   0.94638223  0.93426842  0.50206882
   0.70637000  0.94194000  0.09637000
   0.98273251  0.69026354  0.29880410
   0.79071575  0.81478241  0.39735392
   0.17417000  0.33753000  0.11288000
   0.24637986  0.21021502  0.41316145
   0.04463424  0.33331982  0.50978392
   0.31357146  0.46062965  0.21412496
   0.11800537  0.08501031  0.31572647
   0.23858000  0.04636000  0.07986000
   0.04622131  0.17088924  0.17986293
   0.31174781  0.42090073  0.38223305
   0.14672930  0.04467114  0.48713631
   0.18231712  0.29323466  0.28026309
   0.50750000  0.33753000  0.11288000
   0.57967101  0.21281583  0.41983799
   0.37995096  0.33575040  0.51240148
   0.64715934  0.46131788  0.21502629
   0.45278486  0.08740087  0.31844466
   0.57191000  0.04636000  0.07986000
   0.38002342  0.17140372  0.18003758
   0.64644162  0.42209123  0.38362379
   0.48005114  0.04107955  0.48818171
   0.51588808  0.29433468  0.28093790
   0.84083000  0.33753000  0.11288000
   0.91187092  0.20881155  0.41333772
   0.71338294  0.34427206  0.51284493
   0.98024768  0.46125734  0.21442150
   0.78451901  0.08430697  0.31327050
   0.90524000  0.04636000  0.07986000
   0.71293258  0.17100248  0.17988333
   0.97790080  0.42096237  0.38243541
   0.81191904  0.03566535  0.48029983
   0.84889620  0.29398410  0.28026891
   0.17417000  0.83753000  0.11288000
   0.25760864  0.70863045  0.41143407
   0.07947611  0.82774644  0.51365337
   0.31606793  0.96217901  0.21488822
   0.11586646  0.58529887  0.31544084
   0.23858000  0.54636000  0.07986000
   0.04625383  0.67134663  0.18031929
   0.32390510  0.92125180  0.38311297
   0.11980968  0.55212779  0.48659736
   0.18289875  0.79616016  0.28118551
   0.50609092  0.83279678  0.10854461
   0.59026554  0.70819220  0.41011755
   0.41147946  0.82379247  0.51298879
   0.64823911  0.95944293  0.21089192
   0.44860403  0.58443541  0.31433756
   0.57191000  0.54636000  0.07986000
   0.37874059  0.66996431  0.17941435
   0.65582120  0.91706398  0.37824826
   0.44940025  0.55307520  0.48580978
   0.51536953  0.79322641  0.27784593
   0.84001494  0.83288376  0.10914738
   0.74641683  0.82260309  0.51176235
   0.98216623  0.96024557  0.21283963
   0.78280530  0.58559113  0.31610750
   0.90524000  0.54636000  0.07986000
   0.71242685  0.67067960  0.17983967
   0.98976685  0.91924617  0.38107134
   0.78557650  0.55698075  0.48768095
   0.84924872  0.79418927  0.27926535
   0.92591278  0.70924603  0.41167723
   0.74058595  0.14819589  0.58767158
   0.77270778  0.35677290  0.61167546
