   0.93904700  0.68911702  0.49917344
   0.03971000  0.19194000  0.09637000
   0.31909634  0.43906516  0.29886848
   0.11638721  0.06174889  0.40053300
   0.18033844  0.31595058  0.19672292
   0.25790120  0.19541467  0.49642616
   0.37304000  0.19194000  0.09637000
   0.65257476  0.43844861  0.29781562
   0.45073537  0.06391820  0.40302445
   0.51253998  0.31506278  0.19713685
   0.59006695  0.19567328  0.50053997
   0.70637000  0.19194000  0.09637000
   0.98602797  0.43890916  0.29828705
   0.78146025  0.06253579  0.40185503
   0.84619009  0.31559422  0.19741082
   0.92562785  0.19260739  0.49720827
   0.03971000  0.69194000  0.09637000
   0.31339472  0.94063871  0.30050247
   0.12806757  0.56008730  0.40047403
   0.17978780  0.81646308  0.19812249
   0.24534304  0.68778317  0.50131024
   0.37304000  0.69194000  0.09637000
   0.64602653  0.93953720  0.30001821
   0.45654838  0.56042753  0.40168001
   0.51257403  0.81613349  0.19781728
   0.59330652  0.69305037  0.49674127
   0.70637000  0.69194000  0.09637000
   0.97918139  0.93966446  0.29881407
   0.84592243  0.81574494  0.19746120
   0.79169899  0.56024490  0.40062940
   0.17934752  0.06472573  0.19622580
   0.27790221  0.43005264  0.50323954
   0.03971000  0.44194000  0.09637000
   0.31581563  0.18909848  0.29967792
   0.12635612  0.31217780  0.39996950
   0.51257027  0.06442156  0.19601920
   0.61120245  0.43259509  0.50339609
   0.37304000  0.44194000  0.09637000
   0.64900592  0.18829891  0.29919240
   0.46134824  0.31271613  0.39988342
   0.84589808  0.06456216  0.19588625
   0.94880243  0.43002299  0.50283500
   0.70637000  0.44194000  0.09637000
   0.98253913  0.18854176  0.29935872
   0.79342361  0.31181054  0.39876922
   0.18102510  0.56499884  0.19592767
   0.25295668  0.94298515  0.50386526
   0.03971000  0.94194000  0.09637000
   0.31713178  0.69035529  0.30025744
   0.11032944  0.81659758  0.40441361
   0.51379070  0.56421093  0.19523735
   0.57873544  0.93792916  0.50673469
   0.37304000  0.94194000  0.09637000
   0.64947807  0.68873428  0.29945995
   0.44303236  0.81723925  0.40458561
   0.84774114  0.56465588  0.19565453
   0.91569191  0.94073176  0.50233314
   0.70637000  0.94194000  0.09637000
   0.98326299  0.68966447  0.29941886
   0.77833325  0.81534526  0.40219586
   0.17318828  0.33283277  0.10966935
   0.26063352  0.20496417  0.41215451
   0.07889422  0.32027924  0.51380275
   0.31480614  0.46071444  0.21453522
   0.11601988  0.08394859  0.31646675
   0.23858000  0.04636000  0.07986000
   0.04571710  0.17138292  0.18016133
   0.32600367  0.41554635  0.38270299
   0.11744250  0.05301988  0.48846148
   0.18266740  0.29364253  0.28060643
   0.50750000  0.33753000  0.11288000
   0.59426214  0.20688874  0.41597272
   0.41387069  0.32156786  0.51326445
   0.64820295  0.46039629  0.21383663
   0.44971604  0.08504420  0.31849268
   0.57191000  0.04636000  0.07986000
   0.37855545  0.17019663  0.18001099
   0.65962101  0.41582025  0.38167750
   0.45458266  0.04986061  0.49112966
   0.51593012  0.29261358  0.28029556
   0.84083000  0.33753000  0.11288000
   0.92567107  0.20514570  0.41338616
   0.74389766  0.32513937  0.51972586
   0.98207442  0.46081245  0.21458385
   0.78215749  0.08411431  0.31717146
   0.90524000  0.04636000  0.07986000
   0.71208166  0.17052866  0.18006104
   0.99251513  0.41553141  0.38145887
   0.78259390  0.05015099  0.48972407
   0.84895343  0.29261339  0.28061684
   0.17417000  0.83753000  0.11288000
   0.24391938  0.70930173  0.41872562
   0.05510168  0.84021524  0.50228538
   0.31388730  0.96159874  0.21605547
   0.11802068  0.58554469  0.31665368
   0.23858000  0.54636000  0.07986000
   0.04711234  0.67108900  0.18029153
   0.30992809  0.92143657  0.38480091
   0.14596686  0.53405104  0.48353722
   0.18277613  0.79413174  0.28153971
   0.50750000  0.83753000  0.11288000
   0.57760717  0.70934506  0.41556015
   0.37766902  0.83221906  0.51376554
   0.64687476  0.96124652  0.21555006
   0.44997021  0.58499409  0.31788155
   0.57191000  0.54636000  0.07986000
   0.38033163  0.67070843  0.18018058
   0.64280441  0.91987053  0.38438911
   0.47912127  0.54145165  0.48761283
   0.51547148  0.79328013  0.28110246
   0.84083000  0.83753000  0.11288000
   0.71290273  0.83371375  0.51570924
   0.98022372  0.96118570  0.21483712
   0.78434445  0.58406097  0.31621751
   0.90524000  0.54636000  0.07986000
   0.71332154  0.67050656  0.18004062
   0.97598630  0.91953026  0.38250321
   0.81418442  0.53865754  0.48643444
   0.84819320  0.79282937  0.28053798
   0.90972327  0.70763526  0.41644542
   0.05326574  0.65383408  0.58838881
   0.78816283  0.49833307  0.59862772
