   0.57857874  0.68704400  0.50013564
   0.03971000  0.19194000  0.09637000
   0.31834340  0.43808257  0.29644505
   0.11547513  0.06200156  0.40023482
   0.17962435  0.31454132  0.19560615
   0.25327835  0.19432657  0.49601496
   0.37304000  0.19194000  0.09637000
   0.65229813  0.43880914  0.29797380
   0.45054120  0.06378938  0.40111775
   0.51363611  0.31506499  0.19625224
   0.58302601  0.20065993  0.49909171
   0.70637000  0.19194000  0.09637000
   0.98645029  0.44014896  0.29932201
   0.78162938  0.06232104  0.40069076
   0.84652296  0.31626469  0.19770964
   0.92512859  0.19285522  0.49621832
   0.03971000  0.69194000  0.09637000
   0.31330769  0.93958718  0.29876890
   0.12706942  0.56165191  0.40248978
   0.17971435  0.81534791  0.19643787
   0.27491495  0.68991935  0.50223701
   0.37304000  0.69194000  0.09637000
   0.64523226  0.93943295  0.29867991
   0.45938473  0.55980142  0.39773816
   0.51297471  0.81541167  0.19625459
   0.70637000  0.69194000  0.09637000
   0.97929514  0.93918044  0.29884620
   0.84609057  0.81569763  0.19730570
   0.92977837  0.69553335  0.49623445
   0.79094668  0.56143990  0.40032507
   0.17916150  0.06395477  0.19529069
   0.28123360  0.43035159  0.50335901
   0.03971000  0.44194000  0.09637000
   0.31552062  0.18820422  0.29826988
   0.12630738  0.31270673  0.39869511
   0.51269298  0.06429568  0.19525908
   0.60998144  0.43084989  0.49951551
   0.37304000  0.44194000  0.09637000
   0.64903948  0.18839890  0.29871600
   0.45898445  0.31225723  0.39801885
   0.84576285  0.06415109  0.19527680
   0.95094084  0.43233711  0.50397846
   0.70637000  0.44194000  0.09637000
   0.98226061  0.18834024  0.29840536
   0.79321168  0.31251135  0.39829034
   0.18052991  0.56417038  0.19494972
   0.24983354  0.94294568  0.50278991
   0.03971000  0.94194000  0.09637000
   0.31615420  0.68959291  0.29892202
   0.11281781  0.81625232  0.40196229
   0.51403235  0.56409304  0.19482533
   0.58534722  0.94234909  0.50395254
   0.37304000  0.94194000  0.09637000
   0.64936153  0.68961398  0.29847033
   0.44407111  0.81622377  0.40404617
   0.84753520  0.56447913  0.19547135
   0.91482394  0.93855597  0.50470241
   0.70637000  0.94194000  0.09637000
   0.98327122  0.68952082  0.29940152
   0.77651432  0.81647503  0.40280568
   0.17299287  0.33269449  0.10937050
   0.25882189  0.20499538  0.41192897
   0.07846369  0.32057775  0.51409632
   0.31466303  0.45943289  0.21255213
   0.11539031  0.08369473  0.31602510
   0.23858000  0.04636000  0.07986000
   0.04524769  0.17021350  0.17995035
   0.32456913  0.41489656  0.37943463
   0.11610381  0.05026145  0.48819390
   0.18207470  0.29231029  0.27914668
   0.50665852  0.33273625  0.10973869
   0.59427096  0.20739151  0.41385680
   0.41325292  0.31818449  0.51351147
   0.64827271  0.46005523  0.21384270
   0.44945761  0.08424694  0.31661175
   0.57191000  0.04636000  0.07986000
   0.37878463  0.17068046  0.18033820
   0.65956322  0.41705684  0.38229712
   0.45290843  0.05447012  0.48890044
   0.51610487  0.29323034  0.28019905
   0.84083000  0.33753000  0.11288000
   0.92506714  0.20570688  0.41302791
   0.74421931  0.32742695  0.51967671
   0.98205446  0.46142901  0.21537260
   0.78221067  0.08385808  0.31640650
   0.90524000  0.04636000  0.07986000
   0.71238691  0.17115291  0.18052146
   0.99210008  0.41731435  0.38305541
   0.78689379  0.04939184  0.48841145
   0.84939115  0.29400190  0.28135563
   0.17310161  0.83284158  0.10974550
   0.24316463  0.70985841  0.41895218
   0.04936106  0.83496656  0.51480715
   0.31362163  0.96025862  0.21402574
   0.11765670  0.58605939  0.31825611
   0.23858000  0.54636000  0.07986000
   0.04663110  0.67059935  0.18013839
   0.31038639  0.92077574  0.38292799
   0.14843741  0.53831388  0.48724818
   0.18172250  0.79339870  0.28022696
   0.50660005  0.83282803  0.10963805
   0.57892962  0.70835734  0.41598091
   0.38426645  0.84245831  0.50676121
   0.64655759  0.96050228  0.21404335
   0.45023963  0.58451787  0.31457769
   0.57191000  0.54636000  0.07986000
   0.37990129  0.67049358  0.18009760
   0.64251390  0.92003970  0.38292692
   0.47922866  0.53182823  0.47944364
   0.51481407  0.79346834  0.27986294
   0.84083000  0.83753000  0.11288000
   0.71405028  0.83313146  0.51160124
   0.98020798  0.96081409  0.21466935
   0.78331075  0.58471297  0.31657001
   0.90524000  0.54636000  0.07986000
   0.71331782  0.67040795  0.18020015
   0.97680281  0.91949764  0.38311953
   0.81639688  0.54294027  0.48901816
   0.84856014  0.79298356  0.28053250
   0.91152906  0.70923774  0.41454167
   0.42021463  0.65449180  0.58396390
   0.76658660  0.47659104  0.59860805
