   0.94140169  0.93392977  0.49262843
   0.03971000  0.19194000  0.08602000
   0.31270358  0.43907867  0.28687908
   0.12454058  0.06252292  0.39049668
   0.17988515  0.31489017  0.18513370
   0.26064433  0.19524117  0.48654240
   0.37304000  0.19194000  0.08602000
   0.64749461  0.43954505  0.28726995
   0.45822997  0.06188262  0.38930287
   0.51291195  0.31542886  0.18659386
   0.58876778  0.19329387  0.48648510
   0.70637000  0.19194000  0.08602000
   0.98066642  0.43960060  0.28807591
   0.79162725  0.06264183  0.39160799
   0.84617670  0.31565560  0.18681148
   0.92834372  0.18646180  0.49293019
   0.03971000  0.69194000  0.08602000
   0.31743035  0.93885433  0.28708787
   0.11453441  0.56324722  0.38966396
   0.17979907  0.81495163  0.18554478
   0.25151425  0.69792726  0.48474142
   0.37304000  0.69194000  0.08602000
   0.65189902  0.94100062  0.28852349
   0.44556122  0.56340799  0.38856223
   0.51328727  0.81643996  0.18705891
   0.58750901  0.69655753  0.48342632
   0.70637000  0.69194000  0.08602000
   0.98462636  0.94041890  0.28814518
   0.84621999  0.81604659  0.18698744
   0.91796970  0.69791257  0.48516641
   0.78045810  0.56424864  0.38929951
   0.18081151  0.06379986  0.18429789
   0.24563868  0.44150448  0.49414887
   0.03971000  0.44194000  0.08602000
   0.31656827  0.18881793  0.28752863
   0.11213425  0.31683189  0.39253966
   0.51444120  0.06437607  0.18479637
   0.57305459  0.44519140  0.49391421
   0.37304000  0.44194000  0.08602000
   0.65014470  0.18968286  0.28904354
   0.44707960  0.31709344  0.38876815
   0.84769367  0.06440786  0.18465887
   0.91263655  0.44430640  0.49216971
   0.70637000  0.44194000  0.08602000
   0.98403094  0.18968958  0.28824264
   0.78122098  0.31560361  0.39015071
   0.17964175  0.56423008  0.18445092
   0.27657041  0.93476621  0.49198157
   0.03971000  0.94194000  0.08602000
   0.31517512  0.68876401  0.28762593
   0.12249092  0.81454006  0.38844125
   0.51310608  0.56448828  0.18449781
   0.60683240  0.93296487  0.49279836
   0.37304000  0.94194000  0.08602000
   0.64868762  0.68910494  0.28792330
   0.45568569  0.81475090  0.38807256
   0.84651279  0.56439137  0.18476941
   0.70637000  0.94194000  0.08602000
   0.98225202  0.68901719  0.28790296
   0.78946152  0.81503657  0.38804349
   0.17322650  0.33238039  0.09885171
   0.24799338  0.21081780  0.40421644
   0.04300774  0.33857400  0.50201205
   0.31350713  0.45999919  0.20245066
   0.11794593  0.08564525  0.30649926
   0.23858000  0.04636000  0.06951000
   0.04697732  0.17007062  0.16949040
   0.31038206  0.41971267  0.37124176
   0.14455576  0.04315512  0.47647074
   0.18266920  0.29277362  0.26873526
   0.50750000  0.33753000  0.10253000
   0.58071244  0.21092017  0.40126364
   0.37653697  0.33560133  0.50535335
   0.64730473  0.46082100  0.20369501
   0.45037629  0.08397030  0.30503963
   0.57191000  0.04636000  0.06951000
   0.38021442  0.17006906  0.16965188
   0.64755724  0.42008594  0.37117371
   0.47595525  0.04216940  0.47518759
   0.51583865  0.29311937  0.26984690
   0.84083000  0.33753000  0.10253000
   0.91354666  0.21013932  0.40978544
   0.70582243  0.34219031  0.50672115
   0.98077416  0.46077318  0.20406459
   0.78534069  0.08667284  0.30761784
   0.90524000  0.04636000  0.06951000
   0.71373125  0.17045336  0.16953256
   0.97841547  0.41966846  0.37235792
   0.80653602  0.03768748  0.47533715
   0.84920360  0.29332371  0.27025962
   0.17321186  0.83249852  0.09921165
   0.25561420  0.70706010  0.40118669
   0.07457714  0.82541082  0.50062572
   0.31487595  0.95968403  0.20291566
   0.11540307  0.58424993  0.30550219
   0.23858000  0.54636000  0.06951000
   0.04581638  0.67052913  0.16967844
   0.32107165  0.91858300  0.37123264
   0.11588553  0.55140936  0.47680582
   0.18199010  0.79341885  0.26937280
   0.50750000  0.83753000  0.10253000
   0.58870560  0.70693833  0.40016092
   0.40612878  0.82492149  0.50183275
   0.64902102  0.96156394  0.20484068
   0.44835105  0.58367355  0.30434548
   0.57191000  0.54636000  0.06951000
   0.37948003  0.67125305  0.16994000
   0.65537345  0.91930075  0.37203873
   0.44642567  0.55337287  0.47578086
   0.51545682  0.79456081  0.27056706
   0.84083000  0.83753000  0.10253000
   0.74042420  0.82302690  0.50346879
   0.98205004  0.96091266  0.20423033
   0.78226793  0.58420304  0.30468293
   0.90524000  0.54636000  0.06951000
   0.71275966  0.67090469  0.16982749
   0.98917041  0.91954668  0.37198344
   0.78016296  0.55274304  0.47714372
   0.84899739  0.79424807  0.27055095
   0.92120631  0.70774856  0.40156610
   0.93390744  0.13543812  0.59637997
   0.76219598  0.25924080  0.58273835
